14.006	4.256	2.201	0.070	1.671	7.295	0.312	19.866	4.756	7.209	2.984	2.858
0.794	8.520	3.132	-0.205	0.606	14.529	2.724	0.994	1.658	15.084	8.493	1.500
15.356	1.594	0.786	1.099	1.231	19.706	7.545	15.033	3.414	3.739	4.944	1.064
2.379	9.779	4.902	0.220	-2.211	7.795	8.617	5.673	4.444	10.842	8.979	3.577
1.736	3.235	3.410	0.235	1.010	11.718	1.130	6.622	4.170	8.906	1.335	2.845
9.500	8.449	0.192	1.484	0.223	18.999	1.147	0.215	1.949	4.755	4.988	1.098
19.604	4.936	0.884	-1.080	0.336	5.927	2.102	18.188	2.920	6.754	6.953	2.534
2.673	0.735	1.770	0.205	-1.299	14.917	4.833	7.999	0.111	10.387	0.798	2.395
6.100	5.805	4.081	0.089	-0.039	5.404	6.323	0.858	2.498	15.317	7.517	3.239
12.393	6.686	0.225	-0.235	0.910	17.108	8.031	5.259	4.169	0.427	0.375	2.785
14.258	7.540	3.084	-0.062	-0.167	11.260	7.034	6.198	0.541	7.071	3.765	4.701
6.616	4.013	1.116	0.696	0.090	0.715	5.375	0.312	1.062	19.363	9.169	1.881
19.192	2.226	2.186	0.407	1.305	9.655	3.035	8.823	1.563	8.167	8.397	2.986
16.577	6.654	2.732	-0.976	-0.191	8.969	0.863	18.646	4.861	4.320	9.210	2.484
10.152	5.054	2.580	0.432	1.106	3.558	2.379	0.244	4.478	14.062	0.744	4.553
8.152	4.236	4.100	1.660	0.350	11.555	2.599	8.671	1.830	10.478	3.696	2.655
11.276	2.501	2.998	0.234	-1.047	8.830	7.562	2.119	3.448	2.015	7.635	0.619
10.778	6.194	0.790	-0.715	0.635	3.451	6.186	1.651	3.973	6.414	8.406	3.990
1.702	4.352	0.212	0.291	-0.030	15.922	9.133	3.875	3.190	1.136	2.634	0.782
12.544	7.249	0.012	1.137	0.666	17.822	6.206	16.654	0.555	6.264	3.726	0.146
16.052	3.107	4.083	1.167	-0.189	4.471	6.522	3.882	4.534	7.654	7.788	2.536
12.453	2.162	3.783	0.289	-2.926	0.205	3.349	4.470	2.316	12.620	8.921	4.902
17.972	7.110	2.602	0.960	1.735	3.860	5.768	18.607	1.278	14.554	5.368	0.607
0.600	5.197	3.734	-1.333	0.009	6.138	6.019	11.570	2.679	19.883	1.586	0.715
12.874	8.792	4.952	0.434	-0.824	9.314	3.289	11.991	1.589	11.884	7.480	3.722
6.870	7.778	0.100	-0.097	0.293	10.719	1.648	7.304	4.755	8.044	4.241	2.883
12.834	5.440	2.927	0.283	-1.020	4.472	3.471	7.834	1.423	17.198	4.666	2.163
12.133	2.563	3.100	-0.878	-0.252	6.222	6.993	9.714	4.939	17.772	2.784	4.405
13.633	8.190	0.744	-2.674	1.466	11.755	2.480	4.552	4.775	8.748	4.852	0.894
9.148	4.994	2.248	2.168	-1.297	18.584	3.133	16.631	4.436	1.583	0.510	4.265
13.864	4.303	1.143	0.056	0.760	13.508	2.570	17.645	3.103	5.339	8.991	3.539
6.973	8.773	3.976	-0.399	-1.230	19.945	6.730	10.710	4.704	6.092	5.005	2.197
0.950	2.902	0.788	-0.291	-0.395	16.339	7.412	16.625	3.861	3.391	3.106	3.238
3.648	4.006	0.588	-0.950	1.236	5.704	3.154	9.498	1.257	5.836	0.521	0.466
9.484	6.825	1.247	0.057	-0.567	6.193	9.310	14.210	0.409	1.482	5.456	0.479
16.401	8.594	2.276	1.225	-0.261	14.697	2.246	13.470	0.080	11.349	7.344	4.373
19.292	0.625	1.110	1.647	1.015	1.358	6.009	4.237	4.262	13.435	4.005	2.487
16.439	8.820	1.174	-1.219	0.060	13.877	3.884	2.891	3.261	11.060	3.517	2.188
15.006	9.763	4.337	1.789	-1.106	14.116	7.869	6.325	1.920	6.201	9.911	4.347
8.428	2.503	1.161	-0.417	1.385	17.407	8.799	10.016	2.090	13.733	1.281	4.752
7.172	8.528	2.397	-0.657	-0.028	16.914	6.084	13.649	0.732	2.736	6.115	0.214
13.056	1.024	4.558	1.260	-0.200	15.789	2.465	12.826	4.711	15.050	9.201	4.424
13.189	0.921	2.566	-2.152	0.704	9.917	4.907	7.033	4.838	14.236	0.209	3.081
15.424	4.865	3.506	-1.832	0.727	11.181	2.715	8.509	2.167	6.616	2.223	4.284
2.915	7.231	3.628	0.732	-0.816	5.247	4.658	16.425	0.422	5.544	2.403	1.373
4.687	8.950	3.484	-0.031	-0.502	13.664	1.717	11.801	2.847	0.006	4.494	4.363
15.056	7.718	2.244	-1.980	-0.556	14.210	9.464	4.591	2.770	10.329	8.501	0.972
12.367	6.246	2.877	-1.119	-0.575	8.662	4.228	13.860	4.737	15.159	2.211	2.580
3.955	8.019	3.901	-0.874	-1.514	15.576	5.017	13.351	0.979	12.272	6.210	3.824
1.776	0.354	3.831	-0.108	-0.478	7.065	9.219	12.420	1.307	2.903	2.362	2.087
14.573	2.404	0.065	0.058	2.516	8.476	6.170	18.749	2.246	5.506	4.034	1.438
14.598	8.966	0.592	-0.827	-0.057	18.589	8.469	2.259	3.780	18.708	9.202	0.898
10.037	4.874	0.673	2.147	0.235	2.804	3.494	16.823	3.558	8.120	3.423	4.701
3.160	1.530	4.480	-0.843	0.412	15.198	2.194	15.876	3.923	0.233	3.905	1.053
13.807	7.124	3.729	1.142	-0.444	2.272	7.314	14.855	4.943	12.042	0.135	3.701
1.683	7.229	2.919	0.959	0.479	8.966	5.119	5.835	3.948	10.591	4.637	1.958
4.723	7.081	4.377	0.077	-1.990	5.932	6.096	17.933	0.809	7.383	4.608	3.080
11.498	5.337	1.999	0.114	1.362	15.873	7.803	0.472	1.482	19.005	2.140	2.183
11.514	6.137	1.425	-1.308	0.967	10.138	8.277	12.086	0.423	13.191	0.624	0.422
18.501	4.499	3.841	-0.338	-1.941	2.680	0.686	19.597	0.418	10.385	1.673	1.054
17.480	9.779	4.639	-0.541	-0.316	7.186	8.499	4.846	4.925	10.166	2.782	0.869
7.954	7.564	1.836	-0.906	-0.829	1.017	9.863	3.198	2.390	9.112	2.036	1.534
7.864	3.516	2.356	-0.407	0.457	15.536	5.387	14.954	4.449	0.662	0.442	4.831
13.525	7.931	1.994	-3.339	0.858	2.588	8.789	5.001	3.038	14.122	7.354	1.702
5.465	1.025	2.487	-1.082	1.117	12.790	3.865	12.688	2.075	9.570	3.111	4.043
14.847	8.533	3.532	-2.320	-0.654	3.428	8.529	11.847	1.545	15.820	8.525	4.884
6.733	6.040	2.764	-0.153	-1.073	7.438	2.960	13.931	3.287	9.674	8.438	1.273
8.748	1.165	0.534	0.725	0.158	17.225	5.175	11.715	1.325	8.056	1.086	4.076
5.253	6.156	1.417	-2.305	1.592	2.072	5.686	2.621	2.345	14.570	7.350	0.364
11.791	3.673	0.218	1.101	-0.241	6.065	1.199	4.065	4.019	8.157	9.400	4.595
10.351	5.497	3.363	0.653	-0.739	7.985	8.633	2.523	3.746	14.849	9.443	1.713
0.129	0.458	1.487	-1.112	0.002	13.166	8.449	18.621	2.982	18.584	4.719	1.672
13.251	5.404	1.452	-0.971	0.079	6.455	2.209	4.679	4.297	0.418	4.186	4.905
5.954	6.643	2.227	-0.366	-1.359	17.685	5.140	5.578	4.626	11.410	8.940	3.271
5.106	1.336	2.087	-2.297	-2.094	4.820	4.576	7.582	1.277	16.296	8.649	3.637
8.712	2.176	3.603	0.475	-1.462	3.938	3.265	19.148	2.196	8.403	4.563	4.318
9.975	3.455	1.796	-0.561	-0.370	4.802	4.822	16.249	3.199	5.240	2.798	3.305
18.286	1.831	0.392	-0.727	-0.717	7.403	7.274	13.536	3.285	14.568	8.302	2.113
4.234	9.396	2.653	-0.426	0.301	14.784	5.631	19.277	1.009	3.126	1.938	3.430
18.175	5.822	2.383	-0.674	-0.371	2.921	0.693	12.209	4.784	18.956	3.069	1.957
7.835	2.135	2.921	0.222	-1.288	14.558	3.633	2.054	0.398	16.931	5.530	4.030
17.358	7.803	2.831	-0.982	-0.375	14.018	1.152	0.172	2.901	8.812	5.199	2.606
13.178	0.203	2.584	-0.676	-0.951	4.850	4.866	2.844	0.155	14.856	4.276	3.748
11.129	2.378	2.128	-0.597	0.733	12.948	0.214	18.651	4.746	8.118	5.702	1.105
12.557	1.829	3.696	-1.309	1.755	9.731	9.346	13.326	1.440	4.389	5.804	4.754
17.381	5.443	4.358	-0.100	0.313	17.963	1.284	0.364	0.748	4.696	7.263	4.996
19.531	2.002	4.553	0.643	1.252	15.294	0.322	13.577	1.919	11.720	1.508	3.460
12.135	9.351	4.959	-1.350	0.750	0.161	7.637	18.860	2.799	5.567	5.150	0.944
16.654	2.371	0.409	-1.161	-0.215	10.686	7.003	11.224	2.152	1.919	5.540	2.371
19.825	6.720	1.457	-0.930	0.154	5.817	7.276	13.534	0.445	11.184	3.595	4.918
17.973	1.577	1.824	-0.209	-0.449	2.172	0.344	14.918	3.723	14.892	1.414	1.617
3.744	0.706	3.553	0.057	1.532	11.119	9.973	6.597	1.317	19.419	0.871	2.168
13.959	0.733	2.469	-0.645	-0.544	18.402	0.475	10.089	0.563	3.177	4.565	3.116
3.309	9.433	4.143	-0.404	1.682	13.242	9.185	18.520	3.182	12.583	4.315	2.821
19.917	5.493	4.425	-0.278	0.882	8.214	7.615	12.334	2.184	3.605	3.007	1.328
8.705	3.837	4.141	-2.218	-0.812	18.856	8.462	16.582	0.131	5.855	8.375	4.783
1.734	2.571	4.046	1.361	-0.459	3.108	8.207	1.847	0.251	2.443	6.808	3.601
0.394	5.781	1.307	0.013	-0.014	9.145	2.696	1.246	2.592	9.185	1.042	4.942
14.658	2.823	2.824	-1.249	-0.626	17.820	3.980	13.056	0.154	17.652	6.576	1.844
10.120	0.218	4.796	1.243	-2.374	14.927	6.225	5.755	3.911	19.755	4.678	3.909
6.758	2.397	0.589	2.095	1.057	1.419	8.902	12.600	3.001	12.018	6.273	4.940
5.315	4.189	1.665	0.982	1.906	17.039	1.780	11.362	4.149	13.922	5.873	1.359
19.672	2.947	3.635	-0.362	-0.590	10.234	2.230	16.810	4.842	16.625	8.522	2.350
12.431	3.101	0.332	1.173	1.226	19.319	8.000	13.188	1.260	2.892	0.103	0.467
0.813	7.853	3.999	0.824	-1.661	12.758	0.810	5.359	2.779	13.469	4.658	4.002
3.897	9.939	3.165	-0.483	0.681	12.275	8.150	15.038	3.754	1.962	4.353	0.772
9.167	2.962	1.160	-0.452	0.219	2.121	9.435	12.836	0.376	18.802	3.121	1.925
16.604	3.508	0.882	0.796	1.025	4.747	9.876	18.467	3.548	5.336	0.072	2.529
10.702	1.289	4.361	0.973	-1.000	3.885	6.600	6.165	4.668	6.857	6.808	0.948
10.749	0.583	0.742	-0.071	-1.270	14.884	0.157	10.097	4.655	8.169	3.289	4.433
3.389	5.249	4.935	0.227	-0.138	19.617	0.965	18.530	3.791	7.129	4.700	0.953
10.988	9.836	0.913	-0.628	-0.043	18.153	9.433	18.924	2.618	9.961	2.598	3.007
2.178	1.458	0.574	1.302	-0.996	19.911	0.750	12.081	2.442	15.652	2.877	4.837
3.750	6.547	1.171	-0.651	-0.982	4.524	2.895	16.468	0.179	6.885	0.080	4.289
7.801	4.423	4.887	-0.422	-0.179	15.644	8.673	14.549	3.245	11.734	9.888	4.444
17.482	6.705	3.870	0.667	-0.530	16.891	3.615	8.706	1.829	6.098	3.492	2.837
7.288	2.421	0.521	0.393	0.071	6.329	8.787	5.015	2.613	11.379	6.469	1.543
0.388	1.126	0.531	0.751	-0.372	8.786	6.638	8.643	4.628	11.023	7.201	1.970
9.071	2.809	4.198	1.207	-0.655	6.119	3.968	2.174	2.933	5.668	6.497	4.403
17.408	6.201	0.743	1.045	0.488	7.919	4.574	1.347	2.346	1.566	7.084	1.325
12.544	7.731	2.631	1.145	0.257	2.157	6.976	3.405	3.271	10.869	7.952	1.476
0.720	9.952	4.567	0.181	1.141	14.283	3.733	6.295	3.181	6.227	9.575	1.504
1.205	1.673	3.122	-0.378	0.418	16.562	6.921	13.355	4.519	10.732	4.318	1.245
19.323	7.043	3.185	0.877	-0.328	0.008	8.513	7.174	3.340	13.709	0.974	2.104
3.981	9.881	2.743	0.952	-0.409	7.729	0.540	16.274	0.571	18.726	4.585	1.124
2.189	2.150	4.122	-0.455	0.270	9.582	0.371	16.823	1.556	5.296	3.658	2.370
2.459	5.929	3.066	-0.107	0.556	3.454	1.368	10.473	1.833	6.560	6.156	1.140
11.077	1.085	2.067	0.139	0.357	16.838	1.677	19.505	3.178	9.119	2.081	2.573
7.594	8.354	0.946	1.581	-0.434	18.359	7.400	14.718	0.306	9.414	2.996	3.840
13.780	5.139	0.318	-0.608	0.712	18.791	4.851	18.513	3.706	11.927	3.796	2.423
3.443	0.298	2.583	1.579	-0.209	16.969	3.086	19.995	4.367	2.526	9.155	1.398
9.846	8.643	4.288	1.171	0.081	10.838	1.537	7.474	1.648	5.555	7.782	3.842
14.342	2.053	1.407	0.639	0.545	3.738	2.719	13.717	3.064	18.635	8.745	3.059
18.896	0.195	3.414	0.845	0.437	7.396	1.740	13.588	0.322	18.016	0.519	1.053
6.593	4.148	2.328	-0.651	-0.067	2.266	5.093	19.229	1.992	17.065	1.405	1.053
4.839	7.501	2.982	-1.982	-0.322	7.685	5.944	2.051	1.952	5.242	6.225	0.744
0.525	2.702	3.321	-0.008	1.322	14.433	1.949	10.078	1.160	9.880	1.731	1.545
1.563	0.531	0.236	-0.473	-2.369	19.894	2.984	7.581	3.292	13.876	1.018	2.249
3.468	4.735	4.312	-1.675	-1.622	10.051	6.720	16.985	2.318	15.953	2.723	0.822
10.610	0.414	4.997	-0.497	0.421	1.062	1.479	2.637	3.328	9.475	2.696	1.409
17.008	1.360	1.689	0.876	-0.363	0.060	2.391	19.027	3.014	5.120	8.814	0.921
2.578	7.982	4.546	-0.950	0.823	0.968	0.441	17.196	4.786	1.630	8.695	0.696
19.206	5.717	0.680	-0.155	-0.211	4.302	6.113	18.682	1.764	8.588	1.228	1.917
2.716	5.993	0.030	0.987	0.539	16.268	5.152	5.187	2.784	5.842	0.846	0.919
8.280	5.390	2.656	1.524	-0.507	15.365	4.930	12.033	1.852	12.421	3.871	1.600
14.947	4.330	2.417	0.813	-0.819	15.290	5.648	6.989	1.514	12.525	5.302	0.668
15.168	0.559	4.492	-1.028	-0.576	19.827	0.897	8.883	0.560	0.647	7.536	4.505
13.861	9.992	0.854	0.498	-0.389	17.613	3.207	15.358	2.995	0.827	1.174	3.415
4.320	4.535	0.900	0.114	0.614	4.602	2.134	14.143	1.677	13.891	4.003	3.656
0.675	9.960	1.713	0.125	0.230	4.768	5.131	2.048	1.574	16.619	0.303	2.405
1.547	3.045	0.731	2.067	-0.523	1.012	9.176	1.293	4.049	3.965	8.583	0.290
14.548	4.219	4.304	0.969	0.525	1.021	5.457	17.125	0.804	13.375	0.999	4.468
12.803	9.398	1.637	-0.956	1.043	16.743	5.787	13.017	0.508	6.275	0.074	0.715
16.417	9.163	3.538	-0.331	-1.212	10.743	4.839	4.613	0.820	6.466	8.763	2.186
6.546	3.576	0.633	0.797	-0.773	3.113	6.746	8.883	0.347	5.510	2.080	1.366
17.335	6.690	3.616	-0.514	0.810	0.687	3.748	16.869	3.159	18.418	3.514	0.224
13.110	7.387	0.567	0.747	0.769	4.323	1.052	18.864	2.074	10.172	5.065	3.950
12.909	1.050	4.374	-0.952	0.592	2.030	9.176	1.586	3.449	8.367	2.621	3.055
2.459	9.209	0.972	-0.074	0.374	11.092	3.975	17.315	3.660	7.676	2.556	2.918
14.914	0.756	0.550	0.706	1.714	15.541	6.955	16.779	2.497	18.782	9.392	4.380
1.120	4.782	3.245	0.326	0.011	19.140	5.309	1.505	2.854	10.530	2.497	2.896
6.107	7.156	4.713	1.295	0.674	5.754	4.193	18.443	0.839	3.723	9.896	0.183
13.052	9.444	0.665	-0.046	1.015	6.906	9.940	16.470	0.944	6.503	9.948	2.038
12.308	0.902	3.866	-1.664	-0.102	5.674	8.168	5.529	3.174	2.352	2.379	0.992
3.171	6.509	4.533	-0.085	-0.890	8.004	7.155	17.652	3.383	3.835	7.103	2.618
1.376	0.171	0.125	0.122	0.047	0.764	0.988	8.721	3.733	1.529	1.795	4.645
16.098	4.050	3.793	-2.409	0.122	4.347	3.696	4.549	3.722	17.481	5.364	1.435
12.776	3.426	1.755	0.362	0.619	0.943	2.458	18.061	4.581	0.700	0.445	4.205
6.063	1.488	3.114	1.162	-0.580	19.790	9.916	15.008	1.101	10.046	2.751	2.678
14.151	9.440	3.491	-0.644	1.890	17.174	9.891	7.874	0.366	9.308	2.162	3.383
19.211	8.313	1.978	0.748	-0.077	8.860	1.414	8.392	0.871	14.284	3.921	4.023
1.186	4.006	1.446	0.705	0.516	0.650	8.132	17.073	2.653	6.411	3.945	2.882
11.850	6.274	4.558	-0.197	0.998	14.973	6.039	1.372	0.385	5.820	5.678	4.836
4.558	7.086	0.173	-0.230	1.860	17.426	7.233	15.407	2.922	15.379	0.616	0.428
13.706	9.859	0.410	0.009	1.691	9.878	3.697	10.734	0.511	3.725	6.842	4.627
4.322	1.233	2.572	1.106	-1.870	1.669	0.606	6.900	4.310	5.753	2.228	1.210
9.778	8.275	1.317	-0.968	0.334	14.413	9.008	10.742	3.511	9.691	5.853	1.557
5.025	9.426	3.642	-0.122	1.408	4.124	8.625	6.482	0.709	17.842	7.118	1.871
3.737	5.553	1.349	0.344	-0.466	11.135	4.142	15.202	3.648	12.754	6.822	3.811
7.077	1.359	2.986	-0.514	-0.918	9.926	7.904	6.404	4.551	14.908	5.502	3.572
17.144	6.869	0.775	-0.477	-0.141	9.557	0.296	17.537	3.454	15.724	1.148	2.015
2.431	9.537	4.355	0.117	0.512	8.546	4.790	4.773	4.406	18.841	1.175	1.968
14.194	0.149	0.861	1.070	-0.122	10.795	1.078	3.548	4.232	11.514	8.225	1.721
16.754	9.357	1.309	-1.089	0.290	8.294	9.914	9.993	1.734	16.450	4.911	1.874
5.426	2.999	0.977	-0.443	-2.813	2.495	0.746	5.973	4.957	5.310	5.397	4.807
18.402	8.186	3.118	-1.423	1.175	5.074	8.217	15.180	0.583	7.088	4.574	1.884
16.799	3.282	4.431	-1.177	-0.831	6.219	6.596	16.891	1.004	9.831	4.622	2.920
10.899	4.835	0.017	1.219	-1.068	7.840	4.473	1.095	1.617	18.881	7.141	4.606
9.514	2.344	2.624	-0.603	0.607	5.545	9.202	19.295	1.573	19.621	6.532	0.651
4.948	3.930	0.967	-0.912	-0.148	8.837	1.873	1.491	3.672	10.555	9.375	4.624
8.229	2.421	0.533	-0.553	0.631	10.720	4.509	1.955	4.973	12.491	2.825	3.777
16.717	3.083	0.839	0.259	-0.587	16.861	9.557	5.504	3.305	17.836	6.033	4.028
19.170	1.990	2.073	-0.334	-1.699	16.308	7.617	16.004	2.902	15.812	6.339	4.347
10.932	7.145	3.816	-0.111	1.301	6.304	3.630	13.217	0.760	11.257	4.656	4.306
5.036	7.629	4.175	0.420	-0.173	17.794	1.687	18.570	2.591	18.190	2.543	2.507
4.845	9.089	2.472	-1.720	1.069	12.541	4.657	15.232	2.987	17.072	9.862	2.385
6.913	9.648	1.693	0.158	0.458	15.776	3.840	11.641	4.010	2.656	4.581	3.685
7.417	0.214	2.643	1.785	-0.651	9.315	0.390	15.743	4.521	15.707	3.912	1.909
14.501	0.242	4.966	0.668	1.149	6.982	6.500	1.409	4.561	13.929	4.911	2.792
1.015	3.198	1.793	-1.147	0.432	6.220	6.733	0.917	3.308	19.761	7.803	2.985
16.654	7.478	4.721	0.260	1.257	17.233	1.105	11.799	3.076	10.957	2.375	4.713
5.351	1.201	3.758	-0.409	-0.673	11.870	6.018	2.745	4.796	19.535	4.105	4.791
14.356	5.205	4.188	-0.910	0.756	4.867	0.372	14.194	0.109	10.525	6.897	0.223
2.909	6.208	4.217	0.310	1.624	8.222	4.747	15.954	2.947	19.796	1.909	2.591
5.620	0.144	2.701	0.543	1.019	13.495	0.548	4.036	1.122	4.707	9.723	3.998
5.446	0.815	2.746	-0.509	-1.195	7.127	7.883	4.643	4.491	8.432	5.023	3.568
9.803	8.283	4.529	-0.062	-2.020	12.236	8.149	1.594	3.263	16.324	7.869	0.056
17.969	8.216	2.020	-0.243	-1.130	17.534	2.509	13.519	2.896	19.393	1.200	3.261
3.987	0.207	2.369	0.726	0.271	8.087	8.715	9.601	4.154	15.248	0.347	2.607
0.317	7.081	4.352	-0.075	-0.614	12.800	1.182	4.331	0.031	10.446	1.789	2.054
19.189	0.277	4.757	1.124	0.764	5.213	4.492	1.659	2.433	15.677	9.327	3.412
1.973	9.397	1.686	-0.177	0.328	4.189	6.617	10.650	0.664	1.852	4.880	2.452
18.090	8.482	3.704	-1.001	0.256	13.801	2.787	1.233	0.451	11.598	8.927	3.796
4.961	9.233	1.840	-0.948	1.546	1.683	0.052	12.416	4.989	6.034	8.445	4.021
2.971	7.836	2.742	-0.583	-0.798	8.058	7.216	8.723	1.985	17.240	0.440	1.783
14.223	7.910	4.569	1.814	0.469	7.128	3.876	14.137	3.874	9.240	0.628	1.236
13.227	6.674	3.429	0.616	0.388	16.673	4.845	2.406	1.630	16.241	0.343	0.763
15.150	5.594	4.210	-0.854	0.773	12.703	8.672	5.492	1.619	11.204	7.126	3.849
1.917	4.629	0.534	-0.118	0.358	12.110	9.414	19.410	2.251	13.242	0.540	0.669
4.800	9.396	3.877	1.278	0.549	10.300	0.837	15.097	3.991	18.130	2.629	4.627
14.185	6.276	4.374	-0.713	1.609	8.705	2.706	2.764	3.553	15.424	4.902	2.796
4.077	8.726	4.809	-2.077	-0.192	1.006	5.274	1.931	0.658	9.159	7.388	2.021
12.303	1.742	0.536	0.222	1.464	0.473	2.399	1.387	4.451	4.307	7.545	1.237
7.486	3.573	4.430	-1.378	0.033	5.474	3.879	6.474	0.964	8.355	7.914	1.802
13.597	2.867	0.342	-1.227	-1.405	0.422	5.446	18.651	0.809	4.994	6.991	2.657
3.097	4.636	1.286	0.356	-0.154	4.527	5.009	19.316	1.770	15.711	9.894	0.037
6.592	1.715	0.040	2.121	-0.312	5.016	6.296	5.131	2.982	8.517	2.405	1.034
13.978	9.903	3.150	-0.633	1.332	18.673	6.758	5.498	1.549	15.602	3.891	2.162
13.499	1.130	3.325	-0.823	0.404	3.863	9.774	7.405	4.181	12.675	7.218	1.643
2.383	9.396	0.537	1.085	-0.195	9.657	6.672	3.829	1.548	12.267	0.961	4.960
11.480	7.021	2.138	-2.051	1.170	6.828	1.622	13.800	4.354	18.562	3.374	2.623
17.278	4.298	0.404	-0.595	-0.030	6.868	1.385	11.967	4.939	16.216	4.347	3.598
10.099	5.770	3.870	1.300	-0.505	19.891	3.436	15.963	1.202	6.575	8.862	0.199
13.978	1.148	3.667	-0.743	-0.187	10.549	3.585	13.511	4.724	11.295	3.348	3.330
13.688	0.048	4.863	0.684	1.220	11.985	0.523	17.497	2.888	12.844	2.290	2.712
12.237	0.476	3.975	0.991	0.291	0.133	3.430	14.203	1.070	10.642	3.803	1.754
15.051	0.726	0.863	-0.226	1.388	14.965	8.092	14.080	2.385	3.575	6.266	3.926
8.432	4.905	4.203	0.899	0.817	3.459	1.475	18.481	4.427	9.049	4.033	1.257
19.198	4.706	1.927	0.000	1.823	6.635	9.641	2.112	4.700	8.843	9.941	4.200
9.145	0.147	0.065	0.774	0.679	19.263	7.536	3.864	4.357	0.640	1.061	1.120
16.281	3.290	1.979	1.598	-1.270	15.014	3.138	13.928	3.687	15.290	7.511	4.098
7.796	5.373	0.864	0.257	0.462	5.863	0.606	2.227	4.900	1.073	5.206	0.738
19.992	3.873	4.069	-1.152	0.390	14.624	7.345	14.584	1.586	8.678	7.060	2.163
6.712	6.864	4.772	-1.519	-0.634	4.368	3.093	19.635	4.823	16.990	6.406	0.641
5.846	9.340	3.161	2.037	-0.129	6.073	7.935	7.605	1.201	0.078	3.141	2.735
5.067	0.969	4.890	1.556	0.641	2.940	0.607	0.528	3.416	4.558	6.312	1.081
12.956	2.629	0.021	-0.114	-0.184	11.598	8.348	12.834	0.006	8.888	8.429	2.655
5.716	0.840	0.896	-0.081	-0.996	17.446	1.453	19.975	3.415	9.503	9.581	1.079
16.404	7.755	0.597	0.607	-0.295	13.151	8.798	1.672	3.771	12.920	5.864	1.664
7.758	9.185	4.750	0.091	0.974	15.226	2.798	12.594	3.129	14.497	2.985	1.881
6.004	1.336	0.819	11.961	4.166	5.414	4.281	5.444	0.801	0.460	6.855	4.363
10.218	5.648	4.618	13.848	6.299	7.893	5.614	4.144	4.984	0.820	7.372	2.784
16.347	3.663	1.029	8.146	4.870	1.572	9.685	4.855	0.564	17.877	7.160	1.570
13.898	7.787	4.131	10.788	5.460	6.000	0.983	5.466	4.449	15.038	0.408	2.076
16.441	0.492	0.448	16.416	6.018	17.940	0.139	3.802	4.052	6.758	5.914	2.420
9.402	8.065	2.174	14.210	5.471	12.307	4.435	5.694	1.330	16.232	2.419	3.950
1.427	9.416	0.076	7.068	3.702	13.551	0.841	5.668	4.278	15.784	9.712	1.100
14.457	4.193	0.376	18.481	5.407	19.015	0.528	5.770	3.969	4.622	1.350	4.720
10.562	8.846	2.556	19.565	3.020	11.151	8.184	4.924	4.315	10.774	4.750	0.682
5.899	2.713	2.756	5.232	4.241	3.854	6.154	4.465	0.791	17.159	7.322	0.459
12.873	9.635	1.346	18.483	3.638	12.418	4.135	5.268	4.918	19.740	8.249	1.834
7.471	9.332	2.653	0.709	4.188	1.248	1.428	5.055	4.682	4.382	2.407	0.293
2.996	1.372	3.453	8.690	5.435	1.308	8.287	6.107	0.870	2.174	6.510	1.018
1.688	2.141	0.067	19.372	6.571	9.806	4.636	6.163	0.053	2.129	2.058	3.972
0.787	0.605	1.637	17.728	5.724	16.117	6.181	6.166	0.509	0.520	1.030	3.996
17.375	2.927	4.707	11.479	4.359	17.714	7.368	4.881	4.093	6.112	8.138	3.752
14.836	8.731	4.581	6.402	6.470	14.527	4.865	3.243	1.555	16.716	4.691	0.629
15.583	4.319	3.405	9.982	4.175	8.063	6.349	5.315	3.382	16.507	0.571	0.927
10.906	4.976	0.715	2.724	4.070	18.186	9.601	3.746	0.906	7.173	2.145	2.195
8.986	7.002	1.683	1.191	3.803	5.334	4.209	5.826	0.490	18.022	2.716	1.494
4.678	6.462	4.268	3.143	6.652	1.266	4.443	5.273	3.514	6.253	3.435	0.555
7.390	8.133	4.661	1.743	6.266	10.159	2.101	4.173	1.495	6.782	2.050	3.652
15.254	6.228	1.538	9.481	5.503	16.373	1.331	3.945	4.329	9.460	0.146	2.005
3.827	8.627	2.581	5.073	5.975	14.715	2.085	5.538	0.316	13.211	9.412	2.688
17.905	3.394	1.972	2.102	5.391	3.038	8.632	4.502	0.904	9.037	7.298	3.280
19.393	4.933	3.722	9.145	4.427	4.196	6.057	4.839	0.079	17.970	0.301	2.650
1.566	2.794	4.293	11.033	4.475	12.610	4.804	4.884	2.333	8.024	3.599	1.735
14.391	5.860	1.463	13.417	5.501	9.400	5.746	4.947	3.767	3.612	7.079	3.225
12.755	1.728	2.617	5.584	3.981	10.341	0.119	6.311	1.551	4.256	3.751	0.396
7.968	6.858	4.041	14.314	6.055	19.676	5.458	4.125	2.064	18.543	1.283	2.168
11.617	2.428	0.556	14.340	4.952	18.288	7.407	4.978	1.296	3.670	2.226	3.797
17.805	4.383	4.445	18.615	4.648	16.492	2.296	4.778	2.858	7.944	4.866	1.512
6.987	7.118	0.769	8.047	8.103	12.828	1.601	3.117	0.697	13.598	6.432	1.595
4.524	5.005	2.800	17.011	5.566	1.018	4.343	5.502	2.421	19.603	1.426	1.425
9.684	0.902	3.159	2.637	4.707	2.549	1.116	5.046	3.694	7.552	0.822	2.429
8.811	6.584	3.718	4.548	4.563	0.066	5.573	4.168	3.803	19.025	8.350	4.930
2.264	4.719	0.005	13.050	4.412	18.565	3.105	6.501	4.890	5.922	9.136	4.477
12.279	2.127	3.878	17.445	6.893	12.257	0.921	4.993	4.052	17.884	5.656	0.684
19.474	9.057	1.402	12.563	5.211	16.171	6.679	5.547	0.721	11.898	5.846	0.457
14.505	0.407	2.297	15.950	4.247	16.053	9.914	4.254	4.365	19.778	4.270	1.841
1.291	0.241	1.983	13.490	3.340	8.262	2.140	5.812	2.494	19.829	3.478	4.038
16.403	8.924	0.023	6.694	5.054	2.226	0.952	5.395	4.118	16.637	5.958	1.747
17.496	2.990	4.912	8.505	5.747	2.608	3.735	4.574	2.821	14.434	2.728	1.963
12.635	3.115	4.374	13.987	5.360	3.279	7.556	5.908	1.899	6.625	3.535	1.690
12.203	2.902	3.877	11.397	5.183	3.574	3.173	4.292	3.222	5.921	4.881	4.322
0.947	1.919	2.250	3.257	6.956	9.934	8.591	5.446	4.549	7.036	4.328	3.289
7.822	5.083	1.649	4.713	3.924	5.074	5.576	5.996	1.438	6.105	0.952	4.232
16.281	4.299	2.106	3.546	6.555	16.370	6.213	5.876	2.312	16.846	1.863	4.271
16.419	3.870	2.840	14.471	5.781	12.306	8.466	3.967	2.696	17.488	1.600	4.278
9.462	5.360	1.550	9.151	5.567	5.156	2.800	4.933	4.604	2.078	4.014	4.956
13.527	5.079	4.940	11.333	5.784	9.863	1.696	3.434	4.258	2.212	9.277	3.921
9.480	6.586	4.422	15.632	3.708	17.043	8.606	3.884	0.809	2.253	4.507	4.601
16.181	9.699	2.239	4.110	5.532	18.259	4.103	7.381	4.490	19.260	5.507	1.597
8.379	8.273	3.343	8.956	4.523	17.446	0.482	3.855	2.681	10.721	6.873	1.577
12.278	1.829	0.231	3.647	4.756	4.493	7.588	5.256	1.785	18.155	8.112	3.791
15.372	5.226	3.593	1.278	4.876	17.578	0.188	5.645	0.642	7.506	5.475	0.019
11.371	3.726	4.247	11.729	5.964	18.639	3.296	4.296	4.653	19.862	4.719	4.909
0.115	5.338	3.717	7.971	4.462	3.111	0.606	3.564	4.140	5.317	9.563	2.104
9.867	9.109	2.017	15.092	3.031	5.018	2.281	4.338	3.306	16.472	0.021	4.367
9.990	5.593	4.741	15.931	3.716	0.260	6.025	3.456	3.502	15.599	8.967	4.696
0.042	2.094	2.828	14.405	5.223	8.519	3.808	3.324	4.312	7.271	3.559	0.631
3.164	2.489	2.414	18.343	5.835	13.070	9.047	5.425	1.566	14.891	1.940	3.841
13.847	9.154	0.103	14.477	4.591	6.738	6.508	4.993	1.531	6.215	1.888	3.791
19.746	5.546	0.514	5.145	6.051	16.738	5.488	3.906	1.519	12.583	3.631	3.823
9.276	1.711	3.381	9.426	5.204	17.937	5.571	5.036	2.652	4.568	6.350	3.688
9.865	2.411	3.023	11.483	3.746	6.965	1.076	5.331	0.572	6.862	3.937	4.429
13.358	6.783	1.919	2.552	5.894	18.089	7.301	5.483	3.565	3.526	3.943	2.320
2.639	3.757	3.981	3.199	4.659	16.419	2.155	6.439	1.701	7.145	9.046	0.830
0.344	7.066	1.214	14.902	6.021	17.940	3.397	4.713	4.349	1.714	7.488	3.189
3.451	6.530	1.619	11.761	4.019	3.427	3.235	5.692	1.365	9.626	3.828	2.380
14.171	0.054	3.370	13.320	4.973	5.424	4.327	4.227	2.862	7.590	2.286	0.490
3.951	4.993	0.194	9.683	3.468	19.103	2.065	6.451	4.199	3.947	9.635	4.669
7.204	3.932	4.595	7.274	5.485	9.654	1.388	4.372	1.572	18.267	9.733	0.339
7.673	4.745	2.182	6.448	6.703	9.826	3.240	4.308	1.381	3.386	2.106	3.896
6.523	9.988	3.562	19.820	5.017	10.403	1.814	5.697	2.340	12.270	1.569	1.992
18.982	6.947	0.597	16.919	3.281	2.749	2.953	7.368	1.952	12.948	2.617	1.907
0.413	7.945	2.399	15.534	3.785	1.631	6.369	4.082	3.297	5.923	8.750	4.792
18.903	6.178	4.971	17.644	5.140	6.418	8.317	6.784	4.869	2.661	3.944	1.339
10.036	5.820	0.609	8.530	7.057	19.677	3.377	3.992	1.209	0.814	2.411	0.304
11.249	7.371	0.753	17.289	4.872	18.486	5.775	4.450	0.585	18.730	1.972	3.172
11.227	0.393	3.831	5.539	4.493	8.979	2.515	4.645	3.843	19.741	1.142	2.279
15.110	2.763	3.643	13.012	4.598	10.960	0.274	4.101	4.863	2.972	1.995	3.949
7.399	9.331	1.942	15.652	5.170	0.215	0.139	5.590	3.008	7.128	0.064	3.210
7.593	1.310	1.052	17.789	6.781	16.330	0.782	4.314	2.291	1.628	5.293	1.158
19.742	6.174	0.615	7.054	3.306	10.441	3.897	5.258	3.358	6.334	5.763	2.241
16.109	3.077	1.795	1.938	3.822	18.119	7.990	5.192	4.578	6.938	5.420	4.635
8.141	5.039	2.485	13.798	6.485	19.909	7.541	5.614	1.602	16.625	2.689	1.125
3.248	8.326	0.573	1.232	4.500	19.052	5.522	5.418	4.196	8.314	3.728	4.118
18.562	6.688	1.145	5.356	4.466	10.526	8.614	4.362	3.664	15.253	0.229	4.789
3.983	4.578	4.154	13.617	4.578	8.456	9.479	5.894	0.825	1.411	1.568	1.203
3.507	6.843	4.981	6.068	3.662	7.312	0.544	4.725	2.334	8.555	2.941	4.416
11.055	0.920	2.610	19.053	5.811	19.703	9.322	3.983	2.976	2.515	7.016	4.741
17.768	6.260	1.883	4.339	3.716	0.517	4.905	5.168	0.359	6.339	5.961	1.172
0.368	3.805	2.600	4.630	5.313	2.894	1.828	5.202	0.860	6.994	9.923	4.866
5.123	5.746	2.293	1.924	3.345	4.829	8.500	6.435	3.221	6.943	3.705	3.839
7.404	2.702	2.355	13.442	5.308	17.365	5.481	4.913	4.964	15.236	5.450	4.992
15.595	4.123	4.245	3.173	4.114	1.511	7.323	4.762	3.639	3.837	7.185	3.164
9.085	4.218	0.563	2.703	4.823	0.095	2.504	4.398	3.964	18.108	3.358	2.127
8.984	5.296	1.994	2.322	5.223	3.800	8.204	5.233	2.312	15.390	7.868	0.947
4.576	4.804	3.433	11.129	4.993	4.324	2.045	4.232	4.141	7.444	8.066	4.983
1.265	4.887	1.406	2.559	5.949	13.820	0.028	5.431	3.575	11.047	0.507	0.427
13.584	7.506	0.349	8.366	4.025	0.353	4.417	7.621	2.217	19.741	9.608	0.895
3.498	7.935	0.299	1.770	3.948	10.042	0.161	4.405	1.539	15.090	3.699	3.930
12.342	2.982	2.507	12.894	3.765	5.313	5.774	4.833	4.520	11.192	9.415	4.804
18.641	4.190	2.236	1.775	3.991	1.900	1.816	6.543	0.769	15.699	0.858	1.846
6.883	5.449	1.845	12.810	4.544	17.615	0.337	5.301	1.022	17.540	6.253	2.999
14.120	6.543	1.663	18.204	6.143	4.265	3.865	4.623	4.371	15.039	8.804	1.493
14.944	0.102	2.772	0.286	5.101	18.586	6.443	5.838	1.966	4.113	5.025	1.634
6.052	4.844	2.361	19.226	5.366	12.819	9.736	5.708	4.024	4.006	4.365	4.565
1.954	4.866	2.602	6.520	5.078	16.432	0.387	5.617	4.416	17.458	4.400	4.615
1.966	2.520	2.345	9.256	5.162	13.920	2.989	5.448	2.479	11.323	9.493	3.097
2.814	3.430	4.183	14.367	5.066	9.140	9.073	4.273	3.437	18.076	0.900	3.990
13.133	0.583	0.419	18.279	7.663	16.404	7.885	5.247	3.846	6.153	6.520	0.314
13.345	9.703	2.982	14.371	4.580	15.056	4.725	5.065	4.857	16.683	4.985	1.204
0.114	9.582	4.509	16.688	6.292	12.974	2.671	5.675	4.845	15.068	9.174	4.469
6.888	4.781	4.711	8.938	5.027	3.019	6.234	3.772	2.858	11.500	2.553	4.508
2.436	2.046	0.164	16.416	4.244	9.308	1.848	3.914	3.823	10.220	8.322	2.630
2.536	9.146	3.679	13.493	5.474	3.789	6.369	3.519	1.606	8.783	4.127	3.929
16.710	6.093	1.872	13.947	6.250	5.135	7.674	3.914	1.529	13.617	7.191	4.136
18.160	2.507	0.508	7.757	5.270	12.662	2.194	4.811	1.544	8.696	9.158	2.614
8.556	5.678	0.870	18.798	3.789	19.401	5.534	5.457	0.153	11.683	0.084	1.434
2.458	9.143	2.804	11.894	5.516	12.062	1.266	3.419	4.304	7.729	4.789	4.869
13.556	1.166	2.733	18.893	5.849	3.673	6.012	4.493	3.595	1.988	2.551	4.973
18.277	9.131	1.399	18.437	3.633	14.759	1.458	5.178	1.603	15.308	2.526	0.691
1.882	8.894	3.157	6.994	3.582	10.891	8.486	5.811	0.380	9.698	6.675	1.219
19.371	8.940	0.318	10.109	6.541	11.568	9.527	3.979	1.852	0.780	3.708	1.657
12.506	1.120	4.733	3.127	5.283	16.696	8.270	5.164	4.278	4.467	9.958	3.206
11.572	0.150	4.593	15.873	5.161	10.388	0.407	3.599	1.326	2.012	0.747	2.580
7.881	8.306	1.314	4.744	4.985	8.443	0.521	6.366	3.400	4.478	4.215	2.532
7.816	0.050	4.978	1.573	2.417	2.619	8.426	5.832	0.902	13.401	3.881	0.595
7.501	9.540	3.809	19.666	6.670	6.828	9.421	6.103	1.318	1.502	5.301	4.864
7.908	2.844	2.077	18.210	4.711	4.840	7.672	6.646	1.353	4.113	6.368	0.736
2.425	6.274	1.246	5.182	6.108	5.999	3.501	4.258	1.748	10.042	8.016	3.695
17.573	7.808	4.502	9.480	4.205	15.698	4.577	4.537	2.858	11.753	8.632	2.128
12.342	6.951	0.093	4.531	5.231	10.826	2.504	4.593	2.768	19.989	6.388	1.651
12.650	1.665	1.818	8.959	3.431	1.993	0.208	5.532	1.573	12.811	3.054	4.439
8.821	0.323	1.676	1.030	5.147	14.714	0.408	4.580	2.157	18.281	2.641	3.605
17.888	1.813	2.314	10.676	4.414	17.950	4.580	3.993	2.335	10.777	4.848	1.821
3.824	5.160	1.492	18.080	5.259	14.706	7.472	5.336	3.231	12.366	1.769	0.668
19.458	7.188	2.989	4.643	6.737	2.672	0.603	5.195	2.716	8.194	1.882	3.547
13.241	0.498	1.998	8.028	3.784	13.602	1.931	5.281	1.468	15.190	9.278	2.349
12.800	2.375	1.897	9.671	4.600	6.414	2.864	5.158	3.917	12.391	5.016	0.751
19.486	5.216	4.942	1.653	4.730	11.404	5.660	4.783	3.578	11.997	7.011	4.987
18.530	6.534	3.347	11.433	4.179	4.018	1.357	4.121	2.711	5.201	1.699	4.019
18.703	9.527	3.476	10.623	4.686	1.563	9.634	5.430	2.347	15.059	7.496	1.116
17.505	5.097	4.973	12.253	2.228	10.626	9.634	4.364	1.862	3.412	8.413	4.476
11.125	9.131	1.418	0.476	3.878	1.368	9.022	5.829	1.379	14.680	6.773	2.488
11.009	6.542	4.894	0.269	5.867	2.717	4.746	6.499	1.013	17.018	8.092	4.884
18.674	3.734	0.061	14.629	4.921	8.013	0.276	4.067	1.528	7.587	8.151	3.709
17.272	5.506	2.742	17.863	4.269	18.380	4.738	6.217	4.632	17.803	4.232	4.014
1.386	7.442	4.738	10.469	4.355	7.071	0.097	7.149	2.851	8.801	9.521	3.304
13.769	8.503	4.727	17.653	4.973	4.662	8.002	4.830	4.015	10.398	4.696	1.293
13.608	2.253	3.901	14.229	5.480	8.458	4.919	7.438	0.356	13.766	7.604	2.842
11.863	0.105	4.075	6.066	4.522	13.221	7.078	5.943	1.697	16.416	0.748	4.735
8.404	4.340	4.399	5.868	4.285	5.798	2.068	5.180	0.371	11.359	8.687	2.836
3.528	9.029	4.678	7.561	4.271	1.785	7.575	4.896	1.774	9.388	1.901	4.557
11.974	0.206	2.667	13.125	5.416	11.438	7.340	4.710	1.404	17.664	8.357	0.133
14.565	9.305	3.682	12.574	5.553	14.407	8.568	4.052	1.785	15.391	8.344	1.301
13.493	3.576	2.353	14.951	5.487	8.790	2.294	4.616	1.288	0.923	4.178	4.646
10.066	7.636	4.839	18.788	4.751	2.932	1.402	5.578	3.316	13.933	7.075	3.392
18.213	9.052	1.936	1.424	4.759	5.392	8.392	6.881	0.420	11.702	1.728	4.046
11.373	1.268	1.604	2.961	3.670	12.891	5.464	4.529	0.234	18.618	2.601	3.913
6.506	7.972	0.004	15.314	3.603	3.511	2.431	5.643	1.200	0.216	7.297	1.061
7.323	1.496	3.093	3.309	3.281	9.190	0.700	5.122	3.091	2.589	3.165	0.847
14.122	3.588	3.128	19.430	5.480	12.677	8.218	5.410	0.315	7.405	8.326	4.333
5.126	2.731	4.558	0.046	4.067	8.910	6.217	5.755	4.360	11.531	2.693	1.228
0.369	7.926	3.520	16.195	3.747	11.155	9.082	5.106	0.172	5.785	9.097	4.918
19.786	5.786	0.154	2.922	5.469	12.046	9.191	4.352	3.382	16.976	6.493	4.552
2.241	9.320	1.480	8.762	5.593	18.196	1.265	6.436	0.615	5.395	8.304	1.117
4.092	9.157	3.701	2.191	4.529	6.880	5.513	5.309	4.397	15.438	5.235	1.285
9.877	4.237	2.789	7.745	3.849	0.694	3.824	5.607	1.881	10.157	7.742	2.875
7.234	9.616	2.206	11.267	5.416	11.249	0.806	5.247	4.363	7.125	1.950	3.167
16.518	9.117	0.088	19.770	4.017	19.778	3.558	4.184	1.896	15.400	1.024	3.272
14.319	9.715	2.699	0.053	4.760	7.760	3.562	4.796	1.188	15.637	1.881	3.220
18.545	0.273	2.535	17.253	3.381	11.420	1.715	6.007	0.393	4.199	7.997	0.464
12.753	7.964	0.844	12.721	5.227	11.353	2.595	4.587	4.477	4.629	3.568	0.162
18.566	2.301	0.579	17.499	6.759	10.940	8.447	4.868	3.617	15.005	1.939	1.759
12.377	8.743	4.573	10.793	3.547	13.528	0.197	4.300	4.293	4.019	8.780	4.951
13.046	2.566	3.522	13.084	3.249	7.434	9.894	3.937	3.303	12.473	0.200	4.459
6.053	2.913	0.000	4.756	4.923	17.510	7.373	6.291	0.733	10.991	0.997	0.483
3.331	2.676	3.192	11.195	4.619	13.778	3.151	5.509	1.428	7.777	3.598	4.075
11.372	0.111	3.387	10.946	4.359	2.337	9.510	3.512	1.379	18.328	5.924	3.620
4.816	4.197	0.846	13.985	3.300	6.546	2.884	4.434	3.426	12.099	1.525	1.056
18.814	9.306	0.034	19.908	4.739	15.300	8.263	5.695	1.929	11.671	5.197	1.060
9.795	9.657	2.132	18.799	5.658	11.748	1.229	5.025	4.272	7.096	9.386	0.694
8.653	3.335	3.438	5.456	5.012	8.667	0.260	5.245	4.649	19.975	8.362	1.434
19.323	3.367	3.325	19.193	5.019	14.944	2.131	5.205	3.423	15.478	0.688	4.555
15.288	3.902	1.054	12.825	5.146	11.670	9.801	5.787	1.975	5.597	1.019	2.962
13.730	2.216	0.107	14.989	5.882	17.479	1.946	5.687	0.259	16.887	5.176	1.947
5.896	7.334	3.006	18.016	5.382	6.705	3.454	5.289	4.722	14.153	8.594	2.982
16.169	0.808	4.675	12.010	4.815	12.268	1.233	6.029	2.890	19.201	0.651	2.374
3.886	0.639	3.102	2.192	3.257	19.779	2.074	4.908	0.045	7.224	6.906	2.595
13.543	3.255	2.650	3.248	5.561	14.922	7.280	4.952	2.329	6.090	2.485	4.872
6.700	2.367	0.118	0.545	5.881	1.775	1.596	4.432	0.836	12.205	9.307	1.357
18.007	3.141	1.815	7.202	4.669	19.268	3.159	4.594	0.841	3.387	6.377	2.027
7.317	1.540	3.062	17.839	3.827	6.990	4.766	5.738	1.024	3.529	2.942	1.283
15.467	7.499	4.369	9.707	6.239	16.842	4.225	5.038	2.579	19.243	9.958	1.308
10.406	1.893	4.736	4.793	5.005	9.851	0.292	7.153	3.410	4.533	2.401	4.683
17.087	6.703	3.020	7.582	4.923	13.491	1.229	3.195	0.878	15.776	3.642	3.707
5.156	4.030	4.671	15.550	4.747	14.274	6.742	6.847	3.729	7.292	3.779	4.411
12.781	3.340	1.038	13.481	4.343	8.427	1.979	3.988	0.186	3.110	7.854	4.632
10.598	7.422	4.571	1.745	4.824	12.601	1.863	5.698	0.629	14.869	6.973	1.040
12.383	3.016	3.370	2.235	5.612	8.117	5.673	4.656	2.965	7.933	4.007	0.414
19.114	6.918	3.025	8.481	5.730	12.424	1.824	4.472	3.458	19.240	2.223	3.148
14.878	3.520	4.309	7.700	3.898	6.518	8.538	3.813	1.870	7.044	6.422	0.866
8.930	1.266	4.028	6.701	5.698	10.037	6.837	5.389	1.265	2.241	2.918	3.259
3.525	7.030	3.130	11.280	3.104	18.978	9.953	5.087	3.752	9.320	2.610	3.189
15.122	5.271	1.260	19.570	6.590	16.936	9.372	6.780	2.602	9.900	3.187	0.119
16.395	5.440	4.281	19.412	4.950	7.037	4.117	4.624	0.534	8.451	6.264	1.242
5.819	2.729	2.907	15.596	3.892	18.525	8.648	5.829	2.629	18.390	3.413	0.925
15.545	8.921	1.034	12.286	5.513	5.208	3.001	4.992	1.075	2.923	0.455	1.484
9.741	1.861	2.459	6.144	5.094	9.040	0.485	4.079	3.442	4.140	8.063	1.932
3.178	5.379	2.247	12.288	2.884	16.262	7.661	5.331	2.946	18.762	6.329	2.601
19.406	9.237	4.658	1.646	7.270	2.747	1.956	5.656	1.318	16.827	8.459	1.133
9.688	1.014	0.343	16.400	3.629	7.477	0.465	4.919	0.638	7.882	9.554	3.090
3.613	5.962	3.260	3.440	3.807	9.489	4.125	5.106	1.193	14.065	6.034	4.959
19.002	9.317	0.821	16.994	5.308	5.930	0.875	4.384	2.750	11.715	1.098	0.869
4.442	1.152	4.947	4.467	5.395	1.223	6.903	6.338	3.180	1.848	1.836	2.499
12.549	5.726	1.817	1.591	4.946	18.110	2.963	6.173	1.121	10.897	1.584	0.047
5.959	1.005	4.265	4.435	4.553	17.609	2.182	4.826	1.385	10.039	7.226	0.945
14.288	2.329	3.760	10.003	5.867	8.376	9.602	4.619	1.201	3.673	1.963	1.200
1.063	5.028	3.324	18.982	4.114	8.809	1.011	5.262	4.409	0.410	2.746	1.041
14.442	0.441	3.099	7.801	2.799	18.665	1.123	4.093	0.453	1.445	8.837	2.388
10.681	6.628	2.780	17.966	5.098	17.681	5.407	4.035	3.467	18.471	6.235	0.912
0.716	6.687	3.255	4.650	5.791	6.558	1.679	5.079	1.917	19.363	9.559	0.207
11.819	7.152	3.852	19.624	6.251	8.995	9.924	5.086	4.454	13.174	8.005	0.063
1.570	0.796	4.689	4.928	3.828	7.696	8.349	5.327	3.962	5.153	0.708	3.684
16.675	8.395	4.652	14.509	4.521	10.338	2.364	5.926	4.477	19.756	5.902	3.459
12.736	5.419	0.025	12.092	5.376	0.020	5.104	4.061	3.832	19.607	1.879	1.688
1.634	3.129	3.141	18.495	3.296	9.910	5.510	6.787	2.116	8.609	4.445	1.832
14.558	4.367	2.202	4.192	4.039	10.696	1.692	6.186	1.514	10.268	7.493	1.953
7.697	1.544	2.458	10.767	4.827	6.384	5.214	3.961	3.749	7.222	0.216	1.018
3.932	2.303	2.401	3.275	5.034	5.787	3.777	6.068	4.227	13.351	7.192	2.005
15.525	2.275	0.537	11.316	5.692	1.869	9.870	6.158	3.718	14.974	9.380	2.502
12.895	9.199	4.151	17.061	4.490	15.268	9.894	3.746	2.432	3.222	2.227	4.036
13.295	5.542	4.465	8.943	4.601	16.309	3.680	5.775	1.480	10.613	3.781	4.372
18.866	5.557	0.543	7.640	5.272	4.123	8.653	4.275	4.960	3.609	6.973	4.657
13.856	9.349	4.381	7.210	6.388	7.935	4.446	5.335	1.293	7.585	5.057	0.019
8.948	9.220	1.039	14.781	4.673	15.398	2.816	3.861	2.030	0.561	8.488	3.397
13.984	2.251	2.460	4.803	4.374	17.689	4.745	4.976	3.925	10.192	5.870	1.974
11.968	1.124	3.285	3.407	6.628	13.010	0.415	4.882	3.911	6.112	5.370	1.788
5.612	1.517	4.127	5.523	5.546	5.153	0.172	4.797	2.933	3.059	4.626	4.946
13.321	7.726	2.966	10.493	5.548	12.859	0.623	4.294	3.504	2.672	6.948	1.499
9.253	0.078	1.197	19.663	4.775	3.764	2.499	4.914	3.035	4.649	7.988	0.369
6.055	8.221	0.241	7.089	3.514	8.150	9.985	3.993	0.472	10.173	5.846	1.534
3.199	2.805	0.527	10.666	2.953	6.137	5.109	5.126	4.807	0.614	2.690	3.987
6.871	0.729	0.460	17.883	3.107	7.405	6.557	5.644	1.286	5.269	5.147	1.067
11.838	6.904	1.109	13.124	7.134	12.854	6.374	4.241	3.068	17.059	7.796	4.766
11.812	5.802	2.675	9.241	4.275	8.121	3.514	5.594	0.134	18.062	8.561	0.163
8.665	7.827	3.737	13.093	4.476	15.368	2.303	5.130	0.361	14.085	2.379	4.969
