0.235	7.300	-1.938	1.820	0.148	-0.990
-1.052	4.164	-0.361	5.643	0.603	0.718
-0.173	1.269	-0.414	1.103	-1.048	-0.754
-0.792	11.217	-0.834	3.720	-0.178	0.120
0.482	19.460	0.097	8.909	-0.109	-2.559
0.941	19.250	-0.651	4.677	1.713	2.140
1.353	3.501	1.326	7.121	-0.597	0.214
0.668	13.144	0.799	1.893	-0.829	1.855
2.773	0.836	-0.949	4.075	1.575	-1.287
0.266	6.001	-0.545	9.781	-0.281	-0.364
-1.434	16.371	-0.382	3.255	0.625	-0.303
-0.013	1.372	2.603	3.420	-0.089	0.817
1.433	10.306	-1.053	0.091	-1.338	0.688
0.227	15.872	1.078	2.597	-0.415	-1.237
0.427	8.305	-0.161	5.893	0.932	1.268
-0.551	13.519	-0.947	3.502	0.802	-1.053
3.255	14.602	0.151	0.775	-1.082	-0.634
1.853	19.131	-1.568	8.724	-0.024	-1.178
-1.495	11.698	0.362	2.716	2.000	0.369
0.457	9.984	-0.853	8.669	-0.316	0.875
-0.880	5.178	1.004	7.938	-1.630	-0.425
1.535	7.782	-0.687	8.777	-1.476	0.498
0.145	5.486	0.780	8.935	-0.589	-0.800
0.855	8.128	1.778	8.348	-0.598	0.806
1.386	5.972	-0.861	9.363	-0.737	-0.010
-1.512	6.715	1.046	4.522	0.040	-0.255
0.163	2.653	-0.302	9.437	0.715	0.266
2.247	3.167	-0.372	0.755	-1.851	1.138
0.341	14.013	-0.245	0.626	0.268	-1.696
0.381	13.728	-1.396	5.024	0.098	1.653
-0.074	1.196	-1.506	2.517	-0.494	1.359
-0.045	7.430	1.342	1.695	-1.409	0.965
0.340	10.856	0.504	3.908	-0.779	-0.213
0.039	3.169	0.338	8.758	1.549	-1.593
0.089	6.908	0.640	3.997	-0.037	-0.468
0.259	6.340	-0.767	9.286	-1.422	-1.228
-2.077	13.592	2.256	3.311	1.255	0.818
0.097	18.038	-0.606	2.836	1.299	2.342
-0.152	13.553	1.205	8.888	0.105	0.413
-1.833	16.260	-0.771	8.185	-1.233	1.442
0.320	0.462	-0.100	2.518	0.823	0.225
-0.742	18.758	-0.769	7.263	-1.231	-0.354
-1.529	17.437	0.385	2.984	0.377	0.622
0.341	17.811	-1.769	6.711	0.235	1.274
-0.527	10.345	-0.035	3.719	-1.303	1.264
-0.230	17.587	-0.838	7.608	0.037	0.017
0.544	12.422	0.423	1.278	-0.738	-0.013
0.136	2.559	-1.481	8.220	0.398	1.108
-0.675	14.168	-0.319	4.460	0.343	0.358
-0.805	10.567	-1.574	5.869	0.380	-0.918
-0.691	14.581	-0.109	1.766	0.012	-1.481
0.170	12.769	0.511	0.157	-2.474	-0.589
1.699	10.430	-0.481	4.310	0.129	-1.052
-0.686	14.055	-0.247	1.439	-0.945	-0.717
0.110	3.385	0.398	3.226	-0.641	-0.189
-0.833	7.126	0.098	4.026	1.815	0.429
-0.691	1.162	0.255	8.467	1.703	0.957
0.940	18.231	1.490	2.375	-1.188	-0.407
2.011	8.169	-0.567	3.321	0.518	-0.339
-0.011	4.372	0.014	1.843	1.292	-0.901
-1.451	17.534	-0.534	6.765	0.408	-0.392
0.201	15.467	0.577	0.243	-1.424	1.236
1.036	6.357	0.590	8.094	-0.587	0.533
2.542	16.184	-0.971	7.940	-0.884	1.089
-1.519	5.664	-1.540	9.676	-2.186	-1.197
-0.209	2.259	-0.625	6.466	-0.105	0.702
0.010	8.432	-2.179	7.155	0.165	0.115
0.949	9.086	-0.888	5.287	1.428	-0.394
0.613	12.899	0.818	7.957	-0.165	0.138
0.401	9.558	1.432	7.967	1.932	0.427
-0.860	2.778	-0.566	8.592	-0.105	-0.284
0.754	1.232	-0.174	8.213	-0.447	-1.564
0.329	4.811	1.198	7.487	-0.759	0.469
-0.200	9.213	-0.999	4.948	-1.532	-1.220
0.212	11.854	-2.629	8.566	0.088	0.294
1.560	6.635	1.521	0.493	-1.399	0.766
0.954	17.267	-0.005	4.718	-1.404	0.980
-0.817	5.619	0.772	7.744	-0.133	-0.948
-0.044	7.273	-1.470	0.193	0.676	0.428
-1.059	1.912	-0.290	0.272	-2.318	-0.031
1.426	19.430	0.402	8.806	0.402	0.543
-0.123	2.711	-1.078	3.798	-1.244	-0.391
0.348	5.349	1.223	7.246	-1.165	-0.120
0.953	15.233	-1.013	9.078	-0.862	0.436
-1.171	11.865	-1.520	6.313	-0.152	0.879
0.094	19.874	0.883	0.325	-0.642	1.333
-1.868	11.971	-0.915	6.179	-0.691	1.653
1.266	19.370	0.001	0.925	-0.930	1.315
0.818	19.168	-0.145	0.077	1.801	0.834
-0.056	2.683	-1.429	8.171	-0.159	0.065
-0.372	10.806	1.429	5.392	0.289	-0.678
-0.147	19.674	-0.223	7.820	1.295	-0.025
0.033	9.954	-0.462	4.528	-1.295	0.639
-2.015	8.536	-1.661	6.931	-0.716	-1.003
-0.146	12.545	1.654	0.959	-0.699	-0.152
-0.444	18.268	0.876	7.490	-0.464	-0.539
0.038	10.248	-2.198	4.491	1.706	0.084
-0.163	7.147	0.841	7.964	0.615	-1.658
0.550	4.633	-0.333	5.337	-1.367	1.255
1.689	12.361	-1.013	5.707	0.387	-0.785
-0.804	12.025	0.119	0.976	1.077	-0.142
-1.759	11.505	-0.205	2.238	0.468	-1.017
0.695	11.294	-0.109	9.937	-1.643	0.841
0.226	7.208	0.039	6.628	1.197	0.619
0.490	12.042	0.237	8.145	1.452	2.493
-1.388	10.279	0.566	4.781	0.052	-0.296
0.225	17.494	-0.698	8.761	-1.380	-0.876
-0.484	17.625	-1.479	6.137	0.335	-0.193
0.255	4.133	-0.521	1.861	0.410	-0.295
0.765	0.061	0.444	4.276	0.204	-0.356
-0.472	8.535	0.625	2.611	-1.146	1.547
-1.414	7.986	-0.687	8.384	-1.477	1.420
-0.329	5.464	1.236	5.875	0.087	-0.317
0.223	7.824	-0.152	3.819	0.426	0.588
-0.432	1.561	0.385	4.188	-0.545	-0.614
-0.487	19.116	-1.665	6.996	1.013	-1.009
-1.063	18.594	0.844	2.059	0.896	0.534
-1.228	4.237	0.315	3.262	0.876	0.077
0.414	6.745	0.526	7.717	-1.626	-0.495
0.254	13.919	-1.009	9.870	-0.152	0.791
-2.257	3.517	-0.423	2.366	1.690	-1.409
0.521	0.336	0.326	6.743	1.388	0.787
0.975	12.562	-0.121	5.592	-0.462	-0.116
-1.424	18.335	-0.517	1.718	-1.025	0.402
-1.084	12.244	0.558	7.453	0.764	-0.509
-0.137	4.082	-0.717	0.006	1.599	0.097
0.585	3.677	-0.500	2.386	0.134	0.122
-1.710	10.056	-0.055	6.144	-0.084	-1.201
0.854	19.066	-1.556	9.736	0.092	0.054
1.317	15.067	-0.265	4.867	-0.896	0.447
-0.345	19.183	-1.403	0.582	-1.581	0.344
1.335	13.364	-0.813	7.963	-2.605	0.342
-1.654	4.253	-0.505	0.476	-1.100	-1.618
0.773	1.092	-0.292	8.108	0.061	-1.024
-2.168	3.245	0.901	1.086	0.037	-0.468
0.249	16.256	0.509	2.748	2.118	-1.552
-1.334	16.564	-0.016	9.142	1.715	0.180
1.353	9.331	-0.511	8.973	-1.373	-2.353
-0.283	18.486	-0.063	5.047	0.388	1.668
0.345	11.266	0.685	3.156	0.942	-0.177
1.338	10.004	2.050	0.173	0.390	1.198
0.110	3.202	-1.000	7.163	1.132	1.053
0.786	17.801	-1.995	8.830	0.991	0.039
1.713	8.550	2.149	6.989	-0.907	-0.211
0.120	6.566	0.304	6.088	0.199	0.665
-0.314	7.558	0.250	6.304	0.421	0.292
-0.363	14.699	0.657	2.335	-0.142	-0.866
-0.362	0.674	-1.170	6.493	-0.606	-0.685
-0.983	19.877	-1.177	7.872	-0.926	0.170
-0.190	8.452	1.266	5.043	-0.628	-0.117
1.947	0.686	-0.727	3.660	0.788	0.173
-0.750	12.272	-0.427	3.178	0.513	0.544
0.825	2.287	0.108	4.500	0.166	-0.516
1.573	6.949	0.272	8.927	-0.171	1.617
1.164	12.600	1.664	6.090	-0.450	1.232
0.913	4.439	-0.527	0.787	-0.780	1.717
-2.450	0.738	-0.528	7.557	-0.177	-0.444
-0.537	12.761	0.153	9.523	0.140	0.675
-2.460	16.586	1.341	3.330	-0.434	-1.869
0.188	3.283	0.619	7.347	-1.082	1.119
0.325	8.617	0.300	3.145	0.884	-2.207
0.269	11.307	0.139	6.333	-1.019	-0.085
0.700	13.102	-0.914	9.654	-0.676	-1.602
0.925	3.043	-0.457	0.540	-1.057	-0.837
1.707	19.760	0.822	3.240	0.188	0.722
-1.630	1.428	-1.487	2.317	-1.330	1.121
0.724	1.058	0.585	8.480	0.224	-1.300
-0.199	10.274	0.473	7.478	0.233	1.208
0.260	7.561	-0.883	5.481	1.491	-0.180
1.875	6.471	-0.631	2.370	0.652	0.162
-1.792	5.677	-0.823	6.980	0.862	0.757
1.752	16.339	0.191	9.817	-1.117	-1.531
0.989	16.006	-0.687	9.609	0.444	0.488
2.237	9.985	0.721	9.719	0.276	-0.375
-2.388	18.602	-0.411	1.153	1.659	-0.464
1.273	9.127	0.195	6.228	0.008	0.036
-1.025	2.566	0.256	3.349	0.215	1.867
-1.161	16.405	0.327	8.733	2.118	0.259
0.327	10.273	0.703	0.736	0.767	-0.962
-1.888	9.119	-0.427	3.639	-3.220	0.497
0.274	12.946	1.350	0.391	-0.370	0.914
0.973	9.099	-0.007	4.624	-0.663	0.429
-2.021	11.038	0.491	5.181	1.365	-0.545
-2.293	18.672	-0.548	0.951	-0.014	-0.199
0.371	4.489	-0.369	1.353	-1.009	1.248
0.697	3.371	-1.298	0.885	0.619	0.033
-0.949	16.794	-0.121	8.853	-1.291	0.249
0.006	1.141	0.281	2.945	-0.968	0.936
-1.260	12.355	1.540	3.558	-1.788	0.698
-0.114	8.332	-0.579	8.446	-0.698	-0.572
-1.773	1.033	1.010	1.763	0.932	0.108
-0.522	6.798	-0.490	2.779	0.922	-0.048
0.494	2.767	-1.506	0.441	-0.164	-3.036
1.610	1.792	-1.119	9.934	-0.707	0.654
-0.311	4.513	-1.373	6.036	0.850	1.513
-0.673	4.050	0.334	8.552	0.124	-0.905
-0.392	19.195	1.360	6.879	-0.901	1.164
0.149	6.032	-0.398	6.706	0.534	-1.211
0.227	9.297	0.953	2.790	2.537	-0.600
-1.651	0.674	-0.919	9.668	-0.937	-1.152
-1.353	18.119	-0.399	3.815	-0.865	0.246
0.916	16.081	-0.785	7.490	-0.089	1.244
-1.028	14.980	-0.566	2.655	1.719	0.899
0.214	13.653	0.885	9.475	0.694	-2.032
-2.611	18.402	0.344	2.600	0.927	0.131
0.322	17.856	1.157	3.385	-1.151	0.884
1.152	8.277	-1.043	1.539	0.103	-1.689
0.744	12.149	-0.086	2.526	0.913	-1.197
0.900	15.612	-0.476	2.614	1.047	-0.542
-0.048	17.615	0.988	9.520	-0.202	0.921
-0.521	0.218	-0.492	0.782	1.489	0.021
0.346	12.825	-0.058	5.867	-0.360	0.358
0.691	3.114	-0.711	5.105	0.201	0.031
0.290	5.611	-1.482	7.740	-0.178	0.221
-1.154	16.167	0.298	2.856	0.453	0.879
-0.600	10.279	-1.970	9.372	-0.495	0.411
-1.089	3.602	2.625	8.733	0.149	1.953
-0.694	15.860	-0.930	4.794	-0.742	0.004
1.181	12.433	0.501	3.528	-0.640	0.037
0.532	12.661	-1.171	4.505	1.196	-0.012
0.935	8.909	-0.410	9.622	-0.735	-0.876
-0.325	1.283	-0.834	1.170	0.783	-0.440
1.357	12.536	-1.090	3.356	1.160	-0.022
0.085	18.647	-0.125	6.389	0.723	-0.527
-1.759	1.773	-0.448	8.839	1.391	-1.292
-0.154	19.322	-1.028	9.830	1.396	0.714
-0.857	17.915	-0.993	3.539	-0.707	-0.520
-1.553	16.228	0.995	3.632	0.849	1.392
-0.369	12.702	0.099	3.673	1.883	0.123
0.505	12.783	-1.184	9.131	0.281	-0.858
-0.234	7.379	-0.667	2.852	-0.873	0.208
-0.797	14.279	-0.126	7.770	-0.467	1.856
-2.456	4.295	-0.127	9.133	1.359	-0.720
1.150	5.217	-0.610	9.864	-1.095	1.126
-0.628	2.925	-0.775	8.711	1.027	-2.907
0.830	3.684	1.603	7.459	-1.678	-0.071
-1.040	0.137	1.533	3.195	0.894	0.485
-0.782	16.760	-0.483	5.474	1.246	0.778
-0.676	11.850	1.432	1.057	-1.171	-0.013
2.026	6.918	0.075	9.852	-0.704	-1.768
-1.305	5.591	0.002	1.514	-0.408	0.216
-0.787	10.813	0.893	1.391	-0.378	0.102
0.527	4.762	0.215	9.965	0.259	-0.632
0.140	17.876	0.362	6.112	1.322	1.070
-0.017	12.467	0.447	3.923	-0.488	0.429
-0.153	8.251	-0.770	3.649	-0.353	2.470
0.924	17.837	0.751	1.180	0.954	-0.545
-1.094	15.248	-0.287	2.114	0.737	-0.365
0.351	5.543	0.530	1.186	1.058	-0.556
0.525	9.903	-0.651	7.179	1.170	0.025
-1.076	10.501	-1.479	4.530	-0.559	0.124
-0.563	17.877	2.181	3.218	-0.325	0.173
0.264	15.274	0.573	4.558	-1.115	-0.537
-0.978	0.333	-2.170	2.598	0.148	0.227
-2.707	15.617	0.665	8.868	-1.427	-1.246
-0.735	17.609	1.863	1.193	-0.519	-1.377
0.191	14.831	0.782	4.991	-0.220	1.583
-1.758	6.853	-1.485	8.392	1.122	0.093
1.620	4.736	0.899	2.305	0.611	-0.622
1.270	19.236	0.202	1.184	0.833	1.384
-0.179	19.243	0.559	4.867	-1.312	0.664
-2.127	0.160	-1.305	6.391	1.569	-0.204
-0.694	8.223	0.709	6.191	1.040	-0.644
-0.099	15.722	-0.090	9.149	2.059	-0.659
-0.457	18.056	-0.144	2.186	0.343	1.055
1.240	6.009	0.173	4.487	-0.672	-0.511
0.532	0.351	-1.278	8.688	-0.022	0.163
-0.560	9.666	-0.356	9.467	0.926	-0.276
0.811	8.702	0.856	2.249	2.084	1.824
1.649	13.620	-0.471	1.577	-2.049	0.432
0.191	1.715	-0.484	1.987	1.071	-1.172
-1.230	3.404	-0.411	5.091	-0.737	-0.069
-0.557	16.866	1.142	7.513	-0.389	0.347
-0.628	12.229	0.767	4.612	1.404	0.182
0.344	10.111	0.758	2.160	-0.193	0.856
0.187	7.209	1.376	5.453	1.313	1.580
1.270	15.716	-1.086	4.011	-0.798	0.423
-0.554	12.214	-2.425	5.173	-0.848	1.939
-0.154	9.014	0.066	2.732	0.459	0.853
-0.182	16.861	0.672	0.656	-1.808	1.083
-0.169	3.812	-0.955	4.581	1.017	-1.547
0.117	15.596	-0.178	8.025	-0.537	-0.385
0.327	11.995	-1.345	5.704	-1.426	-0.215
1.343	9.214	0.327	3.727	-0.634	-1.720
-0.342	19.022	-1.822	2.529	-0.962	2.502
-0.332	14.896	0.418	5.047	-0.737	0.911
-0.657	2.395	-0.357	5.610	0.546	-0.558
1.691	12.457	-2.179	6.755	1.473	-0.255
0.623	9.468	-1.227	2.678	0.787	-0.533
0.256	9.651	1.182	3.574	1.461	-0.229
2.059	2.684	0.054	6.582	0.040	-0.471
-0.489	0.376	0.902	3.509	-0.778	0.533
-1.082	5.138	-0.059	6.108	-0.359	0.271
0.271	6.615	1.490	3.751	-1.078	0.164
-0.045	0.965	0.893	6.788	-1.487	-0.986
0.000	18.643	1.329	5.347	-1.196	0.738
-0.088	6.313	1.306	6.223	-0.123	0.485
-0.163	7.007	-0.874	9.337	-2.095	-0.581
-1.043	10.998	1.321	1.516	-1.671	0.859
1.808	14.153	0.609	2.395	1.289	1.200
-0.790	6.365	0.408	5.214	0.432	-1.400
0.383	4.263	-0.026	5.611	0.909	0.680
-1.494	7.232	-0.649	4.270	0.850	0.650
0.726	6.423	-0.079	7.348	1.927	0.492
0.128	3.272	0.677	8.644	-0.702	-0.325
1.422	6.788	-0.254	9.952	0.381	-0.201
-0.018	14.573	0.782	7.573	-0.623	-1.211
0.527	9.178	-0.436	4.713	-0.970	0.769
-0.451	1.790	0.311	0.182	0.795	-0.387
-0.458	15.833	-0.611	1.826	0.488	0.450
0.201	0.705	0.517	1.425	0.390	1.888
-0.002	2.152	0.423	7.163	0.131	-0.035
0.572	5.667	1.419	8.679	0.910	-0.054
1.027	8.799	-0.098	3.197	-0.879	-0.839
-0.367	18.616	-0.889	8.099	0.484	-1.700
-0.190	12.950	-1.897	5.925	1.152	2.123
-0.786	3.070	-1.853	7.840	0.822	-0.160
1.038	10.056	-0.526	3.714	0.442	0.986
1.607	4.363	0.826	8.980	-0.075	1.134
-2.203	19.817	-0.791	3.635	0.557	-0.447
-1.130	8.072	-0.992	9.465	0.339	-0.100
0.381	17.982	1.307	5.220	0.683	0.000
0.755	2.769	-0.020	7.050	0.158	-1.249
0.310	16.362	1.040	1.083	-0.425	0.514
-0.918	16.224	1.411	5.520	-1.392	0.277
0.026	1.894	-2.084	9.696	1.585	0.284
1.985	3.927	0.878	0.635	0.814	-0.268
-0.409	13.614	-0.548	2.625	-0.477	-1.212
-0.217	11.770	0.367	8.706	-0.921	0.787
0.528	12.480	0.323	7.599	-0.640	-0.592
1.416	11.490	0.796	3.614	-0.330	-0.153
0.485	13.475	0.070	5.961	-1.408	-0.316
0.109	5.442	1.027	1.020	-0.756	-1.112
0.840	17.715	-2.021	6.155	0.019	0.254
0.780	3.497	0.089	3.993	0.887	0.536
0.499	13.643	-0.386	5.448	0.544	-1.139
0.239	3.525	-0.446	1.349	0.152	1.585
-1.014	10.105	0.172	3.280	1.066	-0.035
2.050	16.517	-2.671	8.493	-1.035	0.159
0.169	6.447	0.047	9.210	-0.627	1.035
0.314	6.250	1.661	4.529	1.699	-0.627
-1.977	5.200	-0.903	8.661	-0.082	-0.593
0.755	2.836	-0.522	9.145	-1.304	-0.390
-0.662	13.379	-0.303	1.974	-0.395	1.407
0.392	5.232	0.608	3.959	-0.064	-2.084
0.071	9.926	0.533	0.664	-0.495	-0.150
1.173	6.361	-0.175	7.817	1.551	-0.194
-0.155	19.914	-0.423	2.497	-1.673	-1.234
-1.562	4.235	0.235	7.630	-0.433	-0.704
0.891	7.020	-0.615	0.703	-0.137	0.378
0.642	19.475	-0.321	9.285	-1.377	0.961
0.338	5.011	-0.595	2.682	-0.050	-0.938
-0.194	11.241	0.137	8.778	1.249	0.189
0.974	7.587	-2.217	7.479	1.261	-0.375
-0.311	17.655	-0.951	6.295	-0.586	-0.764
0.467	7.351	0.405	5.644	-0.481	-0.025
1.077	6.132	1.915	6.515	0.957	-0.575
0.635	13.267	-0.241	8.476	-0.165	0.600
-1.253	1.315	1.345	3.289	0.211	-1.032
1.093	13.120	-1.080	5.103	1.340	1.387
-0.388	18.820	1.502	4.510	-1.277	0.226
1.805	13.700	0.735	5.450	3.064	-0.850
0.364	19.161	-0.543	3.276	-0.328	0.019
-2.409	6.123	1.208	9.446	-2.156	1.804
-0.979	0.920	0.305	1.741	0.355	-0.762
0.720	2.534	0.020	4.926	0.018	0.485
-0.419	2.057	-0.773	0.523	0.258	0.265
0.817	8.050	-0.008	4.280	1.449	0.549
-0.600	5.705	0.847	2.735	0.897	-0.619
0.079	17.920	0.955	4.152	-1.222	-1.497
-3.213	19.898	-0.465	1.781	0.520	1.088
0.377	14.234	2.720	9.050	0.963	-0.693
0.611	17.745	0.016	5.549	-0.567	0.652
-0.338	6.653	1.547	4.157	0.360	2.098
0.733	5.482	0.983	3.835	-0.868	-1.168
-1.181	17.128	0.610	0.135	1.230	-0.897
-1.825	11.560	1.275	5.874	-2.047	-0.115
0.809	9.179	0.197	3.999	-0.543	-0.436
0.035	9.910	-1.085	7.038	-0.421	-1.968
-1.165	12.321	0.347	7.871	-0.068	-0.420
-0.828	18.251	0.581	7.033	-0.425	-0.515
-0.410	11.231	1.341	4.621	1.681	0.249
0.097	15.831	-1.304	2.272	-1.051	1.262
-1.677	1.947	-1.552	3.936	-2.287	-0.138
-0.015	13.999	0.645	4.335	2.713	-0.336
0.723	7.888	0.049	6.852	0.302	-0.407
0.717	1.519	-0.688	5.147	0.423	0.994
1.457	19.151	1.200	6.351	1.237	-0.300
-0.866	15.569	0.513	3.420	0.413	-0.246
0.213	7.996	0.234	6.229	0.155	-0.813
-1.012	2.527	0.871	5.194	0.171	-0.318
1.474	15.026	1.179	3.482	0.623	-1.273
0.230	8.865	-1.419	2.174	1.584	1.882
0.636	4.247	-0.942	3.928	1.555	0.554
-0.472	16.642	0.073	8.166	-0.592	0.092
-0.238	1.564	-0.355	2.789	0.063	-0.286
-1.063	3.388	0.669	3.567	0.422	-1.491
-1.070	14.181	0.994	2.341	0.852	-0.330
-0.433	6.577	0.289	0.458	1.419	1.014
-0.484	19.930	0.395	0.741	-1.432	-0.592
-0.841	9.262	1.395	9.087	-2.142	0.362
-0.558	11.030	-0.443	7.067	-0.275	-0.732
-0.909	17.482	0.121	5.458	-0.288	0.947
1.058	10.580	0.510	7.880	1.300	-1.115
-0.730	2.590	0.742	9.437	-0.785	0.402
1.192	9.057	-0.908	0.563	-0.702	0.442
1.251	5.378	-0.770	6.145	-1.707	-0.541
0.601	1.696	0.948	6.659	0.276	0.644
0.855	3.054	0.164	7.678	-0.149	-0.261
0.747	10.626	-1.055	3.253	1.066	0.690
-0.937	2.834	0.791	7.395	0.097	0.568
0.815	10.600	-1.454	6.981	0.077	-0.283
-1.580	6.453	0.380	7.181	0.860	0.265
2.030	16.754	-0.285	3.324	-0.596	1.664
1.609	11.335	-0.571	1.177	-0.540	-1.773
1.113	4.780	-0.065	9.784	0.250	1.825
1.841	18.067	-0.804	4.497	-1.396	-1.719
-1.099	19.662	0.451	5.732	-0.314	1.041
-0.132	11.830	-1.625	5.474	0.600	-0.126
-0.781	6.446	-0.812	5.572	-0.387	-0.108
0.694	10.371	0.505	3.844	0.002	-1.647
0.371	18.344	-1.530	3.716	1.066	0.611
-1.127	18.860	2.327	4.692	-1.603	1.186
-1.247	5.169	-1.838	9.487	0.346	-0.359
-0.485	9.521	-1.363	5.260	0.213	-0.673
-0.508	1.004	-0.095	9.358	1.451	1.127
0.343	14.882	0.673	1.426	1.803	1.372
-0.349	0.601	-0.691	0.572	-2.607	-1.735
2.043	1.584	0.278	9.985	0.625	0.459
0.112	5.983	1.459	8.903	1.451	0.259
0.599	3.525	-0.556	6.341	-0.057	0.193
0.522	13.386	1.325	3.147	0.866	0.332
0.901	7.190	0.171	0.196	0.674	1.720
1.673	16.221	-1.063	4.668	-0.782	-1.253
-0.395	7.198	-1.094	3.554	0.246	0.629
-0.457	18.368	1.044	8.306	0.286	-2.304
0.338	14.075	-0.403	1.949	-0.644	0.130
-0.828	8.471	1.176	9.462	0.088	0.126
-0.702	13.536	-1.129	4.359	-0.404	-0.278
-0.619	16.511	-0.545	8.474	1.689	0.392
1.052	1.954	-0.905	0.428	-0.611	-0.595
0.536	16.954	-1.139	8.688	-1.330	-0.112
-1.166	11.895	2.020	1.682	-1.611	-0.952
0.989	14.251	-1.212	3.950	-0.056	0.636
-0.416	7.073	0.805	0.398	-0.595	-1.104
-0.212	3.265	-0.214	7.794	-0.110	-0.493
-1.246	15.507	0.201	1.168	0.515	-1.036
1.973	8.247	-0.665	1.838	1.663	0.581
-2.269	1.939	2.478	9.512	0.179	-0.619
1.621	17.382	1.485	5.569	0.793	-0.055
-0.672	11.489	-0.720	6.307	-0.290	-0.316
-0.905	6.600	-0.624	6.591	-1.191	0.733
-0.319	5.348	0.448	6.221	-2.199	-1.174
1.490	3.454	-1.420	9.896	-0.300	0.685
2.125	19.478	-1.099	0.958	0.325	-0.731
-1.699	2.247	0.129	8.488	0.372	-0.950
-0.302	15.331	1.501	9.986	-0.039	1.090
0.129	12.629	0.504	4.425	0.000	1.047
-0.736	15.800	-0.369	6.690	-1.170	-0.210
-0.729	3.436	-0.025	9.920	0.546	1.211
0.903	5.623	0.676	6.273	-0.430	-0.817
-0.020	8.969	0.279	0.099	-0.140	-0.221
0.138	2.298	-0.856	0.710	0.933	0.182
0.986	10.732	0.073	3.757	0.244	-0.301
0.268	5.645	-0.789	2.075	-0.860	0.321
-1.441	10.643	-0.935	5.307	0.782	0.300
-0.330	16.451	0.082	7.892	-0.039	0.364
1.429	4.343	-1.675	5.187	0.589	-1.000
-0.535	3.511	-0.017	7.032	0.296	-0.013
-1.728	0.060	1.106	9.556	-0.161	-0.444
-0.157	6.845	-1.481	1.938	0.878	-0.717
2.433	1.660	-0.760	9.864	0.537	0.105
1.507	18.320	0.973	5.779	1.801	-0.402
0.931	11.411	0.176	9.856	-0.362	-1.806
0.324	0.395	1.121	3.872	1.326	-0.341
0.408	6.687	-0.543	9.267	0.006	-0.137
1.049	14.245	-1.192	1.700	0.966	0.438
-0.509	9.858	-1.070	2.784	-0.737	-1.370
1.584	5.355	-0.824	2.471	-0.179	-2.319
2.234	14.617	-0.149	2.889	1.043	-0.852
-0.188	18.763	-0.058	5.597	0.003	-0.758
0.248	19.256	-0.914	7.140	1.186	-0.559
-1.665	9.456	-0.030	4.832	0.361	0.400
0.329	11.186	1.769	3.141	-0.556	-1.462
-0.789	5.128	-0.508	9.585	0.364	-0.201
-0.912	12.181	0.705	3.489	-0.617	0.373
-0.418	18.415	0.532	4.470	-0.759	-0.239
0.160	3.875	-0.612	5.345	-2.338	1.800
-0.432	17.983	1.629	5.217	1.151	-1.244
1.449	14.586	1.195	0.802	2.712	-0.746
1.166	7.287	1.272	6.279	-0.362	1.240
0.982	3.916	-0.718	8.159	1.732	-0.976
1.357	9.858	-0.282	1.753	0.317	-1.516
-1.608	16.265	-1.087	9.359	0.136	-0.319
0.309	1.824	0.995	0.244	-0.387	0.547
-0.273	9.212	-0.613	3.211	-1.255	-0.163
1.264	0.769	-0.028	0.335	-0.500	-0.376
0.197	7.265	-0.593	3.154	1.598	-0.344
-0.962	16.039	-0.468	7.971	0.751	-0.408
-0.773	2.842	-0.043	6.298	-0.843	-1.958
19.611	4.736	2.279	6.640	3.399	5.604
14.215	6.244	5.637	3.629	8.066	5.302
1.526	5.920	0.132	5.004	5.706	6.020
6.494	3.662	6.952	4.843	4.527	4.338
5.099	5.771	9.368	4.329	5.058	4.376
2.615	4.626	1.613	4.314	5.239	3.815
4.364	3.673	6.417	6.543	4.689	5.101
10.224	3.595	7.178	5.814	6.014	4.280
12.125	5.079	5.124	6.308	5.625	4.715
8.879	4.777	7.620	4.997	5.736	5.861
2.127	4.248	7.869	4.878	3.352	6.192
9.383	4.296	9.854	5.495	6.324	5.724
3.152	6.743	4.664	4.859	5.518	7.276
12.476	5.048	1.514	6.117	5.518	5.261
9.015	3.848	4.946	5.455	5.192	3.568
1.935	5.626	8.989	6.285	5.345	3.614
0.790	3.951	4.179	5.192	3.548	5.488
18.311	4.697	2.518	5.249	5.518	5.750
4.593	4.176	2.293	5.232	4.414	4.370
14.189	3.707	0.003	4.260	4.114	5.763
7.341	4.527	4.804	6.262	4.794	3.400
6.285	5.090	8.383	3.775	4.793	4.151
17.076	7.005	8.618	4.979	5.111	4.463
0.097	6.365	6.473	6.194	4.512	3.723
12.746	6.277	3.385	5.090	4.967	4.573
4.013	6.277	9.249	6.360	5.924	4.592
4.214	5.783	8.855	4.078	3.974	3.099
15.790	4.342	3.612	6.965	4.927	2.511
4.313	4.714	5.665	4.231	5.648	6.494
11.084	6.281	8.465	4.536	3.876	2.308
10.596	4.052	1.198	3.755	6.517	4.787
18.336	5.113	8.732	5.003	6.216	3.885
8.313	4.620	7.963	3.998	5.264	4.740
10.270	5.589	6.036	4.763	6.177	4.096
14.573	3.643	0.994	5.306	3.499	6.227
16.007	3.621	8.138	7.223	4.897	5.006
14.308	5.064	3.632	7.180	5.773	6.724
18.250	3.938	5.952	5.433	5.375	5.219
0.000	6.192	3.750	5.354	4.922	4.802
18.084	5.048	1.185	4.496	6.603	4.806
11.720	5.097	1.864	3.876	5.249	4.015
0.001	4.479	7.483	4.031	5.196	4.473
19.726	4.556	3.413	5.258	4.984	5.468
12.429	4.653	5.006	5.110	6.437	6.790
2.190	3.306	8.232	6.288	4.364	5.580
11.538	5.570	2.701	4.555	4.756	4.079
9.343	5.167	2.250	3.171	3.825	4.033
19.595	4.471	0.292	4.685	3.864	6.745
2.570	4.640	0.236	3.713	3.462	4.909
4.790	4.942	0.605	5.274	4.715	5.153
16.276	4.467	6.448	3.747	6.242	5.343
2.508	4.856	4.572	4.404	6.400	2.662
12.966	5.465	9.381	3.994	4.182	3.998
9.180	6.591	1.577	4.164	5.032	6.135
3.563	5.439	9.015	5.765	5.523	4.929
13.617	4.354	1.639	4.039	6.611	6.273
15.078	4.724	4.192	5.778	5.352	5.337
3.742	6.408	4.981	5.575	4.957	4.369
1.175	4.380	2.181	5.257	5.130	4.144
12.010	4.253	7.782	4.886	6.378	3.737
0.429	5.250	6.196	4.954	4.319	5.452
10.629	5.644	4.505	5.564	4.944	4.398
13.087	5.161	1.480	4.017	3.583	7.222
0.864	4.232	6.643	4.548	4.740	5.234
3.547	4.148	3.724	4.112	4.629	6.190
18.327	3.882	1.010	3.359	6.943	6.951
19.005	4.212	9.589	4.500	3.453	6.282
7.706	4.999	7.082	4.076	5.186	6.190
11.757	5.399	9.699	4.303	3.015	4.434
13.915	5.806	3.934	7.920	4.688	5.880
18.268	5.807	1.365	5.530	4.998	4.893
18.713	3.806	6.971	4.806	7.082	4.610
2.356	5.757	4.723	5.742	5.640	4.414
16.096	5.589	5.135	4.750	2.843	4.562
9.050	5.493	6.995	5.773	6.171	4.886
16.906	4.976	5.786	4.677	4.161	4.167
11.778	6.429	8.690	2.916	7.115	4.895
12.103	4.619	2.948	4.706	5.780	4.642
5.380	3.827	2.844	3.787	5.818	5.288
8.060	5.140	3.273	4.934	6.934	4.599
8.486	4.362	2.987	6.751	5.058	6.402
8.013	4.764	7.678	4.629	4.532	3.442
11.618	4.656	9.095	4.527	6.415	5.117
0.518	3.711	6.029	4.439	3.711	5.750
0.625	4.945	2.989	4.792	4.678	5.839
10.368	4.004	3.325	4.636	5.272	4.373
2.287	3.773	6.951	4.333	6.446	6.143
18.718	4.890	5.962	3.436	5.573	6.434
17.055	4.081	2.273	4.946	5.052	4.728
3.653	5.495	2.233	3.395	5.988	5.487
9.976	6.842	7.561	5.576	6.375	3.455
12.121	6.623	1.766	5.499	4.841	4.829
19.881	3.051	0.328	5.034	6.867	4.649
6.450	5.080	2.833	5.607	3.518	6.171
9.933	4.581	2.428	4.824	4.467	4.846
7.789	6.699	0.261	4.435	6.020	4.331
3.965	5.043	9.525	5.414	4.138	5.189
5.880	3.230	3.387	4.569	4.703	5.244
3.170	4.203	9.051	3.902	6.441	5.857
12.327	7.293	1.431	5.376	1.390	5.500
10.737	7.344	7.554	4.347	5.642	5.231
0.020	4.668	1.298	4.348	4.109	6.064
14.592	5.966	1.443	6.297	5.576	4.938
4.635	5.605	8.973	4.440	4.291	6.104
0.537	4.821	4.418	4.103	6.360	4.451
16.712	6.399	6.130	4.202	5.522	5.037
5.267	3.628	4.026	5.549	5.232	3.631
11.206	5.428	8.635	4.845	3.406	5.076
0.933	4.257	2.594	5.142	6.374	4.746
6.481	5.511	6.212	5.292	4.315	5.856
18.210	5.304	1.802	5.682	4.726	5.415
7.947	4.425	3.025	6.047	3.443	5.035
4.682	4.639	6.199	4.753	3.446	3.976
8.296	6.058	6.897	4.813	4.469	4.572
3.715	6.240	6.253	5.414	2.922	7.168
7.662	6.065	8.765	4.278	4.530	3.626
10.120	5.307	9.550	5.057	4.685	4.509
6.462	3.571	0.256	5.528	5.884	4.444
3.703	6.931	6.127	3.602	5.609	4.461
2.122	4.291	0.712	3.848	3.580	3.380
16.968	6.626	5.539	5.614	4.386	4.769
10.843	5.069	2.595	5.630	5.339	4.423
17.054	4.713	3.439	4.219	5.889	4.443
1.901	4.837	3.542	5.134	5.995	3.847
0.160	4.377	7.121	5.000	5.892	5.515
15.947	6.147	0.061	4.578	4.176	4.454
4.820	6.376	9.652	4.923	6.197	4.684
18.175	4.308	2.065	5.050	4.538	4.999
3.327	4.602	5.060	4.214	5.921	6.158
9.730	4.413	7.327	6.032	2.676	6.988
5.137	5.339	5.156	4.635	6.090	6.002
8.869	2.678	6.363	6.370	4.632	5.090
14.206	5.602	1.444	6.288	4.492	5.532
2.071	3.311	7.296	6.128	4.522	4.105
2.688	4.263	7.836	5.041	6.178	5.446
4.455	5.099	0.031	5.825	5.680	6.027
2.847	4.243	4.198	3.570	3.780	5.512
1.263	4.121	2.239	3.914	5.079	4.350
15.128	4.574	7.672	5.272	3.968	4.558
2.258	5.279	9.911	5.024	3.987	4.821
1.113	5.278	2.375	4.430	3.846	3.757
18.237	6.343	1.852	3.482	6.237	5.467
11.651	3.006	9.391	3.748	7.355	6.461
3.302	4.594	0.185	3.910	6.586	5.525
11.736	5.209	5.007	4.643	4.883	5.813
11.264	6.545	0.386	4.614	5.332	4.319
17.524	4.884	4.324	3.540	5.230	4.673
4.918	6.201	0.869	5.195	2.305	3.884
11.872	5.829	6.801	4.094	5.557	5.508
9.602	4.554	8.916	6.781	3.389	4.687
14.519	5.064	5.214	4.566	7.405	2.599
12.183	4.315	7.159	6.245	4.445	7.003
18.988	4.365	7.004	5.225	5.677	5.764
15.572	5.428	8.907	5.963	6.528	4.951
14.533	6.286	4.372	5.154	3.710	5.815
15.640	5.092	2.393	5.939	6.444	3.967
16.192	3.255	4.869	5.846	4.429	4.758
18.608	4.536	0.182	5.435	4.809	4.764
16.593	5.538	2.540	5.626	3.543	5.725
11.559	5.574	6.984	5.092	3.808	5.156
4.157	5.116	5.622	5.004	3.480	3.720
6.849	6.355	2.593	6.012	5.292	4.451
18.158	4.772	6.965	4.224	3.651	3.671
14.858	3.741	8.861	4.819	5.339	5.465
5.692	5.654	7.856	4.772	4.468	4.928
8.868	5.465	1.500	4.923	4.853	6.370
6.649	5.440	4.729	5.464	5.495	4.257
10.691	3.764	0.831	5.651	5.276	6.404
6.232	4.220	2.725	5.109	4.610	7.027
15.929	6.973	5.925	6.387	4.847	6.189
2.652	3.637	4.496	6.209	6.120	5.318
1.947	3.629	5.404	4.941	7.096	6.211
14.991	4.947	3.861	4.543	3.380	2.645
0.672	5.409	2.720	5.145	3.795	4.896
16.813	5.786	7.191	5.201	3.902	3.904
5.450	6.428	1.945	5.999	4.081	5.533
14.211	3.791	0.366	4.519	5.163	3.816
12.577	4.617	8.096	4.825	4.850	4.176
0.456	5.897	3.605	4.236	4.152	4.403
3.202	5.244	4.804	6.435	5.601	5.415
13.935	6.028	8.287	3.800	6.645	5.031
14.660	5.813	5.736	5.106	6.306	4.606
13.061	5.382	1.110	2.495	3.843	4.567
2.474	6.966	5.561	6.116	4.116	5.775
13.449	4.967	8.462	6.564	3.676	5.090
7.128	3.784	0.703	4.919	5.498	5.024
1.673	6.684	1.008	4.473	4.507	4.025
0.434	4.811	6.168	4.399	6.941	5.646
11.577	5.522	2.158	4.543	4.397	4.249
8.187	5.977	1.494	5.630	4.838	3.121
15.390	4.566	0.352	5.241	5.458	6.687
16.280	3.475	1.978	4.396	5.203	5.556
9.064	4.488	3.622	6.614	5.283	4.587
8.882	4.751	2.704	6.272	6.788	5.681
13.602	6.538	5.637	4.773	4.673	3.078
14.384	3.989	6.791	4.795	5.916	4.892
1.146	2.876	3.994	5.061	7.334	6.486
2.336	4.304	7.081	5.731	5.323	3.532
8.154	5.267	7.455	3.019	5.943	4.731
13.702	5.012	3.191	3.700	4.972	4.615
18.939	4.631	1.614	7.230	6.105	7.210
7.214	4.591	5.761	5.139	4.711	4.725
11.693	3.185	7.890	4.727	5.139	4.441
18.288	5.074	1.278	5.166	5.004	6.242
11.047	5.233	3.230	6.982	4.880	4.574
0.235	4.079	9.522	4.700	5.425	3.697
11.644	5.063	5.120	4.515	4.508	6.770
3.275	4.688	0.124	5.080	5.632	6.467
10.216	5.060	0.302	4.541	4.072	6.632
4.608	5.635	3.137	5.726	6.872	6.665
1.048	7.028	5.665	4.841	3.367	6.560
7.996	4.652	1.271	4.249	3.713	4.745
6.936	6.743	5.239	4.457	5.780	5.560
18.725	4.232	7.674	4.787	5.560	4.264
16.410	5.362	7.355	3.511	3.695	5.364
0.397	2.602	3.482	4.007	4.279	3.179
6.568	4.157	5.604	5.568	5.529	4.163
1.862	5.781	8.517	4.163	4.318	6.260
17.955	4.525	1.249	5.043	5.815	3.112
14.949	5.578	9.178	6.760	5.093	4.935
14.038	6.071	9.325	3.667	8.737	6.309
17.908	2.892	3.251	5.931	5.210	5.016
14.783	4.825	6.588	4.189	5.738	2.679
14.430	3.675	7.251	5.655	4.055	6.293
10.462	4.868	2.983	5.899	5.488	6.620
18.058	5.822	3.596	3.847	6.272	5.281
12.198	5.740	2.228	6.519	4.482	5.518
17.985	4.814	4.521	4.696	5.115	4.497
8.983	4.091	8.127	3.838	4.960	3.748
17.002	5.623	4.691	3.523	5.638	3.950
19.645	5.481	4.662	5.001	5.615	5.863
14.541	4.947	3.055	5.328	5.046	6.149
13.599	5.409	4.348	4.851	5.884	5.254
4.601	5.909	6.342	4.013	4.874	5.536
12.599	4.443	8.789	5.060	7.259	4.731
5.673	5.933	7.006	4.585	4.294	3.562
13.094	5.257	3.071	4.376	4.368	5.058
11.223	5.203	7.039	4.725	3.594	7.905
1.450	5.493	4.935	3.868	4.903	7.595
18.011	5.426	5.059	4.694	5.746	5.606
12.015	5.089	8.928	6.472	4.861	5.313
14.288	4.665	9.272	6.643	6.451	5.636
13.130	4.737	3.520	3.560	6.663	3.466
10.644	5.754	7.986	4.192	4.584	4.716
17.619	3.738	0.998	4.062	4.820	5.458
4.093	5.692	6.487	5.610	6.300	4.534
9.486	5.331	0.115	5.592	4.596	5.250
1.656	5.235	6.576	5.132	6.388	4.731
5.555	5.872	8.694	4.527	5.768	3.728
19.488	3.779	0.724	7.182	5.715	5.019
13.962	4.599	8.075	4.743	4.245	3.298
0.698	5.671	8.845	4.595	6.355	5.737
8.952	4.239	7.173	4.059	5.555	4.122
1.172	7.394	4.629	5.350	4.450	5.599
8.864	6.458	8.227	5.946	4.444	3.435
1.770	5.038	2.984	2.851	6.187	4.587
3.597	5.671	0.428	5.103	6.412	4.278
13.973	3.052	5.545	4.096	6.489	4.789
12.686	5.355	7.139	4.559	6.394	5.282
9.846	5.849	1.380	5.387	2.494	5.452
16.718	3.041	8.521	3.838	3.348	5.858
16.369	6.187	7.840	5.008	4.584	4.569
19.127	3.977	0.840	5.257	5.842	3.855
8.824	5.586	3.215	5.643	6.023	6.289
19.974	3.940	0.853	4.297	4.696	6.674
1.814	4.749	9.009	5.770	4.669	5.487
17.281	3.829	3.078	6.621	3.614	4.917
0.783	5.174	2.909	4.994	4.895	5.401
18.358	2.309	4.477	5.271	5.751	5.714
5.549	5.388	6.394	4.879	3.931	4.156
2.010	3.316	6.017	5.660	6.549	6.999
2.625	4.353	5.368	3.132	3.639	4.868
16.698	5.630	9.008	5.792	7.172	5.795
18.556	4.753	4.879	5.447	5.027	5.532
18.057	4.125	4.976	2.510	5.334	4.040
7.113	5.137	2.838	6.319	5.504	3.625
5.378	4.505	8.883	4.673	6.651	5.520
2.343	5.512	5.850	5.621	3.025	3.643
10.577	6.189	3.603	5.420	3.921	5.132
5.194	6.465	8.337	4.211	6.578	7.132
16.663	4.850	9.456	5.343	5.054	5.506
6.152	2.998	9.382	4.642	6.060	6.592
18.141	5.472	9.401	4.971	5.091	4.867
8.971	4.985	0.022	6.709	4.553	4.652
10.506	4.321	2.085	2.732	5.100	4.828
2.537	6.119	6.554	4.580	4.856	4.404
16.762	6.178	3.362	4.718	4.916	5.096
9.050	4.660	9.147	4.193	5.969	5.274
0.571	4.711	3.151	4.436	5.914	4.920
7.450	3.825	8.564	5.168	5.239	4.304
17.256	5.853	9.986	3.959	2.775	5.209
8.296	5.398	5.783	4.617	5.375	4.256
10.749	5.961	8.381	6.938	5.540	3.061
13.063	3.776	9.502	6.998	5.136	5.291
8.428	3.613	3.922	4.794	4.971	4.245
9.424	5.015	6.205	4.605	5.704	5.118
16.310	5.931	0.658	4.746	1.809	5.070
0.792	5.779	7.751	5.286	4.822	5.013
12.912	5.708	0.617	4.182	4.791	4.882
12.092	5.733	7.924	4.685	4.592	5.563
17.720	5.438	5.584	4.601	3.515	3.138
10.769	5.212	5.105	4.545	6.530	4.549
19.257	7.095	5.145	3.757	5.489	5.093
19.234	6.348	4.113	5.975	7.476	5.460
17.442	4.752	4.224	5.477	5.220	5.777
14.275	5.676	1.723	5.231	5.856	5.361
17.590	4.323	7.445	7.095	4.992	5.765
1.883	4.725	8.565	5.264	5.071	4.918
1.729	6.172	5.303	6.353	4.488	5.861
3.615	5.593	5.386	4.893	6.409	4.289
3.089	4.491	4.925	4.322	7.932	4.927
9.070	6.102	5.298	3.701	5.270	5.031
10.485	4.288	5.616	4.737	5.318	4.932
5.662	4.950	9.396	5.427	5.985	6.249
13.017	4.706	3.167	4.703	4.978	3.036
0.591	7.710	9.489	3.721	5.713	5.424
19.050	6.562	2.793	3.864	4.774	6.184
12.150	6.527	9.475	5.042	5.443	4.916
7.585	5.945	8.201	4.064	4.952	4.314
15.779	5.104	6.695	3.296	6.220	4.198
6.532	5.029	8.383	3.750	4.085	3.990
10.581	6.273	4.861	5.324	4.247	5.235
14.335	5.667	2.286	5.424	4.524	6.939
2.560	5.101	7.120	3.885	5.226	5.913
2.121	4.768	4.918	5.842	5.346	1.700
12.052	5.204	1.372	5.724	3.738	3.682
14.198	5.109	7.736	6.673	5.778	4.697
7.006	4.065	9.950	4.912	5.229	4.973
3.540	3.818	7.246	3.868	3.493	6.102
2.067	5.984	7.489	5.004	4.982	7.165
9.342	4.646	9.174	4.648	4.911	5.158
14.124	5.822	1.421	3.792	4.580	3.882
14.767	5.614	2.608	4.694	4.563	2.712
1.294	4.687	6.215	5.681	6.610	3.891
15.593	3.249	0.616	4.528	4.622	6.610
8.177	4.814	0.516	6.827	4.791	5.601
19.077	3.730	0.890	3.830	3.088	3.051
2.494	6.955	3.644	6.687	4.328	5.228
15.302	6.245	2.176	5.330	2.865	5.165
4.630	5.248	0.959	4.973	6.757	3.645
4.981	6.481	8.692	6.102	3.518	5.270
14.606	3.164	1.286	4.871	3.983	3.518
11.911	5.326	8.985	6.997	2.587	5.575
8.097	5.102	9.552	4.573	4.817	4.461
6.002	4.111	3.101	6.061	4.654	3.843
7.754	5.779	7.957	3.426	6.828	4.961
12.569	5.124	9.153	4.662	5.484	6.400
7.390	4.921	9.623	5.279	5.486	5.153
4.130	4.243	3.685	4.204	7.060	5.217
1.050	5.459	2.979	3.914	4.709	4.880
17.241	4.154	2.545	3.681	3.981	5.399
13.934	4.351	7.655	5.363	5.919	4.573
0.694	6.382	5.909	5.022	6.011	4.205
12.862	7.198	1.436	5.647	5.191	5.585
4.179	4.608	1.079	5.280	5.270	6.111
5.640	4.060	1.060	5.688	4.205	5.190
15.117	4.806	2.398	3.343	5.776	5.249
15.440	5.902	4.016	6.049	3.806	4.348
6.662	6.755	4.416	5.651	4.532	3.266
0.734	6.876	9.430	5.776	6.246	4.658
8.093	5.353	9.341	6.373	4.142	5.788
0.583	5.239	6.712	4.310	3.271	4.693
1.114	3.995	1.823	7.491	5.433	5.117
11.496	3.681	4.572	4.840	5.321	5.863
14.419	5.665	5.313	5.027	6.181	6.257
1.878	6.635	7.703	4.539	3.201	4.879
7.022	6.748	0.792	5.554	4.833	4.714
5.613	3.765	6.924	6.568	5.341	4.384
11.182	6.110	9.316	4.850	3.837	3.023
2.024	5.109	5.552	4.849	3.800	3.657
14.731	5.595	1.333	4.122	7.456	6.382
18.142	7.533	4.030	4.592	4.755	3.978
2.174	3.682	4.966	5.677	3.655	6.089
14.588	4.147	4.899	5.322	5.645	4.204
1.089	4.514	2.363	4.346	4.621	6.584
2.964	6.039	0.402	3.991	5.363	4.729
6.233	3.359	1.263	6.536	4.838	4.795
17.127	5.007	7.378	5.702	6.050	5.750
2.833	6.158	3.681	5.862	3.993	5.201
6.090	6.042	7.272	4.974	3.583	4.259
9.350	5.366	0.358	5.308	3.770	3.995
19.137	5.303	5.240	5.323	3.910	4.968
1.165	2.252	1.585	4.422	4.890	2.548
6.751	6.136	8.130	5.158	3.926	4.469
8.417	5.388	6.309	4.758	3.272	5.579
11.551	4.148	4.973	5.789	4.812	5.742
2.573	4.536	8.531	6.403	4.215	4.627
13.176	4.099	6.780	4.358	5.216	4.814
17.000	4.307	6.733	6.085	5.056	4.946
13.843	4.255	8.781	6.096	5.469	5.446
17.383	3.918	5.557	4.839	4.386	5.004
13.994	5.095	0.892	5.407	3.122	5.507
19.804	4.201	7.959	3.629	6.901	5.516
1.087	6.791	3.286	5.512	5.914	4.010
18.847	5.239	1.616	6.118	5.480	4.913
4.335	5.631	9.082	4.157	5.464	3.671
4.705	4.510	7.781	3.142	6.494	3.144
0.419	5.108	2.265	5.002	6.891	4.421
11.970	5.525	8.311	6.034	4.908	5.577
5.078	6.783	8.581	4.135	4.641	4.582
15.840	4.462	1.959	5.343	4.050	4.326
19.995	4.352	4.764	3.741	6.048	6.860
13.432	6.171	2.367	3.781	5.488	5.537
6.775	5.608	5.430	7.807	2.806	6.522
0.896	4.905	3.546	4.750	5.501	5.287
13.267	3.878	3.379	3.770	5.379	5.438
13.655	5.330	4.075	6.049	5.839	4.654
7.898	3.584	1.611	5.487	6.359	4.686
13.165	3.801	4.808	5.233	6.236	5.716
9.369	4.473	2.339	5.123	5.787	5.293
2.878	3.917	9.362	4.254	3.712	3.413
0.992	5.480	2.257	4.858	4.316	5.615
9.133	4.452	4.550	6.884	5.076	5.175
6.131	5.333	1.731	5.328	5.284	3.993
8.495	4.376	6.235	5.427	3.391	3.634
11.026	5.660	4.636	4.363	4.851	4.520
13.983	3.175	3.911	4.514	3.601	5.986
10.274	4.069	8.436	5.338	4.366	5.907
4.163	5.677	5.499	4.807	6.188	5.555
4.939	6.163	1.476	5.718	4.654	6.207
5.443	5.549	3.909	5.294	5.260	4.217
8.224	4.496	8.514	5.165	4.971	5.914
9.645	3.496	9.691	3.214	5.153	4.594
15.351	5.561	0.522	4.335	4.299	4.691
15.487	5.656	3.791	4.683	4.941	5.868
4.919	3.277	3.427	6.140	5.344	6.490
1.684	5.604	3.052	5.778	5.330	5.969
8.719	4.500	7.169	3.937	5.725	4.036
5.799	5.543	7.081	5.932	6.590	6.066
0.005	4.251	5.898	7.247	4.238	4.728
14.798	4.402	5.593	5.334	4.363	4.210
10.609	4.319	5.391	6.329	5.042	3.887
3.441	8.161	2.065	4.322	6.710	4.939
16.099	4.067	5.295	5.987	4.821	4.003
19.317	5.883	4.433	5.014	7.063	3.348
19.885	4.282	7.404	4.693	4.269	5.894
0.439	5.801	3.565	5.709	2.869	5.667
14.249	5.291	0.513	3.835	3.197	3.978
12.150	6.671	0.433	4.904	5.500	3.924
13.305	3.808	2.899	5.420	3.900	4.705
7.865	5.624	7.689	6.550	4.694	5.842
16.044	5.254	4.277	5.368	4.835	5.327
19.995	5.358	3.595	7.910	5.376	6.078
3.367	6.118	1.107	4.751	6.153	3.663
10.034	5.319	9.181	6.207	2.883	4.027
6.496	4.299	4.500	4.811	5.234	5.303
14.113	4.765	8.788	5.947	4.138	3.819
6.792	3.952	3.466	4.846	4.261	6.052
18.449	6.884	0.042	4.986	2.618	6.169
6.481	4.247	7.500	4.814	4.444	3.478
5.633	5.389	5.595	4.991	6.582	4.488
10.856	5.727	5.208	5.069	2.714	5.013
15.246	3.585	1.904	5.740	4.384	6.312
6.298	4.262	5.540	4.628	4.242	4.694
19.643	4.869	2.409	5.261	3.124	3.873
3.429	4.314	9.245	6.214	5.257	4.577
17.245	7.055	0.157	5.644	5.224	5.983
10.621	4.855	2.095	3.732	7.696	4.545
18.101	5.406	4.708	3.653	5.372	5.102
11.619	3.683	5.271	3.045	6.067	4.696
11.554	3.612	5.087	4.432	5.429	6.867
11.155	6.948	7.332	4.618	4.970	4.363
1.360	5.188	9.169	5.267	5.315	3.607
8.804	6.409	0.737	4.959	5.181	5.777
10.596	6.075	7.555	5.022	4.150	5.763
8.856	5.183	9.528	4.425	4.994	7.498
3.338	4.929	8.609	2.859	4.454	5.409
2.921	3.377	3.165	6.461	5.623	4.425
14.692	5.514	2.430	2.757	4.891	4.514
0.785	4.506	4.486	5.384	6.182	5.367
7.307	4.063	5.542	5.640	5.802	4.728
0.139	5.758	4.080	5.121	3.948	4.144
11.930	5.850	0.326	6.695	5.593	6.441
12.905	4.417	6.425	4.591	4.783	5.555
2.278	3.718	9.820	6.325	5.785	4.607
4.303	3.369	1.793	5.540	4.421	4.121
1.817	6.085	2.403	5.407	4.710	5.246
12.903	3.973	2.873	5.934	4.850	3.624
12.177	7.754	5.019	5.108	4.573	7.686
17.887	5.593	7.363	5.453	3.708	5.082
8.289	6.008	5.895	3.717	6.177	4.682
10.084	5.595	5.872	6.480	6.684	5.421
1.618	3.017	3.861	4.075	5.333	6.281
4.760	4.986	6.788	5.181	6.511	4.426
15.450	5.470	5.615	4.972	6.650	6.272
9.095	6.226	8.756	7.266	4.033	4.950
13.316	6.091	2.819	4.611	5.166	3.121
7.673	5.007	4.726	4.199	6.176	4.653
13.115	7.362	6.331	4.685	5.030	3.165
7.398	5.000	7.306	4.843	6.547	5.728
2.778	5.742	3.455	7.064	4.515	5.257
12.907	4.395	4.564	7.657	5.590	4.747
10.163	5.414	8.394	6.810	4.319	5.906
19.832	5.190	6.944	5.646	4.754	4.399
15.654	2.505	8.601	2.409	4.591	6.850
6.267	4.534	4.046	5.055	5.233	3.800
12.183	4.505	1.102	4.983	5.224	6.306
9.853	4.944	8.168	4.557	3.910	6.712
15.529	4.659	1.916	4.937	3.928	6.033
17.718	5.698	9.196	5.970	6.496	4.942
