1.034	-1.285	1.191	3.282	10.899
1.774	-0.198	0.176	4.263	13.589
-0.907	1.149	-1.202	0.622	13.032
0.457	-0.638	0.329	1.966	7.219
0.655	-0.977	-1.086	2.270	11.949
1.005	0.686	-0.636	1.146	8.260
-0.140	1.083	0.620	1.177	2.800
-0.065	-0.361	-1.366	4.686	7.143
0.899	0.986	0.602	2.599	9.547
0.147	-1.221	-0.806	2.241	16.732
1.559	-0.703	-0.522	3.035	13.967
0.626	-0.926	-1.890	1.075	2.758
1.274	0.849	0.039	2.240	10.918
-0.668	1.827	0.120	0.058	17.392
-0.257	1.119	0.631	0.150	10.568
1.053	0.314	0.109	2.082	13.257
0.289	-0.925	0.213	0.506	13.572
-0.470	-0.866	0.629	3.404	6.225
-0.497	0.641	1.674	1.236	3.572
0.175	-0.519	0.803	4.059	14.726
0.638	1.444	0.064	4.029	15.994
-1.102	-0.478	-0.573	4.661	13.118
-0.624	-0.540	-0.837	0.168	15.857
-0.732	0.368	-1.514	0.681	11.576
-1.100	-0.597	-1.484	1.518	10.343
0.558	-2.159	0.393	4.044	6.019
-0.670	-0.151	0.491	3.880	16.905
0.835	3.307	0.750	3.420	4.164
0.367	0.366	0.315	0.323	3.837
-0.660	-1.368	-1.252	2.372	15.224
-0.775	-1.038	1.225	3.969	7.286
-1.015	-0.602	-0.740	0.865	17.454
0.848	-1.833	1.115	1.529	5.365
1.966	0.148	-0.941	3.887	15.791
1.687	0.856	0.972	2.791	17.308
0.114	0.857	-0.320	3.441	10.701
0.081	-0.250	0.028	2.826	9.992
0.248	2.425	-1.941	1.084	2.253
-1.336	0.342	-0.675	2.515	15.357
-0.216	0.572	1.217	2.891	19.576
0.013	0.489	-0.386	3.338	17.414
-1.833	-0.711	-2.205	0.438	8.530
0.673	0.777	-0.101	3.577	4.105
-0.028	0.595	0.786	4.006	9.963
0.294	-0.309	1.843	2.526	13.052
0.743	0.725	-0.385	2.261	9.120
-0.142	-0.535	0.099	2.157	15.102
2.550	-0.556	2.886	0.098	19.406
0.258	-0.700	1.088	4.705	12.044
-0.094	0.494	0.494	1.264	9.382
-0.531	-0.624	-0.850	2.110	18.332
0.178	0.126	-0.364	2.415	9.180
-1.493	-1.109	2.279	0.224	8.125
-0.486	1.095	0.798	3.165	18.119
0.250	0.608	1.009	4.039	9.736
-0.722	-0.674	-1.157	2.349	1.351
0.595	1.168	-0.232	0.776	12.706
-2.085	-1.634	0.130	1.217	0.000
0.829	0.803	-0.464	1.562	12.517
0.774	-0.078	-0.050	1.374	11.145
-1.079	-0.605	-2.078	1.598	11.651
1.130	-1.472	0.707	3.506	13.157
-0.241	0.965	0.847	4.817	11.881
-1.372	1.386	0.749	4.644	16.160
1.788	-0.830	0.223	0.059	17.595
-0.546	0.121	1.072	0.094	19.279
1.116	0.774	0.251	2.429	6.732
4.795	1.017	4.036	5.882	11.995
7.493	6.652	3.835	4.579	16.460
4.658	3.059	3.248	4.511	14.079
5.616	4.761	4.466	3.905	4.507
7.025	3.120	6.829	6.234	11.965
5.420	6.082	5.822	5.603	0.353
4.153	5.703	5.132	6.983	18.824
7.036	5.720	4.842	4.666	13.644
4.039	8.034	3.850	5.925	8.277
6.736	8.261	5.160	4.941	12.310
5.103	2.193	4.987	5.812	17.072
5.315	0.879	4.962	5.884	13.691
4.033	4.833	5.141	5.791	5.114
3.573	4.073	4.312	5.406	16.700
5.122	1.618	2.595	7.086	10.755
4.219	2.180	5.601	6.046	17.558
3.995	8.190	3.241	4.786	11.469
5.291	5.498	5.458	5.219	1.405
5.703	5.280	3.749	4.984	9.848
5.146	7.640	4.589	5.037	10.939
6.155	4.804	7.810	4.158	9.426
5.658	2.606	5.517	5.949	7.173
5.727	9.765	6.349	4.956	2.718
3.395	0.376	5.714	4.591	11.465
5.046	4.126	4.752	5.050	15.721
4.149	8.397	5.342	4.353	11.035
5.231	4.738	6.974	5.314	7.902
3.704	1.902	4.649	4.758	19.201
4.968	8.194	5.162	5.937	4.840
4.229	7.276	6.061	4.655	4.432
3.881	3.753	4.649	7.058	6.732
5.230	6.440	6.277	6.581	19.913
3.445	5.086	5.343	5.362	5.146
4.188	7.482	5.256	4.507	11.621
3.127	5.206	6.126	5.186	17.678
3.927	4.172	5.900	4.533	10.528
5.621	3.477	4.549	4.738	10.356
4.727	5.835	4.600	6.283	5.711
5.809	1.335	4.235	4.281	12.392
5.154	8.773	5.753	5.021	9.640
5.228	0.688	5.213	4.229	8.100
4.910	8.540	4.195	6.225	18.274
5.265	1.996	8.086	6.273	14.497
5.438	0.377	4.781	7.488	14.492
4.508	7.502	4.418	5.703	12.989
3.963	0.115	4.598	5.117	17.561
5.300	4.928	5.711	3.999	2.049
4.779	9.325	4.198	3.632	3.260
6.162	1.244	5.518	6.994	14.338
4.198	9.005	4.084	3.975	4.508
4.804	3.257	5.619	2.642	0.614
4.943	4.173	6.789	4.971	0.457
5.937	8.227	5.638	3.549	8.923
5.424	2.382	5.167	6.475	15.769
6.272	0.792	5.427	6.263	16.778
3.392	9.981	7.277	4.924	7.280
6.669	7.192	5.239	6.281	14.706
5.465	8.819	5.343	5.136	16.214
5.248	7.724	5.975	5.250	12.521
4.995	5.208	3.567	4.824	4.570
5.506	5.495	4.835	5.699	1.076
5.388	3.298	4.998	3.919	19.954
4.125	7.789	4.047	3.479	1.098
5.418	7.415	5.403	6.245	11.735
4.357	0.356	4.646	5.174	3.930
4.662	4.640	5.377	4.569	17.802
6.420	3.591	4.439	4.853	19.077
-6.779	1.496	-7.921	-8.183	19.038
-5.529	4.220	-4.736	-7.258	18.996
-6.820	5.287	-6.493	-7.555	13.948
-6.712	1.077	-8.255	-6.666	10.353
-8.706	1.247	-6.425	-6.114	14.174
-6.771	1.016	-6.509	-7.317	16.426
-7.091	4.817	-6.517	-6.530	10.532
-8.641	9.136	-8.881	-5.615	17.392
-6.936	2.540	-7.306	-7.673	6.720
-6.984	7.179	-5.745	-8.066	2.722
-8.412	1.512	-7.024	-5.463	14.149
-8.603	8.794	-7.538	-7.059	3.574
-8.596	7.433	-7.079	-6.323	15.196
-8.181	2.252	-7.734	-6.136	7.606
-6.018	7.162	-7.620	-6.185	16.327
-6.637	1.857	-5.509	-9.307	6.701
-6.874	5.893	-7.482	-7.325	9.789
-8.081	5.212	-6.065	-7.302	11.043
-4.895	2.558	-5.964	-6.973	3.267
-7.045	7.627	-7.459	-8.249	1.092
-6.568	9.818	-5.342	-7.787	19.999
-6.943	9.063	-7.579	-8.094	0.001
-7.418	0.040	-5.843	-7.362	2.135
-5.457	9.199	-5.174	-6.683	3.672
-7.666	5.220	-8.544	-4.561	14.295
-7.277	7.706	-7.674	-9.116	9.710
-7.408	6.037	-8.791	-7.864	0.343
-7.716	3.441	-8.578	-5.743	1.332
-8.337	5.296	-6.281	-7.154	0.994
-6.548	3.669	-7.684	-6.871	15.569
-7.660	2.681	-7.074	-5.153	1.866
-6.653	5.782	-7.444	-6.151	16.316
-6.308	3.101	-6.831	-7.634	2.330
-6.934	3.823	-8.931	-8.083	16.817
-6.709	1.984	-5.800	-7.485	7.936
-6.871	7.316	-7.323	-6.754	4.300
-7.077	6.753	-5.287	-7.638	7.758
-5.329	0.819	-8.273	-7.732	14.043
-7.195	3.439	-7.942	-7.368	7.490
-8.080	8.011	-5.907	-7.525	19.508
-7.533	1.447	-7.525	-6.494	12.241
-6.771	0.137	-8.043	-7.192	19.864
-6.903	2.891	-6.556	-5.967	5.847
-5.797	2.445	-7.863	-6.815	1.742
-6.648	2.897	-4.829	-7.129	19.910
-7.401	7.486	-6.692	-7.462	12.164
-6.544	6.804	-7.363	-7.526	5.935
-4.864	5.006	-8.493	-7.784	4.811
-6.870	0.467	-7.132	-8.464	4.290
-6.390	8.757	-7.491	-5.168	14.217
-7.658	4.062	-6.186	-7.265	11.646
-5.593	1.347	-8.676	-7.793	18.400
-7.225	6.761	-7.411	-8.607	19.765
-8.474	5.911	-5.654	-6.381	17.138
-8.147	9.583	-6.642	-5.662	14.611
-6.689	4.048	-5.106	-3.530	17.090
-7.025	0.749	-6.614	-7.173	9.040
-7.619	0.665	-7.174	-7.040	17.371
-7.021	7.854	-6.899	-6.763	5.585
-7.110	5.933	-7.254	-6.215	8.023
-7.094	6.853	-5.964	-6.649	18.480
-7.551	2.407	-9.255	-6.966	16.158
-6.652	9.701	-6.654	-7.658	17.085
-6.489	0.192	-9.396	-7.497	8.120
-6.055	3.337	-6.230	-5.891	11.667
-6.399	8.904	-8.492	-6.013	11.473
