8.971	-0.351	0.103	1.163	-1.002
5.341	-1.276	-2.302	-0.706	-2.631
16.353	-0.069	-1.502	1.674	0.435
8.345	0.544	-0.346	0.566	0.994
9.928	-0.510	-1.851	0.038	-1.970
1.772	0.627	0.007	1.149	0.086
19.461	-0.814	1.505	-0.681	0.561
1.844	-0.531	-0.522	0.872	0.742
15.159	-0.062	1.115	0.308	0.578
8.191	1.048	-0.411	0.825	0.850
16.872	-0.472	0.701	-0.486	-0.112
17.735	-2.092	-0.316	-0.204	-0.692
13.698	-1.191	0.108	-1.165	-1.328
11.674	1.575	-0.609	-1.001	-0.092
9.227	1.094	-0.410	0.632	0.389
6.545	1.230	-0.405	0.287	1.036
16.979	-0.444	-0.913	0.077	-0.485
15.559	-0.830	1.432	0.576	0.436
0.647	-2.423	-0.499	1.090	0.667
13.291	1.851	0.571	-2.234	-0.140
8.929	1.425	-0.201	0.313	0.433
11.705	0.228	-0.629	0.467	0.284
19.637	0.801	-1.140	-0.051	-0.494
8.961	-1.421	1.123	0.761	1.191
18.689	-0.940	0.453	-0.497	-0.549
2.140	0.770	-0.454	1.330	-0.775
4.166	-0.145	0.756	-0.197	0.074
16.292	0.514	-0.521	-1.771	1.665
11.394	0.189	-1.885	-0.436	1.058
6.783	0.082	-0.318	-0.030	-1.694
1.858	-0.169	0.494	-0.458	-0.661
12.898	-0.995	-0.761	1.376	3.049
15.084	1.033	-0.998	-0.453	-0.250
4.121	-1.024	1.189	-0.888	-0.764
19.692	0.788	-1.072	-1.095	0.683
9.716	-1.067	0.802	0.220	0.638
1.753	-0.265	-0.688	-0.375	-3.439
15.661	1.072	-0.659	-0.605	-1.044
19.211	1.267	-0.278	1.051	-0.247
3.864	-2.505	0.034	0.978	0.442
13.490	-0.671	-0.947	0.578	0.915
4.691	-0.373	0.356	0.370	2.503
14.288	1.577	0.638	-0.473	-1.823
10.369	1.245	0.527	0.115	-0.494
18.767	0.326	0.028	-0.241	1.380
15.393	0.879	-1.923	-0.956	0.567
8.419	-0.977	-1.132	-0.993	0.618
11.543	-1.127	-1.012	-0.721	1.452
13.112	-2.821	1.090	-0.214	-1.248
1.073	1.122	-0.847	-0.007	0.456
3.663	0.247	1.642	-0.682	0.367
6.627	1.230	-0.077	0.240	-0.149
3.151	0.374	0.178	0.229	0.967
18.011	0.491	-0.004	0.331	1.768
18.066	2.185	-0.727	-0.044	-0.493
16.269	-0.225	1.141	0.113	-0.471
3.280	0.296	-0.686	-0.752	0.811
13.432	-0.900	-0.854	-1.040	-1.397
1.343	-0.011	1.242	-0.137	1.363
1.449	0.209	-1.838	0.863	0.392
6.868	-1.436	1.407	-0.776	-0.054
1.585	1.410	0.365	1.235	0.460
10.909	0.032	0.680	-0.361	-0.182
18.568	1.762	-0.385	-0.689	0.005
18.152	0.701	-0.788	-0.413	0.707
14.993	-1.640	0.616	-0.979	0.213
18.298	-0.546	-0.343	-0.986	-0.062
5.109	1.729	-0.132	-0.307	-0.951
16.827	-0.348	-0.584	0.090	0.256
7.698	1.678	-0.055	0.576	-0.452
12.321	-0.872	-1.208	0.954	-0.426
16.706	0.460	0.988	0.440	-0.631
10.223	-0.316	0.068	1.382	-0.526
2.907	-0.874	-0.879	2.016	-0.011
6.148	0.626	1.024	0.101	-0.419
3.377	0.130	-0.774	-0.826	2.938
15.022	-2.743	0.601	0.090	-0.027
3.223	-1.581	0.220	-1.656	0.588
5.243	0.214	1.906	0.529	0.076
19.750	0.001	0.250	0.441	-0.690
2.537	-0.501	0.938	1.020	-1.663
14.320	-0.672	0.408	0.257	-0.579
0.975	-1.602	-0.721	1.358	-0.122
4.323	0.703	-0.781	-0.682	2.123
14.005	0.110	-0.769	-0.771	-0.442
3.809	1.147	0.753	1.039	0.926
16.874	-0.543	-0.872	-0.733	2.079
14.989	1.494	-1.271	0.957	0.806
11.886	1.105	0.038	0.180	-0.992
3.629	-0.344	-0.453	0.356	-0.162
7.756	1.695	1.415	-0.243	0.967
13.235	1.545	1.469	-0.299	-1.951
2.465	-0.240	0.088	0.973	-1.219
14.983	-0.292	-1.380	-0.219	0.437
7.831	-0.706	-1.691	-0.236	-1.203
11.127	-0.622	0.170	1.007	0.420
9.388	0.750	0.266	0.369	0.191
10.289	1.609	1.133	-1.274	-1.263
17.161	0.738	-0.947	0.296	-0.300
9.325	0.841	1.748	-0.002	1.033
5.515	-0.693	-0.766	-0.651	2.311
18.221	-0.173	-0.826	0.590	-0.369
1.986	-0.695	-0.462	-0.794	1.540
13.234	-0.109	-1.373	-1.745	-0.260
18.173	-1.599	-0.066	-0.859	2.495
11.417	-1.225	-0.102	-0.500	0.365
0.494	1.522	0.767	-0.813	-1.942
3.437	-1.105	-0.999	2.336	0.565
1.825	0.204	0.447	-1.812	-0.448
15.109	-1.398	-2.333	-1.554	-0.435
0.721	1.433	0.119	-0.046	-0.860
3.485	-0.251	0.382	1.146	-0.119
4.570	-1.092	2.305	-0.271	1.089
12.034	0.603	1.855	0.049	-1.457
16.585	0.057	0.817	0.183	-1.497
2.389	-0.417	1.219	-1.062	-0.768
14.149	-2.404	0.086	-1.232	0.028
2.673	0.210	-0.218	0.206	0.396
17.466	0.445	1.513	0.914	0.320
17.387	0.375	1.323	-0.021	-0.371
17.946	0.295	-1.384	0.072	-0.528
0.747	-0.382	2.062	1.487	-1.489
11.204	0.002	-0.201	1.220	-0.413
9.941	0.520	0.503	0.730	0.530
12.979	2.137	-1.935	-0.643	-1.342
19.197	0.371	-0.238	-0.038	0.327
16.955	-0.003	0.759	0.218	1.656
2.933	1.307	-1.556	-0.113	-0.949
3.539	2.759	1.216	1.025	-0.657
15.299	-1.523	0.428	-0.164	-0.102
10.234	-1.273	0.086	0.155	-0.155
1.092	1.069	1.278	0.365	-1.794
9.006	-0.184	-0.341	1.205	-1.153
8.250	-0.549	0.942	-0.744	0.239
6.447	1.480	1.978	-1.745	0.804
13.305	0.510	-0.423	0.540	-0.110
10.478	-0.240	0.948	0.579	0.078
19.786	-1.560	0.445	1.429	0.566
17.535	-1.343	-0.177	0.651	-0.750
6.236	-1.477	2.197	0.317	0.053
13.241	-0.321	0.260	-0.204	0.039
12.312	-1.206	-1.022	0.374	-1.441
19.211	0.246	-1.016	1.621	0.417
14.455	-1.027	0.972	-0.643	-1.597
8.974	-0.809	-0.157	-1.813	-1.372
15.604	-2.500	-1.290	-0.141	-0.992
5.846	-1.226	1.734	1.109	0.685
14.119	-0.788	-0.693	-0.707	1.884
12.743	-1.162	1.779	1.205	1.315
13.117	1.891	-0.932	0.618	-0.996
0.258	-0.196	0.855	-0.382	-0.531
9.975	-0.227	-1.100	0.055	-1.032
19.325	-0.215	2.481	0.351	-0.421
6.795	-0.569	-0.238	0.263	-0.401
0.504	-2.112	0.929	-0.444	-0.722
12.320	3.104	-1.504	-1.604	-1.035
11.449	-0.484	-1.454	0.546	-1.263
13.269	0.671	0.680	0.606	0.496
1.697	-0.123	0.216	0.411	0.091
10.629	0.016	0.660	-0.584	0.953
2.447	0.677	0.073	0.384	0.455
6.268	0.662	0.009	-1.007	-0.140
17.648	-0.129	-1.233	1.316	-0.197
16.634	-0.634	-0.740	-1.931	-0.125
19.737	-0.010	-1.751	-0.367	0.116
2.206	-0.136	-1.035	2.955	-1.379
6.471	-0.823	1.226	-0.461	-0.475
12.997	-0.498	0.500	-0.913	0.373
17.687	0.322	-0.609	0.542	-0.364
18.103	-1.291	1.970	-2.013	1.805
2.336	0.210	1.193	1.041	-0.293
3.178	-0.582	1.920	-0.566	-0.477
3.934	0.972	-0.281	1.799	0.326
2.424	-0.185	-1.213	-0.995	-0.694
5.125	0.942	-0.094	-0.424	-0.288
14.234	2.937	-0.406	-0.217	-0.834
0.563	-0.698	0.961	-0.385	0.559
0.300	0.270	0.834	0.627	1.558
4.117	0.360	0.207	0.844	0.294
15.709	-0.532	-0.103	-1.066	-0.391
19.472	-0.851	1.199	-2.142	-0.178
0.007	1.705	-0.907	0.628	-0.183
9.659	1.269	1.099	0.885	-3.035
9.042	-2.681	0.771	-0.475	0.259
2.116	0.434	0.559	0.043	0.736
2.902	0.008	1.252	-2.025	-0.262
17.164	-1.358	1.426	-0.563	-2.774
3.790	1.952	0.518	0.024	0.887
19.697	-1.683	-1.060	-0.139	0.532
19.382	-0.232	-0.028	1.004	0.911
15.039	0.657	-0.963	1.558	-1.017
10.692	-2.618	-1.284	-1.139	0.704
6.619	0.281	0.231	0.567	1.013
4.167	0.137	0.766	0.829	0.058
16.733	0.477	-0.601	0.726	1.222
15.378	0.386	0.332	-0.185	-0.488
16.137	-1.223	0.531	-0.220	0.986
9.473	1.244	1.053	0.801	-0.026
3.967	2.199	0.050	0.058	-0.437
0.520	1.130	0.214	0.411	0.886
1.849	0.648	0.826	0.839	-0.085
18.373	-0.029	0.458	0.655	0.000
9.453	-1.586	-0.053	0.630	-0.027
1.816	-1.203	-0.941	1.176	-0.510
2.615	-0.769	1.257	0.223	-0.286
15.050	-0.360	-1.079	-0.037	-0.933
15.196	0.630	-0.002	-0.049	-0.951
5.407	0.944	-0.030	1.703	0.759
1.321	0.296	-0.964	1.461	-1.568
14.968	-0.330	0.653	1.669	1.791
10.935	-0.808	0.041	1.028	0.041
11.556	1.464	-0.031	2.596	-1.192
1.350	-1.055	-0.744	-0.606	-0.968
17.380	-0.020	-1.234	-1.113	-0.484
9.787	0.530	0.037	0.049	0.136
9.932	-0.605	-1.735	0.527	0.269
14.348	-0.689	1.298	0.217	-1.354
16.382	-0.842	-0.926	-0.774	2.045
13.512	-0.429	-0.995	0.255	-0.219
12.409	-1.444	0.061	0.237	0.697
16.244	-1.065	1.323	-0.131	0.028
18.853	-1.875	1.056	-0.820	0.221
5.908	-1.412	0.730	0.430	-0.466
17.652	1.092	0.833	0.057	0.480
4.004	0.658	-0.583	-0.539	-0.371
0.749	0.184	-0.082	0.420	-1.067
16.448	1.466	-1.404	-0.136	-0.342
1.449	1.024	-0.151	-0.124	2.173
12.869	1.215	1.200	-0.026	0.455
1.696	-0.578	0.854	0.106	0.834
10.973	1.341	0.893	-1.057	0.522
13.012	-0.779	-1.179	-0.141	-1.610
8.279	-0.509	-0.442	-0.686	-2.411
2.476	1.300	0.036	-0.661	1.807
10.576	-0.575	-0.946	1.993	-0.065
19.867	0.243	-0.683	0.560	0.197
4.525	-1.604	0.850	0.097	-0.342
18.159	0.146	0.195	-0.425	0.215
1.331	-0.730	-0.580	-0.876	2.071
9.973	-0.039	-0.726	-2.817	0.453
10.292	0.867	-0.258	-1.169	-0.166
3.251	-2.519	0.890	1.058	-0.444
1.457	0.949	-1.755	-1.394	-0.679
2.731	1.303	0.752	-1.411	1.509
17.536	1.159	0.065	0.987	2.262
5.614	0.453	-0.400	2.598	0.271
7.264	1.224	-0.277	0.222	0.967
19.089	-0.063	-0.750	0.888	1.690
14.060	-0.746	-1.035	-0.625	-0.277
9.907	0.790	0.888	0.708	1.219
6.880	3.386	4.110	4.241	7.256
4.491	5.826	3.294	3.745	7.689
3.759	5.962	5.628	6.678	4.054
4.579	3.160	4.849	5.201	2.621
5.039	4.878	3.291	5.176	2.366
6.631	4.641	3.345	5.489	3.804
3.304	2.788	4.628	5.199	6.807
6.218	5.481	5.492	3.649	0.172
6.963	4.324	5.874	5.790	4.866
4.142	4.959	7.010	3.348	5.616
6.224	3.619	5.493	5.041	9.128
5.159	6.425	6.083	4.538	0.834
4.293	5.272	3.110	5.082	2.062
4.750	3.983	4.723	6.249	9.971
8.144	5.839	3.626	5.660	4.152
5.225	6.059	4.990	6.412	0.380
3.735	4.718	2.424	5.333	2.855
5.714	4.759	6.206	4.554	7.521
4.315	3.732	5.071	4.414	4.565
5.189	4.637	6.123	4.241	0.648
5.420	4.685	4.526	5.488	0.109
6.874	5.480	7.339	4.800	7.428
5.365	4.374	6.672	6.466	5.366
5.602	4.726	3.904	5.160	3.889
5.329	6.692	6.802	4.844	9.886
5.058	4.040	4.339	4.916	4.441
6.131	5.112	4.776	2.914	4.091
5.153	3.290	4.475	6.305	3.421
4.934	4.411	5.046	3.802	1.122
6.994	4.732	4.108	4.868	8.026
3.384	3.637	4.409	4.987	6.255
3.795	4.420	6.139	4.044	1.749
5.096	6.387	6.755	5.192	1.100
4.903	2.458	3.992	7.343	7.023
6.619	5.751	5.331	5.805	0.845
5.723	3.948	5.679	4.769	5.940
8.183	4.783	4.247	5.169	8.938
4.932	5.144	4.970	4.501	6.737
5.338	6.009	6.235	6.176	0.531
3.687	4.265	5.828	6.843	1.743
5.156	3.822	5.024	5.319	5.352
4.744	6.358	3.754	3.865	8.560
4.700	5.703	5.304	4.214	7.928
4.970	5.870	5.538	6.304	4.505
3.700	7.223	3.815	6.824	7.722
4.446	5.918	4.805	5.514	4.230
6.361	5.642	3.736	5.012	6.470
5.725	3.992	4.204	6.414	7.650
3.286	5.531	5.232	5.366	0.842
3.946	2.806	3.081	4.492	0.538
3.130	5.807	5.395	4.659	7.591
4.819	5.093	4.279	5.781	6.862
3.829	6.267	5.835	4.032	5.431
3.596	3.502	5.465	5.586	6.850
5.246	3.186	6.135	5.070	9.760
6.373	4.994	6.832	5.632	9.769
3.253	4.334	4.425	5.522	1.574
7.244	6.104	4.274	5.396	3.161
5.362	4.513	4.895	4.924	0.026
5.403	6.587	4.099	5.367	6.003
5.786	4.013	2.994	4.485	8.699
6.470	4.307	3.200	3.755	2.782
4.310	4.038	5.784	5.423	9.235
5.235	4.801	4.084	3.729	0.846
4.310	6.480	4.695	5.609	8.268
4.774	3.584	4.412	4.850	1.959
4.137	4.220	4.212	4.197	0.525
4.933	5.529	3.779	4.485	7.008
6.313	5.647	5.420	3.405	0.620
4.783	5.191	2.881	4.897	1.299
5.468	4.562	5.424	4.055	7.590
4.608	5.927	4.492	4.089	8.579
5.944	4.694	4.638	3.109	0.493
3.999	5.265	4.844	4.321	2.804
4.499	4.101	5.679	4.364	3.295
4.732	5.359	5.824	3.946	0.850
5.072	6.183	4.275	3.167	7.912
4.906	5.065	6.154	5.105	1.034
5.987	4.734	5.414	4.109	2.423
3.303	5.250	5.028	5.795	0.350
3.677	4.219	4.448	4.828	0.902
3.984	6.294	4.937	3.878	0.920
4.919	4.239	4.655	5.086	0.456
4.096	4.075	5.913	5.606	4.622
5.662	4.091	4.617	5.705	7.709
4.326	6.959	3.926	4.425	4.020
5.248	5.666	5.084	5.230	9.849
6.008	3.857	5.468	5.191	2.613
6.329	4.565	7.467	5.363	1.608
6.118	5.986	5.124	3.575	7.278
4.074	5.879	3.506	4.823	6.225
4.867	4.678	7.641	5.618	9.104
6.504	4.640	4.829	4.307	9.758
6.055	5.643	5.763	5.241	8.514
5.648	5.239	6.751	5.774	3.620
3.330	4.828	6.448	6.526	1.366
4.852	4.508	6.506	5.091	9.024
5.764	6.196	6.470	5.044	4.244
5.130	5.188	6.306	4.093	9.822
5.459	6.261	5.662	5.695	0.046
5.817	5.662	4.467	5.276	5.998
5.970	2.747	5.431	3.379	4.504
4.273	6.073	3.956	6.714	3.018
6.318	5.093	5.202	3.518	0.746
5.074	3.370	4.517	5.884	9.333
6.264	5.136	6.134	5.547	2.351
5.892	5.805	3.636	4.102	6.986
5.105	5.079	4.595	4.913	2.605
2.802	5.058	6.162	2.965	1.998
2.968	5.564	6.025	5.133	3.934
4.157	3.041	4.828	4.280	1.653
3.993	5.681	4.974	5.553	7.430
4.619	3.815	5.510	5.620	1.888
6.333	3.994	4.883	5.603	2.190
3.422	7.207	3.980	5.208	5.154
5.632	4.866	5.100	5.402	8.147
5.467	6.405	3.668	4.983	3.206
5.025	3.128	4.139	4.893	8.529
2.528	4.995	4.548	3.404	1.734
4.158	3.828	4.543	4.090	9.745
5.281	5.548	5.849	5.267	6.267
5.252	6.618	5.760	4.254	6.638
5.716	5.147	6.541	3.474	5.253
6.291	3.869	7.251	5.044	4.427
4.745	6.159	3.621	4.904	5.607
4.680	4.446	5.302	5.153	8.580
5.651	4.869	5.885	5.182	7.077
6.246	4.480	5.083	5.891	7.425
5.356	5.980	4.034	6.881	0.823
5.090	5.761	5.585	7.045	9.462
4.394	4.062	5.703	3.691	1.000
7.561	6.390	5.146	5.298	4.183
3.972	4.954	4.985	4.133	9.228
5.020	4.491	5.707	3.623	8.766
2.654	5.727	5.172	4.828	1.930
3.434	7.276	5.467	6.312	3.552
5.632	5.156	6.079	6.143	9.674
4.914	5.121	5.632	4.697	8.743
4.688	5.409	5.621	4.750	3.600
4.124	3.857	4.097	3.449	9.549
5.002	4.576	3.777	6.310	0.704
5.934	5.290	3.644	4.757	1.090
4.495	5.064	4.008	4.492	5.370
5.354	4.234	5.998	3.402	4.884
4.055	4.258	5.804	5.414	5.616
6.124	6.230	4.426	6.378	0.120
5.417	5.936	5.614	6.106	4.252
5.902	5.349	3.009	3.829	1.086
3.499	5.736	5.125	4.142	0.597
5.304	4.835	4.908	3.490	8.623
3.528	4.807	6.699	5.745	4.709
5.617	6.702	5.150	3.701	5.854
3.549	4.782	5.179	5.361	3.871
5.095	8.360	3.703	5.217	5.604
6.224	5.774	5.477	5.412	7.593
4.739	3.446	4.302	6.845	3.864
5.098	5.349	3.840	4.087	3.818
5.645	5.395	6.354	5.372	2.625
6.064	3.275	5.456	6.253	1.607
6.582	3.934	4.660	6.025	1.854
5.753	5.446	5.527	5.241	3.343
5.809	2.957	4.482	5.279	6.848
5.647	4.055	5.129	5.383	6.408
3.936	4.208	5.552	5.243	7.524
4.765	3.585	4.911	5.710	0.631
3.218	5.397	5.035	5.730	6.336
5.743	6.435	4.522	5.763	0.190
4.120	6.023	3.768	2.841	3.971
4.014	3.563	5.442	4.611	7.055
5.562	4.440	5.579	5.074	0.415
5.628	6.651	5.324	4.476	4.517
4.428	4.069	5.338	5.614	4.030
3.147	3.285	4.592	3.950	5.982
4.022	5.467	5.901	4.510	0.022
3.571	6.486	5.405	5.296	1.938
5.727	4.130	4.903	5.422	6.307
4.094	5.512	4.852	3.987	0.665
4.591	6.342	3.697	5.941	1.592
5.085	3.506	4.465	5.295	4.684
4.557	5.119	4.330	4.418	6.413
5.193	5.100	5.119	5.413	3.857
4.386	4.083	5.561	4.779	8.032
7.115	4.115	5.101	4.023	6.917
6.431	5.355	5.482	4.650	8.815
3.310	6.343	3.855	5.047	0.535
5.385	5.302	5.319	3.220	8.996
4.305	5.733	5.341	5.119	5.609
5.379	4.810	4.825	6.614	1.659
6.357	4.672	3.383	5.853	0.091
4.138	4.854	6.953	5.678	5.021
4.497	4.815	6.068	4.759	1.252
4.091	6.326	5.293	5.035	2.539
4.604	5.161	6.473	5.351	6.735
4.985	2.366	6.155	5.526	1.443
4.812	6.983	4.360	5.998	0.348
4.921	2.831	4.737	3.410	9.621
3.757	5.999	5.123	6.786	6.760
3.303	5.009	4.643	4.107	8.976
3.830	6.794	6.564	7.154	6.818
5.827	4.749	3.958	5.792	2.389
4.673	5.224	5.469	2.934	7.807
3.382	5.120	6.785	5.238	0.588
4.876	5.109	3.791	4.093	0.466
6.286	4.098	4.385	5.113	8.514
4.421	3.045	6.971	4.975	6.825
5.584	5.505	6.336	4.830	5.619
5.651	4.995	4.330	4.783	6.700
3.986	4.767	5.045	5.384	6.236
4.039	2.565	4.499	4.017	2.386
5.408	5.176	5.326	5.726	3.947
5.110	5.149	4.674	5.902	0.530
5.301	5.203	3.515	4.369	0.804
4.333	2.468	5.188	4.983	8.313
5.634	3.562	4.043	5.041	2.900
4.292	4.984	3.979	6.348	6.429
5.667	5.137	5.705	4.235	7.972
5.981	5.523	4.900	5.305	9.783
4.756	3.415	4.608	4.985	9.510
5.358	4.959	7.322	7.970	1.564
4.460	6.181	4.927	4.251	0.357
5.058	4.647	4.425	5.074	5.669
5.100	5.778	4.409	4.812	5.642
4.607	4.514	5.060	4.720	0.981
4.757	5.191	4.017	5.472	2.764
6.096	4.536	4.314	5.050	5.526
5.960	4.247	5.269	5.195	7.103
7.515	4.435	4.843	6.374	2.523
4.242	4.592	5.251	5.008	8.064
7.857	5.056	4.079	5.098	7.221
6.712	6.410	3.130	3.834	0.350
3.546	4.388	5.290	4.920	8.463
5.781	4.749	3.751	4.616	5.241
5.855	7.089	3.062	3.403	2.522
6.463	3.360	5.354	5.445	5.916
4.447	4.869	4.616	3.156	2.410
3.955	4.531	6.695	5.524	3.818
5.114	6.104	4.275	3.596	1.067
4.953	5.788	4.309	6.725	0.018
4.616	6.070	5.121	4.975	9.797
4.182	4.586	5.123	4.260	7.705
4.625	3.372	5.204	3.953	8.529
4.692	4.359	3.923	5.869	3.132
7.147	3.600	4.404	4.248	8.485
6.108	4.841	4.637	5.284	1.760
3.984	5.607	4.003	6.168	8.726
5.825	4.528	3.615	6.613	3.031
3.811	5.488	5.765	5.729	8.087
3.112	5.429	6.500	4.298	1.695
3.914	5.291	4.837	5.728	5.495
5.269	5.077	4.286	5.176	5.729
