1.798	8.405	8.281	8.891	6.242	9.971	1.312	-1.057	15.537	4.112
1.665	4.014	8.618	7.941	10.918	8.963	1.530	0.369	8.094	9.482
3.378	6.626	0.536	8.593	6.215	0.750	-0.805	-1.545	6.909	7.805
16.012	7.321	15.729	9.050	2.917	2.217	-1.169	0.310	0.782	5.505
16.960	7.816	2.105	0.534	12.207	5.997	1.309	1.273	17.800	2.503
4.776	9.350	19.053	6.862	19.699	2.349	-1.683	-1.592	10.962	9.111
7.491	7.709	18.990	0.955	18.889	0.714	0.485	-0.473	3.815	3.420
12.788	5.995	8.710	8.304	19.321	2.429	-1.071	-0.175	19.902	8.247
17.924	9.338	8.691	4.900	3.305	2.040	-1.304	0.612	2.108	7.811
16.190	3.787	17.026	5.260	10.105	6.059	-0.148	0.537	18.457	5.998
11.826	3.678	19.554	6.701	5.850	6.841	0.849	1.769	18.974	0.194
12.707	0.718	18.482	1.574	13.995	6.188	-0.391	0.405	16.177	9.703
14.804	9.718	4.275	3.494	14.199	7.183	0.937	-0.319	12.109	7.017
12.119	4.855	19.642	1.724	2.350	1.241	0.643	-0.025	16.655	4.665
18.767	2.349	12.438	7.857	19.937	8.965	1.053	-0.704	9.147	6.506
0.206	2.765	10.724	6.325	9.141	2.820	0.085	-0.742	10.774	9.987
6.093	2.682	9.198	6.205	9.733	7.826	0.371	0.672	13.950	9.215
6.492	8.338	5.168	9.774	18.556	5.112	-0.794	-0.907	11.169	2.613
2.181	7.556	15.539	6.624	12.049	7.365	-0.286	0.596	3.059	5.239
7.337	4.009	6.848	4.856	11.447	2.708	-3.617	0.623	9.860	3.407
4.791	9.079	10.681	4.055	2.435	6.087	-0.910	0.475	1.229	4.255
6.136	5.860	6.198	9.936	19.054	1.461	0.324	-0.283	1.597	1.540
8.386	0.145	10.645	1.914	15.316	9.902	1.440	0.779	12.917	3.907
1.849	3.855	4.346	7.887	6.914	8.132	-0.568	-0.673	11.048	5.608
3.527	4.176	15.573	1.035	18.796	9.297	2.105	0.837	6.401	2.184
16.368	3.068	7.788	5.998	14.246	9.938	-0.516	-0.554	7.306	8.851
19.569	1.227	8.414	7.222	1.608	9.179	0.260	-0.861	15.319	9.188
16.940	1.710	15.451	3.117	3.230	2.933	-0.528	1.627	2.424	0.901
6.613	0.552	19.556	5.019	17.856	9.783	-1.726	-0.536	9.158	3.989
18.995	6.972	18.324	9.843	12.538	0.996	0.417	0.219	12.294	5.803
9.433	3.255	19.383	4.471	9.927	3.495	-0.333	0.017	4.643	6.603
9.304	5.008	13.700	0.365	14.005	7.166	0.345	-0.141	16.398	8.784
2.195	3.709	13.378	4.550	18.711	1.205	-0.647	0.313	0.778	2.046
10.363	9.649	14.454	6.242	1.330	1.750	-0.888	-1.436	10.389	7.834
14.928	4.771	4.087	8.280	6.491	6.547	0.292	0.145	13.305	4.127
18.665	7.660	13.260	9.091	2.368	2.754	0.159	0.795	7.383	7.042
10.256	5.272	8.287	7.070	12.874	2.499	0.064	0.080	2.546	1.818
7.235	9.054	9.079	2.408	14.204	2.288	1.803	0.359	7.929	8.671
16.012	9.998	18.181	6.523	10.475	9.911	0.052	1.028	3.493	7.269
17.802	0.457	1.167	2.022	15.966	9.227	-0.630	-0.961	19.781	5.976
5.753	4.881	8.468	4.750	8.294	4.017	1.777	3.750	7.063	3.988
6.846	1.164	0.342	4.018	4.448	4.385	0.875	6.396	0.506	4.516
4.609	0.817	0.042	0.332	9.652	5.459	2.910	4.247	9.946	4.068
3.136	4.152	8.420	0.698	8.766	4.364	1.344	4.868	0.617	0.029
0.268	1.867	5.840	2.664	2.411	4.208	0.737	3.480	4.202	0.404
0.997	3.844	7.974	4.559	3.523	5.078	0.836	4.134	5.468	3.166
0.443	2.806	1.832	1.406	3.231	6.026	4.468	5.273	0.200	4.744
7.066	2.468	8.446	4.157	2.156	4.615	1.274	4.833	3.160	2.838
3.392	3.688	0.470	0.331	3.288	5.521	4.571	4.058	0.303	4.754
9.479	0.675	4.945	1.102	2.469	5.736	0.837	4.104	6.142	4.875
9.656	1.230	8.674	3.667	2.508	4.853	0.578	6.298	8.449	0.930
3.918	1.596	1.131	1.715	2.294	3.933	0.211	5.678	3.755	3.607
5.997	0.206	7.098	1.605	4.744	4.507	3.761	4.606	3.843	4.503
0.200	4.800	7.740	0.802	2.138	5.601	2.374	4.582	7.792	0.050
8.081	4.039	0.842	2.576	9.174	6.990	3.412	5.228	7.812	0.976
5.840	3.663	5.282	4.444	7.993	4.354	0.940	5.088	7.753	3.244
6.124	0.912	6.796	3.427	1.089	5.011	3.803	6.047	3.819	1.811
3.044	4.284	8.920	4.060	0.436	4.587	3.409	5.038	5.363	3.541
3.994	3.037	8.154	0.942	8.439	4.112	1.145	5.386	2.151	2.705
5.628	2.992	7.062	2.126	3.742	6.143	2.101	5.430	5.757	0.897
4.772	4.546	2.302	4.520	3.943	5.880	0.792	5.314	0.801	2.012
2.367	2.572	8.016	0.545	4.616	6.000	0.904	5.566	3.203	0.421
7.906	2.826	1.390	4.032	2.292	6.259	3.802	4.627	3.918	1.928
0.819	0.142	5.141	0.292	2.664	4.499	4.507	3.864	1.523	0.721
5.041	2.188	9.885	4.725	6.747	6.704	0.976	5.390	5.785	3.274
6.127	4.097	3.885	4.498	5.953	6.267	4.549	5.892	1.320	3.717
8.837	2.043	2.462	1.294	3.914	4.676	4.342	3.834	7.141	2.149
7.972	4.704	1.819	2.960	9.435	5.716	0.012	3.983	5.575	1.303
7.647	0.875	7.496	3.732	1.140	2.320	1.474	3.125	2.532	1.174
1.349	2.767	3.006	1.848	8.498	4.591	1.812	4.792	2.642	0.608
9.113	4.885	7.894	2.876	3.688	6.859	0.919	4.507	6.858	1.255
9.062	3.007	8.485	0.862	9.829	3.939	2.679	4.570	6.998	0.020
5.420	3.998	0.003	3.107	9.495	6.966	3.047	5.844	0.006	1.884
9.409	4.612	8.250	0.690	6.562	4.746	1.150	4.794	6.508	1.726
2.515	1.413	5.538	1.942	2.835	4.036	2.250	4.568	1.825	4.820
5.960	2.484	1.995	3.362	4.257	4.896	1.013	4.155	2.458	4.582
4.430	3.847	1.555	3.912	0.307	4.389	2.525	3.521	5.869	0.098
8.169	4.358	8.514	1.323	3.877	4.785	4.030	4.873	7.128	3.668
9.839	2.219	3.755	3.412	3.681	6.021	1.418	4.939	5.490	0.585
0.487	3.687	2.785	3.750	7.735	5.023	4.231	3.606	8.279	2.408