9.464	9.471	0.929	8.880	1.241	3.813	0.447	3.123	-0.779	0.987	1.693	0.202
16.190	4.262	3.426	6.666	0.999	8.855	0.365	2.999	1.073	-0.295	-0.721	2.104
10.749	8.967	3.188	0.080	-1.416	3.258	-0.491	0.937	0.945	0.594	-0.364	0.129
16.138	0.443	1.059	17.765	-0.470	5.564	-0.818	2.582	0.557	2.062	0.259	0.243
6.711	1.075	4.485	14.708	-0.510	3.699	1.810	0.749	-1.279	-0.244	0.724	0.644
13.233	3.013	1.967	3.994	0.333	4.454	0.268	3.885	-1.246	1.346	0.699	-0.089
0.968	0.255	2.151	5.930	0.657	1.474	-0.461	0.006	-1.052	-1.612	-0.528	-1.406
9.485	0.744	4.017	1.642	0.127	4.869	0.682	0.100	-0.313	-0.244	0.126	0.611
6.340	8.484	0.464	7.465	0.616	1.672	0.027	0.055	0.329	-0.900	1.164	-0.228
13.871	5.521	4.016	10.448	1.174	4.410	-0.839	2.056	-0.491	1.140	1.018	1.684
17.472	7.924	0.491	5.485	-0.928	9.373	-0.155	4.587	-0.201	0.627	0.626	0.290
0.649	9.961	1.148	17.316	-1.092	3.180	-0.363	2.897	-0.438	-0.951	-1.479	0.445
19.638	5.814	2.614	8.196	-0.226	6.741	2.314	2.461	-0.684	1.316	-0.052	-1.335
1.313	5.198	3.726	7.671	2.037	0.607	-0.998	0.091	-0.356	1.202	-0.485	0.521
13.623	8.335	2.146	0.899	0.957	7.533	-0.513	2.684	-0.193	0.417	0.773	-0.184
12.969	3.746	4.868	18.534	-0.914	7.919	-0.427	3.299	-0.615	0.463	-1.158	-0.516
13.560	2.235	2.519	0.317	-0.594	6.918	-0.605	2.604	-1.414	-2.176	-1.838	-1.829
3.136	1.258	1.623	6.814	-0.771	9.758	-1.359	0.671	-0.463	-0.437	-0.031	0.651
7.647	9.670	1.879	15.401	0.343	7.913	-1.135	4.060	1.336	-0.619	1.735	2.102
16.618	1.859	1.250	17.629	1.014	2.106	-1.149	2.232	0.619	-0.873	-0.008	0.514
5.065	8.181	3.537	2.317	-0.472	6.845	-1.805	2.724	-0.989	0.917	-1.226	0.460
3.546	8.204	4.812	1.113	0.366	2.718	-1.555	2.020	0.526	-0.371	0.343	2.374
2.022	9.687	1.597	15.101	-0.264	7.514	0.065	1.218	-0.414	-1.531	0.698	0.283
7.003	0.856	3.944	17.062	-1.699	7.227	0.161	1.197	-0.900	1.354	-0.751	0.459
17.580	8.673	2.972	19.452	-0.373	0.005	-1.090	4.719	0.745	0.315	1.693	-0.871
0.351	2.651	4.215	6.375	-0.576	6.256	-0.060	2.273	1.215	-0.095	-0.346	1.185
16.276	0.620	2.846	1.088	-0.068	6.797	0.948	0.995	-2.776	0.546	0.983	-0.469
2.714	3.944	2.799	6.849	0.669	3.363	-0.134	0.477	0.324	-0.635	0.609	-2.022
6.856	0.962	3.390	15.826	-0.418	1.930	-1.993	2.459	0.537	0.457	-0.095	-0.480
2.516	4.505	3.737	11.810	0.066	2.110	-1.437	0.227	-0.493	0.779	0.179	-1.508
8.438	9.032	4.241	16.499	0.816	1.518	-0.720	2.623	2.156	2.120	-1.053	-0.757
14.245	9.124	4.808	7.025	-0.632	6.219	-1.386	0.823	-0.438	-0.426	-0.628	0.558
10.934	6.514	4.267	1.877	-1.884	4.116	-0.759	4.478	-0.762	-0.062	1.365	0.890
17.840	2.207	3.942	10.231	-0.476	6.012	-0.226	4.083	-1.327	0.846	0.587	1.100
2.217	0.310	4.006	13.780	1.668	4.007	-2.736	3.530	-1.953	-1.073	2.118	-0.455
2.475	5.118	1.251	17.529	-0.954	4.503	-0.350	2.187	0.936	-0.457	-1.348	0.465
7.194	0.983	4.866	11.757	1.198	6.863	-0.560	4.787	0.492	0.503	-0.748	0.435
0.369	0.030	3.486	6.361	0.398	0.078	-0.068	4.851	1.001	2.135	0.204	1.175
4.180	0.494	4.597	10.168	-0.557	6.817	0.713	4.316	-0.701	2.003	-0.415	0.604
0.195	1.327	1.316	10.767	0.208	8.605	-0.045	3.098	0.797	-0.356	-0.225	-0.225
2.304	5.932	3.550	3.709	0.698	1.336	1.402	0.848	0.961	-0.360	0.706	-0.136
8.203	9.709	4.306	11.880	0.694	5.193	0.704	2.472	1.428	2.483	-0.741	-1.784
13.575	5.370	1.990	8.640	0.204	9.593	0.361	1.498	0.261	0.912	0.744	-0.218
8.783	6.807	0.324	8.063	1.280	3.202	-0.072	3.418	-1.314	2.091	0.097	1.475
8.478	3.899	0.551	18.607	0.527	2.202	1.976	3.826	-0.740	-0.022	1.066	2.711
4.240	5.565	4.847	11.550	-0.136	3.798	1.521	1.782	0.098	0.204	0.115	-1.317
0.819	5.733	3.239	0.138	-1.055	1.093	-0.744	1.450	-0.185	0.114	0.685	1.276
5.697	0.326	4.613	11.807	-0.434	0.931	-0.514	3.536	1.024	-0.247	-0.596	-0.084
2.373	7.484	4.497	4.235	1.844	1.989	3.006	1.618	-1.172	0.079	1.554	-1.136
16.878	5.544	0.752	13.688	1.374	1.103	-1.919	0.895	-1.525	-0.382	-0.115	-1.072
16.346	9.045	3.896	8.204	1.293	9.909	-1.608	1.186	-0.760	0.259	1.116	1.733
13.143	7.368	4.345	17.020	-1.181	9.899	0.008	0.660	-1.189	1.516	-1.504	0.910
14.603	8.556	0.964	4.050	-0.280	7.983	0.048	4.671	0.404	1.483	-1.153	0.229
9.736	4.967	1.104	8.941	1.392	4.042	-0.761	2.160	0.420	-1.266	-1.289	0.104
12.604	9.264	1.631	9.104	1.350	2.774	0.578	0.813	0.427	-0.451	-0.887	-1.074
1.712	2.187	4.673	17.209	0.996	4.929	-0.764	4.799	-0.388	-0.713	-1.664	-0.676
11.598	8.015	1.109	12.629	0.647	1.484	-0.593	4.773	0.113	0.602	1.615	0.543
11.022	7.269	1.997	19.294	0.345	7.248	0.912	1.830	0.404	1.415	1.360	0.107
10.758	6.180	2.204	7.844	-0.808	4.679	0.243	2.824	-0.381	-1.170	-0.053	-0.565
19.604	6.865	1.379	14.675	-0.181	4.371	-0.079	4.222	0.627	0.321	0.958	-1.473
5.615	3.701	2.554	18.241	0.117	4.619	0.224	4.666	-0.108	-0.517	-0.411	0.242
16.827	1.883	4.282	14.096	-1.767	0.560	0.728	3.582	0.446	-0.475	-0.647	0.797
3.415	6.890	3.194	7.779	0.298	2.868	-1.849	1.355	1.897	-0.157	-0.791	-1.613
10.874	9.565	2.947	7.593	2.059	5.172	1.394	2.946	-0.938	-0.086	0.670	1.764
10.280	5.907	4.503	3.432	2.265	5.014	-1.037	0.330	-1.536	1.464	1.458	1.286
10.255	3.675	4.130	4.060	-0.516	3.578	-0.364	3.102	0.596	0.062	-0.374	1.089
0.278	7.671	4.298	4.108	0.271	9.069	0.856	1.458	0.827	0.569	0.132	-0.590
16.599	8.094	2.643	7.752	0.050	9.962	-1.220	4.627	0.692	-0.083	-0.887	-1.721
10.621	4.798	1.010	18.958	-1.692	2.521	-0.129	0.590	1.135	1.033	2.517	0.648
17.699	5.715	2.427	4.534	0.135	2.939	-0.838	2.205	1.218	-0.526	0.166	-0.347
10.503	9.498	1.268	0.107	-0.929	7.189	0.014	2.524	1.074	-0.464	0.741	-1.159
6.259	3.055	3.478	1.034	-1.051	2.201	-0.132	0.987	-0.390	-0.149	-1.965	0.271
16.518	2.682	3.833	0.025	-0.983	0.569	-0.174	2.598	1.093	-0.191	-1.537	-0.033
1.144	1.596	1.058	1.011	-0.566	9.424	-0.106	4.295	0.051	-0.670	-0.296	-1.115
7.141	8.937	2.503	11.145	1.580	8.658	-0.534	2.576	-0.859	2.035	-0.668	0.864
16.573	5.012	2.862	6.611	-0.636	3.618	0.948	3.224	1.123	0.761	-0.713	-0.809
11.838	5.479	1.970	16.194	-0.021	2.018	-0.930	2.182	1.017	-1.118	0.848	-0.259
5.750	5.692	0.510	14.586	0.062	8.084	0.127	3.410	-0.950	-1.029	0.513	0.089
2.953	8.594	0.510	5.312	0.380	4.336	0.718	4.262	0.199	-0.569	0.831	0.730
17.508	0.425	3.485	19.739	-0.420	2.460	0.958	1.783	0.907	0.530	-0.754	-1.040
19.070	3.740	3.516	14.103	-0.253	7.808	-1.210	2.868	1.061	0.519	-0.222	0.463
1.362	0.151	2.379	19.088	-0.775	0.309	-0.720	4.549	-0.477	-0.002	-1.951	0.864
10.942	9.024	1.297	19.320	1.525	8.001	0.400	4.448	2.561	-1.071	0.059	0.021
10.274	8.142	0.338	12.421	-0.001	6.327	0.579	2.642	-0.359	-1.119	0.201	-0.742
17.144	7.640	0.657	15.261	-0.312	3.338	1.742	0.883	0.590	0.182	-1.213	-1.552
19.882	4.585	3.144	4.997	-0.806	3.525	0.701	0.504	-0.769	2.741	-0.227	1.184
9.192	9.616	1.825	10.631	-2.141	9.448	-0.869	3.758	-1.359	-1.117	0.554	-1.128
9.789	4.459	0.549	0.750	0.702	1.249	-0.928	2.562	0.258	-0.558	0.011	0.050
17.845	1.808	2.068	3.675	1.018	8.876	-0.759	3.302	-1.370	1.314	0.049	-0.602
17.101	3.977	1.338	12.937	-0.752	2.235	-0.174	0.218	-0.177	-1.401	0.315	1.220
3.032	2.824	4.226	19.192	2.156	7.006	-1.302	4.079	-0.188	0.979	0.372	1.766
5.404	1.777	3.483	18.666	-0.930	7.828	-0.505	0.604	-2.119	-0.645	-0.652	-0.075
18.359	5.696	3.943	18.482	-1.370	3.104	-0.287	2.999	-1.906	0.529	-0.238	-1.088
1.372	0.123	3.835	14.210	-0.494	4.889	-1.004	0.939	-0.532	-1.458	1.036	-1.531
11.077	3.036	3.907	6.656	-0.132	8.192	0.332	1.432	-1.289	2.172	-0.073	0.009
13.582	8.099	2.078	11.725	0.094	0.072	-0.604	2.898	0.593	-1.438	1.228	0.068
9.669	4.130	4.851	5.288	1.703	9.017	-0.310	4.295	-0.912	0.420	0.210	-1.636
14.367	0.058	1.341	0.864	-0.509	7.669	-0.445	4.042	0.241	0.266	0.148	1.757
18.124	6.461	0.343	15.536	-1.544	7.060	0.013	2.692	-0.363	-1.405	-0.321	0.347
15.447	5.294	4.297	2.068	0.097	9.783	0.438	1.357	0.754	-1.186	-0.353	0.549
6.980	3.962	2.184	14.269	0.398	6.405	-2.408	3.967	-0.770	-0.455	1.362	-0.463
8.062	2.956	0.508	10.748	0.167	5.082	-0.515	3.432	1.145	0.389	0.234	-0.624
13.205	0.301	0.775	6.322	0.515	7.093	-1.118	3.649	-1.694	0.017	0.099	-0.108
16.633	1.716	1.789	8.659	-0.683	7.959	0.011	2.133	-1.127	-0.707	0.564	1.226
4.497	9.212	3.181	17.481	0.205	6.356	0.473	4.397	0.846	-0.002	0.025	1.855
0.642	6.820	2.126	16.165	-0.450	0.097	-0.085	1.117	-0.177	0.250	-1.491	0.883
4.541	3.986	2.224	2.422	-1.577	5.924	0.618	0.655	0.056	-0.277	-0.401	2.874
17.752	9.124	4.168	18.362	0.259	1.644	-1.065	0.392	0.536	1.231	0.935	0.169
1.840	9.222	2.816	7.494	1.542	7.407	-1.290	3.891	0.018	0.922	0.408	-0.119
1.658	9.795	2.800	5.032	-0.076	6.344	1.147	2.604	0.513	-0.706	-1.577	-0.026
5.361	0.206	2.339	10.045	0.421	1.622	-1.075	4.654	-0.172	1.107	-0.687	-0.943
6.544	3.881	4.469	18.654	1.146	2.754	-0.546	4.394	-1.040	1.479	-1.542	-1.044
9.124	3.186	3.028	6.322	1.237	4.785	-1.124	2.743	-1.323	0.703	0.784	-0.182
17.573	1.002	2.128	10.674	-1.973	7.072	-0.270	0.479	-1.111	-2.925	0.875	1.180
17.607	3.000	1.336	13.954	0.422	4.398	0.146	0.351	-0.030	3.550	-1.202	-0.954
7.210	1.276	0.582	10.328	-0.089	2.909	0.488	0.606	-0.434	1.106	0.070	0.114
8.287	4.888	4.122	8.303	0.769	3.177	-1.154	1.428	1.026	-1.197	-0.619	-0.089
12.898	6.515	4.003	19.229	0.479	9.384	-0.663	2.628	-0.414	-0.474	1.652	-0.691
13.997	4.352	3.260	19.820	0.833	9.042	0.474	0.094	-0.732	1.291	-1.510	-0.284
9.766	9.748	4.387	14.358	-0.065	0.903	-2.200	4.077	1.434	-2.188	-0.250	-0.735
4.604	6.907	0.455	11.132	0.138	5.575	-1.710	4.803	-0.378	1.200	0.886	-1.000
19.299	2.565	4.395	1.947	-1.123	6.000	-1.165	2.521	-0.745	1.561	0.786	0.626
12.825	2.434	2.007	12.713	0.714	5.656	-0.412	4.730	-0.954	-0.457	0.015	0.136
18.506	9.800	1.940	16.424	0.201	9.497	-0.214	4.781	0.688	-0.180	-0.534	-0.036
14.714	9.912	3.626	8.376	0.197	7.370	0.517	4.298	2.380	-0.179	0.714	-0.140
11.752	8.953	4.671	1.983	0.666	8.053	-2.506	0.228	-1.573	0.483	1.552	1.692
8.874	9.254	0.820	17.641	1.251	0.032	-0.276	3.172	0.114	-0.612	1.982	-1.443
0.213	4.408	1.386	15.567	0.081	0.693	-0.511	0.347	-0.812	-1.538	1.477	0.620
14.424	2.564	0.064	14.874	0.114	2.585	-0.268	0.029	-0.462	-0.371	-1.461	0.926
3.105	5.270	4.273	12.847	-0.196	3.126	-0.789	2.641	-0.351	-1.605	-1.800	-1.036
18.781	3.364	4.573	13.154	-0.186	7.540	-0.260	4.214	-0.595	-1.826	-0.302	-0.584
7.399	8.189	3.450	1.512	1.422	0.584	1.013	2.675	-0.715	-0.516	-1.023	1.099
15.552	9.871	3.441	18.083	0.333	5.678	1.185	1.229	-0.017	-1.191	1.061	-0.130
14.454	5.705	2.796	15.910	1.501	5.938	3.008	0.089	-0.067	-0.250	1.134	-0.303
15.692	0.141	2.297	19.445	-0.912	0.096	-1.768	0.518	0.407	0.524	-0.449	-0.657
6.121	1.305	4.333	8.248	-1.333	1.527	-0.025	1.931	0.446	-0.650	-0.999	1.629
14.667	8.152	3.669	19.753	0.509	2.991	0.296	2.928	-1.571	0.656	-1.405	-0.224
0.898	3.449	2.409	18.648	0.710	1.885	-0.139	1.798	0.282	-0.235	-0.794	0.933
2.311	0.914	2.948	8.046	0.792	6.286	0.257	2.477	2.432	-1.400	-0.574	-0.638
14.951	6.062	1.825	3.397	1.247	3.020	1.157	1.035	0.144	0.958	1.794	-0.095
17.912	9.745	0.357	13.295	-0.756	1.240	-0.684	1.948	1.113	-0.568	0.835	-1.071
17.272	0.253	4.719	3.096	-0.344	5.163	-1.184	2.640	-0.078	-0.967	1.206	0.511
0.745	3.947	4.593	4.467	-0.801	4.039	0.841	1.391	1.145	-2.366	0.818	-0.646
9.069	0.074	4.370	1.637	-1.270	9.512	0.229	4.369	0.360	-1.435	2.331	0.676
3.800	6.181	4.848	7.241	1.580	5.236	-0.234	0.467	0.512	-0.595	0.007	2.041
16.313	3.553	0.897	1.766	0.532	0.262	-0.442	3.759	0.001	0.255	-0.009	0.873
10.300	4.636	3.689	11.153	1.734	8.483	-0.660	0.833	1.665	-0.283	-0.832	-1.163
6.733	3.258	2.313	19.948	-0.984	4.266	1.163	3.927	0.579	0.429	0.555	0.491
11.164	2.606	4.785	15.452	0.641	7.951	-0.955	0.729	1.798	-1.828	-1.303	-1.579
0.229	7.790	2.891	7.444	0.152	5.638	0.950	1.073	3.037	-1.034	-1.050	0.888
17.088	3.177	3.981	4.879	-0.035	1.388	-1.878	3.882	-0.547	0.346	-1.022	1.821
0.431	1.649	0.979	19.103	-1.852	8.715	0.323	1.582	-0.471	0.003	1.094	-0.190
18.956	4.558	2.986	6.779	-1.826	1.700	-1.161	0.759	0.397	-0.472	1.029	0.250
17.368	4.984	1.605	3.149	-0.210	0.292	-0.634	3.843	0.397	0.226	0.171	0.010
18.640	9.101	4.135	3.925	-1.191	5.438	0.339	4.491	-2.466	2.552	1.286	-0.300
2.023	2.439	3.300	2.156	0.218	8.764	-1.184	1.907	-0.186	1.713	1.643	1.480
18.492	6.241	3.617	6.531	-1.129	4.549	0.489	2.109	1.289	0.654	-0.712	-0.972
3.949	8.509	0.251	5.861	0.828	1.441	-0.064	0.455	-0.402	-1.733	0.939	-0.936
10.034	3.103	0.148	5.029	-0.420	5.591	0.536	1.889	-0.081	-0.755	-0.947	-0.852
12.596	4.370	3.270	18.648	-0.170	7.333	0.297	2.349	-0.526	1.165	1.255	0.123
13.352	6.405	1.513	3.057	-1.224	6.085	1.279	2.140	1.057	0.780	0.779	0.615
18.027	1.686	4.701	10.912	-0.952	4.426	-0.131	3.947	0.540	0.021	0.200	1.063
3.560	7.257	2.973	0.514	-0.185	1.264	0.454	2.283	-0.063	-0.730	2.084	-0.324
16.559	9.056	2.785	10.031	0.725	8.417	-1.908	3.078	-1.724	0.927	-0.605	0.657
0.459	7.303	1.215	17.049	1.847	0.391	-1.820	3.075	0.041	-0.205	-0.457	-0.313
10.313	5.290	2.429	16.361	0.572	9.366	1.542	2.033	0.994	-2.579	-0.011	0.945
17.779	2.284	2.541	8.837	0.213	2.808	-2.654	3.676	-1.872	-0.131	-1.114	0.025
15.626	9.065	2.502	7.908	0.023	6.072	-0.419	0.291	0.664	1.215	0.426	0.797
16.635	5.826	3.773	5.877	0.862	9.151	0.594	2.262	1.068	0.351	-0.282	0.490
16.402	7.019	2.551	4.001	1.253	6.976	2.392	3.548	1.285	-0.513	0.683	-1.279
8.705	0.982	4.894	5.348	1.548	8.812	0.131	2.326	-0.570	0.585	-0.471	-0.036
11.088	6.071	2.059	2.627	1.776	6.831	1.584	0.919	1.125	1.127	1.621	-0.468
0.091	3.653	0.243	1.660	-1.547	5.296	0.719	2.969	-0.939	-1.830	0.504	-1.074
12.337	2.772	2.442	3.436	0.893	5.939	-0.176	2.890	-1.681	-0.403	1.442	-0.196
10.253	3.783	3.994	12.693	-0.084	4.546	-0.651	2.890	0.210	0.651	-0.872	0.243
15.543	4.226	0.801	12.856	0.847	3.311	0.599	3.996	1.846	-0.726	0.597	-0.740
16.284	6.968	4.890	2.901	-1.217	2.727	-1.093	3.966	-1.265	-0.903	0.401	-0.173
12.112	4.766	0.375	8.192	-1.151	1.289	1.267	2.674	1.757	0.482	-0.939	-0.334
11.676	1.562	0.955	2.131	0.257	9.478	1.102	1.807	-0.019	1.101	1.264	0.545
2.525	6.736	0.755	0.946	1.134	3.021	-0.562	2.842	0.141	0.933	-0.666	-0.391
15.325	2.630	3.039	12.131	0.702	6.362	-1.074	4.233	-1.264	-1.483	1.274	1.500
0.161	9.268	2.501	14.924	0.264	6.542	-0.166	3.194	-0.606	0.842	-0.094	-1.323
11.373	3.408	3.024	4.043	0.791	0.190	0.521	2.766	1.426	-0.015	0.205	1.194
0.616	2.423	0.533	18.754	-0.434	6.133	-0.538	1.468	0.719	-0.352	-0.811	-0.489
10.176	6.156	2.922	16.871	-1.045	0.321	0.649	1.627	1.222	0.164	0.299	-0.700
5.160	3.229	3.102	4.729	-1.521	1.601	0.604	1.780	1.678	0.345	0.688	0.304
5.100	2.335	0.334	10.336	-0.582	2.173	0.186	4.530	2.606	1.344	-0.048	-0.434
0.650	3.076	0.713	3.705	0.584	2.002	-0.588	4.655	0.022	-0.221	0.859	0.215
9.967	3.446	2.252	1.852	-0.634	4.123	-0.607	3.800	0.350	1.285	0.197	0.798
8.334	0.397	0.395	17.125	-1.679	0.809	-0.820	0.134	-1.427	-1.298	-0.139	0.871
10.971	5.487	0.910	6.835	0.629	6.549	1.607	0.936	1.079	0.224	-1.078	0.531
4.302	8.021	0.016	13.539	0.434	9.523	0.150	0.210	0.273	0.915	0.816	0.032
6.366	0.064	0.370	10.727	0.016	0.687	-0.623	3.182	-0.619	-0.464	-0.547	-0.257
17.171	2.673	3.562	19.912	-1.821	8.426	1.553	1.548	-0.821	1.747	0.406	0.788
8.756	9.149	3.744	15.403	-0.493	4.243	-0.540	4.096	0.072	0.592	-0.341	-1.029
13.090	2.885	3.465	0.844	0.609	0.787	1.153	0.810	1.660	0.823	-0.455	-0.872
6.878	5.458	1.341	8.076	1.456	4.893	-1.174	2.481	2.063	-1.437	1.504	1.111
18.636	0.175	2.796	7.437	0.235	0.225	0.173	4.085	-0.109	-0.738	-0.802	0.265
9.329	7.392	3.001	18.649	-0.531	1.708	-0.111	4.756	-0.547	-0.143	-0.203	-1.088
14.491	2.184	2.911	8.455	1.807	7.412	-0.391	1.741	0.884	-1.761	0.000	-0.865
16.636	9.372	2.972	5.285	0.438	8.680	-0.330	1.870	-0.118	0.485	-0.033	-1.124
11.540	4.269	4.647	0.377	0.928	3.004	0.204	1.442	-0.210	-0.666	-0.167	-0.640
3.463	9.977	4.166	12.888	1.004	2.173	0.238	0.021	0.375	0.067	-0.459	-0.563
19.095	3.198	1.723	10.765	0.476	4.559	1.092	3.816	-0.121	2.937	0.997	1.787
8.804	4.055	2.710	1.387	-0.576	4.440	-0.646	3.249	0.116	0.986	-2.025	0.139
3.308	8.772	0.415	3.549	0.399	8.280	-0.329	1.979	-0.822	-0.669	-0.376	-0.457
12.876	6.970	1.508	16.155	-0.382	5.596	0.450	2.611	0.167	-0.373	0.669	-1.461
8.477	8.702	0.615	1.290	1.643	9.450	-0.597	1.417	0.191	-0.270	0.031	0.868
0.536	9.350	2.790	0.983	0.513	5.061	-0.941	2.367	0.940	-2.437	2.037	-0.965
18.415	1.791	2.674	14.731	-0.018	4.562	1.375	3.189	-0.416	0.047	-1.653	0.354
6.650	4.177	2.251	6.021	0.646	3.188	-1.337	0.546	-0.202	-0.202	0.029	-1.315
16.887	9.100	1.531	17.914	-0.266	8.251	2.296	0.561	1.248	0.051	1.023	0.105
3.114	7.788	1.081	17.361	1.219	8.913	-0.217	4.986	-0.675	0.397	0.868	-0.911
11.875	2.976	2.984	12.224	-0.289	6.731	-0.891	1.029	0.613	-0.111	1.647	0.538
8.874	1.494	2.183	4.158	-2.008	8.744	1.795	0.243	0.596	-0.680	-0.540	0.669
17.647	8.270	2.540	14.328	0.236	2.909	-0.544	3.646	0.627	-0.081	0.240	0.016
3.222	1.090	1.728	2.564	-1.424	0.951	1.375	3.742	0.925	1.819	-0.405	0.378
4.489	3.789	4.133	13.647	1.383	4.543	1.299	2.715	-0.575	-1.232	0.199	-0.189
9.610	3.183	3.063	3.041	0.655	7.183	0.561	0.703	0.678	0.227	0.041	-0.490
7.980	6.446	2.726	3.566	1.019	1.730	-1.386	1.881	0.816	0.355	0.980	0.909
15.827	1.924	4.697	8.340	0.825	2.233	-0.296	0.717	-0.252	-1.297	-1.094	-1.282
6.518	9.240	1.756	1.596	1.283	2.388	-0.048	0.839	-0.078	-0.647	0.269	-0.996
7.200	5.558	4.911	19.570	-1.818	8.851	0.085	1.530	0.663	0.006	0.040	1.944
5.966	6.522	4.843	7.053	0.471	6.918	-0.007	1.486	-0.323	-1.538	0.777	1.397
14.857	4.284	2.760	4.566	-0.328	6.728	1.421	1.738	1.276	0.132	0.132	-2.853
0.673	4.783	4.349	2.877	0.530	2.989	-0.764	0.686	0.243	1.851	0.086	0.995
8.901	4.580	4.622	9.297	0.726	2.668	0.318	3.941	1.028	-1.257	-0.480	-1.935
14.718	0.715	0.694	7.663	-0.771	4.428	-1.073	1.535	0.085	-2.509	0.750	-1.812
17.849	0.657	1.269	1.055	-0.118	2.865	0.253	2.650	-1.197	-1.116	-1.589	1.221
3.083	2.652	1.075	14.162	0.373	8.493	-0.048	4.639	-0.184	0.119	0.341	0.653
1.891	5.451	1.839	2.315	0.204	6.679	-0.366	1.410	0.212	1.884	-0.036	-1.876
12.505	3.493	0.940	12.997	-1.607	9.540	-1.776	4.273	1.156	0.414	0.128	0.195
0.384	8.957	1.556	0.505	-0.800	6.603	1.220	0.578	0.359	0.226	1.534	-0.946
0.323	1.281	3.807	2.706	-0.692	0.665	1.527	1.117	-0.347	0.504	-0.259	-0.063
12.951	2.048	3.137	0.892	1.575	8.533	-1.040	0.216	-0.222	0.267	-1.100	1.960
0.748	3.813	4.484	1.681	-0.454	9.737	-0.942	2.038	-0.835	-0.225	-2.772	-0.410
13.194	5.467	3.089	6.395	-0.939	8.352	0.142	1.046	0.112	0.095	-0.123	0.329
8.181	0.942	3.777	19.892	0.347	1.995	-1.175	2.891	0.272	-1.028	0.717	0.783
11.043	5.528	1.702	9.171	-1.184	3.779	0.337	1.375	0.205	0.499	1.879	-0.081
4.478	9.535	1.792	7.068	1.493	2.460	-0.811	3.588	-0.308	-0.256	-0.338	-0.626
6.455	8.084	3.115	19.474	0.887	2.790	0.374	2.920	-0.320	-0.401	0.576	0.406
13.591	5.714	0.801	3.511	1.135	5.287	0.725	0.307	-0.306	0.605	0.597	0.655
6.016	9.099	1.252	10.244	0.413	3.996	-1.013	4.356	-1.194	1.428	-0.981	-0.090
9.745	5.725	3.152	7.461	0.937	3.821	-1.364	0.643	-0.461	-0.675	1.710	-0.119
2.103	5.950	2.286	19.299	-0.925	5.504	-0.691	1.200	-0.061	1.234	0.911	0.993
1.163	1.836	0.123	3.504	-0.574	2.499	-0.289	1.863	0.544	-1.576	-1.738	0.671
15.086	5.777	3.902	12.580	1.249	7.112	0.145	1.258	0.280	-0.301	1.588	0.011
17.555	7.617	3.637	11.672	0.733	4.761	-0.213	2.662	-1.504	1.651	0.090	-0.689
19.768	4.678	3.690	11.978	1.397	1.554	-1.909	4.490	-0.660	-0.211	-0.392	-1.120
6.266	1.526	3.747	4.135	0.217	7.579	-0.576	0.935	-1.799	-1.042	1.204	0.425
15.363	4.226	3.100	17.279	-1.577	5.475	-0.182	2.630	-0.205	0.917	-0.269	0.168
19.064	9.317	2.803	19.658	0.659	4.461	0.828	1.289	1.381	2.049	0.538	0.095
16.173	4.403	4.857	18.101	-2.310	5.117	1.001	4.342	-0.914	0.495	-0.817	-1.288
5.778	6.147	4.355	5.535	0.625	2.729	1.122	4.376	-0.979	0.065	-0.694	1.075
18.218	7.785	4.392	8.205	0.228	0.546	0.288	2.830	0.347	-1.832	-1.014	-0.060
11.741	2.215	1.398	11.465	0.744	0.568	-0.917	3.416	-3.167	0.361	0.343	1.015
14.086	3.765	4.778	18.742	1.174	2.306	-1.838	2.768	-0.489	-1.206	-0.702	-0.522
3.867	9.928	2.662	19.110	0.134	5.424	0.254	4.319	0.735	0.194	-0.192	0.594
0.999	0.085	1.387	2.222	-0.148	9.013	-0.391	3.913	0.916	1.548	-1.841	-0.618
5.918	9.531	2.405	14.238	-1.554	5.628	-0.067	2.234	-1.486	-1.626	-2.198	0.306
9.114	0.271	0.194	0.781	1.002	9.962	1.452	0.370	-0.732	-0.925	0.537	0.140
11.928	0.037	3.561	10.317	0.077	9.623	-0.110	0.222	0.426	-0.757	-0.524	0.860
8.491	9.241	2.673	4.582	1.437	2.610	1.814	2.678	0.099	1.084	1.000	-0.561
8.966	7.821	0.563	3.174	-0.909	3.317	-2.436	1.420	0.213	1.385	0.934	0.013
4.880	6.598	0.052	3.203	0.523	6.922	0.652	0.944	0.583	0.799	0.441	1.872
0.415	6.163	0.581	18.899	0.002	0.360	1.300	4.530	1.268	-0.074	0.646	0.414
2.218	5.658	1.002	17.977	1.986	2.867	0.148	4.058	1.258	0.106	0.806	-0.570
14.851	6.030	3.546	14.893	-1.647	4.345	-1.283	4.042	-1.612	1.383	1.374	-0.708
5.960	7.389	3.763	19.060	-1.314	1.841	0.077	4.041	-0.382	-0.128	0.065	-0.512
11.961	0.611	2.969	13.363	0.155	0.365	-0.158	3.971	0.603	-0.511	-0.741	-0.982
12.866	1.779	1.665	7.616	0.419	6.668	0.730	0.177	-0.784	0.454	0.992	1.784
5.055	8.451	2.243	5.595	0.172	0.385	0.367	0.194	-1.499	-0.222	-1.074	1.365
2.928	7.820	2.363	9.521	-0.636	2.031	-0.077	2.187	-0.412	0.692	0.521	-0.572
15.926	9.195	4.950	12.256	-0.503	9.530	-0.937	1.330	2.410	-1.114	0.044	0.119
19.560	7.765	3.614	5.358	0.816	7.309	0.807	3.409	0.016	-0.122	-0.576	-0.960
17.353	3.061	2.008	11.576	-0.461	4.076	-0.372	2.588	-0.138	-0.161	-0.774	1.707
14.444	4.242	1.027	13.104	0.983	1.438	0.182	2.765	0.519	0.897	-0.653	-0.630
0.528	6.662	2.014	15.713	0.045	2.449	-0.020	4.609	-0.038	-1.127	0.645	-0.153
17.883	1.628	2.806	9.610	0.127	6.880	0.315	2.487	-2.241	0.387	-0.782	0.685
5.218	5.914	1.385	18.178	-2.845	2.529	0.969	2.103	2.339	-0.799	1.005	1.234
11.522	4.135	2.293	0.784	1.995	7.525	0.302	1.496	-1.266	0.009	-1.409	-0.347
2.904	2.196	0.957	12.313	-0.677	7.243	-1.457	0.612	-1.873	1.208	0.749	0.867
4.068	9.819	3.348	6.094	-0.566	1.570	-0.461	2.079	1.655	0.763	-1.386	1.262
3.370	2.530	3.546	17.970	0.880	6.413	0.581	0.390	0.087	-0.813	-0.341	0.733
17.838	6.742	1.607	4.115	0.153	7.888	-0.909	3.313	-0.788	-0.813	0.987	1.991
3.675	9.140	2.564	6.874	-2.117	2.165	0.311	2.409	0.529	-0.451	0.456	-1.001
4.781	7.361	4.080	6.655	-0.360	8.214	-2.425	2.093	-1.529	-0.210	0.999	0.078
8.185	4.437	0.426	6.016	-2.700	5.111	-1.227	3.750	-0.275	-1.173	-1.228	-1.178
16.311	8.085	4.115	2.131	0.200	8.115	-2.330	1.965	-0.869	-1.420	0.290	-0.330
2.395	0.007	0.388	5.614	-1.281	2.953	0.569	1.576	0.213	-0.391	0.389	1.005
14.756	2.478	3.827	0.145	1.656	8.221	-0.379	2.705	0.477	0.170	0.688	1.091
10.620	3.906	3.435	16.989	-1.428	0.557	0.653	0.596	0.581	-1.911	-0.645	0.335
10.666	3.553	0.818	10.020	0.179	9.290	-1.101	3.783	0.390	0.375	0.862	0.223
6.215	2.506	4.056	13.513	0.031	2.032	0.654	2.385	-0.366	-0.190	0.748	0.449
1.995	5.326	0.436	8.076	-2.053	0.822	-0.850	4.281	-0.617	-0.159	0.472	-0.208
4.049	0.713	3.638	12.094	0.466	6.685	0.420	2.575	0.456	-1.471	0.575	0.331
13.090	3.584	2.380	16.217	-1.486	4.106	0.168	2.696	-0.104	1.217	0.882	0.418
15.690	4.929	3.398	18.122	-1.151	0.932	-0.697	1.462	1.937	2.252	0.350	-1.337
16.697	4.711	2.202	16.226	-0.743	4.961	1.812	1.821	-0.471	0.646	0.975	-0.427
11.508	6.421	1.884	8.508	1.021	5.063	-0.962	4.474	1.281	0.512	0.163	-1.332
6.749	5.404	2.082	16.454	0.159	1.240	-2.475	0.552	-0.440	0.608	-0.869	-0.396
3.533	4.143	4.540	18.297	2.254	6.169	-0.454	0.345	0.841	-0.106	0.215	0.396
4.691	5.219	2.523	0.214	-0.669	0.392	1.386	0.466	0.927	-0.215	0.290	1.251
19.346	1.512	3.756	18.561	1.063	5.849	-1.907	0.600	-1.076	0.342	-0.835	-1.110
4.523	4.082	1.735	17.536	1.774	0.103	-0.849	1.413	0.870	-0.259	0.026	0.593
16.525	5.299	2.408	5.609	-1.004	3.511	-0.136	3.155	0.959	1.815	-1.778	-0.678
3.540	9.296	0.588	12.682	-1.719	3.820	0.887	0.020	1.346	-0.742	-1.572	-0.617
8.086	7.514	4.487	15.296	0.419	0.293	0.279	1.611	-0.868	1.686	0.905	1.568
19.775	8.515	2.182	17.602	-0.213	5.045	0.193	4.077	-0.491	-0.507	-0.211	0.073
16.362	3.534	1.569	18.234	0.104	8.604	-0.700	3.078	-0.877	-0.434	-0.250	0.954
17.005	7.062	3.487	13.713	-1.419	7.994	0.154	0.823	0.150	0.513	0.007	0.495
11.504	1.510	4.338	2.602	0.561	1.405	0.117	1.545	-0.532	-1.128	0.900	0.903
7.803	6.619	3.202	16.674	-0.752	0.110	0.175	1.459	-0.658	1.132	-0.448	-0.779
7.660	2.629	3.624	6.227	0.270	1.263	-1.588	4.792	1.725	1.145	2.341	1.028
17.788	0.820	1.610	17.193	1.030	9.729	-0.408	4.675	0.654	1.435	-1.797	-0.213
2.634	6.870	3.960	8.971	0.284	8.457	1.311	4.121	-1.948	-1.648	-0.377	1.647
8.764	9.269	3.598	18.275	-2.150	2.899	0.184	0.650	-0.608	1.908	3.201	0.752
5.126	1.252	4.890	7.627	1.131	1.578	-0.317	0.065	0.912	1.114	-1.921	-0.178
12.989	6.381	4.101	3.784	2.358	1.017	0.040	0.345	0.746	-0.835	-0.649	0.432
1.829	2.293	2.340	18.353	-0.419	5.774	0.405	0.992	0.271	-1.139	-1.734	-0.842
6.964	9.352	2.195	12.204	-0.723	1.459	0.284	2.254	-0.400	0.281	-0.032	-0.006
19.365	1.484	3.533	11.791	-0.962	2.375	-0.163	3.839	-1.178	0.051	-0.030	-0.276
3.908	0.860	2.642	17.120	-0.672	9.051	0.075	3.781	0.928	-0.421	-1.202	-0.422
7.550	0.430	2.243	15.739	-0.278	6.350	-1.259	4.686	0.140	0.222	-0.003	-0.690
0.088	5.431	3.600	19.197	1.110	5.279	-0.227	1.551	0.665	-0.594	0.849	1.149
3.666	7.890	4.944	8.468	-0.773	8.495	-0.574	2.041	-0.550	0.029	0.644	0.438
1.088	5.309	4.680	12.456	-0.495	0.205	0.706	3.924	0.629	0.970	0.602	0.192
17.872	9.847	1.350	1.513	-0.442	5.371	0.424	0.332	-0.310	-1.307	0.619	-0.148
18.942	4.949	0.219	13.321	0.621	7.438	-0.037	3.426	0.145	-0.133	-0.759	-0.601
4.316	2.940	4.601	16.952	0.935	7.262	-0.198	4.052	0.030	1.410	1.370	1.031
2.192	2.139	2.547	8.400	0.204	0.701	-0.103	4.880	-0.052	-1.153	0.655	-0.639
7.105	4.817	2.719	19.758	-2.248	3.059	1.089	3.362	0.640	-0.545	-0.042	-0.348
13.859	3.452	0.919	5.510	1.815	5.079	0.671	3.868	-0.121	-0.440	1.489	-0.343
14.639	4.930	2.638	3.225	5.486	6.310	3.751	4.310	4.453	13.543	1.684	4.764
2.150	4.724	2.177	4.991	8.195	3.293	5.402	6.546	4.289	18.012	4.189	3.300
17.001	6.494	4.135	4.155	8.982	5.063	6.054	4.611	4.912	13.172	0.741	0.342
13.399	4.502	2.440	5.416	3.440	5.717	6.001	5.207	3.707	7.167	5.353	0.470
14.932	4.217	4.887	5.125	6.914	5.566	5.290	4.302	5.660	1.008	0.984	4.516
10.899	4.736	3.049	4.798	9.895	4.546	3.384	5.221	5.382	0.149	8.798	2.205
18.398	4.715	1.134	5.538	3.002	5.167	5.428	7.351	4.520	8.900	0.759	1.698
19.449	5.690	0.405	4.983	5.944	6.677	4.665	5.509	4.690	5.204	6.880	1.882
13.597	5.270	4.969	5.039	0.632	5.527	4.956	5.481	4.919	1.475	6.178	2.589
1.331	4.272	2.972	4.361	4.336	6.884	5.509	5.467	3.989	6.080	7.601	4.899
5.988	4.307	2.365	3.833	3.740	4.115	7.272	3.090	4.902	11.885	7.573	3.556
15.210	4.655	3.371	5.948	2.135	5.444	5.024	3.915	6.001	7.688	5.503	0.969
15.458	6.596	0.059	4.213	3.730	5.814	5.875	4.616	6.429	14.635	7.599	2.029
3.526	5.281	0.185	5.436	3.474	4.464	4.695	2.807	5.350	8.124	8.728	0.257
11.139	4.194	3.592	6.577	0.119	4.409	4.990	5.159	5.129	15.765	9.703	2.388
9.328	3.830	1.665	5.082	8.744	5.099	4.057	3.818	5.858	6.078	6.129	1.077
6.382	5.507	0.116	4.434	8.074	3.866	5.308	6.499	5.661	14.570	2.268	2.897
13.658	6.186	3.287	4.812	4.272	4.991	6.322	6.218	2.950	14.836	9.936	3.612
16.093	4.168	3.661	5.384	4.406	4.793	4.710	5.164	5.415	6.910	0.784	1.237
17.570	4.959	4.219	5.373	6.404	4.464	4.233	6.523	7.041	11.718	8.177	1.883
10.656	6.175	0.257	4.926	8.417	4.638	6.838	5.351	5.468	5.739	1.293	0.389
17.191	6.844	4.659	5.304	5.084	5.728	4.320	5.095	4.116	2.388	4.739	3.621
18.028	4.395	2.660	5.118	7.624	5.322	5.048	4.733	5.569	18.894	0.294	3.751
14.290	3.434	2.054	3.405	5.975	4.602	5.348	6.316	4.894	0.185	2.831	1.647
10.342	2.507	4.004	5.090	4.528	4.697	5.023	5.604	5.067	11.853	3.878	3.214
15.575	4.461	0.077	5.015	4.574	7.105	3.163	6.160	5.571	4.031	5.703	2.764
5.249	5.280	1.787	5.916	4.246	4.756	3.753	5.658	2.655	12.969	7.905	0.340
0.927	4.755	4.388	6.728	8.442	5.474	3.418	5.555	5.563	8.739	3.066	3.205
12.118	5.690	3.054	5.331	4.882	4.410	6.329	4.246	4.151	9.130	2.816	0.128
1.738	4.721	1.395	4.760	8.716	4.089	5.572	4.292	5.185	0.488	4.473	4.601
8.374	3.499	3.443	5.058	3.176	3.820	3.725	5.444	5.593	18.893	5.271	0.180
5.597	3.990	1.848	4.934	5.245	4.027	4.303	5.224	4.698	19.055	5.642	1.896
4.589	5.991	3.913	4.593	8.598	6.183	5.403	3.614	6.330	18.771	5.066	3.863
14.093	3.999	0.668	3.935	6.798	4.372	4.134	4.234	4.746	6.959	1.614	4.566
18.682	5.473	2.740	4.970	1.482	4.136	4.545	4.920	4.628	7.534	1.731	3.485
10.881	5.898	3.731	5.953	2.969	3.843	4.840	6.368	4.668	4.260	6.910	0.534
18.160	4.335	0.261	4.275	6.943	4.702	5.277	5.853	4.215	5.891	2.557	1.279
6.080	4.048	3.184	4.992	6.119	4.740	4.367	5.474	5.441	1.656	0.748	3.796
6.615	5.495	2.578	4.863	7.843	6.577	3.335	4.529	4.554	7.280	6.714	0.718
13.763	5.829	4.157	5.512	5.617	5.482	5.015	3.620	5.056	3.811	2.286	1.333
17.046	4.497	0.784	4.056	2.849	6.198	3.877	2.453	2.958	1.482	1.816	1.133
5.281	4.358	1.937	4.011	6.589	4.919	5.193	4.798	4.498	3.031	0.670	0.219
4.662	5.065	1.236	5.492	5.939	4.733	5.411	5.403	6.843	19.110	7.704	4.215
1.645	4.921	0.176	3.080	4.302	5.778	5.030	4.400	6.417	13.774	0.782	0.623
17.636	4.862	1.496	3.224	9.401	4.638	4.462	5.679	6.153	7.215	0.215	0.634
2.598	5.618	3.397	5.750	3.781	5.599	5.395	6.624	5.724	4.075	6.904	0.324
5.927	4.586	2.618	5.991	8.849	4.909	5.115	4.931	5.136	7.385	1.713	3.369
4.851	4.206	4.920	5.092	1.659	5.422	3.699	4.639	4.753	5.575	9.395	1.275
18.825	6.027	3.143	5.102	3.346	5.288	5.055	5.003	3.491	3.544	2.916	0.429
12.269	4.063	0.789	4.936	9.033	3.752	4.940	4.290	3.174	2.061	6.692	0.540
5.918	4.842	2.311	6.286	7.881	3.767	6.745	4.505	5.413	6.193	8.556	0.559
5.012	4.959	1.169	6.230	2.649	6.230	5.435	4.907	7.182	17.558	1.034	1.388
2.907	2.692	2.843	4.765	9.561	4.183	4.821	5.590	4.749	10.797	2.144	0.621
13.490	4.937	0.695	5.108	1.922	5.079	5.955	5.605	4.862	19.329	9.437	0.726
15.417	4.510	2.886	4.262	6.111	5.926	5.463	4.599	5.715	11.184	1.864	3.447
0.719	4.521	4.512	6.013	8.922	4.288	6.655	4.293	4.742	17.367	3.140	1.378
11.538	4.294	0.546	2.993	2.556	6.867	5.316	5.685	4.688	4.838	7.012	4.532
11.896	3.861	1.860	4.530	0.136	5.233	4.289	5.175	4.545	18.222	2.763	2.618
1.125	3.649	1.077	5.822	6.431	4.402	5.586	4.494	3.817	2.269	6.339	4.437
6.194	7.384	0.191	5.692	5.254	4.276	5.787	3.523	5.838	3.135	4.306	1.102
17.761	5.454	0.545	4.897	5.719	5.779	4.751	4.346	6.077	11.180	1.797	0.884
7.047	5.777	0.983	6.990	2.842	4.901	5.025	4.879	3.984	0.572	5.587	4.631
18.106	4.935	4.925	5.739	2.939	3.425	5.840	5.562	2.839	7.203	5.043	2.014
12.790	5.257	4.017	4.148	9.900	3.274	5.596	5.756	5.611	0.954	3.709	2.805
2.832	5.265	0.533	6.417	5.374	4.667	3.874	5.677	5.593	5.214	3.870	4.735
1.843	4.648	0.167	5.203	7.233	6.096	3.535	3.807	4.630	5.082	9.385	2.811
3.448	5.967	3.069	5.831	7.408	4.055	5.384	5.880	5.908	7.678	5.652	0.534
2.493	5.683	2.876	5.437	4.965	5.782	4.499	5.017	4.748	15.548	6.892	0.656
4.713	3.846	3.593	4.499	8.703	6.080	4.179	6.510	6.189	17.541	2.765	3.868
8.057	6.185	4.415	5.421	3.698	5.350	4.931	5.329	4.973	1.643	6.680	3.735
13.249	5.184	3.631	4.433	6.526	6.131	4.475	5.682	5.620	14.595	8.140	1.708
9.553	4.140	2.769	4.254	8.422	4.974	5.125	5.487	4.266	9.950	3.175	2.234
11.479	4.457	3.417	5.711	9.122	7.242	7.096	5.528	4.993	7.366	1.768	4.320
5.009	4.768	4.565	3.901	2.176	4.147	4.348	4.022	4.059	11.649	9.754	0.886
14.625	5.312	1.192	4.915	6.670	4.625	5.053	5.034	4.892	15.170	3.824	0.279
18.218	6.370	0.293	6.082	5.629	4.796	4.179	4.022	4.618	18.734	7.475	0.299
16.360	5.293	1.775	4.051	9.379	5.156	4.091	5.055	4.050	2.195	0.878	0.504
5.875	5.925	0.588	4.979	6.350	6.462	4.908	5.698	5.465	8.635	5.834	1.005
18.952	4.390	4.442	3.237	2.786	4.921	4.848	6.762	6.500	18.487	8.773	0.429
14.715	5.315	2.612	6.779	0.363	5.249	4.479	5.330	5.077	0.952	3.719	3.742
6.486	4.543	4.180	5.580	0.745	4.920	5.278	3.599	3.515	17.039	6.810	4.541
7.819	5.749	0.644	3.900	4.430	6.332	5.032	5.483	4.470	4.199	2.898	2.254
7.711	6.557	0.040	4.480	1.787	3.691	5.059	4.065	4.323	15.229	4.970	3.992
15.500	5.794	0.437	3.773	3.376	4.978	5.294	4.813	5.701	17.321	5.544	2.912
14.204	5.814	4.305	5.043	6.877	5.393	4.997	5.051	5.182	7.912	5.107	2.288
19.691	4.092	1.572	5.657	6.479	5.439	4.959	6.035	4.129	4.016	3.492	1.590
3.296	5.240	4.448	7.847	8.889	5.457	6.859	7.748	5.700	8.511	2.613	2.483
2.710	5.479	0.019	4.437	9.554	5.741	5.313	5.196	4.488	2.864	4.428	1.121
18.581	5.373	4.522	4.427	3.472	3.854	5.794	6.053	5.851	9.504	0.380	2.516
15.531	5.332	0.378	5.687	4.614	5.173	4.421	6.551	4.255	17.935	1.055	2.100
0.422	3.738	1.062	5.294	6.769	5.551	6.462	5.888	5.191	15.313	5.464	0.048
17.128	6.169	4.341	5.507	5.630	4.862	4.826	3.426	5.296	15.673	8.879	3.220
5.446	4.387	1.134	5.767	0.276	5.363	5.926	6.238	4.012	7.910	9.695	2.334
17.986	6.957	2.995	5.662	3.033	4.453	5.943	5.807	7.093	10.284	9.095	3.710
11.225	6.017	3.098	4.468	3.030	4.978	6.923	5.232	4.903	2.090	2.348	4.548
4.029	5.583	0.842	5.010	5.358	4.782	4.536	4.087	5.138	10.460	7.069	0.512
10.155	4.679	1.441	4.626	0.869	4.615	3.494	5.522	5.025	19.560	4.794	4.926
14.616	6.612	3.492	3.929	5.676	3.936	5.892	4.422	4.211	19.806	8.445	0.258
16.569	4.315	1.379	4.515	2.276	5.150	4.910	6.420	4.783	10.328	6.599	2.758
7.359	4.840	4.052	5.586	2.379	2.421	6.128	4.731	5.817	9.924	8.405	1.205
12.609	5.975	3.757	5.095	8.164	4.879	3.190	4.220	4.930	1.045	6.155	1.799
8.158	3.796	2.251	4.325	0.731	7.787	5.608	5.573	5.852	3.031	8.784	4.846
0.552	4.951	2.365	5.556	5.440	4.904	4.994	2.818	4.373	11.037	4.282	1.142
11.408	5.763	0.523	6.195	0.395	4.446	4.100	3.571	4.665	11.369	4.517	1.125
19.251	4.115	2.158	6.741	6.652	5.772	3.800	4.544	4.676	14.331	5.270	1.829
13.018	5.832	3.473	4.719	0.461	4.625	5.407	4.319	4.596	15.868	5.888	0.461
0.029	5.762	4.958	4.157	0.841	4.801	5.061	5.303	5.067	6.657	8.443	2.058
10.912	6.441	0.477	5.306	4.733	4.202	5.888	3.963	5.478	6.134	2.765	1.798
5.019	4.803	1.981	5.012	0.234	5.045	3.574	6.021	5.940	4.322	9.984	1.032
6.409	6.393	1.160	3.903	7.127	5.097	5.501	4.833	4.043	2.706	0.290	4.250
0.358	4.945	1.646	5.518	3.919	5.139	5.315	6.062	3.170	11.954	1.163	4.157
1.990	5.418	1.849	3.865	4.762	4.896	5.868	5.390	6.161	18.087	6.563	0.338
4.561	6.422	4.656	4.673	1.418	3.606	4.631	4.646	4.316	2.380	1.095	4.199
7.232	5.776	4.889	6.654	5.344	5.307	6.367	4.562	5.402	9.756	3.513	3.390
10.681	6.335	3.369	6.261	6.913	4.965	4.956	3.653	3.397	1.440	1.730	2.662
2.837	7.023	0.952	4.730	4.543	2.757	3.131	6.350	4.441	0.936	2.754	0.926
0.150	6.710	1.395	4.953	7.322	6.375	4.600	6.749	6.910	6.077	9.518	4.197
12.949	3.997	2.886	5.652	3.552	5.391	6.446	5.779	5.151	13.331	9.399	3.534
9.047	4.840	1.677	4.986	8.598	6.109	6.919	4.129	7.884	19.237	1.849	2.553
8.428	3.886	2.234	4.405	9.997	3.816	3.090	4.935	4.197	12.450	5.345	2.441
0.979	7.134	4.862	5.449	7.554	4.342	4.600	6.861	5.427	19.302	8.903	2.959
7.200	3.587	2.282	3.726	0.034	4.238	6.253	5.299	5.393	19.573	5.599	3.156
16.492	4.065	3.030	5.974	4.690	4.560	3.647	4.983	5.693	6.869	4.632	2.344
5.625	5.037	2.007	4.493	8.309	5.135	5.540	5.915	6.080	6.863	1.386	0.536
8.022	3.984	3.026	4.123	1.084	6.130	5.689	3.989	5.033	14.433	3.101	4.682
7.889	4.125	2.098	4.883	6.089	5.077	1.695	4.915	6.154	6.703	1.585	1.491
6.906	5.422	3.552	7.659	7.753	6.764	5.271	3.390	4.444	9.699	1.117	4.371
12.552	3.897	3.255	4.763	9.325	5.378	5.995	5.886	3.580	9.460	2.147	4.882
16.204	5.692	3.288	4.426	4.385	6.441	4.163	5.015	5.167	4.191	8.095	2.156
7.033	6.185	3.311	6.376	6.446	2.959	5.056	4.541	3.908	17.801	6.538	0.864
8.006	5.142	0.391	4.979	9.281	5.538	5.485	4.176	4.210	16.465	7.123	1.252
16.113	3.970	3.353	5.370	9.516	4.586	5.445	3.138	5.330	5.141	0.371	2.641
3.020	4.067	4.608	5.666	4.665	4.054	4.789	5.599	5.033	7.424	4.479	2.207
2.431	5.541	4.419	6.789	0.244	5.484	5.263	4.387	4.072	4.757	8.723	4.077
3.948	5.937	0.887	5.258	0.433	5.967	6.016	4.754	5.630	0.721	7.374	1.353
4.362	4.666	4.116	5.456	3.464	6.692	4.248	5.787	4.411	19.914	7.651	2.094
19.705	4.319	1.725	5.776	4.210	2.954	5.174	5.152	2.723	15.975	2.455	1.192
12.143	3.791	1.189	4.049	4.687	2.023	4.040	6.027	7.108	1.524	3.196	2.263
13.045	4.335	3.992	4.652	0.256	4.566	4.690	4.605	5.742	3.899	5.063	0.124
16.734	4.520	4.401	4.708	3.924	4.961	5.230	6.091	4.929	14.792	0.760	4.448
2.800	5.152	3.122	4.378	3.120	4.647	4.144	4.844	2.956	10.343	6.245	3.626
18.416	4.597	1.315	4.484	3.270	4.070	6.276	5.933	4.099	12.413	4.603	1.860
4.188	6.649	2.911	3.779	7.486	4.794	3.674	5.406	5.614	2.568	8.640	0.309
9.641	6.480	0.931	4.956	8.741	3.916	5.191	4.504	6.961	7.096	0.711	0.652
3.016	3.370	2.618	5.164	6.352	5.463	5.452	4.679	5.129	9.148	7.651	3.602
18.945	5.187	2.150	5.958	5.699	5.579	4.378	5.433	4.576	8.945	1.454	4.807
19.110	5.206	3.866	5.593	7.947	5.353	4.415	5.337	4.087	14.793	1.470	1.158
17.457	5.800	0.341	4.470	5.874	4.437	3.878	5.304	5.847	16.423	1.253	0.466
18.410	6.429	3.443	6.138	4.515	3.137	4.937	6.071	3.460	1.157	2.388	1.591
12.016	5.241	0.454	6.088	5.097	5.901	5.197	7.301	3.359	13.201	2.134	2.259
1.679	5.461	1.428	4.841	1.276	4.414	5.139	6.704	6.136	5.670	7.148	4.400
1.156	5.370	1.690	4.625	3.535	5.408	3.748	4.192	5.616	8.880	9.685	3.852
9.458	4.335	2.779	6.945	9.504	4.286	5.305	3.455	4.597	3.107	8.218	1.050
15.538	4.135	2.155	4.127	8.227	3.830	4.198	4.587	4.355	4.542	0.321	1.862
11.980	6.200	4.425	6.089	1.559	5.113	4.383	4.473	4.792	16.146	4.938	4.168
1.423	5.937	4.593	6.354	4.794	5.750	5.838	4.637	5.964	14.085	5.994	2.448
8.160	4.889	4.989	5.713	8.242	5.602	2.434	4.839	4.678	4.251	0.041	1.534
19.497	5.589	2.507	4.362	1.836	6.272	6.926	4.354	5.574	13.211	2.031	1.419
10.416	3.928	0.305	6.339	6.439	6.084	4.850	5.575	2.856	8.564	8.144	3.060
9.513	4.070	2.391	5.436	9.935	6.587	3.380	5.619	5.630	10.648	6.653	1.912
9.721	3.783	2.605	5.105	6.672	6.220	6.784	5.432	6.233	10.090	1.099	2.206
3.343	5.534	2.768	5.198	0.167	6.452	3.903	5.391	5.301	14.060	3.571	0.746
3.026	5.135	2.253	4.726	7.398	5.328	4.108	5.418	5.655	16.050	6.309	4.645
1.552	4.115	0.411	5.796	4.232	3.790	6.043	5.109	4.484	6.665	4.275	2.374
5.521	5.408	1.839	7.046	9.285	4.251	3.926	3.780	4.033	1.645	5.001	0.740
11.483	3.187	1.249	5.518	7.001	4.488	4.391	5.564	3.880	3.079	2.895	3.762
5.846	4.716	4.570	4.405	4.965	4.629	5.172	5.363	6.510	17.504	2.518	4.055
10.475	4.329	4.514	5.199	5.478	5.792	5.792	6.403	5.669	1.907	2.060	2.473
4.200	4.359	4.498	4.436	9.091	3.980	6.813	4.292	3.889	4.972	0.466	4.471
19.718	5.500	1.005	3.685	8.527	5.519	3.865	5.363	6.031	1.309	5.082	3.982
10.382	3.988	3.373	5.508	3.850	5.686	5.433	5.867	5.595	10.989	3.381	3.627
6.294	5.754	1.650	3.387	5.766	3.259	5.274	5.487	5.244	13.882	1.311	2.751
13.662	7.855	3.534	4.381	5.424	4.854	6.157	4.059	5.859	10.789	2.690	2.253
10.329	3.957	0.291	4.214	2.868	5.909	6.438	6.033	3.605	16.724	2.218	4.663
11.571	5.601	4.004	5.780	1.940	3.833	4.038	4.600	4.191	0.492	3.051	3.619
17.384	5.149	1.187	5.629	7.542	6.682	5.359	5.316	5.835	13.847	6.343	0.758
12.652	5.844	2.368	3.648	3.300	5.226	4.796	5.081	4.067	0.431	5.861	1.218
2.172	4.490	4.423	5.115	1.784	5.344	3.357	6.359	3.894	15.827	2.144	2.293
16.635	4.647	3.782	3.816	9.409	3.496	4.924	3.690	3.908	14.526	1.324	0.874
9.731	4.552	3.040	4.207	4.608	6.407	5.278	5.765	5.251	18.221	1.093	2.940
5.927	5.508	2.875	4.168	6.077	4.561	4.257	5.015	3.941	19.542	3.874	0.742
11.074	5.080	0.167	6.424	6.146	3.767	4.128	3.720	3.764	16.219	7.983	0.878
0.927	7.543	4.731	6.422	2.553	6.231	5.165	5.290	4.139	14.028	7.060	4.255
15.781	4.520	3.003	7.392	5.822	3.704	4.573	4.308	3.660	2.625	8.633	1.278
17.273	5.646	0.123	4.472	9.148	5.125	5.554	3.213	5.889	7.408	9.656	2.103
16.953	6.331	4.359	5.838	5.899	6.344	4.685	4.537	4.730	16.687	7.141	0.782
5.590	4.861	2.342	5.007	4.865	4.766	5.831	5.430	5.903	7.042	3.438	3.929
16.264	4.026	4.840	5.398	9.186	4.592	5.360	6.307	5.548	3.914	3.314	3.852
4.408	3.526	0.379	5.252	9.588	5.296	5.855	4.874	3.407	14.531	5.682	4.353
13.646	3.017	0.490	4.887	8.108	3.737	5.140	5.053	5.242	9.248	2.599	4.115
7.623	6.427	2.740	5.052	3.689	4.548	6.514	5.914	5.462	7.815	4.702	0.194
16.415	4.145	2.526	5.344	1.782	4.965	6.027	4.930	5.043	14.848	2.232	1.429
1.441	5.614	4.669	4.569	3.089	5.341	5.857	5.735	4.817	2.922	3.171	1.158
2.136	4.756	4.222	4.238	7.171	4.400	4.030	6.374	4.911	10.896	5.435	0.846
0.657	5.405	4.534	5.169	3.803	3.637	6.466	5.930	5.085	10.300	9.631	0.064
6.795	5.586	0.711	4.450	5.957	4.570	4.152	3.871	5.421	12.611	1.537	2.034
4.267	5.266	1.931	5.924	5.325	5.484	5.306	3.645	5.701	13.635	5.831	3.432
2.809	4.334	3.270	3.768	0.822	4.192	6.564	5.679	4.637	14.795	3.099	1.861
0.593	6.222	4.610	4.525	6.006	5.865	5.234	4.475	4.293	19.349	5.945	1.754
7.543	4.497	2.712	4.946	5.121	6.326	4.920	5.505	3.578	6.479	3.223	3.770
19.295	3.357	2.032	2.471	6.566	7.113	3.900	5.746	6.009	5.046	0.641	0.176
5.538	5.747	4.226	4.565	2.092	4.606	3.813	6.310	4.446	0.651	6.384	4.718
15.776	4.525	4.979	5.981	0.744	3.614	3.757	5.364	5.609	11.311	6.448	3.811
14.777	6.354	4.216	4.753	6.713	5.047	3.083	4.236	5.944	6.823	0.210	1.397
10.997	5.910	4.193	6.146	5.139	4.363	6.334	4.845	5.214	6.865	7.789	0.874
3.435	4.513	1.525	3.588	7.583	6.400	5.349	6.068	4.892	15.802	4.830	2.569
14.380	4.799	3.569	5.942	9.097	6.732	5.101	4.206	3.616	6.654	0.805	0.581
19.232	4.686	2.216	4.763	4.187	5.111	6.200	5.174	5.030	19.378	5.329	2.422
12.505	5.379	1.946	5.241	8.419	5.998	4.249	5.407	3.860	12.559	8.053	3.911
0.356	5.051	3.362	5.769	9.525	5.564	5.635	4.486	6.242	0.549	8.648	2.629
2.080	4.762	1.372	4.974	2.560	5.178	4.500	4.209	3.058	3.588	5.523	3.089
2.657	6.123	1.206	4.766	2.522	4.587	6.057	3.845	5.005	6.702	4.403	3.487
18.512	4.876	1.313	4.452	0.112	5.415	4.312	7.197	4.090	6.555	5.714	3.492
4.330	5.088	4.136	5.244	0.440	6.186	5.867	4.164	5.118	19.663	9.158	4.618
14.007	4.416	4.089	4.771	4.418	4.405	4.245	6.516	4.929	1.873	3.131	1.815
16.250	6.585	1.447	5.229	6.185	3.695	5.281	3.913	5.858	16.026	3.812	4.580
5.054	6.078	4.619	5.430	0.730	6.437	4.692	4.057	5.175	3.532	7.554	4.884
6.019	5.341	0.747	5.747	6.496	5.840	3.815	4.507	5.338	8.973	9.619	4.071
14.238	5.579	1.658	3.546	5.736	6.129	4.038	5.550	4.675	2.211	9.055	0.771
13.340	5.445	0.260	4.222	8.530	4.061	6.861	5.047	4.686	7.952	3.841	4.703
17.152	7.106	0.041	4.106	9.786	4.370	5.545	6.646	3.962	13.801	4.281	0.516
0.905	5.143	3.431	5.637	3.270	5.476	3.244	3.985	5.085	0.898	7.860	0.703
3.831	6.138	3.501	4.967	0.817	6.364	5.459	4.682	5.966	8.039	6.895	0.087
19.640	3.629	4.050	3.754	1.770	5.382	5.179	4.780	5.242	0.267	4.305	2.878
0.037	5.728	2.015	4.801	2.391	4.180	5.605	4.626	5.145	12.740	8.709	1.947
17.268	3.731	4.379	4.573	4.524	5.979	4.819	5.152	5.836	5.578	6.876	2.815
7.519	4.071	3.898	4.413	5.608	4.198	6.574	5.458	5.971	7.102	0.341	3.511
4.764	5.618	0.365	4.072	4.469	6.742	4.216	5.276	5.073	6.385	5.820	4.666
1.357	5.838	0.235	6.035	5.819	6.728	5.204	5.501	5.000	3.213	7.475	2.420
9.115	4.763	4.103	4.857	3.627	5.695	5.156	6.549	5.659	10.308	5.191	1.185
13.944	6.282	2.206	5.447	3.124	5.409	6.059	5.089	4.486	15.594	6.106	3.254
1.918	5.705	1.656	4.475	4.009	5.820	4.529	4.142	5.345	7.320	2.829	0.974
7.618	5.159	2.695	4.461	6.692	4.628	2.062	3.745	4.060	5.210	4.624	2.767
17.848	5.757	4.577	4.469	1.713	2.887	6.194	5.279	5.454	10.696	1.939	1.723
4.215	6.066	3.037	4.767	1.322	3.826	5.277	3.933	4.888	12.864	4.964	1.455
4.447	5.149	4.716	3.434	0.093	4.519	4.442	4.326	4.873	4.630	9.271	3.754
11.388	4.303	1.007	7.050	4.371	5.291	5.435	5.140	5.276	8.418	5.373	1.883
7.982	4.493	0.132	4.759	1.289	4.205	6.843	5.784	4.310	5.415	2.097	0.034
7.865	6.436	4.618	5.973	9.263	5.155	5.220	6.862	3.394	6.025	5.980	4.595
2.153	4.776	3.059	4.167	0.581	3.271	4.068	3.478	4.346	18.977	5.007	2.660
0.651	4.879	3.436	5.979	8.727	4.112	4.700	5.197	3.771	3.730	0.956	0.649
19.683	5.701	4.447	3.852	1.400	5.696	5.528	4.690	5.872	15.517	1.498	2.862
11.187	4.554	2.723	4.732	6.717	6.607	4.250	5.476	4.727	3.347	9.294	4.653
0.473	6.027	2.427	3.295	3.394	4.517	5.439	4.760	4.417	11.892	5.862	3.186
12.322	4.462	3.846	4.309	4.320	6.284	3.849	5.354	3.083	6.996	7.926	4.169
4.992	4.658	3.340	4.071	9.886	5.603	4.948	6.015	4.779	9.760	7.267	2.402
14.708	6.768	4.765	4.179	0.304	5.183	4.102	4.036	6.037	6.711	6.116	3.675
15.368	5.274	2.601	5.437	0.570	5.659	5.273	3.759	3.347	3.547	1.610	0.631
12.348	5.082	3.884	3.656	0.977	4.768	3.036	4.346	3.725	7.967	2.589	2.244
10.916	7.673	4.536	5.044	2.431	6.044	6.038	5.037	4.292	16.562	5.311	4.874
16.120	3.975	0.824	4.795	8.465	7.443	5.665	7.300	3.378	9.844	2.181	0.870
5.848	3.788	4.922	5.912	4.653	6.830	5.008	3.876	4.888	2.972	4.989	4.780
17.055	5.043	1.016	4.400	7.618	4.988	6.131	5.945	4.996	5.159	0.325	3.119
13.655	5.242	4.223	4.007	4.698	4.414	6.412	5.371	4.171	16.052	3.646	3.658
15.673	5.661	0.758	5.235	6.277	4.635	4.664	4.495	5.356	18.523	7.139	0.571
0.048	4.786	1.734	3.585	1.427	4.060	5.216	3.116	3.813	14.205	6.125	1.722
10.642	7.188	0.812	5.977	0.510	5.576	3.999	5.402	5.241	2.365	7.751	3.614
14.861	5.857	0.376	4.095	6.322	5.127	5.784	4.175	5.155	13.751	8.368	0.504
10.301	4.871	4.055	4.014	8.305	5.397	5.840	4.898	4.033	14.096	7.714	1.367
13.813	4.231	0.140	4.999	1.389	8.378	4.242	4.456	5.206	7.724	9.704	4.943
4.742	4.282	3.620	5.686	6.905	5.594	5.565	5.238	5.282	3.224	3.678	4.045
18.245	5.708	4.930	3.306	2.802	5.228	4.766	5.994	4.688	9.147	3.034	3.062
0.080	5.470	3.451	4.005	5.166	4.395	5.849	6.175	5.587	13.411	0.775	4.247
6.769	3.841	1.878	6.736	4.992	3.933	3.760	3.885	4.687	13.072	1.735	4.502
7.334	3.495	1.161	2.673	2.351	6.018	2.879	3.995	5.032	8.696	2.445	0.125
0.203	5.121	0.744	4.775	5.446	4.582	3.592	4.208	3.237	2.121	6.330	3.390
10.925	3.815	1.039	5.663	1.085	6.602	7.326	5.504	4.985	15.079	8.058	3.994
6.834	2.718	4.360	5.172	7.221	5.161	5.358	3.737	7.018	5.384	2.912	2.915
10.080	5.897	0.933	4.689	9.876	5.254	3.779	4.354	5.295	15.845	5.747	2.244
2.230	3.776	1.637	4.383	6.693	6.630	6.875	5.209	4.292	0.013	0.286	3.623
16.899	4.959	1.345	5.100	6.246	3.984	7.135	5.291	4.747	4.513	9.958	0.320
4.254	3.669	0.161	4.086	4.147	5.396	2.832	4.656	4.136	14.178	1.047	1.942
12.643	4.468	0.614	5.087	2.907	3.306	4.496	5.704	4.189	1.522	2.860	1.440
6.940	4.323	3.586	6.046	7.888	3.751	5.826	5.806	5.580	9.094	2.509	3.065
2.094	2.858	2.702	5.312	9.363	6.534	5.812	5.636	5.980	15.805	2.206	0.705
5.599	4.384	1.654	6.519	6.522	6.138	4.110	4.181	5.056	13.095	1.847	1.679
16.849	5.562	3.437	4.384	5.886	4.943	4.776	5.083	4.661	19.939	2.110	2.258
10.795	5.418	1.082	3.956	9.008	3.816	5.098	4.454	3.673	13.973	4.556	3.775
11.805	6.273	1.830	5.373	9.593	6.242	4.981	3.637	5.537	18.286	8.133	2.848
7.187	5.049	0.522	5.270	1.825	5.380	4.833	3.706	6.031	5.720	3.564	0.373
2.211	6.590	4.635	4.901	5.102	5.879	3.473	4.215	4.604	13.553	9.217	2.559
14.944	4.009	0.390	5.692	9.297	5.792	3.579	4.562	5.207	8.183	9.155	3.728
5.091	5.828	3.536	3.723	4.366	3.236	4.511	6.500	6.437	1.352	8.648	2.855
8.912	4.581	1.322	3.430	7.543	4.827	4.330	4.198	5.210	16.072	1.704	2.933
7.388	3.527	1.085	4.640	5.058	4.520	5.291	6.725	5.661	17.825	0.759	2.694
10.340	5.627	1.666	6.239	6.946	4.383	5.559	6.484	5.256	6.629	5.973	1.888
3.475	8.432	3.918	3.925	9.417	4.901	5.433	4.827	5.531	0.605	1.119	4.974
14.454	6.141	1.577	5.043	9.868	3.924	4.808	3.297	4.485	0.030	1.220	0.735
4.637	5.414	1.149	4.267	7.265	3.432	5.206	3.610	5.225	0.334	9.503	3.752
10.684	4.753	1.620	5.736	5.766	5.236	4.769	5.879	5.375	3.492	6.871	4.328
14.115	2.974	2.078	4.795	2.402	4.582	4.906	6.484	4.119	19.326	5.039	0.576
1.641	4.634	4.783	5.179	1.211	3.307	4.079	3.687	5.768	9.934	3.694	2.236
4.129	4.376	4.712	6.067	5.250	4.352	4.220	6.160	5.736	14.713	0.859	3.897
2.929	2.024	0.202	6.513	9.258	6.537	5.788	4.888	5.224	2.836	5.306	3.603
0.176	4.079	1.444	4.941	2.121	4.716	5.262	5.567	5.835	10.293	0.196	0.301
7.032	5.127	2.317	5.736	7.990	4.919	4.368	4.090	4.627	12.370	7.532	3.567
7.163	7.858	2.915	5.851	3.562	4.564	5.932	4.586	4.803	9.710	6.644	1.176
9.807	3.262	3.090	3.839	5.199	5.225	4.445	4.782	5.462	9.365	8.524	3.974
8.477	7.011	4.167	5.580	6.165	5.440	5.002	6.234	4.203	17.814	6.606	1.400
14.523	4.869	3.336	5.312	1.556	5.405	2.499	5.968	5.277	2.457	4.890	0.236
19.869	6.652	2.525	6.339	5.862	4.982	4.087	6.075	5.548	2.323	2.756	3.245
1.944	5.149	1.196	6.091	5.087	4.874	4.374	5.873	4.969	7.357	8.987	3.973
7.386	5.409	4.740	5.552	6.267	6.949	4.893	4.009	5.634	7.448	0.431	1.792
8.995	6.478	2.926	5.028	5.665	3.612	4.900	3.632	5.547	4.132	7.648	3.472
5.979	3.439	1.701	4.038	5.616	2.597	5.248	5.308	4.218	4.946	2.693	4.633
10.770	6.457	1.068	6.044	6.359	6.422	3.834	4.637	5.426	12.495	1.913	1.793
12.512	5.237	0.399	4.597	0.722	2.527	5.478	5.773	4.589	4.947	5.799	4.453
14.679	6.316	1.870	5.575	5.475	5.468	4.044	3.244	6.830	8.864	1.788	0.256
6.950	6.366	0.323	4.249	8.988	3.015	6.657	4.764	6.211	10.338	4.216	1.142
10.689	4.254	1.026	4.955	4.199	3.429	5.112	4.274	7.022	7.074	0.427	3.357
2.207	3.806	0.962	4.196	7.909	4.341	5.166	5.574	3.707	1.490	5.469	4.599
14.113	5.296	4.418	5.294	0.543	4.689	4.617	6.271	4.387	0.418	2.029	1.232
7.159	5.558	3.649	2.989	1.120	6.574	5.954	5.080	5.874	7.312	0.453	2.542
5.759	4.171	2.017	6.550	6.686	4.407	5.808	4.397	7.198	14.180	0.695	4.180
7.776	4.815	2.147	4.593	3.458	4.760	6.432	6.396	4.607	9.158	0.440	0.923
16.332	6.886	1.874	5.209	4.934	5.255	4.704	5.573	4.480	12.681	2.838	1.481
8.574	5.049	3.464	6.860	4.143	5.100	4.977	7.729	6.856	9.557	8.241	4.305
4.709	5.196	2.374	4.029	9.568	4.442	4.536	5.827	3.660	19.079	1.883	4.526
18.975	4.660	2.682	5.215	7.869	6.919	4.731	4.991	5.389	12.389	6.956	4.483
19.014	6.288	3.200	5.306	5.575	5.743	4.697	5.629	4.390	5.647	4.145	0.209
14.236	5.494	0.169	5.082	5.421	4.672	3.167	5.520	3.402	10.493	2.078	4.085
17.774	2.607	4.855	5.165	9.650	4.811	4.150	5.080	5.200	10.699	9.777	3.691
13.159	5.164	2.762	2.940	2.354	5.486	3.745	4.902	5.730	10.053	7.175	1.542
11.713	6.282	3.708	4.288	2.738	4.798	4.548	6.307	5.656	15.085	5.215	0.594
10.572	4.968	4.874	5.137	9.671	5.064	3.748	6.934	4.067	1.344	3.185	3.168
6.813	5.675	3.056	5.518	6.018	5.517	2.946	6.092	4.456	9.494	5.132	3.844
18.967	5.206	0.494	6.057	5.429	4.739	6.151	4.295	4.817	8.092	4.832	4.973
1.840	5.536	1.112	5.459	3.266	2.784	4.209	5.428	5.860	10.526	7.449	2.956
16.538	5.486	3.501	5.112	2.839	6.562	4.619	6.127	5.042	13.464	8.575	0.173
14.274	4.382	3.900	4.340	2.296	5.382	6.759	5.283	4.694	14.509	7.181	3.291
16.325	6.403	3.794	4.567	9.469	3.292	6.877	4.433	4.776	19.276	8.288	0.284
19.990	5.468	2.344	6.593	2.242	5.226	5.609	3.993	5.316	2.734	3.427	3.840
7.763	6.938	4.563	5.510	2.062	4.230	5.434	4.186	5.386	9.100	6.460	4.236
-6.034	4.924	-7.078	13.853	-8.003	-7.998	-6.779	-6.162	9.680	8.236	9.261	0.494
-7.377	8.187	-7.743	15.974	-6.870	-8.003	-5.904	-8.198	5.153	3.594	7.076	2.529
-7.097	6.524	-7.974	16.995	-5.948	-8.301	-6.628	-7.802	1.146	4.923	6.247	4.465
-6.776	5.065	-6.801	11.232	-7.571	-6.779	-8.680	-7.042	6.769	3.724	9.826	0.352
-8.567	4.417	-5.514	1.994	-6.407	-6.871	-7.851	-5.580	8.256	19.329	1.334	2.902
-6.570	8.549	-6.581	16.982	-5.399	-7.384	-6.969	-6.992	0.937	18.449	5.322	4.540
-7.840	4.899	-7.263	7.460	-6.884	-7.189	-5.242	-8.162	1.968	12.833	3.464	4.104
-6.479	7.957	-5.474	11.366	-5.936	-7.207	-6.068	-5.985	0.781	8.174	5.755	0.294
-7.261	7.504	-5.343	17.489	-7.822	-6.326	-6.713	-5.827	7.443	13.214	0.527	4.659
-6.991	8.857	-5.843	0.475	-6.973	-7.043	-6.746	-8.144	9.671	4.886	5.788	0.118
-5.401	2.226	-7.699	15.561	-7.303	-6.560	-8.344	-8.134	2.680	15.674	9.666	4.251
-5.842	4.817	-6.516	2.147	-7.440	-7.050	-6.516	-6.339	6.282	17.421	4.521	0.458
-9.057	5.778	-7.125	12.918	-6.473	-6.951	-6.702	-7.151	2.566	2.911	8.192	4.328
-6.817	4.284	-6.551	3.206	-7.472	-7.210	-6.859	-6.823	1.133	15.263	7.790	0.001
-6.015	3.659	-7.314	2.920	-8.658	-6.484	-8.373	-6.957	8.932	0.658	6.565	4.342
-6.497	9.359	-6.305	7.146	-6.205	-6.802	-7.707	-5.471	6.757	6.390	7.756	1.755
-8.406	0.387	-6.986	12.296	-8.189	-8.857	-6.714	-8.520	2.083	15.594	5.244	1.140
-8.600	4.932	-6.789	6.599	-6.323	-7.095	-7.751	-6.100	6.915	0.856	4.964	3.375
-6.552	1.986	-7.545	14.950	-6.426	-7.290	-8.260	-6.384	4.002	14.507	9.484	3.475
-6.531	9.029	-6.522	14.764	-7.427	-6.912	-7.786	-6.378	6.668	14.611	1.216	2.783
-6.614	2.695	-8.357	9.510	-8.609	-6.329	-5.936	-6.633	4.190	5.558	0.830	1.616
-6.178	2.519	-6.742	10.540	-6.096	-6.023	-5.555	-8.289	7.213	0.012	5.823	1.786
-7.683	1.183	-6.919	14.720	-7.327	-6.556	-4.915	-7.787	5.842	3.051	0.037	1.516
-8.088	5.314	-6.835	4.330	-6.517	-7.160	-7.434	-7.511	9.866	18.888	4.267	0.325
-9.178	7.199	-7.229	4.971	-8.413	-5.680	-7.032	-8.010	6.382	4.661	8.745	2.860
-6.376	7.477	-5.487	9.544	-7.142	-4.673	-6.137	-8.244	9.225	11.838	6.438	3.515
-7.526	3.398	-7.680	6.040	-6.910	-7.756	-7.846	-6.824	4.324	2.782	1.148	1.910
-6.667	2.292	-8.287	16.916	-7.055	-7.067	-6.698	-5.580	5.842	6.833	5.246	1.847
-6.983	3.838	-6.032	4.329	-8.358	-5.883	-5.014	-7.289	2.209	3.602	2.840	4.962
-7.586	5.981	-6.069	11.791	-8.147	-7.925	-6.900	-6.213	3.063	5.989	4.377	3.838
-7.262	7.273	-8.203	1.356	-8.219	-8.049	-7.516	-7.378	0.469	5.615	9.398	3.649
-6.348	2.262	-8.165	0.754	-8.057	-7.656	-7.928	-7.109	9.398	18.901	8.836	2.161
-8.695	2.077	-6.978	11.042	-6.291	-7.460	-6.317	-7.734	5.476	17.936	7.417	1.120
-7.164	1.453	-8.291	16.965	-7.526	-5.798	-7.965	-8.493	3.827	12.247	3.481	4.456
-7.871	1.279	-4.891	13.705	-6.384	-4.995	-7.947	-6.256	4.527	17.646	0.710	1.557
-7.485	7.507	-8.129	11.951	-6.948	-5.892	-6.827	-8.798	0.700	16.445	6.746	0.580
-6.559	9.791	-6.442	11.075	-5.806	-6.073	-6.089	-6.924	4.835	15.493	2.908	1.968
-5.678	5.340	-6.333	3.608	-5.555	-9.388	-6.145	-7.003	4.179	18.979	6.921	4.754
-6.154	8.081	-6.645	8.912	-7.616	-6.586	-6.440	-6.799	3.222	10.147	8.700	3.135
-6.280	7.336	-6.747	19.473	-5.619	-6.832	-6.507	-6.774	0.975	18.841	2.395	2.987
-5.734	7.614	-6.676	17.830	-8.023	-4.115	-6.481	-6.415	6.433	1.940	3.755	3.962
-6.414	4.621	-7.763	15.013	-6.353	-7.479	-7.457	-6.508	9.414	12.154	9.778	2.396
-7.122	4.874	-6.770	11.944	-7.965	-7.358	-7.712	-8.308	7.638	15.518	2.986	3.287
-5.592	5.781	-6.937	8.400	-8.595	-7.989	-6.092	-6.654	3.554	17.012	3.627	1.844
-8.138	5.490	-8.370	0.576	-4.621	-7.618	-7.948	-7.969	1.156	19.801	1.357	3.853
-5.356	0.101	-7.490	7.111	-8.700	-5.763	-5.379	-6.641	9.652	18.106	5.443	3.549
-7.633	3.249	-6.820	18.128	-7.776	-8.084	-7.987	-7.042	4.830	2.837	3.314	1.834
-7.443	3.265	-8.444	11.709	-9.462	-8.117	-6.896	-7.030	2.856	15.043	2.400	4.079
-6.172	9.946	-7.232	19.273	-7.337	-6.048	-8.311	-6.267	0.473	5.390	5.402	4.560
-6.778	1.959	-8.189	13.781	-4.463	-6.466	-9.299	-7.085	8.130	1.126	0.823	1.004
-7.452	7.983	-7.924	2.252	-9.011	-7.483	-7.431	-8.090	8.532	15.201	8.451	0.714
-7.342	6.011	-7.246	15.576	-8.168	-6.394	-7.477	-5.605	1.622	4.856	3.421	2.217
-7.240	6.157	-6.206	1.959	-8.166	-6.463	-7.141	-6.635	5.751	0.555	3.615	4.775
-5.648	3.033	-7.566	15.036	-5.911	-5.725	-7.505	-6.958	5.306	15.643	9.974	3.566
-5.551	9.282	-8.352	12.742	-4.939	-6.856	-9.043	-7.693	9.152	0.418	8.186	1.461
-7.290	9.562	-6.551	6.102	-9.365	-5.538	-7.230	-6.523	3.562	18.950	2.653	0.574
-6.248	6.520	-6.655	7.084	-8.823	-7.796	-7.117	-7.140	2.066	16.545	6.858	1.325
-6.478	7.430	-7.208	6.932	-6.499	-8.641	-8.301	-5.316	5.873	1.514	4.421	4.927
-6.750	9.050	-5.586	1.758	-6.981	-6.597	-8.744	-5.453	4.587	19.343	8.113	2.959
-7.490	3.904	-5.517	7.790	-6.104	-5.401	-7.190	-6.443	3.076	16.314	5.017	3.249
-6.274	4.640	-7.723	10.067	-7.721	-7.350	-7.657	-6.107	3.827	9.583	5.160	0.907
-6.357	2.347	-7.217	1.846	-8.090	-6.196	-6.664	-5.058	5.559	4.356	8.202	2.182
-5.590	6.049	-6.107	9.009	-7.291	-7.599	-7.033	-6.561	3.865	6.522	6.775	0.936
-7.439	5.293	-7.405	16.452	-7.296	-7.804	-6.407	-7.616	6.487	8.723	4.268	1.985
-7.050	4.202	-8.712	8.739	-7.290	-7.144	-6.216	-6.318	9.444	5.562	8.479	1.214
-7.996	4.317	-10.156	2.831	-6.434	-6.589	-8.059	-5.894	4.244	12.173	7.687	0.446
-9.229	7.325	-5.811	3.704	-7.238	-7.683	-6.007	-6.777	0.224	3.888	4.900	4.479
-6.853	4.168	-6.215	15.949	-7.340	-6.358	-6.508	-6.787	7.696	4.225	3.229	1.925
-10.334	8.793	-7.377	9.773	-7.435	-6.098	-8.177	-6.339	5.468	2.485	9.557	2.649
-6.516	6.349	-5.727	8.410	-7.291	-6.782	-6.920	-6.237	7.039	6.952	6.709	0.333
-6.957	6.299	-7.744	1.834	-6.467	-7.845	-7.303	-6.393	6.716	5.444	9.304	3.831
-6.449	9.273	-8.535	16.894	-8.477	-7.330	-6.644	-7.963	6.554	0.983	0.720	3.071
-6.557	4.060	-5.895	13.277	-6.503	-7.439	-5.885	-6.756	8.310	9.742	4.854	1.078
-6.779	4.553	-8.187	17.013	-7.924	-7.260	-6.238	-8.496	6.534	3.167	1.519	4.860
-5.978	9.339	-5.585	7.103	-6.047	-5.799	-4.858	-6.305	4.442	12.751	9.138	1.486
-5.624	9.782	-7.140	1.978	-5.074	-5.816	-7.018	-6.243	7.170	3.724	8.341	2.426
-5.294	8.425	-7.414	10.110	-7.961	-7.213	-6.001	-9.416	9.750	2.426	3.508	0.147
-8.113	3.015	-5.489	1.402	-7.073	-8.467	-7.038	-4.844	2.032	15.186	3.731	4.991
-5.374	8.202	-8.061	0.261	-7.081	-5.341	-6.731	-5.822	8.543	7.684	2.179	3.742
-5.458	1.568	-6.928	1.207	-8.363	-7.621	-7.060	-7.910	0.882	16.679	2.923	2.950
-6.965	4.783	-8.174	14.350	-6.399	-7.231	-7.215	-6.622	4.027	11.735	2.790	0.683
-7.775	3.620	-7.341	19.087	-5.995	-7.714	-7.094	-6.797	0.419	0.258	9.604	2.968
-7.456	9.149	-8.108	2.825	-7.058	-6.851	-5.585	-7.387	7.117	2.747	3.499	4.477
-8.022	8.408	-7.042	5.703	-6.992	-5.617	-7.388	-9.064	3.406	8.023	1.289	4.294
-9.367	5.378	-7.335	1.074	-7.497	-4.915	-6.357	-6.585	5.549	11.433	6.481	3.978
-5.127	7.734	-9.007	11.825	-7.429	-5.299	-6.196	-7.467	9.946	6.273	0.437	3.876
-7.245	6.770	-4.951	16.473	-9.071	-6.845	-6.318	-6.974	1.151	12.090	0.250	1.273
-6.162	3.053	-5.997	7.026	-7.682	-6.716	-6.029	-6.639	9.008	1.828	7.536	0.030
-7.096	8.680	-8.360	4.897	-6.302	-7.001	-6.747	-7.376	4.528	19.822	8.678	3.160
-7.549	0.780	-5.255	13.604	-7.931	-6.891	-6.809	-7.839	2.681	1.787	2.845	0.534
-9.223	7.030	-9.207	11.068	-7.154	-6.314	-6.017	-5.640	1.330	14.317	1.009	1.419
-7.016	3.175	-5.852	5.378	-7.355	-6.439	-8.030	-5.861	4.276	14.536	7.749	3.368
-5.936	1.253	-7.141	9.899	-7.600	-6.211	-5.712	-7.346	4.925	2.817	3.857	1.256
-7.527	2.108	-5.616	3.639	-6.495	-7.772	-7.641	-6.736	0.108	12.038	4.999	0.460
-6.919	9.307	-7.106	7.496	-8.509	-7.580	-8.546	-7.618	9.420	17.912	7.234	0.589
-7.628	2.057	-7.471	4.686	-10.623	-6.876	-8.159	-6.957	4.647	13.882	1.410	3.192
-5.547	8.998	-6.748	3.301	-8.059	-8.996	-5.584	-7.791	6.898	5.764	8.300	1.883
-6.580	1.247	-7.436	13.701	-8.400	-7.804	-5.589	-8.227	8.466	4.383	5.847	0.283
-8.057	5.925	-6.864	3.351	-7.709	-6.038	-7.301	-5.322	5.745	16.285	5.810	4.440
-9.472	5.542	-8.357	17.765	-6.230	-6.600	-5.125	-5.505	7.068	6.533	7.116	2.743
-6.234	6.903	-6.508	19.610	-6.975	-5.331	-7.275	-4.934	2.078	11.017	5.353	1.111
-7.537	5.731	-6.616	5.273	-8.294	-5.330	-8.771	-9.290	5.529	14.308	4.511	3.423
-4.550	8.705	-6.187	10.436	-8.562	-6.872	-7.813	-8.053	1.878	17.324	9.454	3.563
-7.681	2.975	-6.803	0.800	-5.109	-8.874	-9.820	-8.196	5.098	18.743	6.990	3.143
-8.093	2.955	-8.425	18.895	-7.207	-7.978	-7.991	-7.538	1.678	0.900	2.919	2.449
-5.801	1.141	-7.541	11.693	-7.973	-5.312	-6.430	-6.180	5.982	18.370	8.484	0.853
-8.533	4.522	-6.461	1.414	-7.780	-7.578	-5.623	-6.702	9.608	4.900	2.319	3.209
-8.687	4.952	-6.077	3.266	-9.052	-7.417	-6.860	-6.486	8.282	12.678	3.601	0.980
-7.040	8.299	-5.267	3.494	-8.221	-7.071	-8.623	-8.063	8.052	18.945	1.468	1.071
-5.764	0.471	-6.261	4.766	-7.470	-6.516	-7.645	-7.028	1.897	12.593	2.605	3.787
-6.061	9.599	-7.377	1.832	-7.250	-6.834	-7.426	-7.246	5.522	9.279	9.499	3.317
-6.693	5.917	-7.810	16.577	-7.798	-6.840	-8.660	-7.197	2.399	10.157	8.467	3.589
-7.443	0.990	-4.905	19.280	-6.483	-8.202	-7.526	-6.495	9.959	17.537	5.107	2.123
-6.339	9.173	-5.764	16.320	-6.049	-7.591	-8.647	-7.601	8.942	18.046	9.866	4.128
-7.930	4.419	-6.774	4.306	-6.754	-6.504	-5.342	-8.514	9.414	8.512	9.846	1.277
-7.671	2.359	-8.108	10.983	-7.395	-8.780	-6.372	-5.348	4.234	6.380	2.320	3.456
-7.172	6.636	-8.293	3.930	-6.717	-7.586	-8.186	-7.542	2.198	5.434	7.318	1.797
-5.901	3.996	-6.669	4.875	-7.022	-5.299	-6.320	-5.684	5.931	0.661	2.583	2.684
-7.768	5.235	-5.653	18.649	-8.312	-6.132	-7.193	-9.129	3.006	12.869	7.006	4.363
-6.109	0.670	-5.839	3.467	-8.647	-6.761	-5.869	-6.449	3.813	6.382	8.923	3.116
-6.860	3.192	-6.605	9.523	-5.960	-5.808	-7.367	-7.443	0.359	16.498	1.691	4.686
-8.273	0.952	-7.350	15.237	-5.559	-6.422	-7.679	-8.157	2.447	16.030	6.116	2.337
-5.862	5.219	-7.335	11.427	-7.441	-7.574	-6.856	-7.053	6.968	16.356	8.571	4.637
-7.071	4.602	-7.784	3.254	-7.660	-6.672	-8.188	-8.839	5.090	7.721	5.679	4.160
-6.299	4.734	-6.501	12.682	-8.506	-6.534	-7.693	-7.884	8.111	9.598	5.238	0.786
-6.627	8.009	-6.917	6.376	-5.983	-6.559	-8.501	-7.499	0.760	5.386	3.511	3.323
-6.843	3.642	-6.700	14.593	-6.337	-7.820	-8.523	-8.267	5.889	0.331	8.611	2.657
-7.561	4.140	-7.505	16.375	-7.059	-5.340	-7.993	-6.209	4.401	19.182	7.202	3.929
-4.180	7.672	-5.749	18.176	-6.341	-7.417	-6.693	-6.555	6.119	16.285	8.018	4.368
-6.618	7.389	-4.393	6.204	-7.099	-8.474	-6.772	-6.714	4.838	12.970	5.052	3.129
-9.481	1.387	-5.606	0.236	-4.422	-8.433	-7.888	-7.831	4.600	13.995	5.919	2.440
-7.446	2.951	-5.219	13.987	-7.865	-7.159	-7.956	-7.878	9.473	16.483	4.911	0.922
-6.452	4.457	-8.947	10.087	-7.763	-6.736	-7.184	-5.458	1.501	19.668	4.671	2.593
-4.986	2.177	-7.130	10.195	-6.963	-7.579	-5.556	-6.244	7.467	13.827	9.668	0.949
-6.395	9.405	-7.668	14.756	-7.813	-7.085	-6.327	-5.759	7.902	12.612	7.099	1.031
-8.337	0.964	-5.286	14.524	-5.702	-5.496	-7.757	-7.358	9.781	0.574	0.439	2.662
-6.598	7.820	-6.785	0.271	-8.214	-7.473	-5.345	-7.182	8.632	0.551	8.909	3.125
-7.029	1.895	-5.106	3.070	-8.201	-7.870	-7.814	-8.576	1.955	6.628	0.794	1.951
-8.357	8.801	-5.713	9.335	-6.312	-5.595	-5.932	-6.390	1.144	13.519	4.968	1.254
-7.409	3.397	-7.524	9.082	-7.955	-6.910	-6.835	-7.697	1.309	4.789	7.140	3.596
-7.415	9.670	-6.935	1.426	-8.645	-8.456	-6.765	-6.068	0.977	17.224	1.841	0.764
-7.365	9.675	-7.902	7.654	-6.295	-8.710	-5.279	-5.826	2.480	9.924	4.233	3.885
-6.364	9.684	-7.460	8.121	-6.451	-7.367	-7.484	-7.944	4.281	14.478	0.579	1.481
-7.082	0.156	-5.546	18.683	-6.124	-6.622	-4.924	-6.077	2.511	11.485	7.349	1.406
-6.229	4.477	-5.421	4.077	-8.006	-6.564	-5.869	-6.839	7.181	3.750	8.354	0.974
-6.292	1.773	-6.009	13.708	-5.857	-7.231	-7.363	-7.578	3.696	19.623	2.899	1.437
-6.651	1.953	-8.103	10.653	-7.376	-5.934	-6.523	-5.633	2.211	7.925	5.611	4.138
-8.351	9.091	-6.670	7.057	-7.335	-7.199	-6.115	-7.176	9.627	8.827	0.016	3.403
-6.952	7.758	-6.052	5.736	-6.829	-4.492	-7.796	-9.082	2.601	4.080	6.014	2.392
-8.373	8.775	-7.110	16.493	-7.294	-6.529	-5.837	-6.566	1.577	13.882	1.647	1.211
-7.931	6.647	-6.999	18.932	-7.088	-6.143	-7.744	-6.563	6.096	10.119	8.283	0.803
-6.886	6.344	-7.480	5.336	-5.296	-6.212	-6.228	-6.441	8.449	2.895	1.567	0.327
-8.890	1.259	-7.586	7.030	-5.672	-8.046	-7.647	-8.406	8.787	9.682	6.451	3.379
-7.975	3.853	-4.760	19.617	-8.311	-8.153	-6.884	-7.271	0.027	6.253	9.153	1.559
-7.513	7.809	-7.852	14.307	-5.405	-8.063	-6.543	-5.332	7.594	18.904	1.790	4.948
-8.036	4.677	-5.196	3.478	-5.449	-7.112	-7.208	-5.438	4.310	14.934	2.574	0.588
-9.409	3.600	-8.044	19.470	-6.411	-8.538	-7.257	-6.790	3.633	10.319	4.908	0.815
-7.064	4.357	-6.990	10.342	-6.535	-6.721	-7.376	-6.991	7.012	8.496	8.871	1.992
-6.714	2.229	-7.939	19.958	-8.139	-7.475	-6.455	-6.644	0.229	16.976	1.326	1.298
-6.988	5.626	-5.165	5.128	-7.676	-7.374	-8.239	-7.059	1.893	15.566	3.646	2.574
-6.234	8.825	-5.768	2.191	-7.783	-7.487	-7.157	-7.268	2.200	18.449	7.932	0.551
-5.212	8.122	-7.006	13.181	-7.041	-6.111	-8.368	-7.700	3.029	9.573	8.130	1.636
-7.729	0.406	-6.189	15.385	-8.416	-7.446	-9.093	-6.896	8.911	2.171	4.515	4.361
-6.205	8.818	-7.499	18.539	-6.750	-8.205	-6.466	-5.529	0.836	1.297	3.755	3.046
-5.979	7.181	-6.778	11.998	-6.720	-8.341	-8.343	-9.227	3.904	3.733	9.162	4.026
-6.140	2.323	-8.298	12.326	-6.720	-7.057	-6.971	-8.244	8.624	16.298	8.971	4.682
-5.885	3.857	-5.761	6.113	-6.496	-6.685	-7.449	-7.058	9.921	4.749	2.203	2.480
-6.193	0.970	-7.389	4.778	-8.008	-6.876	-6.422	-6.264	6.648	16.866	3.669	2.815
-6.636	9.088	-6.955	4.740	-8.471	-8.204	-4.652	-6.815	6.693	0.731	4.422	2.212
-6.551	6.338	-7.312	7.746	-5.584	-5.904	-7.017	-7.736	8.419	11.260	6.816	3.546
-5.639	1.753	-6.578	6.753	-6.314	-8.238	-7.125	-8.194	8.730	0.229	6.394	1.937
-5.241	4.330	-6.837	10.605	-7.504	-7.701	-5.701	-8.640	2.685	12.501	4.154	4.692
-6.445	5.959	-6.515	18.690	-7.226	-7.012	-6.390	-7.224	7.329	6.538	6.816	0.283
-7.635	2.935	-7.277	11.108	-6.764	-7.209	-6.072	-7.174	8.030	14.103	5.149	1.076
-5.644	5.188	-6.609	18.234	-7.955	-6.902	-5.426	-8.236	6.961	1.966	5.157	2.237
-7.630	0.866	-7.775	8.362	-6.084	-7.845	-6.447	-7.013	8.732	10.431	1.373	0.048
-6.971	2.196	-6.987	16.269	-7.998	-7.497	-5.740	-9.101	2.153	6.331	2.312	4.523
-5.244	4.810	-6.850	4.585	-6.748	-6.930	-7.314	-7.366	6.337	13.949	1.062	3.238
-7.910	5.266	-4.955	13.467	-7.078	-6.539	-7.485	-7.084	0.835	14.283	2.595	3.783
-6.624	2.919	-7.648	6.707	-5.249	-6.352	-7.373	-6.911	3.979	6.263	0.014	1.002
-6.551	2.744	-6.575	9.763	-7.097	-8.854	-7.614	-7.909	7.701	16.110	6.012	2.093
-9.004	0.491	-7.217	17.486	-5.792	-8.571	-6.768	-7.527	4.742	19.363	6.727	2.735
-7.811	7.588	-7.484	13.536	-6.815	-6.881	-5.391	-8.209	8.691	17.526	7.129	3.402
-8.450	6.157	-6.224	0.315	-6.937	-6.748	-6.064	-7.325	3.909	15.297	9.794	1.343
-5.813	7.078	-5.259	12.479	-6.294	-7.283	-8.026	-7.780	5.400	9.736	9.526	1.441
-6.938	8.265	-6.768	16.660	-7.643	-7.571	-6.131	-7.967	1.137	9.071	8.281	3.228
-6.177	1.818	-7.165	16.974	-6.187	-6.619	-7.449	-6.500	1.059	6.626	8.599	0.760
-7.861	1.618	-6.382	17.774	-7.602	-6.983	-8.610	-7.308	3.525	7.694	2.713	3.230
-7.881	1.940	-7.469	2.446	-7.217	-5.470	-7.711	-8.635	6.285	9.916	8.335	4.920
-7.432	9.097	-8.029	1.539	-6.480	-9.022	-6.833	-5.983	6.565	8.514	2.766	2.063
-7.477	8.298	-6.889	5.373	-7.093	-9.201	-6.589	-4.553	3.101	6.809	6.064	0.627
-6.870	0.891	-6.485	16.158	-7.098	-6.748	-6.449	-8.368	8.332	8.821	4.940	1.710
-7.086	4.261	-8.356	11.583	-7.131	-5.120	-8.240	-7.958	9.916	5.299	2.894	4.888
-6.882	8.845	-6.847	11.636	-7.645	-8.466	-5.671	-7.235	6.677	14.856	7.567	1.839
-7.597	5.850	-7.397	10.145	-7.228	-6.093	-8.200	-5.853	1.456	0.336	8.230	0.271
-6.671	1.654	-7.603	0.593	-6.781	-6.001	-6.296	-5.448	1.609	18.937	4.279	0.490
-6.729	5.776	-7.521	8.782	-6.296	-6.621	-5.492	-7.427	2.678	9.908	8.411	4.115
-6.956	5.223	-6.092	6.828	-6.169	-7.372	-8.314	-6.811	1.539	4.253	3.713	1.335
-6.140	9.412	-7.892	11.189	-7.981	-5.165	-5.325	-8.015	8.503	4.970	1.956	4.184
-5.936	5.742	-8.397	19.039	-5.985	-5.918	-7.275	-7.898	8.505	15.465	3.455	4.836
-9.084	7.111	-9.938	12.731	-5.201	-7.235	-7.455	-6.657	4.620	11.544	6.421	1.002
-7.222	5.095	-7.886	5.673	-8.710	-6.671	-6.168	-7.428	3.751	3.451	4.197	2.192
-8.390	5.781	-5.539	9.495	-5.985	-6.912	-6.752	-6.851	0.270	7.254	6.899	2.933
-9.254	7.864	-5.630	6.714	-7.299	-7.101	-5.823	-6.452	6.495	17.331	2.080	4.242
-5.857	5.691	-5.526	3.147	-7.363	-7.394	-7.675	-8.898	0.173	15.382	7.529	4.706
-6.370	5.319	-7.210	9.555	-7.332	-6.960	-7.482	-7.164	2.669	5.120	8.735	3.516
-7.916	8.827	-5.742	9.202	-6.951	-7.206	-7.690	-7.556	5.869	8.944	5.534	3.887
-7.414	1.218	-6.591	9.642	-8.373	-6.042	-6.149	-6.869	1.097	11.383	3.928	2.985
-8.264	9.524	-8.543	7.054	-5.477	-6.598	-7.527	-8.267	5.801	15.844	2.066	4.020
-5.815	5.715	-6.478	14.754	-5.556	-7.005	-8.376	-5.812	3.838	7.743	7.049	0.497
-7.583	4.039	-7.048	19.303	-5.665	-6.683	-6.906	-7.516	6.197	10.214	0.363	1.973
-7.906	1.836	-7.937	3.210	-7.446	-5.925	-7.143	-8.859	5.412	19.535	0.022	0.244
-7.052	8.511	-6.199	16.672	-7.107	-7.355	-6.387	-6.651	7.493	4.819	9.744	2.243
-7.675	5.952	-11.297	14.900	-8.578	-7.135	-7.779	-7.490	7.989	17.109	4.622	1.174
-6.741	1.648	-6.603	11.869	-6.528	-7.769	-7.973	-9.259	0.675	14.844	7.503	0.904
-7.391	7.016	-5.635	17.799	-8.293	-6.423	-7.625	-6.016	1.617	4.662	2.321	2.172
-8.177	4.291	-6.640	15.496	-7.594	-7.458	-5.466	-9.072	0.026	2.888	5.733	3.442
-7.737	8.236	-7.058	4.226	-7.623	-6.867	-6.082	-5.863	7.873	5.171	5.582	4.521
-6.592	8.775	-7.554	15.659	-6.470	-7.494	-6.915	-8.282	8.395	2.666	8.618	0.454
-5.897	7.254	-7.359	4.238	-7.589	-6.852	-6.912	-6.618	4.967	12.652	1.743	4.872
-8.543	3.480	-7.555	4.739	-6.770	-7.212	-7.748	-6.738	6.604	18.476	1.513	4.056
-7.182	6.674	-7.501	1.021	-6.371	-4.883	-7.381	-6.171	8.271	17.108	7.208	3.714
-5.964	0.326	-6.888	6.740	-5.638	-7.866	-6.552	-7.298	2.558	18.899	2.571	3.555
-8.811	9.750	-6.694	19.569	-7.289	-7.156	-5.444	-7.635	5.215	1.828	3.303	2.061
-7.231	6.543	-7.652	2.085	-6.617	-9.445	-6.675	-6.262	3.818	15.585	6.219	3.279
-6.481	9.967	-4.988	13.876	-6.244	-5.976	-6.588	-7.107	8.292	6.780	1.560	3.897
-6.698	9.648	-5.770	10.299	-4.764	-8.265	-8.837	-7.922	4.065	3.456	7.226	0.888
-6.090	2.225	-5.749	2.204	-5.205	-7.455	-8.949	-9.363	6.042	0.436	3.311	1.624
-7.454	3.690	-6.877	5.134	-5.813	-5.522	-5.852	-7.438	1.660	2.931	2.251	4.426
-5.770	1.502	-7.379	18.052	-6.446	-5.691	-7.560	-7.065	5.090	17.133	3.300	2.326
-7.287	4.383	-7.675	17.960	-6.050	-8.451	-7.302	-6.877	9.589	8.149	6.788	4.208
-5.338	6.190	-5.835	5.082	-6.267	-6.311	-7.765	-6.154	1.575	10.056	2.621	0.424
-6.460	6.701	-6.459	2.273	-6.948	-7.158	-8.006	-7.442	2.372	18.470	5.141	0.306
-5.877	8.005	-7.441	4.965	-6.552	-6.952	-7.330	-6.321	3.743	6.382	1.121	3.120
-7.115	2.301	-8.570	12.380	-7.768	-6.943	-5.438	-7.282	5.327	1.401	0.588	4.919
-8.049	0.330	-8.440	15.944	-5.768	-5.969	-6.207	-5.325	0.492	12.327	2.362	0.059
-7.920	5.468	-8.107	16.024	-8.698	-7.035	-6.159	-5.863	3.008	3.883	8.594	2.382
-6.969	4.976	-7.097	7.084	-6.905	-7.201	-8.760	-6.961	4.675	0.976	5.310	1.590
-7.439	5.335	-6.725	3.064	-7.240	-6.327	-7.625	-7.245	0.492	13.525	6.186	2.448
-6.995	9.738	-7.215	19.949	-6.969	-6.353	-6.632	-6.861	9.389	11.587	4.686	0.107
-7.420	3.244	-8.486	5.747	-6.130	-7.138	-8.711	-7.532	8.418	15.463	4.396	1.401
-7.979	1.676	-7.452	4.400	-5.071	-10.308	-9.354	-8.410	4.384	9.279	4.358	0.069
-5.827	0.757	-6.550	8.360	-5.593	-8.949	-5.577	-7.956	5.190	16.515	2.848	1.592
-6.688	4.928	-6.256	12.644	-6.712	-6.742	-6.425	-7.502	6.111	19.771	2.172	4.416
-7.483	1.989	-7.620	16.117	-7.647	-6.587	-7.088	-5.325	9.995	14.058	9.176	2.006
-7.143	0.418	-7.156	1.815	-6.508	-6.139	-8.932	-6.881	7.796	13.568	4.536	0.788
-7.359	3.230	-8.173	3.573	-6.675	-6.339	-7.512	-5.682	9.687	18.511	2.167	3.218
-6.796	8.665	-6.335	3.309	-5.605	-5.600	-5.990	-7.179	9.051	2.175	0.992	2.795
-8.059	6.086	-4.152	2.687	-7.565	-8.660	-7.008	-6.878	6.114	2.631	6.344	2.415
-6.267	9.803	-6.233	10.932	-7.758	-8.394	-6.098	-7.272	4.362	2.145	5.410	2.049
-8.036	8.786	-5.845	0.789	-6.935	-7.447	-6.194	-10.312	1.976	10.067	3.228	3.905
-7.914	0.234	-6.836	13.590	-7.544	-7.637	-6.586	-7.476	4.061	4.722	4.249	3.503
-5.675	4.412	-6.038	10.477	-6.861	-6.535	-7.669	-6.848	2.254	5.773	8.395	2.527
-7.266	8.821	-5.482	19.404	-7.094	-6.616	-5.894	-7.046	3.297	11.556	9.884	4.304
-5.625	4.073	-7.554	0.962	-6.815	-7.814	-8.322	-6.894	7.991	4.291	2.063	1.940
-7.312	2.091	-7.058	12.087	-6.570	-9.879	-8.016	-5.893	9.992	11.167	3.993	0.408
-6.454	8.301	-6.006	19.808	-7.296	-5.362	-7.056	-8.882	6.233	4.605	6.912	3.387
-6.211	9.742	-7.042	11.987	-7.754	-7.196	-6.479	-8.185	6.593	6.287	8.192	1.156
-6.920	2.280	-6.512	4.603	-5.859	-6.041	-6.995	-6.392	7.622	18.216	6.989	4.532
-7.942	4.185	-6.681	0.955	-7.412	-6.296	-8.710	-9.275	0.433	2.163	1.132	2.197
-7.712	3.297	-6.566	19.734	-6.429	-6.505	-6.177	-6.205	3.730	12.717	3.299	3.169
-5.810	2.249	-4.822	10.531	-6.175	-6.801	-6.082	-8.534	8.517	2.623	9.282	2.151
-7.738	0.021	-6.764	15.050	-8.240	-4.869	-7.137	-7.987	3.524	4.604	0.065	0.362
-6.260	7.273	-6.816	4.853	-8.272	-6.111	-6.977	-7.388	4.587	0.419	7.882	4.148
-6.341	0.884	-6.261	13.537	-5.942	-5.219	-7.041	-5.277	1.723	13.427	0.829	1.897
-7.811	3.853	-7.680	15.108	-4.930	-6.300	-7.230	-6.822	1.197	1.823	6.787	2.354
-7.763	0.248	-6.526	14.130	-8.257	-5.622	-5.371	-8.257	3.875	18.459	6.941	3.795
-6.976	8.568	-7.070	14.826	-6.602	-9.455	-6.368	-7.185	4.829	5.533	7.502	0.885
-5.895	1.086	-6.209	8.300	-7.888	-8.406	-5.653	-5.624	9.542	11.213	0.232	0.128
-8.133	5.674	-8.934	2.744	-6.138	-6.996	-6.127	-6.264	6.177	9.866	5.297	1.842
-5.272	0.239	-7.194	13.376	-6.517	-8.459	-7.758	-5.951	7.795	10.387	5.680	2.528
-6.915	1.629	-7.231	18.320	-5.581	-6.944	-7.483	-6.462	8.477	17.805	4.303	1.602
-7.903	9.568	-7.781	5.169	-7.990	-6.284	-7.231	-7.853	0.413	8.083	5.952	4.981
-6.296	7.494	-6.137	17.019	-6.839	-7.418	-6.112	-6.796	1.843	12.656	3.571	3.379
-7.339	6.643	-7.711	2.208	-7.313	-7.347	-6.119	-5.752	3.389	19.968	9.559	2.453
-6.229	2.272	-6.675	18.953	-6.935	-6.882	-7.897	-7.414	2.585	14.080	0.807	2.025
-9.251	1.471	-6.325	9.324	-7.082	-5.946	-6.478	-5.705	8.027	5.751	9.701	0.814
-6.893	9.716	-7.934	5.253	-5.337	-7.783	-6.341	-7.076	9.526	1.579	7.582	4.573
-7.381	1.912	-5.776	16.142	-6.154	-7.328	-6.794	-5.561	6.149	18.033	0.669	4.144
-7.346	6.927	-7.917	3.567	-7.439	-6.786	-6.150	-7.303	8.084	13.358	2.426	4.535
-4.955	6.209	-6.984	4.036	-7.334	-8.148	-6.497	-5.992	3.664	3.788	3.734	3.434
-7.153	9.553	-7.157	1.354	-7.163	-7.966	-7.695	-7.850	2.517	15.370	6.564	1.993
-6.966	9.181	-7.107	0.305	-8.080	-7.120	-8.558	-7.352	6.460	9.780	2.255	1.273
-6.752	4.416	-8.595	13.154	-6.394	-6.253	-8.232	-6.407	1.217	9.666	0.082	4.973
-7.347	8.857	-7.944	18.086	-7.203	-9.167	-7.870	-7.525	3.841	14.995	3.654	0.652
-6.048	6.322	-6.588	17.340	-5.458	-6.144	-6.788	-8.836	3.588	18.990	6.486	3.709
-6.875	8.507	-5.672	10.274	-8.279	-8.051	-7.780	-3.445	6.716	15.081	4.504	2.972
-4.877	8.953	-7.224	2.269	-7.094	-8.193	-6.520	-8.221	5.689	16.602	4.738	1.491
-6.100	8.679	-7.103	19.686	-7.628	-6.082	-7.542	-7.011	2.916	5.614	4.050	0.503
-4.966	3.055	-8.084	2.455	-8.844	-6.669	-8.194	-6.016	1.928	15.973	8.999	3.582
-9.514	4.642	-8.119	1.220	-7.759	-8.228	-7.332	-6.391	7.779	1.072	7.197	1.056
-7.422	8.057	-6.865	19.230	-7.362	-7.074	-8.580	-5.966	2.867	17.268	5.537	3.917
-9.033	0.160	-6.746	18.707	-6.284	-6.997	-7.771	-7.014	2.474	7.534	7.698	2.062
-5.603	8.479	-5.886	4.130	-6.874	-6.327	-7.874	-6.256	9.284	8.455	2.017	1.852
-7.633	0.129	-5.171	11.391	-6.896	-7.130	-7.589	-7.301	2.936	18.069	1.095	3.736
-5.961	8.614	-8.457	4.946	-7.485	-5.758	-8.340	-6.062	4.794	19.638	2.709	4.913
-5.457	6.745	-7.926	14.711	-7.590	-8.104	-7.012	-7.998	2.005	17.505	4.288	3.900
-8.473	0.234	-7.569	15.182	-6.858	-6.942	-8.222	-7.697	6.710	9.500	1.287	0.270
-7.400	1.589	-5.670	7.113	-7.468	-8.160	-8.026	-8.299	5.778	0.363	7.509	0.924
-6.494	0.213	-6.152	11.966	-7.111	-5.758	-5.709	-7.080	6.679	15.616	7.532	3.080
-5.625	8.467	-8.613	18.459	-6.965	-5.975	-9.015	-6.220	3.265	13.252	7.387	3.399
-5.518	9.370	-6.588	1.405	-8.706	-5.906	-5.860	-7.601	5.431	5.332	6.388	2.663
-7.256	6.028	-6.772	7.479	-7.822	-6.825	-7.749	-8.569	0.537	6.570	9.377	1.250
-7.533	8.468	-6.910	9.439	-6.285	-7.279	-5.934	-6.838	0.449	6.746	9.159	0.673
-7.137	0.752	-6.909	5.549	-5.771	-6.374	-5.005	-6.251	7.656	18.797	6.463	2.026
-9.528	2.037	-8.655	0.810	-6.784	-7.750	-6.939	-8.433	4.560	10.266	9.823	3.176
-7.190	2.017	-7.494	13.050	-7.360	-6.602	-7.579	-5.796	5.343	17.890	4.498	3.159
-7.045	5.935	-7.595	4.439	-6.139	-7.475	-6.697	-5.679	6.384	0.780	5.500	2.503
-6.499	4.241	-6.630	3.656	-7.219	-7.455	-7.621	-5.251	2.617	14.244	5.720	0.105
-7.790	5.685	-6.359	11.371	-8.558	-9.362	-6.876	-7.777	1.468	6.928	4.354	1.129
-6.523	9.304	-6.607	0.853	-8.532	-7.767	-7.450	-6.392	7.183	6.222	4.378	1.327
-5.862	2.941	-6.759	3.045	-5.613	-6.289	-8.114	-5.252	8.198	4.473	5.991	1.355
-6.800	2.714	-6.675	19.899	-5.841	-5.477	-6.891	-5.992	5.503	5.289	7.401	4.000
-7.999	7.636	-7.643	0.738	-7.611	-7.721	-8.873	-7.054	5.460	1.673	2.267	1.138
-6.932	0.302	-5.988	17.239	-7.397	-4.816	-5.938	-6.475	2.353	13.887	3.719	0.693
-7.976	9.187	-6.418	17.499	-6.857	-6.138	-9.691	-7.597	8.539	12.645	1.796	4.267
-5.681	9.352	-7.360	17.690	-7.126	-7.012	-6.638	-7.438	1.775	11.647	0.574	0.745
-9.063	9.967	-5.806	4.424	-6.684	-6.127	-6.203	-6.871	3.644	5.605	5.227	2.253
-7.318	9.189	-6.003	16.870	-7.250	-5.082	-5.891	-6.857	8.043	5.462	4.286	4.048
-6.056	9.200	-7.581	5.372	-6.577	-7.736	-4.410	-6.181	7.842	8.438	0.136	1.751
-7.285	5.807	-6.606	6.900	-7.664	-8.123	-8.031	-4.757	9.678	6.962	4.806	0.380
-5.969	4.707	-5.805	19.244	-8.421	-5.670	-7.059	-6.758	9.730	14.075	9.388	3.014
-6.662	4.805	-6.738	6.649	-6.834	-6.922	-5.102	-7.641	9.293	11.603	9.347	4.347
-7.649	1.524	-6.208	18.761	-7.522	-8.228	-7.570	-6.837	0.772	1.669	4.631	2.673
-7.755	6.700	-7.202	4.950	-5.751	-6.864	-5.497	-6.731	9.040	17.930	0.299	3.697
-6.238	2.309	-5.831	18.995	-8.084	-5.735	-6.292	-8.543	5.225	3.110	6.948	4.466
-7.171	5.145	-7.703	16.324	-5.393	-7.177	-6.836	-6.115	1.568	8.037	5.799	4.916
-7.418	5.811	-7.044	10.166	-6.715	-6.356	-5.220	-8.605	2.220	2.795	1.852	3.523
-6.413	2.225	-7.890	11.112	-6.710	-6.372	-6.743	-6.396	2.696	15.868	8.132	0.018
-6.319	9.595	-7.833	15.991	-8.918	-6.160	-6.992	-5.581	1.102	17.294	1.525	0.799
-4.800	5.103	-6.410	5.657	-7.384	-5.948	-5.823	-6.994	8.569	1.713	4.834	4.650
-7.407	9.052	-6.882	13.921	-7.674	-7.835	-6.403	-6.354	9.208	6.067	9.099	4.742
-6.713	5.462	-6.844	6.888	-7.383	-7.066	-7.745	-8.015	3.702	15.256	7.165	2.441
-7.181	5.885	-7.467	7.928	-7.534	-7.413	-6.805	-8.417	4.724	7.620	3.235	4.921
