1.434	2.216	0.807	13.090	-0.093
0.546	-1.435	0.874	8.557	-0.010
-1.692	1.145	-0.896	7.568	0.689
-1.080	0.271	1.331	17.998	-0.211
0.233	-1.034	-0.694	5.707	1.304
-0.652	0.440	1.116	1.587	-1.063
-0.265	0.123	-0.550	12.009	0.284
-0.971	-1.748	0.340	13.876	0.194
0.152	-1.184	0.927	1.625	-0.422
-0.231	0.911	-0.093	2.935	-1.157
0.338	1.494	-1.293	0.931	0.374
-1.491	1.021	-1.525	18.756	0.364
-0.533	1.210	0.718	12.120	-0.504
0.133	0.448	0.732	1.519	-0.736
0.732	0.177	-0.559	14.851	-0.999
0.370	2.273	-0.045	19.586	-0.256
0.038	-1.742	0.486	4.135	0.838
0.843	-1.121	-1.256	14.597	-0.662
0.265	-0.134	-0.891	3.137	0.304
-0.413	0.188	0.845	12.100	-2.131
1.287	2.854	-0.028	1.167	0.438
0.535	-0.478	1.673	9.076	0.991
0.158	-0.782	0.615	1.163	-1.190
-1.912	0.567	0.793	15.997	-0.881
-0.661	-0.451	-0.768	2.789	0.660
-0.099	0.402	1.641	3.114	0.410
-1.896	2.272	-1.245	8.185	-3.014
-0.444	-0.801	-0.439	15.262	0.437
1.653	0.846	1.392	13.186	1.257
0.555	-0.207	0.239	2.365	0.529
0.340	0.496	-0.642	14.618	0.672
-0.438	1.113	-0.531	14.154	0.808
0.440	-0.361	0.050	19.945	-0.785
1.429	-1.509	-0.710	2.353	0.575
-1.899	-1.545	-1.769	11.034	-0.294
-0.742	0.083	-0.375	17.628	-1.484
-1.335	-0.139	-2.065	11.995	-0.633
0.112	-0.714	-0.626	5.784	-0.222
-0.657	0.463	0.191	17.096	0.825
0.480	0.972	-0.599	18.404	0.327
1.413	0.574	-1.635	2.916	-0.129
-0.164	1.216	0.316	13.255	0.205
-1.200	-0.848	0.541	0.925	0.915
0.612	-1.304	-0.507	17.646	0.035
-0.032	-0.169	0.188	5.611	-0.772
-0.877	1.315	-2.577	2.925	0.747
-0.008	-2.691	-0.731	16.817	1.958
-0.160	0.578	0.667	9.487	1.612
0.344	-0.311	1.007	1.429	-0.010
1.381	-0.542	1.592	18.495	-1.452
-0.121	1.366	-0.755	16.667	1.277
-0.566	-3.022	0.782	11.041	0.473
1.277	-2.358	-1.094	14.335	-0.507
1.552	0.779	-0.732	1.144	-1.006
0.724	0.537	0.022	17.964	0.338
0.642	-1.672	-0.170	5.532	-1.362
0.728	-1.479	1.118	15.243	1.355
0.352	-0.619	1.488	5.216	-0.686
-1.241	-0.423	1.208	18.060	-2.087
0.206	1.750	0.545	0.238	-0.094
0.294	0.147	0.466	17.955	-0.253
-1.040	-1.503	-0.045	7.334	-0.488
1.960	0.371	0.033	11.554	0.862
0.586	-0.727	0.340	6.739	1.300
0.666	1.049	0.729	8.703	-0.699
0.041	1.304	0.755	13.627	-0.750
0.975	-0.454	-0.024	13.059	-0.976
-1.062	0.585	0.441	1.952	-1.895
0.015	1.928	1.125	18.749	0.334
-0.625	2.000	2.027	4.559	0.137
-1.391	0.878	-0.926	11.905	-1.423
-0.654	-0.815	-0.867	13.065	0.011
-2.197	1.013	0.335	19.614	0.849
1.371	-0.251	0.014	8.932	2.241
0.356	-0.407	-2.044	6.021	0.086
0.432	0.287	-0.091	6.577	-0.902
-0.355	0.544	2.453	12.968	-0.578
-0.818	2.714	-0.011	18.151	-1.182
0.664	-1.094	0.300	14.440	0.090
0.492	1.150	0.840	4.298	-0.463
0.740	0.144	-0.535	7.263	1.960
0.775	2.580	0.040	14.910	-0.334
-0.386	-0.719	1.319	13.121	1.598
-0.530	-0.409	1.414	12.865	3.021
-1.020	-1.252	-1.147	3.035	-0.642
0.300	0.822	-1.014	18.466	0.981
0.263	-1.350	1.172	9.727	-0.104
-0.026	-0.033	0.540	8.646	2.031
-1.290	-0.731	-0.210	7.617	0.958
-1.412	-1.039	2.684	3.951	-0.097
0.473	0.230	-0.374	11.391	-0.109
0.006	-0.269	-0.419	12.557	-1.533
0.016	-1.519	0.699	14.839	0.192
-1.822	1.690	-1.445	18.378	-0.058
0.478	1.273	-0.698	8.554	0.748
-1.081	0.659	0.000	5.439	-2.310
1.784	1.381	-0.428	14.731	0.911
-0.457	-2.439	2.117	12.050	-0.750
1.248	0.097	0.775	3.628	2.080
0.238	-0.123	-0.579	6.049	1.576
0.830	0.833	-0.770	7.500	0.929
-2.115	0.027	1.296	14.251	-0.656
-0.703	0.356	2.631	5.709	1.124
-0.583	-0.362	-0.953	7.193	-0.421
0.010	-0.081	0.898	13.826	1.713
-0.972	0.656	-1.321	7.327	0.753
-0.312	1.205	-0.308	19.620	-0.094
0.619	0.355	-0.652	9.878	-0.112
-0.889	0.256	-1.029	12.962	0.190
0.768	-1.481	-0.987	11.986	0.330
1.521	0.167	0.813	19.521	1.253
0.986	-0.566	-0.589	11.351	-0.356
0.542	-0.164	0.668	3.756	-0.036
-2.382	2.266	-1.289	18.000	-0.832
0.488	2.346	1.705	11.116	0.754
0.652	-0.630	0.158	0.169	-0.703
-0.558	-0.096	0.802	3.735	0.553
-0.670	-0.589	-1.036	9.854	-0.250
-1.779	-0.135	0.790	7.749	0.208
0.589	-0.246	-0.604	4.972	-0.705
-1.472	1.035	-0.074	7.711	-1.801
2.056	0.367	0.372	0.772	0.527
-2.122	0.525	0.127	12.712	-1.520
0.338	1.296	0.474	10.632	1.249
0.126	0.346	-0.032	6.042	-2.191
-0.035	-1.032	0.038	0.394	-0.818
-0.853	0.952	0.504	19.440	0.017
2.246	0.231	-0.614	7.917	0.988
1.025	0.473	-0.760	17.298	-0.068
1.443	-1.194	-0.541	7.436	0.822
0.279	-1.986	-0.212	10.110	0.342
-1.079	-0.553	-0.109	0.761	0.371
-0.185	-0.591	0.315	16.613	2.056
-0.018	-1.953	0.785	11.412	-0.077
-2.339	0.349	-1.154	5.484	0.434
-0.269	-0.791	1.043	4.124	-0.294
0.981	-0.116	0.400	7.532	0.702
-0.718	-1.864	0.073	7.656	-0.762
0.820	0.265	2.102	8.242	-1.587
1.156	1.405	-0.177	4.221	0.271
0.786	-0.454	-0.493	1.347	-1.400
2.068	0.556	0.140	18.489	0.106
1.042	0.999	-2.168	2.135	1.860
-0.754	-2.514	-1.100	15.460	1.381
-2.732	1.741	-0.449	5.491	0.222
0.557	0.703	-0.394	0.136	1.631
0.681	-2.313	0.339	6.594	0.834
-0.948	-1.654	0.031	11.170	-0.311
1.551	-0.564	-0.145	2.482	0.244
-0.822	-1.044	-0.310	16.149	-0.267
1.302	-1.244	-1.039	7.137	0.432
-1.071	0.768	0.433	16.291	-1.592
0.423	-0.106	-0.086	19.153	-1.194
0.438	0.922	0.172	15.581	-0.988
-0.090	-1.137	-0.442	2.056	0.121
0.541	0.840	-1.338	2.138	0.017
-0.872	1.383	-1.242	1.126	1.117
1.161	-0.448	0.272	14.998	1.670
-1.226	0.248	0.789	6.089	-0.744
0.381	-1.446	1.121	12.820	-0.561
1.532	0.415	-0.443	12.467	1.501
1.845	-0.723	1.947	9.021	0.919
1.806	1.741	0.412	18.679	-0.616
-0.231	0.216	-1.786	4.131	-0.639
1.067	-0.043	-1.693	16.109	-0.718
1.390	-0.421	-1.551	1.113	0.520
-1.135	-0.974	-2.377	17.450	1.424
0.254	1.254	-0.612	17.119	-0.939
-0.275	0.531	2.293	7.601	-0.083
0.343	-0.684	0.050	6.380	-0.275
1.386	-1.642	-0.115	17.369	-1.698
0.447	-0.015	0.614	4.376	1.572
1.347	0.703	-0.981	18.645	-2.713
1.573	0.257	-0.322	14.362	-1.119
-2.163	-2.227	0.412	9.055	-0.494
-0.223	0.950	0.152	6.470	0.462
-0.342	1.897	-0.501	18.912	0.903
0.053	0.217	1.015	14.574	-1.870
1.285	1.078	1.303	17.626	0.986
1.023	-1.897	1.137	0.787	-2.239
1.216	0.142	0.415	4.390	-0.642
-0.196	0.915	-0.049	10.748	1.130
-0.816	0.064	2.012	7.919	-1.513
1.242	-1.015	0.992	0.235	0.430
0.391	-0.891	-0.650	7.619	0.151
-0.581	1.074	-1.463	11.200	1.630
-1.699	0.657	-0.074	12.813	1.026
0.207	0.245	-0.692	2.521	-1.021
-0.265	0.544	-1.424	17.650	1.011
-1.352	0.516	-0.697	13.941	-0.732
-1.237	0.956	-0.853	4.921	-0.749
1.538	0.244	-0.875	13.463	0.282
-1.389	0.186	0.071	18.334	-0.697
1.025	0.151	-0.017	0.354	-0.237
-2.057	0.417	-0.239	0.644	-0.459
-0.010	1.121	0.415	6.549	0.544
0.636	0.883	-0.664	12.604	2.689
-1.170	-0.900	-1.229	6.939	0.894
1.084	-0.418	0.361	6.477	0.207
-0.733	-0.544	0.808	15.384	-0.119
-2.217	2.214	-0.407	6.712	1.329
0.686	-0.653	1.351	19.668	-0.191
0.435	0.717	1.256	9.465	0.522
-1.486	0.174	-0.057	13.120	0.799
0.925	-1.567	-0.493	14.321	0.521
1.645	-0.060	-1.321	19.301	-0.513
-0.298	2.026	0.708	8.381	0.377
0.891	0.203	1.634	1.332	0.233
-0.394	-0.501	0.198	14.316	0.777
0.029	0.296	-1.001	13.763	-1.153
-0.346	-2.161	-0.558	8.203	0.517
0.499	1.416	-0.086	19.036	0.925
1.159	0.843	0.795	8.130	-1.247
0.463	-1.749	0.147	11.623	-1.766
0.495	1.156	0.323	15.301	1.715
1.675	0.475	0.794	2.469	-0.380
-0.254	1.136	1.851	0.698	0.379
-0.752	-0.921	0.211	17.777	-3.220
-2.366	0.408	0.782	5.471	1.347
-0.220	0.817	0.528	13.730	1.022
0.006	0.133	-1.021	6.965	0.214
0.845	-1.066	0.045	6.097	0.349
-0.446	-1.058	-0.184	19.819	-0.134
-1.817	0.040	0.442	15.021	1.290
-2.183	2.215	1.792	6.730	-0.647
-0.905	0.821	-0.679	0.934	-0.153
-0.846	1.210	-2.148	19.681	-0.589
-1.358	0.129	-0.644	2.353	-0.607
0.061	0.151	1.515	16.132	-0.197
-0.693	1.491	1.432	19.720	-0.423
0.520	1.429	-1.002	9.584	0.651
-1.327	-0.651	-0.414	7.337	-0.704
0.189	-0.809	0.074	5.702	0.640
1.310	-0.725	-0.254	8.841	-1.164
-0.571	0.718	1.291	17.254	0.826
-1.371	-0.048	0.227	5.768	-1.273
-1.429	2.404	2.025	9.556	0.884
0.847	1.389	-0.790	8.033	0.918
-0.456	1.417	1.916	7.271	-0.614
0.499	-1.259	-0.688	16.556	-2.295
-1.588	0.660	-0.999	17.977	0.452
0.497	0.677	0.882	18.659	-0.070
0.133	0.087	-1.076	17.173	0.428
0.542	1.059	0.075	3.642	-0.759
-0.388	-0.420	1.035	4.516	1.635
1.074	1.481	-1.031	13.985	1.105
-1.663	0.510	-1.384	15.481	-1.242
0.828	0.291	-1.208	19.264	-0.091
-0.839	1.195	-0.506	1.065	-0.421
1.107	1.877	2.027	6.030	-0.086
-0.650	-0.108	-0.357	18.376	-1.044
0.617	1.173	-0.700	8.189	0.468
1.634	0.412	0.922	7.925	-0.628
0.516	0.266	-0.173	14.474	-0.596
0.526	0.539	-0.993	4.827	-0.610
0.652	1.372	-0.616	14.216	-0.104
0.018	-0.061	-1.468	16.411	-2.017
0.759	0.184	1.781	14.047	-0.464
0.854	0.317	-0.448	5.065	-0.749
-0.212	1.332	0.351	5.956	-0.269
0.621	0.675	-2.711	15.378	0.512
0.955	0.783	-0.675	10.986	-1.395
-1.051	-0.097	-1.226	14.930	0.019
-0.869	1.545	0.252	19.782	-0.259
-0.721	0.526	-2.647	5.438	1.135
-0.306	1.390	0.276	9.923	-0.341
0.087	-1.693	0.654	2.525	-0.701
1.543	0.314	-0.608	0.555	1.183
-2.168	0.863	0.353	12.020	0.981
0.219	2.059	-0.392	3.191	0.606
0.630	-0.354	0.007	2.251	-0.365
-0.135	-0.222	-0.910	11.910	-1.259
-0.195	0.083	-0.259	12.085	1.244
2.222	0.603	1.408	5.713	-1.779
-0.160	0.995	-1.650	6.971	-0.492
-0.492	0.186	-1.260	16.405	0.227
-0.135	-0.427	-0.416	4.212	1.107
0.830	-0.684	-0.074	15.862	-1.237
1.093	1.132	0.381	7.027	0.807
-0.042	-0.518	0.430	11.529	0.284
0.517	-1.265	-0.184	7.305	-0.275
0.910	-1.361	0.787	0.269	-0.479
0.545	-0.204	0.044	11.580	0.515
0.893	0.583	0.279	14.640	1.180
1.863	-0.309	0.584	2.297	-0.713
-1.908	-0.409	-1.835	5.367	-2.607
0.342	1.026	-0.797	15.160	-0.355
-0.640	0.321	-0.090	2.036	0.231
0.425	0.271	0.365	4.267	1.032
0.274	0.704	0.838	19.096	0.025
-0.189	-1.581	0.776	17.854	0.504
1.309	1.044	0.006	12.526	-1.121
-1.868	-0.178	0.818	14.243	-0.142
1.007	0.299	0.786	10.178	0.446
-2.253	1.216	2.034	14.820	0.012
0.048	-1.363	0.971	6.829	-0.912
-0.980	-1.227	-1.721	3.228	0.213
-0.268	-1.031	0.715	9.157	1.911
0.005	-0.518	2.120	1.714	-0.169
-0.399	-1.747	-1.849	9.810	1.202
-0.903	-1.516	0.134	17.113	1.204
0.163	0.771	0.434	12.506	1.131
-1.431	0.480	-0.380	11.903	-0.250
1.295	-0.328	-0.298	14.151	-0.914
-0.995	1.230	0.418	13.684	0.613
-1.082	-1.927	-0.768	4.517	-0.214
-0.765	-0.018	-1.892	16.157	-0.340
0.472	0.154	-0.443	19.764	-1.082
-1.996	0.781	-0.802	9.898	0.813
0.995	1.505	-1.005	15.335	-1.126
0.523	0.409	0.299	18.976	0.839
-1.315	1.548	0.048	6.444	-1.111
0.278	1.141	1.566	7.008	-0.031
0.130	0.977	-1.002	3.713	-0.804
2.066	-0.290	-0.526	18.616	0.620
0.885	-0.801	-0.072	2.673	-0.304
-1.534	-0.756	1.248	15.077	0.790
0.192	-0.394	-1.581	17.370	0.852
1.094	-1.161	1.995	10.784	0.727
0.248	-2.081	1.761	9.063	0.131
0.637	-0.385	1.211	9.532	-1.042
-1.501	-0.422	0.906	16.093	-0.875
0.272	-0.070	1.499	14.424	-0.774
0.572	0.448	1.245	15.481	-1.542
1.976	-1.024	1.059	1.379	1.916
-0.214	-0.084	1.332	4.374	-0.959
0.660	0.364	1.185	6.451	-1.220
0.987	-0.970	-2.069	1.494	-1.169
-0.921	-0.392	-0.247	19.106	-0.755
-0.191	-0.977	0.241	18.566	1.376
0.404	0.522	1.182	19.183	-0.280
0.403	-0.116	-1.845	18.201	-1.013
1.122	0.331	-0.486	14.939	-1.211
15.619	4.685	4.789	4.429	4.715
11.679	3.074	4.944	5.072	3.886
7.689	5.615	6.277	4.930	4.154
2.380	2.480	2.826	5.619	4.940
2.109	5.934	4.361	4.334	4.875
14.224	5.000	6.168	4.676	3.261
7.890	4.929	6.220	4.300	4.258
6.272	5.630	5.635	4.964	6.202
10.076	6.291	4.263	5.521	5.190
19.558	5.213	5.901	3.863	4.478
15.801	4.538	5.145	5.781	5.969
7.064	4.161	4.171	7.111	4.138
11.088	5.590	4.653	3.502	5.299
12.531	4.327	3.856	4.520	4.573
7.824	7.105	6.318	3.812	4.759
8.473	3.973	4.702	4.715	5.972
0.832	6.427	5.901	4.600	5.661
5.684	5.021	3.321	4.065	4.894
13.805	4.527	5.306	6.202	6.188
13.972	4.061	4.735	5.367	4.877
18.472	6.585	4.220	5.151	5.932
2.133	4.222	6.618	5.542	3.744
11.534	5.961	4.639	4.626	5.246
10.442	4.174	5.375	3.842	4.250
7.276	5.401	3.475	5.671	4.507
8.671	6.195	4.179	5.055	5.465
9.156	5.225	3.619	4.710	5.374
8.091	6.660	4.913	4.580	3.586
13.181	6.121	4.085	7.190	5.998
17.081	5.336	6.170	6.512	3.365
4.414	3.182	7.243	5.032	4.011
5.644	5.876	6.332	6.053	4.221
12.509	5.167	4.694	5.170	6.407
18.383	3.894	5.579	6.161	5.248
2.716	5.757	4.655	4.453	4.616
16.955	5.292	4.640	3.736	5.824
13.754	4.180	4.718	4.067	4.055
8.684	7.381	3.157	4.102	4.076
15.389	4.531	5.101	4.939	4.472
10.187	4.059	5.294	7.101	6.687
1.736	4.808	4.073	4.395	5.301
19.147	3.564	5.955	4.038	6.397
13.200	4.763	5.668	4.091	6.478
14.528	6.009	4.707	4.123	4.576
16.644	3.939	6.388	5.087	4.887
4.257	2.742	4.302	5.584	5.054
18.711	4.909	4.732	4.176	5.560
17.976	5.007	6.838	4.171	5.102
10.749	4.062	3.796	5.707	6.795
15.536	6.699	4.001	6.072	3.231
18.009	3.309	4.590	5.301	4.972
14.679	4.825	4.705	5.249	4.174
0.497	5.315	5.047	5.394	4.356
13.417	3.267	4.651	4.705	5.701
18.570	6.559	5.448	6.966	2.931
12.125	4.152	5.086	3.738	6.213
17.242	5.985	3.349	4.009	3.824
5.445	3.840	5.652	5.192	4.658
6.244	6.829	4.306	6.365	3.859
11.853	5.614	2.819	5.063	6.774
11.580	8.029	3.377	6.208	4.338
1.530	5.113	4.907	3.759	4.606
17.148	5.231	4.783	5.398	5.181
8.654	5.065	6.145	5.999	4.352
19.845	7.093	5.213	5.170	6.054
2.386	3.097	4.658	4.667	5.007
6.323	5.606	6.207	4.619	5.152
19.714	5.148	3.238	5.287	5.344
14.650	4.738	3.584	5.472	4.531
19.892	7.917	4.714	6.277	4.844
15.501	5.264	5.447	5.170	5.100
8.379	3.569	5.660	4.083	6.287
2.450	5.549	5.043	6.207	4.463
1.804	6.061	3.958	4.816	5.279
11.638	6.223	5.517	5.259	4.112
4.346	4.682	4.671	5.350	4.397
3.633	3.922	5.891	3.719	5.353
4.366	5.966	5.825	4.632	5.368
2.212	4.734	4.560	4.767	4.776
13.292	3.988	2.842	5.813	6.971
19.338	4.150	5.187	5.615	4.429
12.543	5.520	3.920	5.631	5.813
11.503	5.257	4.981	4.700	5.425
17.308	5.160	5.401	3.775	4.740
13.026	4.253	5.706	4.636	3.413
4.524	4.992	6.966	6.705	4.798
16.767	4.127	7.028	5.347	4.429
0.116	5.159	6.316	4.689	4.851
14.247	4.880	4.525	4.519	5.017
5.211	7.123	6.013	4.369	4.532
3.218	3.408	5.718	5.545	3.215
0.613	4.388	4.632	4.778	4.654
7.837	4.304	5.188	3.772	4.310
14.035	3.797	6.540	5.284	5.460
16.423	6.069	5.685	4.584	6.120
19.949	4.751	4.386	3.100	3.702
11.072	4.099	5.072	5.849	3.665
2.389	5.419	4.069	7.250	5.148
19.029	4.486	6.166	4.261	4.600
7.055	4.994	7.717	7.324	4.771
4.908	5.152	4.431	6.090	4.946
9.171	3.080	5.347	5.662	6.303
2.581	6.348	3.732	5.877	3.599
6.558	4.895	4.936	3.445	3.327
14.144	4.369	7.040	5.056	3.680
2.362	6.303	3.217	4.050	3.838
16.015	4.443	4.788	3.355	4.668
18.368	3.709	5.700	4.942	5.066
7.672	3.878	4.545	4.701	5.907
19.145	5.573	4.918	3.890	5.400
9.559	5.424	6.064	6.023	3.828
12.558	5.019	5.144	4.801	5.402
9.423	3.990	4.813	3.368	5.225
9.772	6.671	4.549	5.064	6.194
3.728	3.112	5.343	5.423	3.614
1.793	5.733	6.078	6.195	4.048
6.218	4.702	4.401	4.153	4.399
4.597	6.123	5.490	4.877	4.637
2.056	4.817	6.410	4.777	6.226
13.073	5.844	4.058	4.547	3.787
1.739	6.519	5.018	4.858	5.353
8.607	6.458	4.729	3.527	5.597
13.046	5.604	4.424	5.741	4.671
9.249	7.107	4.420	4.375	4.812
17.114	3.304	5.242	5.045	4.823
9.235	4.085	3.612	4.292	4.910
13.723	5.011	4.283	4.795	7.107
9.697	5.496	5.488	5.749	6.348
17.249	5.745	5.892	5.223	6.163
1.423	5.879	3.623	5.258	5.126
10.778	5.129	4.948	6.598	4.290
7.034	4.599	5.958	5.143	3.946
12.302	3.537	5.066	5.573	4.518
13.403	5.269	5.462	4.434	5.267
13.576	3.840	5.629	3.258	4.240
2.728	5.349	4.089	6.362	3.614
2.342	6.129	4.698	5.256	4.302
15.588	6.164	3.817	4.373	5.991
15.989	6.200	6.543	6.635	4.817
13.985	5.253	5.256	6.933	5.029
16.294	3.825	4.499	4.914	3.574
6.060	3.972	4.533	5.064	5.046
12.434	7.255	3.242	4.212	5.061
11.190	4.725	4.862	4.704	5.064
15.443	5.904	5.095	5.135	4.555
2.642	4.732	4.755	6.571	6.108
5.663	4.275	3.330	5.670	5.751
6.809	5.860	5.714	6.336	5.937
16.059	4.624	5.530	5.319	6.242
13.094	5.120	5.898	5.629	4.265
7.492	5.164	4.265	5.698	5.069
1.243	6.451	6.422	5.420	4.733
1.430	3.819	5.271	4.964	4.457
17.434	5.465	5.505	4.837	4.491
19.921	3.973	3.742	4.532	5.346
5.287	4.794	5.617	4.911	5.254
1.298	4.050	5.705	4.308	6.305
18.452	3.319	5.477	3.457	5.239
19.821	5.965	5.279	7.577	4.733
8.026	4.062	4.296	4.350	5.894
10.743	5.442	3.575	4.374	4.390
19.824	5.035	5.318	5.753	4.207
10.384	6.203	4.898	5.183	7.026
9.851	5.607	4.391	6.029	4.939
13.335	6.139	5.126	3.410	4.600
0.741	6.348	5.046	4.815	5.591
19.900	4.967	5.922	6.601	5.889
8.870	4.758	3.963	4.437	4.354
0.674	5.569	5.216	5.810	4.598
4.935	3.005	6.360	6.088	5.168
14.741	3.614	6.128	4.561	4.035
11.851	3.464	3.816	6.512	4.569
14.174	6.205	5.023	6.361	4.849
13.846	3.893	4.599	3.911	5.125
1.447	3.929	4.677	2.795	4.273
18.831	5.314	4.709	3.553	6.285
12.526	4.316	4.789	6.398	5.729
19.957	4.190	4.680	4.876	3.734
9.926	5.352	4.264	6.994	6.255
19.905	6.027	6.586	5.280	5.002
11.316	4.238	5.070	5.576	5.133
14.062	5.472	5.098	6.569	4.175
14.063	4.473	5.243	3.164	6.808
8.954	2.570	5.786	2.793	3.522
9.069	5.995	3.413	4.816	4.377
16.887	5.806	5.158	3.238	4.203
15.981	5.921	3.644	4.514	4.698
8.118	4.089	4.567	4.380	5.108
3.344	6.361	4.438	4.608	4.929
1.325	4.400	5.302	4.423	5.068
8.802	5.830	3.757	5.729	4.895
11.608	5.654	5.939	3.932	3.873
17.944	3.212	5.333	4.937	6.404
6.984	6.226	4.112	5.101	6.164
2.712	3.839	4.975	6.503	6.038
14.530	4.951	4.189	4.454	4.821
1.715	3.806	4.074	4.273	4.419
10.248	5.580	5.927	6.338	4.718
14.477	6.893	5.569	6.379	5.650
12.197	5.407	4.372	5.372	4.971
1.541	6.074	4.661	3.468	5.794
17.570	6.379	5.861	5.529	6.361
10.520	5.171	5.036	2.138	4.732
5.628	4.117	4.773	5.335	5.808
19.627	6.059	5.322	4.704	5.366
16.155	7.314	5.164	6.511	4.763
9.643	5.993	5.183	5.595	5.014
3.030	5.848	5.690	4.789	4.972
8.436	5.327	4.624	6.549	5.906
4.429	7.012	5.546	5.689	5.173
2.625	3.779	5.222	4.647	4.765
7.388	5.433	6.338	5.415	4.645
19.365	5.455	4.469	3.969	4.629
14.656	6.627	6.309	6.927	4.002
1.498	5.410	6.113	6.329	5.119
2.959	5.255	5.362	6.367	5.610
8.256	4.428	4.892	4.651	6.861
7.840	3.924	5.890	5.387	7.007
3.898	4.273	3.778	4.747	4.399
10.241	5.621	6.147	4.693	4.730
17.071	4.868	3.813	6.661	3.968
9.614	4.796	4.334	4.831	4.599
0.875	4.230	3.989	5.088	4.362
2.948	5.630	6.144	4.797	5.918
2.568	4.765	5.494	6.305	4.886
19.376	3.471	5.412	5.074	2.779
5.207	6.251	2.890	5.101	4.836
14.823	4.620	4.332	6.608	4.958
5.914	6.333	4.052	4.238	4.793
4.904	6.790	5.724	5.420	3.124
6.384	4.525	4.408	4.283	5.527
3.636	4.260	7.177	5.021	6.399
17.015	6.218	4.056	4.135	5.103
19.256	3.822	6.254	4.185	6.857
3.790	5.232	4.539	4.393	5.379
8.453	4.788	6.328	4.671	6.126
3.941	5.412	6.084	4.052	5.591
17.140	5.857	5.820	5.369	5.266
3.604	4.830	5.658	5.883	5.148
14.828	4.849	4.323	4.547	5.599
9.662	3.475	4.366	4.958	4.402
19.054	5.824	6.035	5.674	4.485
7.742	3.887	3.617	4.570	4.705
12.320	5.705	5.127	6.766	5.708
19.029	4.868	6.097	6.127	3.313
12.868	4.189	4.988	6.107	6.578
1.489	5.942	4.921	4.639	4.309
19.718	3.985	4.572	4.071	5.499
10.346	5.401	3.019	4.845	4.522
6.584	3.767	7.698	5.637	6.848
5.092	5.238	5.002	4.848	4.969
18.187	5.605	4.941	6.338	4.036
8.460	4.097	4.704	5.111	4.102
15.164	4.321	3.316	3.594	5.247
18.178	4.424	4.874	6.191	4.246
5.090	3.645	4.379	4.631	5.660
4.247	5.767	3.890	5.856	5.600
13.898	4.449	5.588	3.267	7.289
12.754	5.512	3.458	5.375	5.169
8.929	4.496	5.616	5.234	5.208
1.493	5.469	7.432	5.079	4.060
8.671	5.760	5.618	4.429	5.258
8.851	5.224	6.149	5.580	5.143
5.034	5.102	5.034	5.406	3.672
18.257	5.930	4.156	5.993	7.354
4.173	4.992	3.612	4.203	5.108
17.712	3.998	6.714	6.610	5.144
7.153	2.841	5.661	3.917	5.503
6.203	2.967	2.945	4.834	2.781
5.724	5.151	5.051	6.650	6.188
3.124	4.998	4.751	4.968	3.721
10.311	4.782	5.372	5.929	3.450
15.954	5.943	4.767	5.929	4.851
14.417	4.451	5.343	5.957	5.362
1.538	5.719	3.942	5.269	5.981
5.467	4.088	5.854	5.585	6.291
16.986	5.543	5.042	3.694	4.583
0.435	5.243	5.297	4.940	3.997
7.952	4.692	5.208	4.301	3.665
3.252	5.460	5.962	4.573	4.800
1.014	7.021	4.175	4.642	3.515
15.878	5.575	5.232	5.269	5.622
8.594	5.712	5.702	3.359	4.714
6.501	3.890	4.753	5.241	3.184
2.198	5.692	4.553	7.658	5.469
0.024	5.781	5.827	4.311	2.701
17.887	4.767	6.211	4.188	5.978
14.437	6.326	6.123	4.776	5.478
7.751	4.924	3.812	5.254	6.722
10.150	6.033	5.631	5.712	5.592
2.711	6.927	5.613	4.504	6.309
10.507	4.569	3.374	5.579	4.444
10.568	5.504	5.206	5.699	4.866
1.318	5.031	4.249	5.013	5.429
17.870	5.586	5.715	5.281	5.186
8.988	5.438	6.642	5.044	4.173
17.383	5.399	4.288	4.014	4.313
5.663	5.919	3.231	5.814	4.500
13.992	3.344	5.782	3.702	5.319
6.961	4.175	5.661	4.616	6.398
13.656	6.342	6.231	3.149	4.116
12.387	5.730	4.754	5.661	6.322
3.784	4.534	5.220	6.507	5.246
3.546	4.171	3.797	5.321	4.516
3.401	5.953	4.463	4.436	5.468
4.034	4.869	5.179	4.208	6.430
17.029	5.552	6.546	5.670	4.758
6.279	4.490	4.605	4.817	5.572
13.687	3.992	6.152	4.558	4.242
7.336	4.050	6.155	6.839	7.012
6.694	5.540	4.427	5.271	3.199
12.180	4.549	5.425	5.063	4.576
12.364	4.187	4.338	4.445	6.780
0.869	5.682	3.827	4.840	6.263
15.758	5.992	6.000	5.252	2.267
13.357	4.834	6.290	3.733	4.740
11.760	3.985	5.372	5.232	5.434
19.744	6.028	5.034	5.683	4.719
0.961	4.888	5.185	3.691	5.456
12.075	6.401	6.874	5.604	4.066
15.549	3.779	5.616	3.631	5.173
7.945	5.579	2.975	4.740	4.056
18.838	5.755	5.124	5.943	4.504
11.374	5.310	3.794	5.020	6.310
17.626	4.387	5.468	5.219	4.227
18.559	5.508	5.021	4.616	3.557
11.492	4.878	4.197	5.510	4.353
16.647	4.324	4.919	6.054	4.211
15.475	5.728	4.946	5.049	5.973
17.175	5.264	4.887	6.077	5.018
12.193	6.402	5.753	5.517	5.934
4.709	5.577	6.009	6.375	4.787
1.535	4.193	3.217	4.925	3.055
-8.358	2.627	-7.375	-6.256	-7.508
-6.818	10.150	-8.723	-6.891	-8.281
-6.927	8.798	-7.520	-6.715	-7.696
-6.630	15.120	-5.887	-6.933	-5.729
-5.545	16.435	-6.853	-5.125	-6.441
-6.794	0.866	-7.974	-6.467	-6.853
-5.650	0.891	-7.472	-5.265	-7.966
-6.681	1.096	-5.923	-7.163	-7.605
-8.499	18.514	-6.611	-5.069	-7.589
-6.389	8.069	-7.311	-6.068	-6.963
-8.008	6.728	-7.412	-7.570	-8.609
-6.516	14.255	-6.787	-6.829	-5.055
-6.072	12.461	-6.620	-6.691	-4.658
-5.837	2.587	-7.880	-7.610	-8.132
-8.300	11.864	-7.952	-6.380	-7.832
-8.441	3.414	-6.249	-8.464	-8.921
-7.480	3.248	-7.247	-7.585	-7.995
-6.827	17.659	-7.749	-6.580	-8.495
-5.880	3.586	-6.639	-6.787	-8.180
-7.397	6.999	-6.435	-6.795	-6.664
-7.006	7.038	-6.451	-5.142	-4.456
-6.490	5.059	-9.263	-7.014	-7.410
-7.174	0.484	-7.799	-6.544	-6.129
-5.269	2.643	-6.532	-6.278	-6.034
-8.588	9.482	-8.670	-6.699	-6.659
-6.590	8.709	-6.513	-7.378	-7.818
-6.234	16.576	-6.620	-8.149	-6.825
-5.710	10.453	-8.103	-7.691	-6.505
-6.480	9.869	-6.126	-6.872	-6.847
-8.050	4.550	-6.108	-5.804	-5.852
-7.270	12.771	-8.172	-7.973	-8.619
-5.985	14.717	-7.556	-6.926	-7.085
-6.986	1.582	-5.954	-7.681	-6.739
-4.610	10.335	-6.419	-6.277	-6.006
-6.966	8.056	-6.223	-6.072	-7.895
-7.051	18.735	-7.360	-5.657	-6.761
-7.125	5.945	-5.413	-9.011	-4.806
-5.891	2.865	-6.778	-6.519	-6.178
-7.982	8.064	-5.640	-7.532	-7.298
-7.570	6.973	-6.951	-7.711	-6.351
-7.736	13.172	-6.583	-7.785	-7.854
-5.733	5.333	-6.983	-7.268	-6.495
-7.135	10.412	-6.084	-7.883	-7.398
-4.890	9.426	-8.319	-7.234	-7.030
-7.495	18.325	-5.666	-7.450	-7.825
-7.333	15.897	-9.022	-8.018	-6.175
-8.578	1.384	-6.290	-9.010	-6.050
-7.189	4.279	-7.861	-7.220	-8.664
-7.080	2.216	-7.240	-9.176	-6.572
-7.025	0.218	-6.736	-7.915	-6.207
-7.759	14.539	-5.887	-5.749	-7.777
-7.368	11.287	-6.163	-5.431	-7.461
-6.718	9.990	-5.952	-6.095	-6.601
-7.035	18.583	-6.966	-7.017	-7.423
-7.519	19.714	-9.086	-7.811	-7.121
-7.219	15.457	-7.570	-7.039	-6.605
-7.484	2.253	-6.762	-4.988	-7.249
-8.801	10.085	-5.949	-5.973	-8.495
-7.743	6.418	-6.204	-7.097	-7.070
-7.780	2.035	-6.600	-8.182	-6.019
-6.544	19.317	-7.132	-7.709	-8.403
-4.719	5.523	-8.409	-6.324	-8.200
-6.059	0.519	-7.652	-7.142	-7.366
-8.197	17.003	-6.021	-7.985	-3.997
-7.999	1.331	-5.583	-5.569	-5.854
-5.755	3.440	-5.541	-7.577	-7.614
-6.324	14.757	-8.116	-7.054	-7.888
-6.915	12.026	-6.478	-5.335	-6.188
-6.712	11.689	-7.006	-6.135	-8.506
-6.465	10.518	-7.741	-5.342	-5.472
-9.036	14.253	-7.220	-5.393	-7.902
-6.423	14.470	-8.623	-7.319	-6.301
-7.244	6.882	-7.702	-7.062	-6.512
-7.032	9.693	-7.586	-5.084	-5.942
-7.144	7.486	-7.595	-8.363	-7.589
-6.628	8.412	-6.891	-4.865	-7.303
-6.115	0.541	-8.477	-5.928	-6.308
-7.034	8.209	-7.904	-5.886	-4.664
-7.414	1.198	-6.194	-7.119	-6.211
-7.033	16.346	-5.036	-6.044	-5.172
-6.937	5.483	-8.316	-6.745	-6.703
-5.994	9.957	-8.914	-5.560	-7.686
-7.404	3.915	-6.537	-6.655	-9.214
-7.331	0.837	-6.858	-7.936	-6.727
-5.727	0.423	-8.079	-6.318	-5.734
-7.404	19.127	-6.341	-6.308	-8.748
-5.610	16.625	-6.798	-5.856	-6.267
-8.076	11.664	-8.707	-7.065	-6.954
-6.365	16.772	-8.073	-7.274	-5.680
-7.631	15.002	-6.600	-5.295	-7.782
-7.386	13.074	-7.227	-7.833	-7.724
-6.113	13.750	-6.243	-5.933	-6.978
-7.367	13.029	-6.817	-6.797	-8.304
-8.372	7.546	-6.266	-6.058	-6.281
-5.385	3.062	-7.634	-7.891	-7.633
-7.561	14.149	-8.031	-6.541	-7.190
-8.659	6.255	-6.252	-6.136	-6.528
-6.448	11.237	-8.235	-7.625	-7.286
-9.301	6.311	-6.308	-8.125	-8.129
-6.750	17.113	-7.901	-8.353	-8.579
-6.043	13.226	-5.692	-7.812	-7.760
-6.121	3.298	-5.935	-6.572	-6.647
-6.431	5.899	-8.977	-7.552	-6.294
-7.253	4.326	-8.417	-5.469	-7.367
-6.040	17.264	-6.902	-5.448	-6.235
-6.992	14.663	-6.730	-7.282	-7.142
-5.958	7.987	-6.559	-7.543	-7.176
-8.177	9.390	-8.500	-6.630	-6.503
-5.483	2.053	-4.059	-6.711	-8.458
-6.886	2.742	-6.557	-7.621	-4.946
-7.379	15.206	-6.726	-7.017	-6.638
-8.186	0.746	-6.434	-8.630	-7.698
-6.542	1.796	-7.167	-5.039	-7.480
-7.258	6.425	-7.783	-8.517	-6.074
-8.767	19.920	-7.174	-6.949	-7.949
-7.160	2.112	-7.052	-5.997	-5.517
-6.938	10.869	-6.525	-5.208	-6.007
-5.960	16.079	-7.669	-7.788	-6.053
-6.648	3.240	-6.513	-8.091	-7.571
-7.592	10.744	-6.905	-8.045	-7.751
-9.234	7.260	-5.925	-6.222	-7.209
-5.669	16.065	-5.513	-7.165	-6.711
-6.349	4.691	-5.988	-6.966	-6.571
-7.157	1.682	-4.594	-6.374	-8.513
-7.470	0.067	-7.546	-8.601	-6.072
-6.339	16.652	-7.897	-6.272	-7.556
-7.293	0.365	-6.923	-6.569	-6.729
-8.581	17.754	-5.663	-6.837	-8.354
-7.606	12.873	-5.688	-6.960	-6.648
-7.774	1.224	-6.548	-5.619	-5.417
-6.366	17.197	-6.536	-8.450	-6.916
-8.058	8.525	-8.202	-8.479	-6.482
-7.459	1.072	-7.221	-8.062	-7.600
-6.030	18.050	-8.431	-7.024	-7.787
-6.820	1.494	-6.698	-7.392	-6.895
-6.536	0.446	-7.848	-9.525	-6.943
-5.473	11.286	-4.794	-5.648	-7.073
-9.219	13.096	-5.422	-5.902	-8.238
-6.934	13.642	-5.478	-7.247	-6.858
-7.555	8.093	-6.704	-6.225	-8.494
-7.411	6.321	-7.490	-6.747	-5.144
-5.614	12.145	-8.148	-7.706	-5.956
-6.995	7.487	-6.743	-6.483	-7.338
-6.540	17.400	-6.669	-7.440	-9.268
-5.758	9.530	-9.081	-9.018	-7.527
-5.358	15.326	-6.296	-7.371	-7.946
-6.819	11.100	-5.962	-8.035	-6.229
-6.501	18.578	-5.963	-7.313	-5.080
-8.796	5.800	-7.559	-7.321	-4.562
-6.440	19.570	-9.636	-7.156	-6.265
-6.788	2.181	-8.510	-7.674	-7.614
-4.071	3.078	-7.365	-6.276	-7.883
-7.415	4.329	-7.088	-6.369	-7.183
-5.249	18.798	-6.361	-7.062	-6.955
-6.009	9.171	-7.098	-6.012	-5.587
-6.784	12.882	-6.941	-7.216	-7.701
-6.356	6.576	-8.183	-7.837	-9.199
-7.844	6.079	-5.662	-5.630	-6.609
-6.222	7.516	-6.767	-6.911	-9.532
-5.846	4.358	-7.251	-6.608	-5.895
-6.436	18.636	-6.054	-7.902	-5.236
-7.056	12.521	-7.962	-6.919	-6.023
-7.476	11.701	-8.424	-6.418	-7.240
-6.761	16.714	-5.919	-5.516	-6.954
-6.460	18.154	-7.526	-7.046	-5.465
-6.158	7.657	-5.315	-6.854	-7.322
-5.836	17.913	-5.176	-5.736	-6.373
-6.503	19.679	-5.732	-7.797	-7.477
-7.207	15.460	-4.428	-6.153	-6.886
-6.414	9.891	-7.560	-7.545	-6.804
-5.575	7.205	-7.629	-5.877	-6.977
-6.667	6.388	-7.378	-5.287	-6.004
-7.368	10.906	-7.536	-6.445	-6.794
-9.561	2.118	-6.121	-7.223	-7.097
-7.286	2.484	-7.964	-5.920	-6.620
-7.120	16.340	-9.025	-7.104	-7.106
-5.554	2.300	-8.427	-6.468	-5.119
-5.595	13.803	-6.377	-6.422	-8.844
-7.183	19.686	-7.080	-7.031	-7.788
-8.185	7.174	-7.995	-6.119	-7.785
-5.526	19.804	-7.702	-6.622	-7.597
-5.664	8.107	-6.494	-8.065	-6.401
-6.664	0.839	-6.750	-5.566	-6.953
-7.392	7.179	-7.076	-7.365	-6.474
-9.415	15.601	-8.053	-6.605	-7.084
-7.325	4.017	-8.439	-9.155	-7.968
-5.606	9.185	-6.254	-6.871	-8.347
-8.125	6.169	-6.551	-8.682	-7.084
-6.516	6.579	-7.797	-6.467	-8.062
-9.414	9.444	-8.156	-8.593	-4.809
-6.929	19.073	-6.085	-7.586	-7.621
-4.926	6.769	-8.361	-7.153	-6.143
-7.086	7.894	-6.872	-8.061	-6.505
-6.274	19.566	-6.815	-7.784	-6.543
-7.226	10.144	-7.842	-8.115	-8.032
-6.976	19.962	-5.029	-5.612	-6.162
-7.104	10.269	-6.462	-5.609	-4.853
-8.040	12.351	-7.899	-7.832	-6.474
-6.107	8.194	-6.783	-6.905	-6.800
-7.609	9.119	-7.875	-8.180	-6.542
-6.713	10.909	-7.603	-8.933	-6.244
-6.085	17.626	-6.908	-6.947	-7.011
-7.167	18.950	-8.320	-7.358	-7.191
-5.679	11.531	-6.263	-7.997	-6.152
-7.586	13.224	-7.696	-6.094	-5.799
-6.327	8.974	-6.816	-8.596	-7.027
-7.344	18.551	-6.404	-4.512	-6.855
-6.626	10.767	-6.728	-6.086	-6.035
-6.531	4.923	-6.975	-6.480	-6.396
-6.200	5.097	-7.680	-8.346	-6.897
-7.193	15.629	-7.417	-7.541	-7.104
-7.351	15.083	-5.248	-5.862	-5.877
-7.858	19.461	-7.397	-5.702	-7.265
-6.398	19.415	-6.844	-9.321	-5.617
-6.515	16.620	-7.802	-7.199	-5.683
-6.223	18.253	-6.003	-7.480	-5.192
-7.232	12.627	-7.223	-6.506	-8.172
-5.695	13.634	-6.292	-6.497	-6.615
-7.523	4.464	-8.546	-7.107	-5.056
-7.487	17.601	-7.004	-8.982	-9.056
-7.030	14.820	-6.253	-7.164	-7.008
-7.887	2.303	-6.941	-7.329	-5.844
-7.125	16.580	-8.025	-9.475	-7.222
-6.673	5.423	-6.251	-7.889	-7.506
-7.144	12.941	-7.629	-7.883	-8.477
-8.318	9.564	-4.934	-7.196	-6.308
-7.764	14.012	-7.123	-8.332	-6.925
-7.197	2.631	-6.963	-7.068	-7.867
-6.264	3.614	-7.494	-6.674	-6.710
-7.731	8.684	-6.296	-7.284	-7.079
-5.836	19.056	-7.980	-6.621	-6.492
-7.811	2.267	-5.358	-7.427	-6.301
-5.678	8.589	-8.833	-6.197	-6.462
-7.515	4.200	-8.546	-5.917	-8.129
-5.145	3.477	-7.262	-7.235	-6.679
-7.005	19.374	-6.549	-7.166	-8.206
-6.795	13.809	-8.857	-6.260	-7.313
-7.961	14.993	-7.718	-7.027	-7.249
-8.291	4.472	-7.457	-7.378	-6.973
-6.179	15.993	-6.682	-8.017	-8.024
-6.257	1.222	-5.722	-5.095	-7.187
-5.660	9.197	-8.942	-5.815	-5.834
-5.076	11.182	-7.184	-7.336	-6.776
-7.183	12.875	-6.811	-6.018	-6.968
-7.828	15.823	-8.221	-5.558	-7.433
-7.344	14.513	-8.364	-7.243	-6.584
-7.666	4.375	-7.986	-8.235	-7.334
-9.454	8.484	-5.627	-5.825	-6.740
-6.503	8.669	-6.215	-5.696	-6.677
-7.116	1.412	-6.119	-6.564	-7.479
-6.673	16.803	-8.717	-5.978	-6.043
-7.026	5.406	-6.306	-7.699	-7.220
-7.759	8.918	-8.163	-7.295	-6.322
-6.986	16.074	-5.417	-7.405	-6.295
-7.039	8.500	-7.169	-6.399	-6.155
-5.067	17.997	-7.018	-7.562	-5.452
-7.335	10.194	-7.003	-7.612	-6.572
-7.043	18.118	-6.223	-5.203	-6.301
-6.173	14.954	-4.059	-7.341	-6.542
-6.671	18.458	-8.116	-6.019	-6.542
-8.131	4.825	-8.467	-7.303	-7.846
-9.618	11.299	-6.657	-5.477	-7.203
-6.455	17.130	-7.056	-5.767	-6.636
-6.351	8.431	-5.097	-5.158	-9.687
-7.420	7.536	-8.374	-7.903	-6.753
-6.619	17.538	-8.569	-7.378	-5.374
-7.603	1.072	-7.119	-7.156	-5.409
-7.675	2.805	-7.683	-5.640	-7.229
-8.429	16.682	-4.876	-7.209	-8.643
-8.460	14.646	-6.620	-6.083	-7.504
-5.391	18.853	-7.874	-5.881	-6.372
-7.206	16.389	-5.606	-5.636	-6.145
-7.054	4.508	-5.045	-5.329	-8.495
-7.276	17.254	-7.777	-9.030	-6.147
-7.549	8.553	-8.140	-6.913	-6.677
-7.127	7.306	-5.934	-9.158	-6.521
-7.368	1.273	-6.069	-6.625	-7.221
-6.128	12.739	-6.539	-7.978	-8.445
-5.783	7.299	-6.852	-6.675	-6.805
-8.117	13.732	-7.176	-6.129	-9.208
-7.961	11.871	-6.760	-8.273	-6.018
-8.001	19.206	-7.550	-6.418	-7.478
-7.911	5.094	-5.842	-6.453	-7.541
-6.344	11.044	-5.680	-9.561	-5.480
-6.949	8.957	-5.711	-6.342	-8.072
-6.574	17.822	-7.563	-6.473	-7.398
-6.802	16.525	-6.793	-5.261	-6.392
-7.420	3.385	-7.229	-6.634	-7.139
-7.203	12.144	-6.316	-7.399	-6.785
-6.454	0.975	-6.091	-8.974	-7.008
-6.623	9.237	-7.032	-7.963	-6.993
-7.309	8.581	-7.548	-6.919	-8.520
-5.874	10.829	-7.287	-7.687	-6.033
-6.476	1.842	-6.559	-6.215	-5.951
-7.831	10.426	-6.822	-7.701	-6.979
-7.629	13.616	-7.906	-6.499	-5.547
-8.172	17.743	-8.051	-7.016	-6.976
-6.884	14.188	-6.540	-7.584	-7.454
-7.866	10.083	-5.854	-5.964	-5.982
-5.573	3.352	-7.230	-7.044	-6.960
-6.884	10.178	-6.386	-7.133	-5.692
-6.639	13.586	-7.285	-7.012	-7.742
-8.312	10.069	-9.517	-7.567	-7.637
-8.263	1.908	-7.423	-6.922	-5.309
-7.001	12.179	-5.235	-5.965	-6.252
-6.980	16.682	-7.437	-7.048	-5.542
-6.549	10.129	-5.617	-7.700	-6.458
-7.480	15.779	-6.632	-7.688	-7.332
-5.223	4.048	-7.785	-6.448	-6.355
-6.688	7.096	-6.975	-5.668	-7.148
-6.986	6.079	-8.213	-6.306	-6.954
-8.434	3.225	-7.139	-5.159	-5.812
-7.531	8.506	-6.919	-8.176	-7.713
-8.692	0.729	-5.788	-7.681	-6.782
-6.260	11.032	-4.703	-5.361	-5.939
-7.580	18.175	-6.467	-7.009	-7.071
-6.134	19.160	-7.382	-6.477	-6.417
-6.644	2.962	-6.617	-7.255	-7.879
-8.303	8.640	-6.143	-9.404	-6.805
-6.699	7.308	-5.884	-7.784	-6.613
-7.246	10.017	-6.892	-6.375	-8.093
-5.944	11.259	-7.208	-7.176	-5.495
-7.471	17.799	-4.800	-6.295	-7.252
-7.281	3.145	-8.987	-6.989	-7.340
-8.374	7.987	-5.641	-7.151	-5.195
-5.910	6.659	-4.907	-6.133	-7.565
-8.672	10.028	-5.997	-7.656	-7.031
-8.645	19.606	-7.445	-5.797	-6.180
-8.289	19.073	-7.418	-6.748	-7.407
-5.201	2.078	-7.690	-8.681	-8.415
-5.631	16.471	-6.156	-6.569	-7.822
-7.253	11.992	-7.890	-6.368	-6.856
-6.718	9.500	-7.675	-6.048	-9.546
-7.775	3.661	-7.707	-4.870	-7.741
