2.739	3.597	4.979	15.356	-1.291	1.608	0.598	-1.382	-1.019	9.742	0.692	3.258
2.606	0.513	1.066	6.425	-0.402	7.511	-0.976	-1.069	0.075	1.847	1.039	3.084
18.785	4.977	9.765	19.413	0.051	5.348	-2.253	0.463	1.882	15.455	2.172	2.859
12.573	0.726	3.579	19.501	0.270	4.585	0.546	-2.009	0.399	6.704	4.123	3.187
12.735	0.876	1.994	8.256	-1.178	3.201	-0.639	-1.309	2.031	5.273	2.942	3.849
2.748	0.997	7.080	0.712	0.292	8.364	0.075	1.323	-0.415	14.753	6.706	2.870
13.767	1.622	7.623	10.842	1.015	9.532	-0.218	2.331	-1.103	15.405	0.490	1.525
3.193	1.289	4.437	16.183	1.027	5.202	0.597	2.166	0.023	11.779	1.258	2.678
18.112	3.824	2.658	0.467	-1.035	4.950	-0.658	0.051	1.018	17.200	3.023	1.422
10.685	0.316	3.783	0.215	0.490	7.352	-0.106	1.251	-0.381	18.203	3.897	0.146
6.791	1.204	1.930	2.166	0.779	2.839	0.911	-1.017	-0.372	6.742	4.639	2.527
8.078	2.432	9.974	7.370	-0.452	6.179	-1.190	-0.626	1.939	2.433	5.898	4.888
6.434	4.303	3.521	5.843	-2.008	0.085	-0.711	-0.778	1.514	11.407	8.334	2.051
7.215	2.922	2.905	8.792	2.125	7.837	-0.357	0.310	-0.326	9.497	3.222	3.373
3.294	3.507	9.798	11.507	-1.572	2.121	0.636	-0.285	0.180	1.870	9.433	4.263
9.642	3.854	5.475	2.116	-0.571	3.703	0.363	0.985	0.057	10.045	7.280	2.252
14.727	4.648	8.293	12.898	-0.468	6.857	-0.957	-0.157	-0.298	7.144	1.967	4.203
1.167	0.147	9.845	10.581	-0.462	6.982	-1.403	0.767	-0.704	7.497	1.964	0.475
2.489	3.126	6.605	19.318	0.713	0.413	1.412	1.451	-0.349	7.438	3.270	3.587
12.018	1.207	4.686	15.358	1.786	5.083	-0.324	-0.220	-0.080	6.009	0.881	1.905
10.766	4.730	8.668	19.751	0.537	5.597	1.287	-0.808	-1.332	5.460	1.595	3.488
18.113	1.171	5.878	12.208	-0.852	0.545	-0.269	-0.533	0.608	2.544	1.138	1.066
4.821	4.217	5.769	0.417	-1.467	7.146	-0.105	2.272	0.065	4.859	1.364	3.359
4.756	0.523	3.282	1.579	-0.771	5.532	1.090	-0.497	0.076	1.840	4.215	2.418
0.134	1.293	3.266	7.633	-0.031	1.206	-1.579	0.215	0.337	9.138	0.535	4.063
6.164	2.771	4.994	6.553	-0.914	9.469	-0.779	1.441	2.669	0.696	7.676	4.173
8.725	3.708	0.539	14.002	-0.415	0.292	0.388	0.851	-1.552	11.436	6.251	1.264
12.075	3.616	1.013	13.698	0.029	1.423	0.528	0.773	1.014	5.534	6.108	3.731
9.767	2.553	6.342	13.463	1.633	6.698	0.288	-2.087	-0.458	3.786	9.075	0.688
6.651	1.643	6.322	2.862	-2.033	5.212	-1.000	-0.335	-1.751	6.797	2.929	3.363
5.846	4.314	0.523	5.279	-0.322	1.575	0.236	0.955	0.649	14.932	3.733	3.500
9.467	2.633	9.817	6.715	-0.438	3.297	0.470	0.652	0.969	16.495	1.269	1.135
19.708	4.084	4.891	8.397	0.907	1.126	0.498	-0.954	1.599	0.744	0.055	1.513
6.529	0.659	9.550	12.016	0.634	9.180	1.652	-0.015	0.694	16.507	6.158	4.212
1.656	1.607	3.979	5.484	0.051	2.148	-2.023	-1.462	0.947	10.494	9.719	4.041
2.213	1.205	9.570	10.420	-0.116	4.660	0.933	-0.068	-0.362	13.641	9.745	0.033
18.925	4.158	1.725	14.506	-1.380	2.218	-0.907	-2.395	0.402	2.782	4.439	2.763
8.537	2.986	2.823	14.467	1.733	9.160	-0.241	-0.770	-0.002	19.710	9.558	1.294
3.904	2.055	1.719	7.307	0.108	2.185	1.110	-0.237	-0.699	3.646	7.188	4.990
17.149	0.870	3.011	5.693	0.209	6.277	0.789	1.066	0.288	18.505	5.017	4.893
5.945	1.795	1.238	9.905	0.293	4.735	-0.388	-0.275	1.123	13.815	9.617	1.661
1.008	1.573	0.717	11.461	0.373	5.848	-0.755	-0.735	0.163	6.214	9.306	3.858
11.191	0.072	6.197	1.553	0.041	5.895	0.180	-1.203	-1.412	13.728	3.091	3.378
1.660	3.612	5.049	5.308	1.529	3.450	1.006	-0.374	0.613	15.043	9.623	2.981
14.825	0.091	3.386	6.281	1.607	2.205	-1.503	1.155	-0.043	4.917	5.118	2.205
14.140	2.033	0.931	10.002	-0.297	1.572	-0.837	0.011	-0.077	13.740	8.738	3.326
4.416	4.110	3.914	15.476	1.684	1.682	2.573	-1.302	-0.574	15.490	9.641	2.654
0.843	4.297	7.602	15.030	1.254	6.006	0.380	1.072	-0.020	6.426	0.034	2.257
10.766	2.282	0.872	13.041	0.799	1.494	-0.505	1.482	-1.567	18.096	1.012	4.294
5.453	2.564	9.932	8.939	1.012	5.755	-0.236	-0.862	-0.377	3.165	9.831	3.929
13.429	1.132	0.883	11.915	1.338	7.693	-0.488	0.060	0.301	14.312	0.440	4.115
16.138	2.440	5.800	6.900	-1.253	2.612	-0.851	-0.429	0.377	4.312	4.377	0.838
1.451	0.385	8.241	16.563	-1.821	0.658	0.487	-0.696	-0.223	19.767	7.278	1.127
14.673	4.262	3.875	6.145	0.969	9.130	1.707	-1.607	-0.200	9.117	7.304	4.105
12.694	1.187	3.321	9.217	-0.177	4.444	0.834	-1.923	-0.675	18.158	5.525	3.837
15.010	4.769	6.985	10.776	2.894	4.656	1.286	-1.899	-0.340	13.589	0.892	4.806
3.402	4.006	3.185	8.287	1.098	8.532	0.593	-2.189	-0.480	17.561	2.747	1.761
17.824	3.306	1.940	1.845	-1.279	7.083	-1.024	0.821	1.283	18.128	0.574	4.572
7.845	4.379	4.070	7.374	0.509	4.465	1.376	0.344	-0.118	1.476	8.240	2.463
15.609	0.566	9.456	15.366	-0.669	7.259	0.225	-0.634	1.971	0.452	4.814	2.672
4.466	3.818	7.180	4.678	-0.615	8.229	1.095	0.978	1.306	5.185	9.104	2.842
8.169	0.629	3.368	6.990	-0.607	6.571	-0.291	-0.343	1.567	5.371	3.787	3.413
4.646	1.828	0.972	1.890	-0.947	4.699	2.436	-0.392	-0.538	12.493	9.615	4.053
7.700	0.651	3.771	11.991	-0.845	8.849	-1.394	-0.747	0.170	1.152	7.892	4.069
8.373	0.126	1.308	14.743	-0.200	4.829	-0.648	1.731	0.293	16.786	8.168	4.319
10.723	2.369	5.569	19.685	0.675	4.197	-0.079	1.958	0.120	5.769	1.268	1.516
19.987	2.112	6.549	3.916	-1.869	7.450	0.616	-0.870	0.057	11.208	9.262	2.652
4.127	1.412	9.837	7.912	0.793	6.100	0.006	0.834	1.202	4.983	3.373	4.611
8.591	0.521	6.467	5.481	0.046	8.386	-0.768	1.372	-1.057	5.596	2.321	1.081
16.679	3.996	0.737	0.676	0.475	6.958	-0.760	1.864	0.709	1.752	9.111	0.528
0.750	1.609	6.877	10.463	-1.083	2.802	-0.998	-0.240	0.014	3.793	1.074	1.183
3.920	1.502	4.583	15.082	-0.962	2.677	0.203	0.706	0.248	2.949	0.027	0.512
14.353	3.807	2.527	10.105	-1.339	3.003	-1.201	-3.160	-0.468	2.245	4.768	1.523
6.253	2.005	5.593	18.416	0.022	2.979	1.867	0.732	1.708	5.086	4.140	3.700
19.413	0.856	5.207	14.039	0.173	4.809	-2.239	-0.686	0.399	10.618	9.222	1.486
1.725	1.507	9.149	8.726	-0.014	6.698	0.492	1.876	-0.438	13.617	4.876	0.108
6.072	2.589	6.723	3.527	1.165	1.331	0.091	-1.322	-0.756	4.565	2.701	3.137
19.553	1.649	1.371	6.650	-0.380	0.771	0.784	0.649	-1.326	14.679	7.394	0.623
6.730	0.797	8.601	10.374	-0.359	7.489	-0.372	0.222	-1.243	14.879	4.981	1.665
18.889	0.970	3.624	19.754	1.113	3.119	-0.705	-1.289	0.674	13.358	1.550	1.110
14.302	2.394	6.523	10.712	-0.611	6.739	1.477	-0.422	0.538	17.938	9.694	1.171
6.697	1.785	4.712	4.197	0.432	6.918	-1.367	1.144	1.391	9.926	2.735	1.461
19.467	3.852	4.120	19.007	-1.058	0.650	3.082	-0.005	0.471	16.901	0.423	3.551
3.072	0.807	4.078	15.699	-0.174	9.018	-1.838	1.167	0.003	0.763	9.840	3.689
14.999	0.287	7.296	2.835	2.445	4.532	-0.704	0.811	0.249	17.970	4.241	4.309
17.422	4.059	5.068	19.677	1.356	7.321	2.378	0.255	1.787	8.525	5.957	1.242
10.463	3.645	5.897	15.945	0.050	8.357	-0.505	0.295	-0.700	0.201	2.287	3.319
18.827	2.090	9.302	15.631	1.150	0.328	-0.226	-0.022	-0.668	4.027	7.192	2.409
19.068	4.791	2.487	0.042	-1.859	0.292	0.482	0.372	0.131	3.210	5.830	1.454
9.468	4.731	4.802	2.286	-0.905	2.018	0.392	0.514	-0.304	15.907	8.921	2.843
9.707	0.736	9.607	8.920	0.528	4.407	1.247	0.558	-1.094	1.876	9.148	3.388
7.420	0.771	7.515	16.598	-0.713	7.303	-0.144	-1.318	-0.148	17.170	1.661	1.041
13.242	2.595	5.900	9.792	1.574	1.492	0.588	1.110	-0.767	15.859	4.282	4.418
15.144	4.623	3.564	19.585	1.071	3.600	-0.838	-0.211	1.215	10.502	5.916	3.832
2.091	0.682	0.259	5.250	0.240	0.176	1.430	0.706	-0.625	10.756	3.499	2.024
9.900	4.259	4.331	13.583	-0.222	0.555	0.411	0.421	0.310	14.130	6.702	4.595
14.465	3.981	1.495	3.170	0.926	6.124	-0.661	0.644	-1.015	17.644	2.162	3.040
1.352	0.440	6.382	16.009	-0.228	3.646	-1.395	1.484	-0.633	19.761	3.608	3.794
2.696	4.019	0.373	0.184	-1.350	9.917	0.348	0.637	0.313	12.101	6.087	4.922
11.562	0.195	6.079	17.003	0.623	3.691	0.683	-0.629	-1.039	16.703	2.659	4.555
2.724	3.056	0.308	15.625	0.096	0.195	1.092	0.737	-0.567	10.887	4.453	3.983
13.904	3.124	4.819	19.115	1.505	2.147	-0.971	-0.138	-2.047	10.520	0.544	2.046
3.247	3.418	0.839	15.368	-0.291	9.890	-0.279	-0.372	0.258	13.796	1.501	1.638
6.288	2.941	8.232	13.723	-0.830	4.923	-0.655	0.112	0.064	11.949	3.377	0.591
3.556	4.862	5.224	3.682	-0.268	2.196	-0.438	1.319	-0.158	11.906	7.337	3.028
19.051	1.458	1.480	14.593	-1.584	7.158	-0.216	-0.117	-0.386	11.948	2.048	0.247
10.099	4.744	2.336	15.071	1.433	5.442	-2.260	-0.482	0.008	2.460	4.872	2.474
9.280	0.550	2.145	6.829	0.123	7.493	1.147	-0.917	-2.035	2.936	4.998	3.411
0.342	1.547	7.113	1.525	-0.455	9.293	0.527	2.812	1.076	0.092	5.868	0.670
2.720	1.419	2.975	5.524	-0.440	3.402	1.114	-0.252	0.664	17.771	1.550	0.451
11.222	3.673	9.076	18.587	1.568	3.393	-2.211	1.090	-0.385	4.765	1.511	3.434
11.223	2.178	7.209	11.391	0.449	4.305	-2.311	-0.580	-0.256	8.246	1.972	2.845
19.634	3.558	1.687	1.427	-0.573	9.445	0.435	-0.738	0.835	15.340	7.019	1.777
2.329	2.004	6.531	11.864	-0.985	0.488	-0.247	-0.123	1.098	13.033	9.423	1.173
19.388	1.977	7.585	15.351	-1.321	5.347	0.116	1.942	0.645	8.674	7.706	0.145
4.587	3.604	0.682	8.860	1.058	3.029	0.370	0.997	0.487	6.860	4.726	0.330
17.602	0.809	0.085	5.940	0.116	3.178	-1.406	-0.372	0.565	19.236	3.171	4.150
9.646	0.612	1.859	17.975	0.722	6.159	-0.833	-1.012	0.422	19.362	4.126	0.477
7.921	0.568	0.532	10.624	0.528	1.209	-0.843	-0.724	0.338	16.418	6.973	4.695
3.280	3.305	1.271	14.407	0.968	6.618	0.600	0.999	-0.679	10.997	7.414	0.847
4.474	4.014	0.435	7.655	-1.614	0.558	0.105	0.613	0.439	14.447	1.304	0.840
5.801	4.859	8.952	9.026	0.852	2.313	0.261	-0.491	0.955	16.842	5.815	3.176
18.485	3.701	9.640	11.974	0.557	5.193	-0.562	1.391	-0.605	1.081	9.856	0.670
15.584	1.316	4.453	8.527	1.204	5.671	-1.006	0.324	-0.689	3.578	5.282	2.697
2.734	4.481	5.441	6.356	-0.213	0.124	-1.550	1.282	0.374	13.469	2.920	3.182
14.189	1.325	3.860	6.670	-0.383	9.949	-0.771	-0.444	0.507	3.651	4.635	3.596
18.092	2.904	1.067	4.115	-0.761	2.342	-1.296	-1.343	-1.219	3.341	5.358	2.834
16.637	3.477	3.183	15.248	-1.530	8.148	-0.221	0.462	-0.560	19.371	8.846	2.174
18.146	1.298	6.112	2.391	-0.133	0.626	-0.097	0.921	1.444	10.702	1.106	0.243
18.717	2.111	3.169	2.902	1.210	6.626	-0.928	0.339	0.438	3.102	2.348	4.534
7.469	0.488	5.207	17.555	0.650	9.207	-0.384	-0.607	1.697	13.725	9.968	1.637
0.321	2.527	7.464	13.542	1.243	2.178	-0.837	-0.098	-1.063	10.094	7.178	4.530
14.886	3.222	5.274	18.741	0.238	9.403	1.486	0.475	0.493	1.664	9.097	0.101
12.041	0.240	9.067	9.567	0.092	6.444	-2.634	0.185	-0.024	4.684	2.575	3.847
19.565	2.432	3.898	17.499	-0.044	1.311	0.081	0.768	0.211	19.754	2.962	0.930
14.226	4.560	0.324	12.068	-0.548	4.013	0.499	1.151	0.033	14.491	0.812	4.947
12.215	2.437	5.069	9.149	-0.457	3.509	0.818	-0.114	-0.262	9.805	5.362	1.957
12.302	4.847	5.590	19.679	0.788	4.304	-0.166	0.925	-1.097	16.091	9.763	0.345
4.590	0.208	7.743	8.250	1.673	6.216	-0.637	-1.564	-0.936	11.218	1.164	1.365
18.447	0.977	8.048	5.801	0.986	0.398	0.554	-0.352	0.463	15.291	4.343	4.014
16.275	4.581	7.563	5.224	-0.163	1.853	0.042	-0.374	-0.624	8.056	4.163	4.771
11.977	2.130	8.995	10.724	-0.494	7.545	-0.044	0.190	2.400	15.358	3.106	0.833
12.959	3.331	0.297	15.198	-0.978	6.606	-1.787	-0.487	0.532	17.859	0.100	1.646
0.550	1.304	9.346	19.563	0.295	1.918	0.907	0.428	0.409	18.267	4.829	1.465
14.628	0.507	0.350	1.917	0.390	7.010	-0.695	1.380	-0.364	15.731	3.759	4.017
19.049	3.840	7.944	16.898	0.806	4.774	-0.663	0.971	0.280	7.056	2.518	0.623
14.707	0.716	0.085	11.995	-1.648	0.291	0.201	0.375	0.388	1.689	0.798	2.656
0.234	4.325	3.826	14.711	-0.698	0.541	0.209	1.155	-0.908	5.767	4.438	3.775
15.422	1.651	5.007	10.285	-0.159	9.166	0.625	0.074	1.361	7.036	2.902	0.597
9.634	1.655	6.085	17.603	-0.265	5.689	0.184	0.423	-0.578	9.393	5.586	2.005
9.980	2.989	0.367	17.319	0.187	3.999	-0.103	0.374	0.661	19.743	5.382	1.823
17.831	3.461	4.727	4.567	-2.128	0.489	-0.182	0.360	1.329	7.793	7.134	4.150
2.031	3.713	2.640	18.610	-0.954	9.130	-1.068	-0.232	0.244	4.794	2.859	2.473
1.742	1.261	6.220	6.767	-0.159	3.294	-0.572	-0.219	0.062	12.674	8.292	0.337
8.477	0.633	0.134	5.239	0.572	0.564	-0.514	-1.351	-0.032	11.412	6.250	1.732
8.747	2.121	6.774	11.561	0.359	0.813	-1.712	-1.389	0.180	16.585	9.398	1.417
11.724	0.545	5.384	6.053	-2.538	6.479	-0.588	0.385	-0.415	13.878	3.355	0.223
9.047	1.132	1.253	12.048	0.092	2.130	-0.032	-0.216	-1.653	15.808	3.174	0.438
4.301	4.965	2.702	11.364	0.884	6.343	1.248	2.171	1.345	19.845	3.204	1.289
0.465	4.323	8.063	14.510	-0.305	4.563	-0.109	-1.467	-0.052	3.726	2.171	1.146
4.814	2.707	0.830	11.772	0.813	4.053	-1.376	1.188	-0.811	3.633	4.716	1.599
14.516	4.573	1.676	8.245	-0.275	7.349	-0.259	1.401	0.396	0.841	0.895	4.099
1.727	0.758	4.537	8.846	-0.457	0.103	1.196	1.061	-0.247	5.953	8.845	3.821
13.764	0.223	7.754	15.456	0.710	9.822	0.200	-0.465	0.208	0.164	4.644	0.331
13.789	0.396	0.769	5.301	-0.053	5.369	-0.804	-0.821	0.553	14.552	3.321	0.022
1.886	3.860	1.774	9.905	0.167	2.444	0.040	-0.983	-0.655	2.697	6.365	3.820
16.073	2.998	9.309	16.592	0.794	1.826	0.323	0.212	-1.557	10.105	8.125	0.092
13.578	3.679	9.965	3.121	1.088	6.395	0.000	1.011	0.063	3.741	7.759	0.402
17.516	2.772	5.028	18.276	0.131	6.643	0.347	0.657	-0.602	17.858	2.120	4.017
1.899	2.853	5.853	17.129	0.949	1.819	-1.198	0.510	-0.444	8.113	8.492	3.752
15.820	2.924	9.895	9.163	0.793	0.167	0.935	-2.168	-0.070	7.946	5.608	0.754
17.973	2.440	0.485	6.981	-0.201	4.905	0.720	-0.268	0.736	12.672	0.359	2.871
15.503	2.096	4.629	5.781	0.392	4.400	0.363	0.064	1.580	0.256	7.281	1.689
1.908	0.634	6.365	7.331	-1.095	6.401	-1.474	1.759	-0.458	1.192	2.132	2.487
16.714	3.036	5.722	11.323	0.062	7.556	-1.611	0.086	1.443	17.707	4.086	2.843
3.548	4.284	1.361	1.532	-0.004	4.523	0.199	-0.112	0.823	7.986	8.865	3.168
2.976	2.297	0.896	17.560	0.356	1.500	-0.870	-0.368	0.272	3.408	9.914	2.796
3.692	0.664	4.984	7.123	-0.479	9.651	-1.602	-0.598	0.022	4.432	8.187	3.252
2.969	1.259	2.063	16.083	-0.206	2.829	0.630	-0.747	-0.528	15.608	1.204	2.465
7.367	0.820	4.642	6.014	1.103	8.560	-0.671	-1.263	0.183	11.449	8.539	0.741
0.020	4.749	1.508	4.278	0.907	3.343	0.238	-0.908	-0.183	12.865	9.617	4.639
3.468	0.379	9.297	17.167	-0.780	0.689	0.563	-0.016	0.167	5.471	3.981	3.678
6.935	4.672	3.065	13.002	0.347	1.063	-0.648	1.457	0.073	2.831	7.737	4.162
13.514	4.026	5.992	15.822	0.127	9.514	0.484	0.759	1.023	4.150	3.185	3.169
4.209	1.536	6.691	5.123	-0.243	8.200	0.429	1.517	-0.320	3.730	1.303	2.942
16.701	2.207	7.114	6.423	2.716	8.442	0.905	-0.069	-0.378	18.318	5.522	1.338
5.666	2.473	4.998	4.244	-1.029	7.183	-1.274	-0.332	-0.536	1.295	6.312	0.504
13.056	4.127	8.829	11.417	-0.685	9.042	0.023	0.889	-0.844	13.181	5.708	3.566
17.684	0.567	6.339	1.982	1.028	4.061	1.486	-1.113	-1.062	3.775	1.815	4.407
6.706	4.422	2.508	8.623	0.396	4.333	0.616	0.417	0.779	1.124	5.900	1.450
8.851	0.350	0.950	8.914	-1.133	5.025	-0.121	1.383	-1.595	16.979	5.874	2.872
7.890	4.033	7.127	10.716	1.565	5.399	-0.760	-0.473	0.670	9.647	5.966	4.872
13.658	2.463	0.200	16.605	0.647	5.820	1.262	-0.879	-0.994	2.213	5.942	3.921
19.844	3.959	3.381	14.964	-0.006	3.509	1.100	0.771	-0.739	17.989	3.707	0.576
2.670	3.989	1.501	16.224	-0.444	2.967	0.611	0.679	-1.193	17.195	3.832	1.995
3.044	2.257	2.013	2.120	0.200	7.317	0.325	-0.453	0.170	0.815	4.642	4.282
14.973	4.907	3.125	13.014	-0.617	1.675	0.177	-1.221	2.463	17.909	7.190	2.572
4.915	0.323	6.631	12.723	-0.241	2.184	1.263	0.415	1.319	8.898	7.787	0.607
15.678	0.497	6.385	4.578	1.631	3.246	0.156	1.630	0.500	15.948	5.037	4.022
8.894	2.376	9.770	8.975	-0.470	7.829	0.281	-0.415	0.583	9.287	8.950	1.625
19.469	2.912	1.891	8.370	-0.171	4.780	-0.534	-1.272	0.278	4.862	6.565	1.272
4.650	2.813	6.096	8.118	0.000	9.434	-0.762	-0.819	-1.201	5.709	7.754	0.343
3.820	0.596	9.462	0.287	-0.401	3.293	0.257	2.757	-0.705	3.389	8.567	4.819
14.864	1.185	1.586	14.562	-0.749	7.368	1.137	-1.035	1.780	18.149	7.286	0.828
18.782	1.087	5.828	8.339	-1.027	9.064	0.324	0.955	-0.340	15.659	8.821	0.768
3.799	1.165	2.452	13.876	1.226	7.946	0.107	0.655	0.479	11.471	1.517	3.425
19.271	3.855	1.220	7.297	1.416	6.029	-0.077	-0.551	1.935	4.778	5.214	1.009
3.002	4.293	2.903	10.231	-1.014	3.235	-0.913	1.236	-0.383	4.807	1.223	0.930
2.948	3.441	8.805	9.411	-0.530	5.491	-0.607	0.477	0.012	16.194	8.098	3.281
7.685	3.854	6.261	12.029	-0.797	1.159	0.574	-2.087	0.523	10.650	4.449	2.277
9.286	1.007	6.919	8.141	-0.367	2.403	0.987	1.033	-0.637	14.832	5.762	2.625
2.904	2.494	1.829	12.645	0.722	3.811	1.084	1.343	-0.580	8.185	0.466	2.415
10.392	2.109	2.747	3.876	0.029	6.172	-0.552	-0.901	-0.314	14.752	4.774	1.907
1.309	0.755	5.055	18.859	0.800	8.579	-0.117	-0.977	0.169	11.965	6.250	1.311
1.434	2.550	0.441	0.542	1.029	2.665	-1.186	0.452	0.386	1.046	4.170	4.723
8.290	1.421	0.268	16.052	1.479	0.284	0.678	-1.132	-0.935	6.689	5.696	2.902
1.421	3.205	6.124	11.412	0.892	0.712	1.559	-1.564	1.065	6.707	1.385	3.401
4.669	3.293	1.749	17.548	1.978	7.967	-1.822	-0.554	0.466	19.913	3.423	4.650
7.489	3.436	6.904	4.972	-0.637	9.432	-1.397	0.881	-1.235	3.138	3.622	1.780
17.286	3.644	4.124	2.002	-1.785	7.663	-0.738	0.709	-0.831	1.704	6.258	3.120
5.382	4.708	1.333	7.173	0.652	0.470	0.813	0.415	0.635	14.736	6.638	0.877
4.643	3.042	6.334	4.870	-0.254	1.834	-0.629	1.757	0.837	1.712	7.504	0.398
3.587	1.751	6.273	1.728	-1.771	8.585	-0.619	-1.875	0.232	8.204	8.228	4.227
13.929	2.968	7.829	17.567	-0.258	8.762	0.022	0.796	-0.043	4.147	4.146	2.900
17.915	4.340	3.072	16.968	0.219	0.316	-1.220	1.053	-0.274	8.301	5.727	4.252
3.386	2.833	3.204	17.450	1.397	1.163	0.168	0.033	0.020	14.227	5.618	1.394
7.236	1.136	9.896	13.285	1.762	1.522	1.146	-1.343	-1.635	5.908	9.709	1.617
0.414	0.863	9.106	3.661	0.291	4.478	-0.104	-1.976	0.517	10.360	1.595	2.896
18.700	3.022	5.497	0.049	-1.625	9.410	0.718	-0.774	-1.094	7.244	5.962	0.371
19.255	0.901	2.122	0.231	-0.916	7.717	0.448	-0.461	-1.060	1.437	2.105	2.149
10.488	2.390	1.793	11.433	0.394	6.831	1.675	-1.102	-0.181	18.654	3.298	3.144
11.185	3.955	7.808	15.474	-0.353	9.690	-1.328	-0.109	1.144	14.268	6.702	4.955
8.815	3.904	9.944	7.524	-0.537	7.838	-1.362	-1.815	0.019	9.296	9.439	4.917
6.052	2.314	3.854	2.407	-1.278	7.098	-0.788	-0.537	-0.173	19.916	8.987	0.686
3.117	2.734	2.981	5.823	-0.107	3.125	1.790	-0.929	-1.263	11.294	7.628	4.544
16.015	0.971	2.141	12.802	0.271	3.003	-0.814	0.350	-0.542	5.331	8.037	3.085
15.735	4.744	8.020	7.416	-1.556	9.590	0.933	-0.504	1.737	2.852	1.140	4.743
0.751	3.146	8.604	3.759	-1.089	4.114	0.470	1.196	-1.903	11.831	5.496	3.027
10.557	3.458	2.914	17.985	-0.058	4.568	0.162	0.501	0.256	3.126	7.492	4.486
13.908	3.849	5.230	4.034	-0.425	9.598	-0.541	-0.348	-1.168	12.241	9.345	2.930
5.695	1.153	0.506	19.737	-0.020	5.439	0.271	0.245	-0.180	13.857	5.769	2.223
12.449	4.484	2.439	8.981	0.030	8.304	0.156	-1.162	0.750	5.270	9.778	1.768
19.817	0.842	9.328	11.753	-1.699	9.778	1.025	0.372	-1.110	5.108	9.732	2.090
14.256	0.930	1.680	11.270	0.190	1.980	-1.756	-2.866	0.086	1.470	4.052	0.344
3.649	3.471	4.877	14.778	0.954	0.071	-0.228	-0.996	0.652	14.227	6.200	3.983
6.638	0.105	8.205	18.857	-0.725	2.892	-0.648	0.761	0.499	10.379	7.057	3.669
9.959	2.112	6.784	15.761	-1.081	1.631	0.367	0.512	2.450	13.520	7.891	2.592
18.495	0.047	2.738	4.450	-1.063	3.356	0.208	0.853	-0.430	9.501	5.715	4.992
17.986	2.639	2.248	14.632	-0.669	3.817	-1.012	0.652	-0.668	0.847	8.977	1.731
11.080	1.818	3.892	14.132	2.054	2.839	-1.953	2.374	-1.532	13.063	3.849	1.136
1.611	4.195	5.479	16.117	-0.068	7.228	-0.170	2.390	-0.515	14.008	0.679	4.698
12.002	3.960	0.256	10.709	-0.152	1.833	-1.529	0.295	0.593	5.618	1.943	1.145
15.710	2.265	6.835	0.356	-0.544	6.876	0.389	-1.055	-0.938	5.582	2.529	3.536
6.402	4.435	6.526	12.019	-1.676	7.989	-1.494	0.773	0.984	0.710	1.452	1.202
10.287	1.769	9.786	14.629	0.261	2.872	0.857	-0.759	-0.294	0.647	5.106	0.337
8.500	0.801	4.733	17.334	-0.027	8.737	-0.408	0.114	1.016	2.328	1.624	0.191
12.367	0.412	6.736	4.149	-0.358	6.440	-0.632	-1.657	0.609	13.862	2.069	0.062
2.676	3.123	3.466	9.563	-0.443	9.468	1.907	0.199	0.125	5.104	9.792	1.931
17.041	3.408	9.057	1.364	0.553	9.156	0.420	-0.672	-2.429	9.546	6.649	1.922
13.668	4.627	1.132	6.971	0.675	0.063	-1.651	0.912	0.928	14.891	1.352	4.925
10.989	0.729	6.226	19.965	-1.061	9.039	0.174	0.065	0.723	17.814	8.411	1.592
4.917	3.932	0.118	6.148	0.459	2.467	0.724	-1.071	1.789	12.644	7.238	3.194
10.072	1.412	5.797	13.661	0.452	3.508	-0.236	-0.421	0.179	12.132	9.807	0.908
17.848	4.169	7.321	15.699	-0.146	4.299	-0.933	-0.528	-0.432	13.026	3.963	0.906
4.193	2.253	0.079	14.666	2.484	3.826	-0.722	-1.680	-0.108	3.962	3.529	4.780
15.471	2.610	9.083	4.786	0.195	6.598	0.602	0.147	-0.466	2.891	2.205	4.480
11.485	1.318	0.488	17.300	0.887	4.234	0.166	-1.910	-1.350	6.935	9.827	3.527
9.734	3.739	6.171	19.473	-0.015	4.806	0.530	-1.353	-0.693	16.323	4.523	4.102
3.095	0.275	6.555	5.772	-0.398	0.460	1.775	-0.291	-0.285	19.510	7.792	1.893
14.386	0.370	8.533	13.765	-0.148	8.844	-0.240	-0.959	1.464	14.442	5.571	4.148
2.558	3.404	5.611	2.334	0.112	4.329	0.184	-1.686	0.295	16.347	2.776	4.330
8.077	1.528	4.135	1.598	-0.312	9.343	-0.671	1.060	0.999	5.446	7.492	2.266
6.330	4.610	4.950	8.057	0.540	7.077	1.381	0.362	-0.468	13.805	3.024	4.804
10.917	0.103	6.458	6.566	-0.740	4.573	0.451	0.344	0.626	18.784	9.483	1.781
6.448	4.190	6.344	8.453	-0.702	4.116	-0.817	-0.046	0.160	11.860	9.916	0.509
19.627	0.099	5.776	0.265	-1.081	4.430	-2.724	-0.975	0.491	2.624	2.323	0.881
19.034	1.176	5.857	3.886	-0.993	6.784	-0.598	0.255	1.187	13.279	6.550	0.123
11.091	3.996	2.581	6.721	-0.034	3.098	0.364	-0.474	0.949	7.779	8.187	2.211
8.920	1.500	8.140	7.912	1.528	3.956	0.071	0.160	-0.924	17.003	4.869	2.904
13.424	2.377	6.109	11.340	0.392	7.633	1.549	-0.685	2.097	6.472	1.064	2.003
14.193	1.349	6.737	13.707	0.726	3.070	-0.633	-1.350	-1.139	9.069	1.132	2.210
8.215	2.768	2.493	1.422	-0.982	5.708	1.221	0.376	-1.131	9.784	1.626	3.773
12.010	3.744	4.299	0.484	-0.947	1.191	-0.265	-0.760	1.265	8.794	9.534	4.640
17.280	2.101	4.995	7.549	1.048	1.710	-1.132	-1.089	2.192	4.514	4.060	1.840
12.918	4.758	9.265	15.754	-0.193	9.930	-0.979	-1.297	-0.092	6.199	2.170	0.769
8.834	2.176	6.584	13.644	-0.424	7.167	0.717	1.165	0.677	14.478	0.313	0.353
17.054	1.762	6.971	16.945	-0.420	9.987	0.586	0.606	-1.500	18.899	3.219	3.340
8.307	4.560	6.357	12.116	-0.024	5.248	0.040	-0.519	2.190	11.172	2.193	1.972
19.251	4.507	9.883	4.997	1.293	2.693	-0.329	-1.293	0.322	6.757	4.663	0.536
17.693	3.126	7.261	13.752	-0.372	5.300	-0.729	0.173	-0.654	9.659	3.273	1.871
11.774	4.894	7.129	12.546	-0.065	5.840	1.047	1.222	-0.394	3.704	4.364	3.931
3.335	0.843	8.390	12.001	1.047	8.056	1.221	-1.105	0.293	17.984	0.863	2.576
1.754	3.616	9.275	18.313	0.076	4.682	-0.827	0.416	-0.270	12.740	5.068	2.140
8.703	3.906	2.940	19.046	2.082	9.709	-0.809	-0.365	0.660	10.990	9.725	2.241
18.263	0.505	9.967	6.460	-0.470	9.542	0.195	-1.778	-0.496	0.071	5.668	2.479
16.053	4.071	2.906	18.409	-0.569	2.125	0.024	-0.281	-1.028	17.563	9.086	4.272
19.670	2.544	4.129	17.848	0.557	9.813	-0.733	-2.232	1.075	0.770	3.297	2.516
3.966	2.171	9.429	5.691	-1.128	2.402	-0.580	-0.183	1.125	3.309	4.297	4.506
1.170	2.282	1.256	2.098	0.520	1.825	0.997	0.414	-0.449	12.076	2.761	0.534
9.505	3.362	1.509	4.700	-1.157	9.192	2.280	0.691	0.089	16.677	6.311	2.061
13.533	2.260	6.172	9.780	-0.950	4.957	1.241	-0.124	0.802	3.550	8.022	2.012
17.023	2.422	7.954	15.130	0.151	7.958	-0.231	0.295	-2.188	4.678	8.312	1.159
6.437	2.326	8.169	12.470	1.892	1.276	1.239	-0.037	0.398	2.566	2.446	0.125
5.794	4.952	3.579	9.030	-0.047	0.430	2.000	0.155	-0.689	0.947	7.868	3.791
1.676	2.626	9.832	15.385	-0.213	1.628	1.024	1.168	-0.937	3.456	8.057	1.218
9.021	0.931	3.515	0.313	0.169	9.556	0.776	-0.631	0.280	11.796	8.538	2.252
3.287	1.633	1.614	0.524	0.275	8.909	0.916	-0.375	0.049	14.840	8.543	0.019
11.543	1.896	9.732	15.069	-0.272	3.392	1.982	-0.166	-0.135	2.755	6.333	1.015
18.097	1.700	2.589	3.947	2.880	6.290	-1.053	0.264	0.403	4.955	8.868	4.458
17.263	0.061	2.455	8.104	1.585	6.838	-0.269	1.313	-0.346	1.992	6.911	1.994
6.369	3.305	9.782	15.503	0.348	7.361	-0.280	-0.195	-0.995	0.965	6.173	4.146
16.814	0.459	2.741	7.985	0.283	9.396	0.098	-0.046	0.294	10.584	0.338	0.390
16.725	3.843	1.057	1.448	1.771	2.753	0.251	-0.847	0.335	16.727	9.102	0.668
5.351	0.429	3.719	18.718	-0.974	6.579	0.842	0.884	-0.988	6.107	3.368	3.409
12.065	4.407	7.398	11.228	1.544	4.994	-0.199	0.273	0.088	19.652	4.366	1.927
13.451	3.685	3.242	10.606	-0.270	0.852	0.145	-1.218	-1.624	15.746	4.220	4.531
0.721	0.141	1.436	9.472	1.578	6.986	0.176	-1.173	0.333	4.811	9.030	4.057
8.304	1.300	0.917	13.253	1.246	9.320	-0.113	-1.497	-0.030	18.212	9.322	3.364
12.367	4.402	3.439	17.740	-0.169	7.002	0.041	0.089	-0.877	6.987	1.925	0.107
5.049	2.801	6.891	18.977	-0.393	4.605	0.482	-0.564	-2.078	15.392	3.059	1.593
6.605	0.388	4.979	2.975	0.060	6.037	0.302	-1.143	-0.705	2.759	4.280	0.413
8.070	2.258	2.942	11.995	1.701	5.747	0.530	-1.463	2.018	7.900	8.544	3.268
18.594	0.885	3.165	15.132	0.651	1.254	0.348	-0.978	-0.103	19.783	2.373	1.791
15.639	2.811	9.945	14.325	1.965	4.873	-0.227	-0.182	-1.068	12.496	6.037	2.046
9.576	1.691	5.934	19.816	-2.036	0.133	0.203	0.103	-0.610	1.693	5.400	1.318
8.356	0.984	3.746	18.474	0.287	6.783	0.050	-0.741	-0.966	15.968	0.574	1.985
12.354	0.444	6.069	7.230	0.059	1.872	-0.503	-0.550	0.618	9.033	8.564	0.577
6.542	4.607	1.226	13.884	1.088	6.318	-0.737	-1.451	-0.865	0.001	4.327	3.966
5.434	1.372	5.426	15.288	-0.924	6.346	0.548	0.243	-1.214	13.796	3.908	3.561
12.353	1.214	5.238	2.370	-0.262	3.982	-0.435	-1.360	0.577	12.319	9.122	0.559
19.001	3.596	6.907	1.512	0.541	8.810	1.324	0.928	0.437	2.784	2.426	2.421
8.692	3.412	0.591	12.071	-0.615	1.365	-0.724	0.380	-0.930	3.301	1.034	4.223
10.888	3.336	3.345	2.594	-2.202	5.800	1.805	-0.171	0.488	19.848	9.103	3.926
7.316	5.418	5.373	5.375	3.981	5.352	7.626	2.802	0.745	4.631	3.966	4.485
7.225	5.094	8.891	4.435	4.083	3.913	19.600	3.316	0.583	14.337	2.213	3.034
3.862	6.937	8.597	3.075	4.133	4.867	6.699	3.681	1.246	1.420	2.432	3.827
9.485	3.231	6.180	3.513	4.941	6.014	10.898	1.814	0.674	13.261	7.235	0.805
8.469	4.401	5.779	3.868	6.331	4.288	14.707	1.113	5.041	9.738	8.386	4.470
11.358	5.239	1.312	6.141	6.561	5.051	11.543	4.740	6.072	4.783	9.291	4.605
6.228	4.582	9.228	5.389	6.578	3.873	6.872	1.043	0.216	17.669	4.725	2.531
9.424	4.787	5.454	4.058	6.480	7.883	1.620	1.807	6.977	15.049	1.971	0.571
14.560	8.447	6.771	3.364	4.921	4.889	16.706	2.851	2.237	4.343	0.238	1.789
13.117	5.203	0.784	4.501	5.824	4.421	15.760	0.451	1.193	8.412	0.678	0.509
0.646	6.732	1.421	6.657	5.018	5.866	10.231	1.110	7.022	16.886	5.983	4.293
19.137	4.504	4.580	5.973	6.093	5.437	8.837	1.174	1.623	3.730	2.896	4.434
3.238	4.948	5.767	3.849	7.273	3.831	1.046	0.865	9.119	0.694	2.794	3.177
13.636	6.520	5.029	5.025	6.133	3.479	7.880	1.117	8.276	7.642	6.029	0.325
0.583	5.221	5.680	4.963	3.644	4.688	18.798	2.368	8.930	19.015	5.719	2.778
0.897	4.591	3.371	4.806	5.395	4.258	9.869	1.085	0.609	15.634	3.560	0.419
9.635	4.862	3.898	6.079	6.891	3.710	5.766	1.386	0.168	2.590	9.596	2.097
8.934	4.614	0.491	5.244	4.954	5.851	14.745	4.506	2.129	17.460	6.368	4.412
4.743	4.356	9.167	4.900	3.049	4.591	4.859	2.060	3.194	4.704	7.779	4.703
4.893	4.065	8.276	3.838	6.509	4.273	4.258	1.798	8.687	4.904	9.376	4.320
4.286	4.651	8.450	5.030	3.775	4.485	2.411	3.134	5.780	15.179	3.284	0.348
19.160	5.282	2.251	3.270	3.876	4.894	8.291	3.111	5.657	17.014	1.653	3.100
17.485	4.608	5.946	5.094	5.359	2.945	13.401	3.803	4.920	10.990	7.325	1.819
5.953	5.220	3.956	5.421	5.888	4.138	3.211	0.180	5.716	11.304	6.760	3.172
6.005	5.709	6.292	5.553	4.952	4.591	19.924	2.038	0.695	1.361	9.232	2.698
0.897	3.534	9.006	6.028	4.559	3.228	11.575	2.000	8.578	10.376	3.784	2.132
9.032	4.172	6.259	4.763	6.258	5.495	11.561	1.547	7.640	0.437	6.899	1.330
9.266	6.787	8.853	5.143	5.342	5.533	8.797	3.973	4.641	13.978	2.030	1.309
19.798	5.323	2.983	5.361	6.356	4.539	19.888	3.044	4.329	18.378	7.029	3.599
13.066	6.747	3.380	4.630	4.568	4.025	6.322	0.942	0.574	3.505	3.487	0.980
16.225	3.796	4.371	4.987	4.974	5.627	6.951	2.167	1.308	9.093	5.432	4.252
3.895	4.269	0.604	4.019	4.082	3.435	3.221	2.715	3.628	14.443	8.415	4.637
8.228	5.097	0.920	5.130	6.703	4.437	2.178	1.110	4.325	12.464	4.166	0.528
4.338	4.967	2.233	4.244	6.580	5.625	14.461	3.232	7.359	5.630	0.959	3.993
13.262	5.072	7.595	5.062	4.572	3.893	0.178	3.215	5.842	0.111	6.288	3.610
2.222	5.793	9.162	5.057	4.531	4.540	1.087	2.409	9.085	15.906	8.213	3.333
8.646	4.313	7.977	5.126	6.599	4.394	8.902	3.252	4.532	9.603	4.738	1.292
12.899	4.044	8.800	4.670	5.077	4.489	12.790	4.622	6.052	5.765	6.708	3.097
1.040	3.801	5.149	4.223	5.167	5.213	18.364	2.922	3.891	17.818	9.541	1.466
16.908	4.723	2.736	4.985	6.784	4.772	15.071	3.612	6.192	17.821	9.791	1.362
2.127	4.292	5.967	5.014	5.668	4.350	10.790	4.131	9.747	6.951	8.265	1.192
9.542	5.000	9.437	5.012	6.626	5.402	16.866	4.263	8.496	2.167	3.770	2.564
7.767	5.649	0.401	4.725	5.130	5.846	18.079	3.486	9.660	10.046	8.036	0.442
7.795	6.231	2.234	7.081	5.222	4.243	17.880	3.363	5.103	7.338	2.888	3.394
17.454	5.473	6.757	5.176	3.724	4.548	2.171	3.925	6.886	7.371	6.848	4.585
18.775	5.559	0.865	4.462	4.626	6.148	19.470	4.561	1.787	7.349	4.520	4.637
13.912	5.324	1.701	4.305	2.842	4.645	14.594	3.219	6.552	13.733	6.394	4.439
2.868	6.071	5.517	3.671	3.463	5.549	10.430	1.014	6.265	15.268	6.262	3.666
16.180	5.200	3.026	4.633	4.323	4.814	19.458	4.774	7.568	18.390	5.584	4.506
9.239	3.004	9.236	5.603	6.509	6.232	16.863	0.502	3.042	11.838	2.195	2.835
13.346	5.338	6.869	4.073	3.905	3.456	5.713	1.681	7.707	14.760	2.665	2.295
8.470	4.659	0.989	4.721	5.510	4.735	1.379	4.395	8.858	2.235	7.603	1.804
16.240	4.836	8.023	5.141	6.209	4.414	4.598	0.285	8.965	16.414	4.136	2.163
1.316	7.498	4.962	5.606	6.238	4.969	16.398	0.546	3.498	15.507	0.735	2.040
18.543	3.679	9.367	4.325	5.044	6.247	18.674	3.134	2.930	9.891	3.070	4.333
11.520	4.755	5.987	5.258	5.485	5.003	10.225	1.755	7.483	19.492	1.830	0.954
14.057	5.846	2.775	4.549	4.208	6.382	19.426	2.385	7.502	14.694	6.577	1.228
12.926	5.346	8.155	3.466	5.651	4.688	15.437	3.329	3.529	1.135	4.963	3.498
15.917	5.429	0.306	6.992	5.574	2.677	3.367	0.158	2.950	3.816	4.279	1.928
10.491	4.633	0.656	3.477	5.604	5.590	0.996	3.254	6.505	3.560	1.287	3.218
17.073	3.721	5.354	5.963	4.777	6.323	15.151	1.183	1.522	5.557	8.030	2.496
17.110	5.574	7.929	4.205	6.108	5.136	5.015	1.244	9.927	15.203	8.514	4.575
13.524	5.471	8.182	5.170	4.590	4.973	9.791	0.391	0.209	5.011	8.136	0.389
8.166	5.082	5.929	5.873	4.396	5.436	18.328	0.650	6.658	8.746	3.891	4.312
3.806	5.266	6.538	3.691	6.715	4.918	4.070	0.708	1.889	14.616	7.339	2.576
3.089	5.593	2.135	4.811	5.963	3.940	16.469	0.843	1.478	8.821	0.849	1.918
18.186	3.328	5.836	3.616	5.233	5.572	10.149	0.627	0.162	1.103	8.817	4.602
10.241	4.790	7.166	3.204	5.650	4.135	4.296	1.571	8.815	6.135	9.779	1.992
13.783	3.741	6.619	5.619	5.360	5.884	15.202	0.394	0.229	18.463	8.941	2.963
3.437	5.117	7.039	5.061	4.853	5.096	19.421	0.798	8.147	18.129	9.679	0.366
10.508	5.042	5.139	6.460	3.626	4.703	6.325	2.138	7.323	17.526	4.028	4.608
8.507	4.844	4.956	5.033	5.488	5.360	1.858	3.116	4.867	1.488	0.032	1.085
4.910	3.586	9.784	6.993	6.849	3.716	19.811	3.248	3.987	2.817	0.428	0.810
2.115	6.452	1.179	5.353	3.208	4.015	9.533	3.980	1.058	16.889	3.072	0.596
2.386	5.333	9.470	5.727	4.166	5.253	6.893	0.747	0.965	3.943	2.353	4.747
12.599	3.360	8.798	4.782	5.420	3.727	0.080	2.565	2.571	10.150	5.682	1.290
18.979	3.828	7.507	4.783	5.154	5.751	4.627	4.893	7.873	10.295	2.119	1.558
3.065	5.762	8.175	5.310	5.632	5.646	3.063	4.494	8.716	11.045	6.779	2.065
3.824	5.138	4.135	4.877	3.679	6.062	4.539	0.580	3.283	10.042	3.066	2.099
14.298	4.590	4.417	4.868	4.039	4.931	19.543	0.830	7.272	4.835	9.872	2.101
9.684	5.607	6.395	4.229	4.589	2.553	13.733	4.698	0.499	13.000	7.153	0.356
12.190	5.069	7.061	5.688	5.400	5.430	12.393	3.621	5.076	0.363	1.391	4.117
11.849	3.671	4.147	6.329	6.285	4.829	12.354	3.003	7.758	7.248	5.361	3.378
4.517	4.973	8.064	6.242	4.755	4.897	6.897	1.415	7.937	13.759	8.241	3.152
18.892	4.352	8.482	3.117	5.712	4.524	13.030	0.032	4.402	3.157	8.503	0.991
10.448	7.621	0.962	4.632	5.674	4.306	12.462	4.839	8.688	8.204	7.434	3.632
2.640	5.323	7.576	4.073	5.170	4.485	12.509	3.164	0.649	7.459	9.137	1.238
15.753	5.598	2.012	5.872	4.208	4.653	5.863	2.890	5.627	17.779	7.903	3.772
4.853	6.960	6.997	6.591	4.530	4.921	14.822	4.047	8.105	8.132	4.057	2.628
16.333	4.411	6.484	4.331	4.427	7.300	17.204	3.252	2.227	4.315	8.806	1.344
12.571	4.520	8.051	4.713	6.159	4.055	18.839	4.615	0.717	2.073	5.962	3.152
1.282	5.169	8.816	7.046	3.745	4.811	12.111	0.598	5.336	14.387	0.258	2.670
16.131	5.716	2.477	5.055	5.656	5.876	2.199	1.402	0.053	19.977	2.763	1.170
18.857	2.998	5.014	5.131	3.663	5.335	19.017	4.493	9.002	2.000	3.375	4.856
11.818	3.821	7.115	3.953	3.884	3.962	14.975	1.750	1.100	16.456	9.955	1.140
10.433	7.371	7.290	4.883	5.301	6.054	15.610	1.459	6.150	0.590	3.687	3.909
1.027	4.173	4.983	3.844	4.718	4.508	0.116	0.911	8.293	10.101	3.713	4.567
15.088	3.549	9.591	6.840	5.596	4.572	6.996	1.605	4.974	19.840	3.445	3.601
18.785	5.917	4.609	5.920	5.191	4.647	15.757	2.860	2.936	6.430	2.710	3.221
9.146	3.581	6.838	6.361	5.438	5.185	15.022	0.974	9.197	12.381	6.275	4.582
14.891	5.484	6.173	3.544	4.051	5.733	7.423	4.445	6.718	16.280	7.669	3.467
18.378	5.835	4.062	4.177	4.250	4.120	18.130	4.015	8.473	2.002	1.049	0.495
16.329	5.744	0.575	4.487	4.436	6.298	15.898	4.461	9.354	0.539	3.646	1.673
6.699	4.770	1.859	6.044	3.840	4.152	14.294	4.701	2.558	6.061	3.281	4.017
14.117	5.482	7.587	4.059	4.679	5.054	15.255	4.277	8.649	9.857	5.447	0.638
19.449	5.884	7.797	3.703	3.992	5.895	7.053	1.497	8.132	19.466	9.793	1.805
5.256	6.268	4.393	6.445	4.782	6.541	16.165	4.533	4.608	5.613	6.495	1.670
2.563	3.542	3.494	5.673	6.339	3.932	13.849	2.323	4.173	12.831	8.705	1.190
6.660	3.845	2.976	4.052	6.178	2.885	12.336	2.830	7.806	11.678	5.156	2.095
5.164	5.038	5.950	4.223	4.912	3.654	6.440	4.580	6.314	0.046	6.743	1.348
17.853	3.411	6.918	4.589	5.430	5.069	5.955	4.177	1.101	5.029	9.394	4.488
0.607	4.291	0.857	5.893	5.091	3.792	15.719	1.103	1.548	12.730	6.152	1.869
3.532	4.123	3.007	3.720	5.914	5.585	19.811	0.296	2.370	17.234	2.349	4.453
0.539	2.992	0.372	6.163	5.698	3.211	7.001	4.718	2.756	18.219	2.107	3.522
11.693	3.766	7.220	7.126	5.376	5.619	15.438	4.073	2.096	14.977	1.658	0.364
11.549	6.167	7.313	4.998	3.971	6.216	3.664	1.048	1.128	9.618	4.654	0.024
11.909	5.197	2.007	4.623	5.364	5.788	7.129	1.890	4.730	2.391	0.653	3.296
19.204	4.485	7.915	4.912	5.283	5.468	15.261	1.006	2.611	3.832	5.073	4.694
6.824	4.767	4.356	4.683	7.643	5.390	13.844	0.733	3.159	12.108	4.323	0.493
16.652	3.569	7.657	3.610	2.908	5.146	1.006	4.292	0.997	3.644	0.468	3.701
4.591	6.164	8.615	4.457	5.661	4.215	17.052	1.813	5.827	0.918	6.504	3.982
8.961	5.631	6.069	3.628	3.979	3.218	3.934	4.018	2.866	3.791	6.177	1.286
0.675	5.112	8.735	5.025	2.893	3.972	18.998	3.758	4.752	15.377	9.298	2.006
12.249	7.052	1.417	2.087	5.796	3.828	14.040	1.204	9.543	7.361	5.924	3.028
17.234	3.481	4.855	4.765	4.207	5.801	3.402	2.666	1.641	15.222	1.727	0.892
1.049	3.813	2.207	3.556	5.947	5.742	11.856	0.359	4.865	19.644	1.463	0.473
18.628	5.950	3.964	5.047	4.762	4.529	16.821	3.478	6.527	11.906	8.544	4.838
16.083	5.573	8.402	5.535	5.407	5.855	3.983	2.415	9.232	17.777	3.427	2.775
7.084	4.782	0.788	3.689	5.172	6.103	19.736	4.931	2.020	10.720	3.112	4.307
19.526	4.920	2.467	2.334	6.716	3.553	17.657	3.974	2.309	1.232	9.464	1.027
9.619	5.728	8.428	4.012	3.763	6.998	19.523	1.848	8.743	14.865	5.504	2.974
1.112	5.101	2.785	4.076	4.602	6.808	1.719	0.754	6.542	8.071	1.286	1.427
2.586	5.913	1.899	5.664	4.543	4.175	13.625	0.457	3.675	6.268	5.458	2.618
7.033	6.608	2.197	5.444	6.139	4.238	12.236	1.397	5.665	10.551	2.190	3.828
13.187	5.138	8.464	4.817	6.406	2.804	9.295	3.479	1.819	19.628	7.476	2.258
14.351	5.905	8.680	5.090	4.965	5.714	8.782	1.758	7.519	0.859	0.988	3.556
8.114	3.844	6.570	5.509	5.406	4.014	11.491	1.886	3.406	11.949	5.884	4.171
6.553	3.805	7.236	4.922	4.876	5.567	2.899	3.551	9.116	16.110	2.934	3.654
10.090	5.513	5.877	4.719	4.815	5.325	1.669	0.893	2.867	17.124	9.648	4.212
16.541	5.699	4.909	6.613	4.972	6.606	18.099	2.574	3.657	14.377	1.890	4.194
15.294	5.088	7.730	4.957	5.741	5.491	14.029	4.634	7.227	13.423	6.470	1.078
10.531	3.762	4.008	4.921	5.768	5.282	5.475	2.579	7.317	1.171	5.194	3.902
1.777	4.606	3.244	5.149	3.559	5.055	11.741	1.533	6.669	4.494	6.922	3.154
2.342	5.965	2.313	6.440	4.199	4.863	12.094	1.467	1.444	7.029	9.686	4.861
14.624	5.896	4.961	5.633	6.837	4.393	2.824	3.790	3.639	4.688	4.728	2.717
11.542	4.537	0.653	4.330	4.654	4.896	2.761	4.551	6.240	7.178	0.774	4.666
3.755	5.892	8.200	5.948	6.597	7.074	12.830	4.059	6.663	14.536	2.919	4.471
15.511	5.542	2.344	4.173	5.351	3.889	9.220	4.965	3.398	12.662	7.965	0.618
6.719	6.436	3.609	5.487	6.702	4.498	1.220	1.754	7.170	7.497	2.734	0.975
16.107	4.562	6.316	4.466	3.957	3.834	1.277	4.722	9.687	10.133	5.301	0.146
5.579	4.977	8.996	4.722	3.034	4.274	6.606	3.073	4.368	4.072	2.208	2.190
8.210	5.868	7.846	4.454	3.285	5.471	5.529	4.728	0.728	8.345	6.954	0.032
5.623	6.310	7.423	5.878	4.811	2.447	8.122	3.577	4.757	17.863	9.318	4.232
5.068	3.857	2.274	4.454	6.123	6.303	8.238	0.720	7.882	15.829	3.518	2.651
17.872	4.253	5.219	3.700	4.491	3.758	10.857	0.343	3.797	16.729	3.075	4.594
10.759	5.740	9.905	4.740	6.341	4.713	13.528	4.749	6.185	13.453	4.018	4.781
13.595	5.610	6.218	4.247	3.758	3.422	5.380	2.321	4.312	13.570	1.939	3.133
16.316	6.837	9.881	5.493	5.406	5.591	19.486	1.895	3.046	3.004	5.163	3.546
17.366	5.164	7.769	4.880	4.796	4.468	10.831	4.238	3.570	4.278	0.471	4.201
2.010	4.533	8.493	6.735	4.654	5.831	6.100	0.164	4.909	16.496	5.255	0.237
16.478	4.543	1.047	6.435	4.820	5.921	19.863	4.566	2.925	3.537	9.012	4.075
7.177	3.994	6.997	5.087	6.597	5.928	11.777	2.077	8.225	14.116	9.229	0.582
2.567	4.566	5.230	4.041	4.706	5.240	19.525	0.770	7.555	13.156	2.565	4.175
16.793	4.735	9.110	4.386	4.623	5.605	5.445	4.545	6.197	17.826	5.121	2.168
18.499	4.076	0.788	5.018	5.874	4.848	10.563	0.002	7.975	0.690	7.778	1.222
17.657	5.429	8.246	6.087	6.880	4.484	16.208	1.972	1.283	1.034	9.333	4.933
15.265	6.189	6.689	5.071	4.935	5.309	1.493	3.832	0.994	3.985	7.334	0.651
10.638	6.530	0.017	4.131	5.389	5.405	18.182	3.546	9.898	18.550	7.330	0.771
13.438	5.307	5.875	4.038	8.426	6.355	10.817	4.941	4.073	13.290	1.948	0.092
4.590	4.241	6.863	2.609	6.152	5.743	2.877	0.975	3.857	1.944	7.282	2.380
12.070	4.482	7.664	5.273	4.828	3.996	7.157	0.232	1.452	6.726	4.894	3.289
17.546	4.173	0.125	5.729	5.557	4.727	0.232	1.240	9.865	6.473	6.705	3.145
17.077	5.680	9.305	5.657	4.434	6.945	11.429	0.246	4.877	2.503	2.450	0.320
6.339	4.167	4.144	5.227	6.033	7.053	3.858	3.653	3.520	15.914	2.139	2.881
12.980	5.186	1.975	5.038	4.855	5.034	2.369	4.693	0.170	1.789	5.831	2.002
11.217	6.309	0.223	3.701	5.154	5.220	11.910	3.381	4.855	18.887	2.689	4.952
11.818	3.312	7.815	4.304	5.513	4.104	15.117	3.838	9.730	5.659	5.455	4.974
0.213	5.548	3.008	5.642	4.958	4.786	3.962	0.795	5.260	0.815	9.221	0.089
15.363	5.485	9.445	3.476	5.390	4.433	7.242	4.158	3.619	17.654	9.981	0.570
12.437	4.544	3.950	7.711	5.045	4.847	14.919	4.064	6.785	5.380	1.899	2.095
6.646	3.744	2.926	4.830	6.631	5.601	3.751	3.726	5.528	17.866	3.433	1.468
16.621	5.225	5.934	3.093	5.622	4.992	4.473	4.991	9.329	8.697	6.801	2.696
11.696	6.824	2.946	5.462	3.782	8.761	11.063	1.467	0.733	7.580	8.405	0.612
19.114	5.408	4.977	4.318	5.306	4.791	13.958	2.552	7.720	8.589	4.759	0.118
19.832	4.229	2.490	4.796	3.838	5.411	19.012	4.927	5.693	15.854	9.686	0.712
16.595	3.588	6.844	5.118	5.651	7.166	3.144	1.542	6.831	18.524	8.451	0.582
2.249	5.268	8.955	5.715	5.350	5.208	7.760	0.927	1.630	10.851	8.698	4.604
2.703	3.647	3.475	5.625	3.474	6.093	3.812	3.149	2.836	2.059	1.636	3.674
15.456	3.950	5.255	5.800	3.781	4.593	6.666	2.101	1.429	18.459	4.389	0.831
10.238	4.551	1.666	4.376	7.235	5.667	13.524	1.963	9.567	16.357	4.204	0.278
16.406	4.956	5.948	5.892	5.758	5.889	12.548	3.250	0.746	10.884	5.499	1.569
10.378	6.166	5.437	5.678	5.122	6.094	17.435	0.732	9.760	12.656	0.261	2.757
0.120	3.368	2.277	5.911	5.811	5.592	18.205	1.821	6.185	11.752	4.032	0.463
16.842	4.303	1.573	6.255	6.412	3.147	17.740	2.509	1.711	12.118	7.647	2.125
3.905	4.450	2.630	3.214	6.505	5.575	12.233	1.885	9.365	5.691	1.628	2.808
3.588	5.104	8.873	6.567	3.908	4.419	3.153	4.019	6.136	13.749	9.298	1.674
4.192	4.695	0.893	5.735	5.175	5.732	7.995	1.108	9.296	5.401	0.117	3.055
1.171	5.340	0.510	4.946	5.299	5.726	7.166	2.103	3.062	7.721	2.061	0.654
2.521	5.584	7.420	4.366	4.458	3.814	10.426	0.421	2.962	8.301	8.516	1.920
0.005	3.540	6.454	5.420	6.204	5.587	2.380	3.437	8.019	5.514	1.800	3.372
8.961	6.285	4.490	5.156	5.404	4.208	16.338	0.979	8.930	18.185	3.650	3.415
3.406	6.529	5.072	4.974	5.241	6.029	0.349	3.831	8.525	18.817	6.990	4.518
3.068	4.856	0.079	4.807	4.585	5.303	13.432	4.024	7.702	14.682	4.609	0.108
4.408	4.361	9.504	5.002	5.188	3.307	13.323	4.281	0.439	13.930	0.249	4.245
10.038	1.960	3.312	4.590	2.309	4.436	5.072	4.321	9.154	19.113	9.414	2.774
14.393	4.247	8.536	3.928	5.346	5.609	0.167	0.054	7.952	4.978	9.942	3.300
5.375	5.266	3.766	5.821	4.327	5.334	18.526	3.448	9.336	6.068	0.918	2.156
14.395	6.496	6.075	5.957	6.105	3.514	4.606	3.197	2.808	8.856	2.901	2.776
10.379	3.610	2.219	5.227	5.978	6.180	13.609	0.529	5.554	15.254	0.724	3.861
3.766	3.399	1.888	5.020	6.919	4.837	19.278	2.872	2.478	7.557	4.710	1.948
0.959	4.804	2.152	5.049	3.839	5.663	0.987	2.933	0.173	6.818	7.291	1.111
0.529	3.849	9.304	4.400	5.154	5.327	3.406	3.008	8.005	17.299	7.070	3.793
12.749	4.197	0.241	3.378	2.773	5.239	19.993	2.175	0.822	17.921	1.292	0.653
14.127	5.184	9.231	5.415	5.112	4.450	5.973	2.678	9.197	3.755	4.760	2.350
14.437	5.029	4.801	5.250	3.884	5.022	12.642	0.414	1.107	3.995	5.555	1.437
17.263	5.789	8.413	5.424	4.932	6.601	13.542	1.684	1.113	5.978	9.997	1.705
19.484	3.848	6.537	5.018	1.173	5.331	8.372	1.355	5.222	8.561	6.974	1.195
9.249	4.966	4.980	5.109	6.415	4.987	3.486	3.125	5.130	13.815	8.907	1.714
1.006	4.624	7.110	4.108	5.765	3.999	15.698	1.158	0.447	10.632	5.831	4.339
16.613	4.888	5.882	4.174	6.361	4.091	7.371	3.838	0.263	18.781	6.161	2.914
1.727	4.694	2.616	4.722	5.818	6.311	11.358	2.997	3.708	16.753	2.733	3.689
15.670	5.752	6.945	4.109	4.750	5.279	18.647	0.399	3.599	11.010	9.439	3.158
16.035	4.884	3.980	5.632	6.231	6.430	3.872	1.294	2.114	15.294	0.547	1.374
9.145	4.827	3.858	6.268	4.358	5.312	7.076	0.604	9.283	9.574	3.839	1.051
3.942	4.842	8.201	3.613	4.979	4.813	1.455	2.150	3.465	6.786	4.995	4.870
14.703	4.520	1.103	5.492	4.910	6.057	4.102	3.498	7.923	13.386	9.708	2.033
3.650	4.816	5.868	5.379	5.126	4.130	7.537	4.991	3.697	9.776	3.254	0.252
17.052	7.208	6.258	2.423	4.145	4.501	11.097	3.356	5.864	9.119	5.674	2.290
17.017	5.307	1.954	5.072	5.361	3.992	8.377	4.229	5.228	1.103	8.890	2.358
2.847	5.708	0.866	5.368	5.413	6.916	14.554	1.561	4.672	14.020	4.203	2.729
8.711	4.833	3.061	4.453	3.455	4.964	5.112	3.813	2.958	10.860	3.197	1.468
15.620	5.143	0.301	4.309	4.787	5.059	4.792	1.959	9.356	10.992	0.615	0.012
1.181	4.451	1.760	4.347	5.156	5.994	1.383	3.883	3.316	7.897	3.002	4.044
8.416	5.703	8.601	4.172	5.153	4.283	5.846	2.074	6.171	0.517	9.941	4.446
4.217	6.665	0.771	4.100	5.905	5.457	5.744	4.771	8.147	16.846	5.943	2.036
1.724	4.886	2.406	5.062	6.156	5.193	8.259	0.241	1.143	17.641	0.467	0.234
7.256	6.001	3.966	4.414	6.218	2.327	12.739	2.411	0.200	10.597	4.666	4.457
7.635	5.966	4.577	6.013	6.494	5.108	18.545	1.164	5.498	0.973	0.973	0.692
15.058	4.756	7.082	5.582	4.807	6.346	0.473	3.914	4.081	0.239	5.819	2.682
4.236	5.074	1.430	4.099	6.861	6.841	13.135	2.310	4.836	12.390	5.173	3.835
11.511	5.917	1.552	5.729	6.331	6.298	3.865	1.561	2.984	7.903	6.857	1.162
3.739	4.156	1.482	4.391	4.314	6.001	6.922	0.561	9.894	5.181	3.292	0.718
14.858	6.027	2.913	4.825	2.792	4.498	7.794	4.341	1.506	3.534	9.992	4.320
6.566	3.681	0.877	4.859	6.162	4.103	12.866	2.916	4.729	19.244	5.974	3.830
17.436	4.746	3.775	4.525	2.872	5.469	11.558	2.922	0.310	6.872	7.557	2.575
18.914	5.348	0.566	4.176	5.725	5.498	16.160	4.927	8.488	16.176	8.351	1.680
18.739	5.722	9.061	5.013	5.724	6.140	4.484	3.845	2.655	1.050	2.682	4.730
13.251	4.452	3.344	6.855	5.603	3.841	11.571	2.128	5.791	5.955	7.007	3.032
15.375	4.091	2.575	4.558	5.606	4.626	2.348	3.731	6.727	9.998	9.781	2.820
9.307	4.867	5.871	5.223	5.450	6.153	19.431	1.851	7.410	16.864	4.306	4.822
13.450	4.579	1.316	2.390	4.734	6.091	19.295	1.069	4.611	16.427	4.553	1.703
8.356	4.912	6.798	5.350	6.080	5.035	19.834	2.394	0.559	6.949	6.437	2.726
0.982	5.964	5.966	5.568	5.701	6.390	7.548	4.155	5.881	19.469	7.560	2.659
4.099	4.901	4.411	7.234	5.302	4.664	11.676	0.195	0.763	8.689	8.919	0.081
1.345	4.093	7.826	4.267	7.022	3.000	4.546	3.488	4.891	17.063	5.817	0.652
2.208	4.494	4.347	5.352	6.194	4.925	6.393	4.082	1.043	15.658	2.418	1.961
19.031	4.758	6.766	6.063	3.929	5.248	8.337	0.404	2.927	3.449	8.097	1.883
10.284	4.436	2.662	5.251	4.308	4.981	17.883	0.221	4.883	8.990	1.402	4.256
7.081	5.230	4.593	4.210	3.332	6.403	1.247	2.574	3.522	3.108	1.546	0.176
10.267	6.857	7.903	6.336	4.777	5.534	17.424	0.153	9.063	13.616	6.582	3.219
9.559	4.388	9.048	4.830	5.182	5.722	4.757	1.438	6.525	19.028	8.039	4.532
1.135	6.364	0.421	5.189	5.268	1.616	15.487	0.407	9.788	15.495	1.158	0.103
7.782	4.855	2.446	6.807	4.816	4.543	16.398	0.971	3.149	5.298	5.113	4.640
10.067	4.773	9.222	5.678	5.686	4.335	16.213	0.818	7.587	12.990	5.766	0.448
3.559	5.166	0.385	4.616	5.586	3.992	0.375	4.069	6.229	1.033	1.777	0.016
10.350	4.016	8.100	3.902	5.362	5.410	8.820	2.806	1.784	0.674	1.540	2.762
18.469	5.922	4.519	4.130	5.315	6.038	3.317	3.618	7.289	12.281	9.102	3.082
6.593	4.322	6.223	5.055	4.513	3.937	8.259	2.365	3.904	13.789	0.525	0.186
3.351	5.773	0.160	6.189	5.619	4.406	15.427	1.058	8.076	1.485	2.234	1.017
15.860	3.635	2.767	5.325	7.299	5.161	7.292	4.362	5.238	7.688	9.288	1.200
19.742	5.586	0.157	5.468	4.833	4.970	9.927	2.735	9.029	14.811	3.028	2.666
15.747	2.928	7.428	4.327	5.500	4.603	7.433	2.199	9.661	2.098	5.036	0.740
15.970	5.490	6.378	4.641	3.545	4.364	19.949	2.803	5.935	17.113	6.321	1.618
10.340	5.658	4.128	4.089	5.916	6.930	13.038	1.629	5.806	19.299	1.430	2.783
17.185	3.396	7.334	6.438	5.769	5.789	5.958	3.101	1.819	9.292	7.151	0.248
6.463	5.105	3.347	5.051	7.338	1.979	10.284	2.528	1.003	17.465	8.251	1.675
5.470	5.008	1.665	4.118	3.821	5.079	7.555	1.396	2.687	0.302	6.132	2.456
4.117	4.758	5.898	4.770	4.275	6.001	9.712	2.503	8.643	11.858	0.916	0.390
16.071	4.968	6.989	5.488	4.920	6.652	4.973	0.068	1.107	11.881	9.441	2.670
5.104	3.339	6.706	1.987	5.130	4.518	2.449	4.081	1.126	13.098	9.199	3.820
17.973	4.746	1.083	4.496	4.106	4.687	14.427	3.340	5.242	19.535	2.901	4.130
11.718	4.591	6.645	5.398	5.163	4.633	7.972	0.524	2.843	13.218	7.852	0.006
1.689	3.744	5.592	6.279	3.747	6.716	1.647	2.243	5.479	9.427	9.587	1.173
11.217	3.445	3.449	5.237	3.822	5.372	5.144	3.279	2.602	2.874	0.835	2.937
8.431	6.669	6.700	5.154	5.046	5.829	10.961	0.903	5.587	1.560	1.410	4.541
0.879	6.396	1.248	5.607	5.658	3.169	6.187	4.480	5.391	6.520	8.887	3.120
1.797	5.852	5.514	5.363	4.234	6.322	19.534	1.194	1.283	8.749	5.754	2.320
8.175	3.118	9.469	4.840	5.684	4.583	16.056	0.975	2.310	18.874	5.839	0.364
12.777	4.815	6.140	5.961	5.468	5.317	5.762	4.312	8.080	18.710	3.896	4.469
14.264	3.699	2.192	6.356	5.763	2.999	10.881	2.385	3.987	5.545	3.411	1.513
5.001	6.237	9.956	4.423	3.767	3.655	12.892	2.447	0.287	6.539	1.619	3.179
13.756	3.946	2.277	5.369	6.562	3.402	7.026	3.407	0.365	19.600	8.998	1.766
19.577	4.690	4.093	4.137	6.110	4.937	16.325	2.391	4.412	11.549	2.812	1.390
16.005	3.551	1.440	5.105	4.965	3.049	13.159	2.051	2.614	0.316	2.285	0.756
10.141	5.317	5.646	4.864	4.069	4.065	7.208	1.656	4.471	8.625	2.807	4.334
18.769	5.820	6.989	4.245	4.780	5.791	7.798	4.747	3.773	6.496	1.138	1.831
4.920	4.770	3.245	5.228	5.226	6.499	10.117	4.076	6.112	3.757	0.820	4.385
17.390	4.928	9.974	6.084	4.265	4.803	10.561	1.030	8.961	10.184	0.061	3.779
10.455	6.231	9.507	4.498	4.409	4.902	16.115	3.567	0.134	7.531	1.205	3.700
5.209	3.146	7.903	2.827	4.371	6.635	11.608	3.346	4.687	15.044	5.032	1.380
6.555	6.784	0.427	5.678	5.159	4.776	15.190	4.097	4.014	18.428	4.651	0.911
5.907	4.366	5.727	5.983	3.792	4.354	12.577	3.637	4.695	19.861	5.253	4.790
10.038	4.446	5.960	4.566	5.482	2.905	4.595	4.859	9.362	0.050	3.416	2.412
6.866	3.595	1.287	4.260	3.643	6.158	0.172	2.921	5.593	9.755	0.989	2.359
3.617	5.157	7.417	4.939	4.934	3.952	0.677	4.545	6.591	6.900	4.978	3.930
5.116	4.441	9.031	4.891	5.479	5.749	8.822	3.060	9.293	13.137	1.325	4.718
3.685	4.716	3.045	6.245	5.210	5.653	18.445	1.083	2.581	18.776	3.703	1.440
15.175	4.323	9.226	5.871	5.174	5.397	2.605	2.595	8.666	15.582	2.907	4.023
1.112	5.275	9.624	3.735	3.457	6.368	2.192	4.750	1.975	16.951	0.517	3.627
11.479	5.488	0.728	6.696	4.013	6.179	7.914	3.115	5.011	0.165	8.166	0.649
16.761	5.507	5.679	4.559	3.174	5.164	0.403	3.998	7.253	1.415	0.598	0.994
4.809	4.846	1.780	4.008	5.786	4.963	19.272	3.559	3.709	0.412	7.896	2.789
3.372	3.888	5.297	5.097	5.880	4.571	3.436	2.227	8.242	19.040	2.117	0.206
19.544	6.782	2.198	4.228	5.524	4.124	9.803	0.689	4.176	5.427	0.254	1.798
9.678	5.469	0.701	3.443	3.838	6.708	18.630	3.946	7.811	6.596	5.143	1.068
2.939	5.370	8.629	5.089	5.502	4.908	8.917	4.411	7.058	5.557	6.235	0.283
10.428	4.404	9.072	5.288	5.210	3.521	4.259	2.033	1.006	7.259	0.103	4.168
12.438	2.782	4.069	5.825	6.432	5.538	11.203	0.515	0.590	4.911	2.415	4.081
10.793	5.651	4.335	7.363	5.142	5.745	7.503	1.749	6.395	16.005	7.175	4.111
4.435	2.535	5.026	6.312	4.116	4.896	7.857	4.139	3.673	3.292	8.681	4.654
19.799	6.354	4.206	5.304	3.780	5.346	5.782	1.278	4.073	3.757	1.947	1.101
12.200	5.679	6.424	4.483	5.757	5.464	3.830	3.169	0.792	13.105	7.379	0.298
8.209	5.900	6.231	6.030	4.822	5.977	14.952	3.700	7.233	19.424	3.139	1.864
12.287	3.690	1.430	3.275	6.870	2.916	12.295	3.408	0.922	9.410	4.053	3.415
1.030	4.324	4.627	6.461	4.107	4.552	9.168	0.534	7.632	1.484	4.293	2.073
2.264	3.433	5.892	4.603	3.384	5.290	8.548	4.061	5.372	4.037	6.090	0.378
0.056	4.705	8.686	5.494	4.622	4.486	4.234	1.870	6.823	8.910	0.043	3.180
1.920	4.813	5.924	4.266	4.115	5.424	5.208	3.635	0.679	15.679	1.245	3.281
10.147	4.549	2.597	4.477	4.515	5.655	3.420	3.236	8.819	12.693	8.078	1.241
15.138	4.183	7.565	6.036	4.259	6.435	11.467	2.437	5.706	18.463	5.023	2.216
15.448	4.887	4.120	5.987	6.238	5.898	9.346	4.288	4.951	18.574	8.722	2.504
2.575	5.443	2.962	6.017	4.313	6.075	13.876	4.651	1.430	16.628	4.980	3.648
8.668	3.926	9.911	5.770	4.180	4.794	0.866	0.723	4.220	11.352	4.576	1.226
14.981	0.962	-6.729	-5.797	2.741	-7.197	5.500	-5.046	1.779	2.320	8.694	4.418
2.076	4.689	-8.098	-6.575	3.490	-6.315	9.675	-6.384	9.193	7.044	3.763	4.325
8.552	4.480	-7.592	-8.354	3.385	-6.989	10.044	-7.494	3.925	17.738	3.459	3.577
15.096	2.753	-8.034	-7.810	3.217	-7.789	6.156	-5.727	8.007	16.086	5.404	0.117
12.506	4.414	-6.919	-7.273	1.712	-7.064	14.151	-8.281	0.900	3.384	9.632	2.248
4.724	3.536	-7.551	-7.903	4.745	-7.655	16.375	-5.342	5.778	6.440	1.436	3.520
11.092	4.544	-5.982	-7.021	0.538	-5.854	16.981	-7.971	3.050	4.956	7.327	2.613
1.488	4.036	-5.222	-7.210	0.242	-7.426	18.374	-5.843	6.720	9.217	8.029	2.958
1.545	2.328	-9.112	-8.677	2.129	-8.487	17.060	-7.945	3.415	5.524	7.191	4.719
19.799	2.916	-6.242	-6.763	0.823	-8.328	3.391	-7.545	4.891	17.261	0.953	2.393
14.110	3.020	-5.862	-7.179	0.791	-5.100	2.519	-6.561	8.172	10.135	7.014	3.779
14.235	2.982	-5.707	-6.866	0.638	-6.776	17.553	-7.334	1.575	16.346	8.778	0.617
0.286	2.181	-6.709	-6.401	1.459	-5.435	7.456	-7.362	0.700	14.150	0.615	1.349
5.442	3.748	-7.181	-6.384	3.141	-6.601	16.995	-7.427	4.619	15.251	1.623	2.577
10.401	1.322	-6.406	-6.947	2.140	-7.793	8.768	-7.844	7.526	16.266	7.530	1.732
3.542	3.348	-5.877	-6.507	1.666	-7.579	11.020	-7.497	7.691	5.470	7.280	1.201
0.138	3.291	-7.342	-7.223	2.866	-6.387	4.583	-5.372	0.593	11.258	6.267	1.079
0.366	4.422	-5.688	-5.892	3.627	-8.048	19.700	-6.467	5.161	5.470	4.981	2.502
0.154	3.937	-7.874	-6.860	1.591	-8.486	0.594	-7.023	9.478	12.762	3.927	4.112
9.179	0.189	-6.772	-7.763	0.101	-6.957	11.117	-6.245	9.583	14.641	4.593	1.111
3.181	3.745	-8.005	-5.596	2.981	-7.079	14.365	-7.001	2.248	1.601	9.742	0.643
18.829	1.221	-6.819	-5.407	3.763	-6.478	17.901	-5.016	2.005	13.886	2.370	2.512
6.587	1.681	-7.585	-5.784	3.859	-7.145	4.389	-8.516	2.900	2.343	9.070	3.414
3.277	3.713	-6.633	-6.600	0.377	-6.768	9.056	-8.399	2.594	6.197	7.604	2.700
5.606	3.027	-8.073	-4.752	2.419	-7.290	12.010	-7.360	7.491	4.347	1.581	4.416
11.730	0.074	-6.901	-6.847	3.253	-5.412	2.649	-7.555	8.693	8.677	0.594	2.945
13.385	3.863	-6.576	-6.972	1.125	-8.219	0.924	-8.950	1.483	8.639	9.643	4.602
5.547	2.091	-7.006	-6.430	0.958	-7.694	12.501	-7.495	4.346	18.643	6.057	3.055
7.730	2.520	-5.777	-7.998	4.522	-4.763	16.320	-8.291	2.183	6.972	3.663	4.657
16.479	3.900	-6.716	-7.351	3.803	-6.641	3.996	-7.119	8.521	4.867	4.484	3.088
14.534	1.864	-7.623	-7.046	0.503	-6.259	6.401	-7.952	5.189	16.303	2.003	2.504
1.679	3.123	-8.261	-8.649	3.225	-6.933	9.257	-6.805	0.893	16.054	0.000	0.261
11.202	3.695	-7.600	-7.268	0.108	-6.715	13.257	-5.965	4.276	3.199	4.524	1.202
9.922	2.028	-9.977	-6.616	4.243	-7.838	7.517	-5.785	7.479	14.378	4.793	2.046
10.475	2.991	-6.882	-5.082	1.309	-4.207	9.429	-7.281	4.137	13.414	6.000	3.964
14.363	4.444	-6.907	-6.286	1.722	-7.619	18.705	-7.067	0.492	0.739	1.162	1.067
17.492	2.968	-7.232	-8.129	3.781	-5.805	1.697	-8.301	2.336	3.075	1.478	2.269
5.598	4.777	-7.080	-8.542	2.308	-7.852	9.036	-3.914	8.006	16.221	0.908	3.311
14.506	0.381	-6.867	-5.122	0.759	-6.442	3.739	-7.161	0.969	7.010	0.540	1.969
13.922	3.523	-6.433	-5.791	3.538	-6.853	12.494	-5.599	2.065	3.461	2.935	2.942
10.691	1.254	-6.854	-5.587	3.533	-6.737	5.337	-6.544	5.726	12.575	4.275	3.698
1.957	4.831	-6.729	-6.296	4.545	-8.359	17.522	-6.362	5.183	18.959	9.136	0.398
14.202	0.050	-7.846	-8.403	4.276	-7.114	12.424	-6.669	6.353	7.137	7.336	2.858
12.508	4.533	-5.149	-7.155	4.234	-5.957	10.365	-7.910	8.011	0.274	7.545	0.303
14.957	2.517	-6.969	-7.737	1.709	-7.298	2.307	-6.174	4.339	16.934	1.128	1.527
7.948	4.075	-7.531	-6.162	4.580	-6.093	14.334	-6.817	6.669	7.807	7.800	3.332
14.816	3.952	-7.680	-6.593	2.076	-6.630	17.411	-7.144	9.876	0.579	7.696	0.378
7.633	0.443	-5.736	-5.279	4.528	-7.177	0.821	-7.095	7.812	14.778	5.149	2.134
5.692	1.187	-8.213	-8.098	2.770	-6.115	4.469	-7.069	3.823	17.080	9.928	3.040
17.822	3.701	-6.903	-8.564	3.068	-6.320	15.759	-7.068	5.282	19.667	3.701	0.966
3.791	3.533	-6.315	-6.124	2.686	-7.258	3.843	-6.308	8.317	17.513	3.212	0.374
5.939	3.693	-6.687	-5.516	4.422	-7.114	5.311	-7.395	3.934	9.462	0.123	0.913
4.856	2.394	-6.905	-8.564	1.603	-9.031	15.362	-7.612	7.104	18.585	4.677	4.662
19.611	4.352	-6.909	-4.883	1.659	-4.866	19.425	-6.682	9.015	18.425	0.792	3.448
12.983	4.741	-7.538	-8.402	1.880	-8.885	10.224	-7.650	9.157	19.082	4.883	1.292
1.409	0.607	-5.920	-6.812	3.881	-7.707	5.060	-7.445	6.140	5.770	2.744	3.141
5.429	2.817	-7.763	-8.145	4.509	-7.281	8.522	-8.051	4.727	18.649	5.291	1.084
16.366	3.399	-8.112	-6.602	3.014	-6.434	12.056	-7.702	5.117	19.485	8.567	3.281
1.471	2.335	-7.720	-7.039	4.609	-7.116	7.735	-6.957	7.996	15.004	2.813	4.659
5.165	2.143	-5.495	-6.321	3.793	-8.207	15.887	-6.783	4.966	3.261	6.121	4.342
18.593	3.375	-6.172	-7.241	1.938	-8.033	1.240	-7.091	5.273	14.525	2.779	4.144
9.951	4.062	-6.626	-8.058	4.419	-7.189	9.522	-7.402	0.787	17.293	9.309	1.973
13.560	3.153	-5.930	-7.329	2.474	-5.954	4.995	-6.864	7.869	15.614	7.901	1.128
14.660	4.160	-6.189	-6.921	0.390	-5.556	13.778	-7.673	0.485	15.103	8.895	0.931
6.740	4.411	-7.391	-6.561	3.417	-6.914	17.923	-6.098	7.092	18.638	8.434	0.451
0.588	1.716	-7.014	-6.432	2.734	-5.526	11.620	-6.775	9.015	7.467	3.189	2.246
7.377	0.164	-6.620	-7.345	0.751	-7.221	8.487	-4.119	3.485	19.175	5.429	3.094
7.128	3.572	-6.878	-7.919	3.360	-6.090	18.235	-7.285	6.139	8.633	9.282	2.577
9.704	3.745	-3.472	-5.294	0.892	-6.714	10.158	-7.161	9.148	2.436	6.861	3.797
7.704	0.119	-7.558	-6.385	4.170	-8.160	15.196	-5.923	4.591	10.199	6.018	0.940
16.916	3.495	-6.504	-7.316	3.978	-6.735	5.052	-7.450	3.420	8.514	2.350	4.157
1.683	3.206	-7.728	-6.394	2.478	-8.584	17.432	-5.654	0.307	2.711	9.401	2.434
1.418	4.477	-6.350	-6.331	2.582	-6.024	16.900	-7.213	7.070	7.539	9.592	3.661
6.014	2.614	-6.826	-6.936	4.756	-6.981	14.162	-5.745	3.628	4.184	6.992	3.910
4.812	1.999	-8.118	-7.826	0.152	-6.495	3.913	-8.074	2.123	19.853	2.331	1.485
4.091	1.214	-7.217	-6.850	2.698	-6.133	8.824	-8.422	4.750	3.976	9.672	1.185
15.408	2.568	-8.146	-5.545	2.875	-6.056	19.697	-6.513	2.335	15.031	6.288	3.317
13.514	1.439	-4.081	-6.794	4.251	-8.377	12.269	-6.016	8.910	10.138	5.726	0.148
6.204	4.828	-6.706	-7.111	3.209	-7.439	8.691	-5.386	4.269	5.688	2.880	2.611
1.966	3.102	-6.264	-6.423	0.317	-8.084	8.932	-6.611	1.548	7.808	2.277	2.192
6.925	1.003	-6.029	-6.800	4.878	-7.264	14.270	-7.033	0.879	8.621	1.182	4.476
10.199	2.329	-6.530	-9.093	0.868	-7.641	15.453	-7.010	6.265	7.658	2.673	2.156
13.207	4.098	-6.742	-6.483	3.259	-7.789	18.630	-6.999	2.297	10.390	1.544	4.669
2.881	1.608	-7.642	-8.265	2.924	-6.022	12.032	-6.956	1.418	14.916	6.137	1.992
0.299	3.351	-7.745	-5.875	2.588	-8.260	18.715	-6.637	8.534	1.887	9.865	2.174
5.957	4.626	-6.597	-6.708	3.925	-7.050	14.353	-7.491	1.303	18.885	6.435	1.269
19.906	4.369	-8.711	-5.435	3.477	-7.962	9.954	-6.564	2.042	7.099	9.038	3.747
9.925	4.001	-5.876	-6.661	0.209	-8.064	2.211	-7.522	4.741	13.682	0.371	2.069
2.306	1.908	-7.745	-6.446	1.211	-8.563	15.720	-5.855	5.243	18.228	7.345	2.468
5.341	3.265	-4.807	-5.030	2.585	-6.837	19.338	-6.884	4.862	2.578	9.273	0.884
9.616	1.236	-6.375	-5.097	1.049	-4.699	16.293	-7.104	0.252	15.721	5.224	3.723
12.886	4.945	-4.727	-8.484	3.969	-7.596	18.554	-7.621	8.623	7.408	7.909	2.356
12.599	3.376	-5.331	-7.410	3.968	-6.826	15.387	-8.084	1.975	19.159	4.198	3.571
18.122	4.273	-5.741	-6.290	3.560	-6.769	15.246	-7.649	2.344	16.767	2.081	2.695
16.625	1.779	-9.362	-6.143	0.115	-5.876	11.401	-6.425	4.577	19.187	1.438	0.565
4.130	0.133	-4.870	-7.075	1.712	-9.058	19.219	-9.173	0.788	9.396	9.137	2.021
10.498	0.688	-7.325	-7.687	1.734	-5.263	2.722	-7.386	4.855	3.635	3.768	4.463
18.963	4.692	-8.945	-8.556	1.628	-6.349	6.961	-6.161	9.459	7.902	4.045	1.093
13.017	1.470	-7.931	-7.036	1.044	-6.277	5.550	-6.944	2.750	1.894	4.782	3.723
0.615	0.410	-5.269	-7.455	0.398	-7.129	18.283	-7.115	5.613	1.966	6.389	4.495
3.463	2.561	-6.860	-5.451	3.749	-7.450	6.709	-7.590	7.826	4.763	0.424	4.248
16.899	1.466	-8.738	-6.902	1.868	-5.954	14.642	-5.997	9.089	14.152	3.824	4.856
1.106	2.314	-5.542	-7.558	3.003	-5.521	10.752	-6.011	9.892	18.694	7.322	1.567
5.698	1.383	-5.532	-5.420	4.502	-8.752	6.873	-5.987	0.529	3.750	8.303	4.189
8.563	3.353	-8.114	-6.086	3.401	-8.280	9.161	-7.062	0.842	12.369	1.510	0.750
17.725	0.407	-9.253	-7.670	2.287	-6.289	9.324	-7.184	4.308	6.055	7.859	1.284
2.162	2.350	-6.314	-6.690	1.295	-8.026	13.142	-6.281	7.226	9.524	5.606	4.729
15.390	1.049	-7.419	-7.646	4.195	-6.994	7.953	-8.090	6.701	1.727	1.407	4.564
16.803	3.949	-6.552	-6.756	3.074	-8.317	0.404	-9.878	3.608	1.394	5.076	1.031
13.869	1.187	-7.332	-7.467	1.222	-6.930	15.942	-8.321	1.608	1.847	2.029	1.803
18.057	4.676	-6.210	-6.399	3.492	-8.909	0.751	-6.925	0.404	10.460	8.314	1.668
7.325	0.783	-6.057	-8.087	4.757	-7.916	18.509	-6.859	5.846	3.103	3.465	0.110
15.065	0.513	-7.707	-6.761	1.051	-6.241	15.552	-7.192	0.521	17.401	4.009	2.210
12.119	2.219	-5.349	-5.458	1.246	-5.921	3.587	-8.138	5.927	17.626	1.062	4.388
2.415	0.932	-4.417	-6.273	0.188	-6.763	17.099	-6.018	8.222	3.320	8.165	2.922
10.148	2.360	-7.748	-6.230	2.454	-6.689	19.561	-6.642	9.773	7.412	9.665	3.745
15.491	0.821	-6.053	-7.649	0.567	-6.421	12.304	-8.026	7.331	10.785	9.111	4.432
0.400	3.241	-6.890	-7.256	4.303	-5.757	5.623	-7.008	8.872	14.603	2.021	2.651
1.609	2.407	-7.308	-7.592	2.826	-7.598	5.939	-6.087	6.563	10.110	2.207	1.109
15.682	1.899	-8.652	-6.235	2.981	-5.898	5.497	-7.325	8.807	18.375	6.312	2.772
18.915	2.261	-5.793	-6.135	2.691	-8.446	12.712	-7.103	9.646	7.286	6.017	2.724
4.575	4.950	-6.177	-8.073	0.012	-6.360	3.639	-6.467	8.774	3.329	9.035	0.866
16.893	2.917	-6.915	-6.748	2.266	-6.953	3.710	-7.260	1.277	10.585	2.030	2.374
12.239	2.669	-9.047	-7.435	4.458	-8.484	10.194	-6.869	9.010	12.425	9.891	4.894
1.320	0.391	-7.243	-6.723	0.073	-5.924	14.600	-6.147	1.851	8.824	0.082	0.195
19.927	0.353	-7.417	-6.258	3.178	-7.129	12.195	-6.216	8.641	0.715	1.510	3.408
8.673	0.073	-6.918	-7.029	4.391	-6.103	13.148	-5.936	5.367	9.109	0.074	4.072
16.555	2.424	-6.812	-7.204	3.802	-7.055	13.942	-7.686	6.896	14.783	3.824	2.925
18.856	4.941	-7.705	-7.468	2.574	-6.893	1.871	-7.297	8.030	13.194	9.350	0.600
18.503	2.895	-6.559	-4.938	3.704	-7.158	16.951	-6.648	3.429	5.348	2.864	3.571
15.615	0.038	-8.631	-6.890	1.343	-6.438	1.841	-7.347	7.804	4.363	5.177	2.605
19.316	4.943	-5.674	-7.817	4.992	-6.949	8.731	-7.088	7.420	9.789	8.832	1.557
1.703	3.819	-6.687	-7.611	0.222	-7.285	10.496	-5.457	5.273	2.541	2.187	1.560
8.657	0.027	-7.097	-7.731	0.377	-6.302	11.901	-7.802	6.749	7.021	3.235	3.484
4.735	0.737	-7.755	-7.073	2.961	-6.906	16.780	-7.134	5.822	12.326	9.785	3.719
16.316	2.180	-6.899	-7.986	3.147	-7.244	11.227	-6.187	9.281	18.796	8.314	0.660
19.389	0.029	-6.688	-5.387	4.361	-6.512	12.086	-5.844	0.922	19.577	8.942	1.294
18.392	4.405	-6.363	-6.630	0.315	-6.218	7.248	-7.416	4.732	1.616	1.998	2.192
4.358	1.575	-6.806	-4.671	0.365	-6.690	2.920	-5.902	0.754	3.465	1.399	4.121
17.524	0.628	-6.174	-8.535	2.126	-6.006	4.792	-6.913	9.778	15.362	3.015	0.070
9.304	2.061	-7.730	-8.459	2.321	-6.358	14.865	-6.347	9.591	18.685	8.079	2.435
5.081	0.559	-5.985	-8.176	0.623	-6.972	14.828	-7.884	9.436	6.528	8.741	3.575
14.464	2.492	-5.427	-5.163	1.215	-6.586	4.987	-6.580	8.416	6.420	2.018	3.062
18.644	2.726	-5.195	-8.129	3.246	-6.698	14.006	-6.665	9.819	18.348	8.739	3.980
15.906	4.552	-6.153	-6.887	0.466	-8.300	4.771	-7.171	3.110	19.913	5.800	0.463
13.213	0.077	-7.269	-8.095	0.996	-7.011	6.052	-7.651	8.208	11.644	1.275	3.362
5.488	1.550	-6.870	-4.873	0.259	-8.425	15.528	-8.480	6.172	15.109	8.895	3.836
12.927	2.615	-6.326	-6.445	3.825	-5.825	10.986	-7.627	7.255	19.872	8.640	3.907
18.500	1.039	-5.723	-7.673	2.553	-7.152	0.987	-6.389	5.687	1.338	9.879	1.545
18.943	0.945	-6.671	-6.058	3.395	-7.131	8.607	-7.267	7.357	9.169	0.222	0.101
18.830	0.263	-6.370	-6.548	1.683	-8.101	6.826	-7.440	4.310	12.843	9.232	2.380
10.815	3.769	-5.054	-9.802	1.083	-6.667	8.052	-6.720	3.735	18.834	9.894	4.739
6.576	4.527	-3.946	-7.078	2.937	-7.445	11.560	-6.303	4.850	6.211	4.158	1.042
12.117	2.681	-5.259	-7.677	2.173	-6.795	13.217	-7.522	2.864	0.396	9.624	0.949
7.096	1.355	-7.303	-6.433	1.065	-7.829	16.240	-7.358	1.911	19.235	1.066	0.086
15.901	1.808	-7.766	-7.306	1.581	-9.255	17.357	-7.626	6.078	12.159	1.380	3.707
12.301	4.906	-6.914	-6.779	3.307	-7.045	14.449	-6.542	4.825	8.340	2.071	1.186
12.603	3.064	-7.269	-5.873	0.655	-8.210	15.178	-5.719	8.009	13.646	0.593	2.851
15.574	0.375	-5.183	-7.512	3.170	-7.936	3.558	-4.367	4.191	11.685	8.397	3.018
1.231	2.503	-6.576	-8.059	4.217	-7.048	15.387	-6.204	5.710	5.463	9.643	3.032
4.588	1.796	-7.202	-6.574	0.774	-8.627	16.477	-7.142	1.478	12.730	7.929	0.721
3.138	0.817	-6.515	-7.001	0.398	-6.228	18.940	-7.234	7.970	19.536	3.337	3.076
11.207	3.197	-8.410	-5.652	0.393	-7.371	7.074	-6.505	3.325	13.855	2.447	0.176
3.069	4.324	-6.909	-6.438	0.674	-6.214	16.808	-5.622	5.997	7.196	7.684	4.170
15.559	2.616	-7.336	-6.404	0.446	-5.891	0.153	-6.747	4.228	15.829	2.775	1.181
5.508	3.082	-8.353	-7.666	1.347	-6.421	0.595	-7.021	5.908	17.342	0.346	3.762
3.298	1.776	-7.394	-7.388	3.897	-6.759	6.470	-6.436	9.219	5.074	6.315	2.273
7.951	0.534	-7.722	-9.108	4.414	-8.012	11.117	-9.091	7.643	6.419	2.784	1.239
19.168	1.509	-7.547	-6.318	2.753	-7.680	1.847	-6.267	8.046	7.319	3.711	1.735
10.441	1.312	-7.010	-8.208	2.200	-7.303	19.586	-5.791	5.669	16.381	7.162	1.153
3.929	4.582	-8.042	-7.218	2.876	-6.775	13.935	-5.139	8.634	5.431	6.265	3.441
4.994	3.294	-7.757	-7.551	3.633	-7.552	4.023	-7.801	0.339	19.789	5.862	1.808
0.897	1.145	-7.080	-5.118	2.003	-8.069	7.388	-7.649	4.902	14.809	3.646	1.772
2.925	3.859	-7.467	-7.770	0.826	-5.618	6.777	-6.777	7.319	0.529	2.648	2.715
18.843	1.796	-5.867	-7.721	1.507	-8.415	15.257	-6.940	9.414	19.544	1.938	1.477
17.987	0.324	-5.484	-6.801	4.692	-7.124	15.609	-7.002	3.092	16.537	2.664	2.087
0.846	3.363	-8.063	-6.636	0.827	-6.571	18.847	-6.324	1.185	10.594	7.234	2.068
3.229	0.776	-7.097	-9.080	3.437	-6.501	1.197	-7.712	7.247	2.395	0.529	3.309
6.164	4.399	-6.215	-6.490	1.001	-8.027	16.451	-7.215	1.277	15.630	0.026	1.396
6.233	1.690	-7.432	-6.999	4.035	-6.204	9.337	-5.420	8.096	19.201	3.051	2.026
5.503	2.417	-4.916	-7.699	2.690	-6.802	3.236	-6.461	5.379	5.213	1.676	0.041
8.671	4.833	-7.015	-6.794	2.076	-7.314	9.277	-7.028	7.445	11.747	7.265	2.462
10.320	1.247	-6.476	-6.898	3.863	-6.488	8.525	-6.526	0.343	15.638	3.828	2.924
19.068	0.257	-6.023	-5.902	0.415	-6.854	5.989	-6.857	3.615	7.918	6.216	4.727
16.308	3.246	-6.209	-7.708	3.378	-7.029	6.147	-6.201	8.208	7.073	1.607	0.279
3.844	4.856	-7.672	-6.452	1.447	-7.811	1.901	-6.581	6.634	15.291	5.350	2.036
9.620	4.425	-6.272	-7.134	0.185	-6.656	8.383	-5.689	5.361	2.335	1.789	3.529
14.703	2.212	-7.935	-7.560	4.720	-5.828	16.732	-5.231	7.664	10.318	2.441	4.764
16.162	1.884	-6.649	-8.395	3.351	-6.854	19.504	-7.722	2.498	10.782	2.925	3.263
17.519	4.557	-7.812	-7.788	2.561	-6.008	0.167	-6.585	3.341	6.142	0.983	0.970
11.457	4.178	-9.058	-7.133	2.462	-8.340	8.289	-6.283	8.792	19.906	8.632	1.148
15.291	4.680	-9.257	-8.583	2.304	-7.298	16.892	-8.609	3.210	13.654	2.412	4.699
2.544	4.961	-6.424	-7.836	0.627	-6.100	6.716	-6.295	8.082	11.210	8.136	4.800
15.804	1.146	-6.381	-7.149	2.624	-8.001	3.793	-8.469	7.961	13.895	0.068	2.345
3.032	4.742	-7.233	-7.066	4.094	-6.404	12.729	-7.870	8.331	3.335	0.294	2.693
6.090	0.105	-7.338	-6.274	1.999	-7.517	2.947	-8.591	9.001	2.220	5.187	0.397
3.323	4.420	-5.158	-5.440	2.065	-8.341	1.003	-8.399	1.536	2.856	4.768	1.698
8.487	1.885	-5.656	-7.578	1.645	-7.373	13.059	-9.241	6.872	0.207	8.100	1.571
17.199	0.953	-8.565	-8.178	1.918	-8.687	4.982	-6.426	0.140	1.988	3.850	4.383
18.162	3.359	-8.016	-6.625	4.674	-8.047	10.305	-6.465	4.560	5.427	2.015	0.208
14.883	4.856	-5.649	-6.109	0.765	-6.235	3.644	-6.372	8.194	16.434	6.656	3.534
19.211	2.931	-5.031	-9.119	2.619	-7.366	12.345	-6.337	1.053	10.097	5.503	1.570
5.794	2.785	-8.164	-7.855	2.028	-9.212	6.886	-8.409	3.996	4.116	5.400	1.458
11.716	0.754	-6.272	-7.770	1.785	-7.499	1.499	-7.770	7.674	8.734	9.232	2.850
8.903	1.670	-7.300	-6.498	2.553	-5.973	4.821	-7.461	7.859	4.476	8.828	2.716
3.447	0.944	-5.351	-5.799	1.144	-7.514	7.046	-7.210	2.210	3.748	9.352	0.702
2.443	3.527	-7.200	-8.330	1.737	-7.945	19.038	-7.311	1.903	18.464	6.069	1.816
3.938	0.837	-6.296	-7.762	3.733	-7.607	10.698	-8.233	9.847	15.680	7.841	4.847
14.022	1.099	-7.573	-7.450	4.859	-7.364	15.225	-6.102	3.156	14.814	1.420	3.058
10.769	1.910	-6.990	-7.403	1.351	-6.288	15.138	-5.449	6.243	2.274	9.788	3.762
12.834	0.141	-6.788	-7.742	4.585	-5.788	16.110	-8.024	4.219	18.001	3.789	0.793
13.162	2.744	-7.087	-4.642	0.318	-7.611	19.160	-8.083	7.261	10.834	5.043	0.948
19.236	4.389	-9.058	-7.621	1.428	-7.758	14.139	-6.954	6.962	2.995	2.756	2.712
17.077	4.142	-6.965	-8.021	0.237	-8.169	4.783	-6.290	2.201	19.424	9.288	1.648
0.145	4.766	-7.379	-5.961	1.660	-6.579	8.122	-8.066	7.674	19.641	6.687	3.930
16.695	4.997	-5.633	-5.579	3.483	-6.746	2.442	-7.212	2.915	15.696	3.045	0.001
14.089	2.577	-6.066	-5.934	1.172	-6.079	6.682	-6.848	9.489	1.152	1.709	4.269
19.242	0.082	-7.769	-6.713	0.904	-7.437	5.528	-7.153	6.122	10.002	7.847	3.719
1.055	1.636	-6.632	-6.048	4.953	-7.333	12.741	-5.866	9.414	18.080	4.275	3.252
3.159	3.806	-7.129	-6.397	3.593	-6.764	0.471	-8.174	1.454	4.887	0.313	3.235
3.422	4.511	-6.879	-7.936	4.074	-7.259	9.049	-6.488	2.092	4.443	1.427	2.785
16.891	2.167	-6.298	-5.861	1.442	-7.571	7.509	-7.073	0.095	2.796	6.367	3.511
6.583	3.378	-7.025	-6.542	4.484	-7.538	3.289	-7.371	5.134	2.164	2.024	4.572
0.279	1.131	-8.336	-6.268	4.114	-6.950	1.041	-5.757	1.283	18.220	4.017	4.161
2.906	2.924	-8.015	-5.739	2.182	-6.878	5.368	-6.912	5.369	1.125	9.778	3.115
19.920	3.796	-5.511	-8.032	2.496	-6.633	5.282	-6.758	7.447	17.405	1.269	4.241
16.475	3.737	-5.118	-6.678	1.164	-6.481	0.530	-7.507	6.538	1.620	0.816	2.627
15.685	2.951	-7.541	-5.816	0.695	-6.171	16.452	-8.131	5.697	12.144	5.162	1.894
7.199	4.568	-7.880	-7.259	2.284	-5.425	10.873	-6.594	0.953	12.567	6.359	3.551
0.979	3.553	-7.855	-8.161	4.063	-6.758	7.645	-6.178	8.613	7.047	0.245	4.296
12.307	2.587	-5.503	-7.101	0.132	-8.697	15.370	-8.039	2.738	16.077	2.449	0.873
2.590	3.157	-8.432	-6.909	3.546	-6.409	12.714	-9.011	9.608	0.157	9.497	2.819
18.276	4.498	-5.548	-7.112	2.583	-9.040	4.273	-6.247	7.978	0.581	5.657	2.297
14.274	0.578	-8.650	-5.433	0.261	-6.965	0.249	-6.255	9.159	16.879	7.173	1.757
7.422	2.729	-7.727	-7.564	2.271	-6.326	19.639	-7.194	3.831	7.389	5.523	4.185
13.437	3.098	-6.469	-7.171	0.247	-8.206	11.433	-8.778	3.088	5.198	3.423	0.294
19.699	0.979	-9.062	-7.747	2.802	-6.763	19.624	-6.620	2.547	3.264	6.678	1.478
5.967	1.608	-6.264	-7.871	3.024	-6.797	18.971	-6.953	0.021	1.082	9.689	3.860
1.286	4.221	-8.574	-7.271	4.196	-6.239	9.515	-7.082	2.122	10.203	3.839	3.277
10.026	2.665	-4.888	-6.453	4.573	-7.216	11.354	-7.811	5.172	5.218	9.874	1.711
1.881	3.238	-6.389	-7.522	3.460	-7.655	16.885	-7.471	9.218	6.744	3.448	3.566
5.254	2.655	-7.488	-6.381	2.432	-7.058	7.706	-6.946	5.812	19.822	3.879	4.061
13.071	2.606	-6.506	-9.343	0.320	-6.763	15.334	-6.147	5.377	9.667	1.796	2.923
17.008	4.085	-6.004	-6.523	1.403	-7.167	7.582	-5.558	3.009	11.456	8.314	1.593
15.666	4.709	-6.385	-7.048	1.871	-7.096	0.730	-6.992	8.647	15.088	9.444	0.573
3.260	2.013	-7.853	-7.049	0.918	-6.319	11.043	-7.082	2.587	16.430	5.159	3.455
13.438	4.180	-7.349	-7.997	2.208	-6.932	16.336	-6.081	5.027	4.457	7.892	2.940
7.108	2.572	-7.019	-6.654	3.159	-8.068	9.358	-6.326	7.145	9.792	7.848	3.588
15.251	0.132	-6.897	-7.215	1.299	-6.852	3.592	-6.830	3.092	18.995	4.129	3.205
14.089	3.353	-6.922	-7.286	2.814	-5.436	14.680	-8.059	9.657	7.736	2.597	3.756
9.484	2.358	-5.958	-6.382	3.767	-7.723	0.039	-5.401	9.065	2.300	7.385	2.998
11.929	1.335	-6.512	-6.469	4.763	-7.151	4.746	-6.035	9.369	9.165	1.110	2.516
15.761	2.483	-6.918	-6.789	3.239	-4.991	7.696	-8.566	6.506	19.905	4.970	4.337
3.715	1.869	-8.174	-5.969	0.863	-7.870	4.490	-7.355	4.377	11.521	5.893	1.609
16.991	3.422	-6.878	-8.167	0.644	-7.671	4.204	-7.273	2.202	18.510	1.587	4.801
1.860	3.806	-6.345	-6.637	1.114	-5.231	14.346	-6.655	7.962	7.676	6.760	1.320
17.442	4.526	-6.237	-6.652	3.784	-8.114	18.764	-7.684	6.377	19.030	3.920	2.730
9.957	1.575	-7.862	-6.181	3.217	-7.366	7.222	-8.239	7.351	1.201	2.489	1.420
11.808	4.968	-5.635	-7.146	3.787	-7.889	9.773	-7.553	2.651	11.117	7.720	0.982
5.544	0.203	-6.542	-8.689	3.870	-6.741	19.527	-7.316	6.718	0.915	2.732	1.627
4.462	0.893	-7.474	-6.093	3.804	-6.346	8.892	-6.600	9.429	5.051	4.362	2.004
4.089	2.194	-6.826	-7.992	4.642	-6.522	18.699	-7.753	0.069	15.128	3.917	0.811
13.546	0.730	-7.289	-6.724	1.601	-6.544	6.924	-7.368	4.088	3.284	1.677	3.192
4.076	1.004	-5.266	-6.868	0.690	-7.396	0.140	-8.089	6.105	15.954	7.499	3.918
19.892	1.637	-5.920	-7.139	1.039	-8.785	9.180	-7.454	5.034	16.415	1.648	4.548
18.643	4.539	-4.406	-5.291	0.921	-10.394	5.311	-7.087	6.138	10.470	7.417	3.664
16.744	0.027	-5.946	-6.574	0.275	-7.471	16.085	-5.791	2.482	14.779	9.846	1.941
16.350	0.328	-5.396	-8.007	4.660	-6.769	7.625	-7.260	9.467	15.538	5.401	3.568
4.487	2.660	-7.443	-7.510	0.146	-7.543	12.186	-6.833	5.190	8.228	7.397	3.202
5.984	0.022	-7.351	-7.851	2.041	-7.535	17.093	-7.659	2.481	11.467	3.346	1.467
2.036	0.495	-8.099	-8.070	2.024	-7.706	9.148	-6.955	4.203	1.625	4.526	4.661
10.390	0.395	-7.227	-6.000	3.926	-8.379	2.150	-5.401	2.761	13.161	0.273	2.070
10.658	3.112	-6.334	-7.431	3.469	-5.648	5.905	-5.449	4.510	1.080	0.123	2.703
17.612	3.303	-6.913	-8.291	0.145	-7.656	19.495	-6.361	4.523	17.512	4.497	2.959
17.007	3.279	-7.506	-7.621	1.153	-6.607	7.363	-8.751	0.267	17.008	6.375	0.757
1.730	4.843	-6.291	-5.639	3.886	-6.569	18.169	-5.305	2.709	7.228	7.567	1.392
15.598	3.732	-6.599	-6.535	0.287	-7.495	11.772	-7.233	2.118	1.685	4.233	2.885
1.611	1.597	-6.190	-6.170	0.396	-7.889	15.132	-6.951	5.113	16.994	6.563	2.928
12.728	2.557	-8.727	-7.915	0.489	-7.238	17.845	-6.492	7.945	4.789	8.832	2.685
7.773	2.849	-7.459	-5.052	0.016	-7.318	17.549	-8.012	7.010	18.381	2.894	2.746
3.159	3.642	-5.776	-7.206	4.342	-6.877	19.525	-5.875	4.191	6.658	3.366	0.497
10.998	0.731	-7.587	-8.011	0.928	-6.427	2.309	-8.793	0.055	17.313	2.992	1.341
15.314	0.830	-8.712	-7.989	3.309	-7.357	16.196	-6.139	8.538	6.151	1.579	0.619
5.673	1.668	-5.866	-6.288	4.581	-7.945	1.413	-7.290	7.057	6.393	3.224	4.081
12.336	1.635	-6.753	-6.915	1.664	-8.902	18.762	-7.480	3.914	1.445	6.554	4.229
14.451	0.787	-7.022	-5.742	1.480	-7.775	16.083	-8.595	6.996	6.730	8.090	0.069
16.640	1.362	-7.634	-7.301	2.844	-8.917	4.872	-8.312	2.222	3.341	1.026	1.108
14.836	2.113	-8.140	-8.617	2.706	-6.798	12.055	-6.758	1.367	5.271	0.887	4.296
15.351	3.457	-8.438	-6.543	2.640	-7.122	7.345	-7.780	7.333	12.014	8.213	1.302
12.927	3.543	-8.137	-7.758	1.240	-9.127	2.916	-7.852	3.905	7.805	4.792	1.006
1.805	4.414	-5.828	-7.559	1.728	-5.198	4.878	-6.255	8.802	16.703	4.690	4.403
14.088	0.520	-8.025	-7.255	2.863	-6.913	0.923	-6.333	0.453	7.963	7.505	1.882
3.209	2.478	-7.592	-7.942	0.063	-6.676	16.172	-6.091	9.507	14.852	2.705	1.038
10.208	2.949	-5.074	-7.945	4.730	-7.926	19.781	-6.847	5.771	10.067	4.821	2.038
10.669	0.796	-8.782	-7.729	1.502	-6.130	9.743	-6.875	0.425	4.386	7.425	3.580
5.738	4.858	-4.666	-9.628	3.608	-5.452	19.057	-4.814	1.876	2.573	6.441	0.041
7.192	3.316	-6.988	-6.095	4.769	-5.759	14.631	-7.214	3.477	14.727	6.639	2.428
11.910	2.205	-6.251	-7.703	0.449	-6.990	1.620	-7.467	8.337	17.983	8.468	3.465
10.571	4.490	-7.996	-9.072	1.417	-5.345	2.826	-8.186	0.692	0.556	6.949	3.114
19.536	0.875	-6.885	-6.951	3.294	-6.859	12.667	-7.167	9.649	0.619	8.632	0.414
15.531	0.424	-7.168	-6.822	1.050	-7.461	8.946	-7.084	6.745	18.273	8.006	3.002
2.836	2.083	-7.028	-9.449	4.544	-6.629	2.164	-7.354	0.190	11.518	9.853	0.065
11.880	1.381	-6.649	-6.917	3.669	-6.457	1.833	-5.537	5.576	19.231	6.719	1.520
17.870	4.214	-7.259	-6.415	0.570	-6.077	4.246	-7.710	4.338	2.097	4.854	2.198
2.732	4.199	-7.500	-6.496	1.768	-7.418	10.075	-6.918	7.620	8.695	7.876	0.367
7.639	1.428	-7.437	-7.619	3.664	-6.141	5.098	-5.210	4.168	18.392	7.304	1.739
13.882	1.059	-6.513	-6.117	3.862	-8.129	9.896	-6.132	7.741	3.940	0.825	1.545
1.944	3.361	-5.261	-8.958	3.598	-5.397	7.276	-7.249	4.482	9.658	8.535	3.646
1.549	1.490	-8.620	-6.789	3.302	-6.237	16.869	-6.816	7.264	9.696	6.883	4.594
9.966	0.888	-6.834	-7.130	1.166	-5.474	13.076	-5.773	4.549	10.639	5.330	2.925
19.035	0.242	-6.691	-6.862	0.668	-8.535	5.288	-8.022	3.991	19.034	5.258	0.638
9.412	4.018	-7.503	-8.298	3.273	-6.655	16.426	-7.718	0.454	18.525	3.134	4.668
19.412	1.797	-5.865	-7.660	1.356	-5.896	13.646	-7.484	5.430	9.694	0.568	0.695
0.197	2.154	-6.805	-7.612	1.030	-7.020	9.263	-6.390	5.587	1.019	2.734	3.983
16.549	4.950	-7.871	-6.519	1.967	-7.673	12.865	-8.123	5.046	3.142	7.789	0.296
1.979	2.641	-5.018	-8.451	2.019	-5.975	3.338	-7.013	7.266	17.487	5.685	3.182
19.196	1.450	-7.660	-9.319	4.296	-6.286	19.834	-7.636	5.138	9.839	2.076	4.712
9.924	3.746	-8.803	-6.297	0.227	-7.804	2.143	-5.810	8.913	9.899	0.328	4.879
2.295	0.208	-7.969	-6.566	2.042	-7.876	11.850	-6.790	1.512	2.602	9.051	1.465
5.335	2.667	-6.620	-6.742	0.279	-7.338	11.153	-8.133	6.502	16.804	4.396	3.831
5.018	0.139	-7.686	-6.809	0.834	-8.582	2.631	-6.643	0.541	14.876	0.438	4.127
14.206	3.095	-6.248	-5.885	1.510	-7.128	5.584	-5.625	1.081	1.572	9.856	1.564
19.390	3.089	-6.271	-7.955	1.837	-5.081	18.076	-7.227	7.291	1.160	4.425	3.827
17.380	1.651	-8.282	-6.505	0.800	-6.935	7.777	-7.622	8.861	5.119	7.278	1.747
9.121	4.335	-7.567	-6.886	4.747	-7.186	17.942	-3.966	4.469	1.913	8.579	4.910
1.221	4.768	-6.319	-6.912	0.024	-6.651	9.272	-6.597	7.551	2.534	5.502	2.711
8.371	1.150	-7.275	-8.497	2.820	-5.578	4.773	-8.235	3.663	2.002	1.440	0.849
10.572	3.346	-7.532	-7.680	0.780	-5.792	11.428	-6.245	1.458	12.190	0.806	4.148
19.072	3.530	-7.764	-6.699	0.921	-7.609	0.624	-4.423	1.469	18.256	4.919	1.780
1.023	4.044	-7.616	-6.000	4.992	-7.068	10.419	-7.612	2.684	15.964	3.003	0.992
14.562	2.194	-8.438	-5.730	1.550	-7.904	4.315	-6.186	3.400	13.997	2.351	1.239
19.430	2.831	-7.261	-8.059	0.498	-4.892	19.887	-8.802	5.260	10.005	5.847	1.766
12.616	1.919	-5.164	-6.406	4.554	-5.271	6.928	-6.193	4.958	5.763	7.049	0.835
3.815	4.040	-6.514	-6.287	2.112	-7.577	18.795	-6.242	7.863	16.050	4.797	2.950
