-0.913	1.443	8.776	8.931
2.183	1.987	3.308	18.767
-1.524	-0.621	5.645	3.395
-1.658	-0.240	9.110	8.901
0.372	0.167	3.249	4.922
0.116	1.151	6.958	7.523
0.075	2.601	4.200	6.171
0.159	-0.610	7.986	13.753
1.036	-0.659	6.669	18.851
0.134	0.225	9.499	1.309
-2.505	-1.426	5.638	14.133
-0.720	-1.517	4.962	3.089
0.576	1.916	5.175	10.540
-0.380	-0.570	0.140	18.161
0.487	1.364	8.154	17.875
-0.418	-0.674	0.418	7.276
0.534	0.525	4.845	6.104
-1.199	0.037	4.202	10.073
-0.870	0.705	9.150	4.148
-1.026	-0.293	0.027	1.979
0.861	-0.062	2.077	17.777
0.447	0.040	7.597	14.257
1.627	0.778	7.421	15.763
1.188	0.389	6.935	18.464
-0.003	-1.893	8.824	15.015
-1.955	-2.266	7.342	5.125
-0.072	-1.304	1.803	4.868
1.154	1.120	4.524	19.742
1.425	0.263	6.920	9.008
-1.077	-0.313	7.280	11.795
-1.454	-0.879	4.427	15.190
0.339	-0.725	8.565	12.646
0.044	-0.576	1.481	7.352
-0.548	1.753	1.602	18.449
-0.104	-1.210	9.972	19.354
-0.949	-0.565	6.678	8.252
0.366	-0.580	6.930	19.109
-1.446	-0.041	1.204	9.881
0.096	1.015	9.469	2.133
-0.386	-0.741	3.197	3.216
-1.478	0.600	7.839	2.744
-0.283	-0.869	8.562	7.465
-0.232	-2.330	0.079	4.432
0.553	-0.842	9.286	3.873
1.100	0.400	1.148	19.055
0.344	0.807	8.459	4.257
-0.799	0.085	7.740	19.822
0.846	0.069	4.973	12.698
-0.152	1.633	9.469	1.883
0.027	0.166	8.687	17.958
0.027	-0.058	3.263	7.273
-0.193	-2.199	1.745	5.845
1.533	0.127	7.359	0.511
0.712	0.060	9.215	8.551
-1.355	0.900	1.436	6.922
-2.036	1.264	2.265	4.849
0.545	0.350	8.515	1.706
-0.522	0.538	8.925	5.527
0.072	-0.926	9.109	6.523
-0.853	0.752	1.540	4.249
1.496	2.954	2.241	18.445
-1.720	-1.464	3.862	2.519
0.460	-1.063	7.547	14.354
1.015	0.025	3.435	17.036
0.272	0.106	0.877	6.979
-0.176	1.835	6.733	0.623
0.543	-1.039	0.682	15.785
-0.595	-0.288	9.576	8.371
-0.490	0.497	4.156	19.604
1.329	0.640	3.428	5.033
-0.518	-0.328	0.041	16.447
0.510	-0.544	4.771	7.575
-0.193	0.402	7.704	16.553
-0.577	0.666	4.678	7.456
0.158	0.908	2.073	1.969
-0.112	-0.557	5.693	14.482
0.146	0.721	7.302	1.658
1.267	1.470	3.197	17.352
1.140	-1.024	9.635	15.210
-0.456	1.439	2.202	16.550
1.082	2.348	5.060	13.589
0.450	1.156	6.604	3.354
-1.062	1.320	3.976	12.522
1.135	0.877	4.968	11.776
0.731	-1.589	6.167	4.218
-0.128	1.158	2.107	18.465
0.084	0.643	1.572	2.931
1.345	1.395	0.487	13.556
-0.042	0.692	7.016	2.942
-0.423	-0.494	2.711	7.636
-0.417	0.836	5.744	11.237
0.131	0.397	0.053	7.368
0.119	-1.037	6.693	5.911
-0.572	0.344	0.380	7.286
-1.464	1.335	0.412	7.983
-1.158	-1.457	9.048	1.103
-0.703	-1.058	5.518	6.527
0.101	0.142	6.124	3.603
0.074	-1.154	7.409	13.703
-0.320	0.668	0.428	8.296
-0.613	-0.032	6.744	2.692
-0.608	1.587	7.967	16.739
-0.201	-0.541	7.251	19.765
-0.069	0.151	2.681	10.696
1.172	-0.749	1.060	10.577
1.328	-0.521	6.783	0.702
0.886	-1.703	5.674	0.721
-0.436	0.311	1.845	13.175
0.885	1.357	2.377	12.784
0.041	-0.250	6.645	5.295
-0.844	0.398	2.692	12.126
-1.399	-0.179	1.212	6.347
0.794	-0.957	0.221	0.442
0.993	0.067	5.770	16.961
0.511	0.185	3.067	12.442
-0.817	-1.843	9.505	3.181
-0.244	0.876	7.692	12.684
-1.233	1.671	9.818	15.405
0.229	-0.251	1.750	18.655
0.550	0.034	8.947	16.004
-0.631	0.929	3.899	16.184
1.478	0.763	8.181	16.041
-0.217	0.419	6.115	13.915
0.047	0.312	0.041	6.838
-1.475	-0.706	3.868	8.362
-1.214	0.060	1.108	11.395
-0.510	0.345	2.611	3.247
-1.187	1.193	4.104	13.867
0.277	-0.218	7.879	13.928
-0.600	-1.785	2.294	10.148
0.053	-0.843	4.516	1.802
2.556	-1.133	3.237	6.300
0.305	0.530	1.401	18.644
1.302	-0.720	5.212	2.794
0.566	-0.223	4.155	17.960
-0.614	0.934	2.001	0.564
-0.369	0.296	6.842	5.993
-0.216	0.481	1.250	2.541
0.740	2.554	3.599	17.009
-0.377	-0.032	4.114	10.019
0.796	0.210	9.123	9.182
-0.943	-0.097	9.103	17.440
-0.807	1.587	2.188	3.648
0.262	1.239	0.987	14.220
-1.123	-0.909	5.610	5.993
-0.616	-0.793	4.051	8.497
-0.642	1.639	0.331	1.882
-0.008	0.123	3.136	3.500
0.476	-0.715	5.510	6.540
1.618	-0.422	1.573	7.259
-1.703	0.006	7.302	2.644
1.859	-0.179	6.622	4.266
-0.598	-0.310	1.222	16.693
0.179	-0.566	5.504	13.369
1.158	0.974	3.133	19.017
-0.143	-1.971	6.583	11.215
0.017	-0.557	6.623	2.238
-1.199	-1.459	7.571	10.026
0.699	0.574	5.641	16.303
-0.009	-1.565	3.310	6.920
-1.471	0.798	4.611	17.298
-0.480	1.333	9.967	7.598
0.346	-0.455	3.789	19.701
-0.648	0.964	0.025	5.740
-1.272	-0.890	9.385	5.572
0.035	-0.147	2.972	12.350
1.713	-0.651	2.132	8.433
-0.271	0.510	1.028	0.804
1.150	0.077	4.868	15.447
1.027	2.074	6.341	4.845
-0.136	-0.540	3.509	0.232
2.022	-0.452	4.168	7.631
-0.856	1.110	7.719	2.857
-1.639	-1.373	4.790	11.342
-0.033	1.018	2.836	5.593
-0.163	-2.096	1.764	0.684
1.497	-0.127	6.068	8.368
-2.036	-0.202	7.853	2.364
-0.295	1.991	6.888	8.699
-0.422	-0.135	4.334	9.040
-0.496	-0.787	6.773	4.042
-0.006	-0.459	0.216	4.203
-0.176	-1.538	1.377	14.304
0.926	2.648	7.975	15.581
0.500	0.195	1.045	5.016
0.619	-0.347	9.923	0.453
0.876	0.016	5.757	19.435
1.182	0.889	8.997	18.685
-1.192	0.967	5.437	17.580
1.158	0.692	4.802	14.790
-0.440	-1.257	7.394	0.343
-0.078	0.898	2.663	17.815
-0.540	0.049	6.780	12.997
0.154	-0.389	0.160	19.951
1.199	-1.057	5.032	18.615
-1.127	0.947	5.675	1.508
1.593	-0.996	5.993	19.742
-0.718	-1.927	6.074	19.974
1.514	-0.325	0.901	17.943
-0.180	1.010	6.437	18.647
-0.729	0.988	7.455	10.662
-1.146	0.437	0.868	12.608
-1.295	0.811	0.314	18.897
-0.086	0.971	9.795	6.589
1.146	-0.544	9.129	8.531
0.877	-0.899	7.047	7.108
1.048	-0.588	2.867	6.445
0.302	-1.053	7.419	0.308
0.833	-1.481	1.601	13.644
-0.477	-0.589	7.643	16.006
1.267	-1.166	5.751	2.677
-0.769	1.151	3.947	7.639
0.269	0.505	4.644	17.103
0.440	-1.076	3.492	19.723
-1.172	-0.629	7.131	19.593
0.218	-1.225	6.363	18.595
0.829	0.518	1.047	6.132
0.261	-1.081	2.226	10.887
-0.528	-0.138	5.317	6.240
-0.610	-0.084	6.101	16.893
-0.004	-1.541	3.525	14.156
-1.640	-0.567	4.824	4.450
-1.125	0.603	6.973	11.922
-2.401	0.835	4.394	7.840
-1.214	0.611	8.384	18.767
-0.594	1.068	5.033	14.891
-0.593	-0.398	8.514	13.753
-0.048	0.522	6.069	11.564
-0.674	1.036	3.169	1.983
0.542	-1.144	9.425	1.333
0.056	0.454	8.464	14.454
-0.514	0.092	9.505	13.529
0.566	0.025	9.604	18.604
-0.744	-0.036	4.073	7.597
-0.419	-0.499	0.444	13.033
0.958	-1.160	2.618	17.836
-1.038	-1.254	9.168	7.807
-0.397	0.093	5.125	7.029
0.515	-1.473	6.554	12.569
0.787	-1.475	1.117	13.900
-0.713	-0.614	6.370	11.733
-0.648	1.325	7.269	0.803
-0.654	-1.290	4.858	2.378
-0.804	0.958	0.306	9.079
1.264	1.630	5.846	16.002
-0.254	0.275	7.047	2.768
1.143	0.237	9.330	19.875
0.308	0.685	0.921	14.628
-1.327	-1.301	8.217	18.223
0.373	-0.789	0.907	11.432
-1.731	1.593	0.306	18.124
-0.177	-0.224	1.965	19.433
0.687	-0.154	2.071	6.941
0.233	-0.269	3.318	18.571
0.704	-1.084	8.038	19.363
0.729	2.267	7.974	13.664
0.433	-0.269	3.181	2.374
-1.497	-0.104	5.215	3.459
0.410	-0.037	1.843	17.762
1.454	-0.539	1.000	13.091
-0.441	-2.222	0.395	19.464
0.602	-1.699	0.169	14.702
0.442	0.772	6.629	13.282
-0.780	-1.517	1.313	12.833
0.231	-0.251	5.682	4.075
0.744	-1.213	7.524	10.869
-0.685	1.843	8.651	12.606
-0.461	-2.013	2.722	9.434
-0.503	0.108	3.267	0.872
0.366	-0.115	0.260	0.759
-0.953	0.680	3.019	16.454
0.355	0.656	9.790	7.523
-0.110	2.148	4.317	18.571
0.563	-1.076	5.027	2.447
0.962	0.314	7.556	6.145
0.606	0.502	0.187	12.736
-0.007	-0.598	5.645	2.672
-2.161	-0.804	3.764	6.437
-0.719	-0.507	3.028	19.442
-0.518	1.391	0.186	6.272
-0.549	-1.072	7.119	0.938
-0.253	-1.633	0.045	7.471
0.740	-0.432	8.399	18.289
1.145	-0.687	8.259	19.646
0.722	-0.406	9.566	19.022
-0.641	-1.374	5.688	5.826
2.108	-1.002	7.224	4.502
-1.497	0.217	7.136	8.605
-0.584	0.527	5.140	0.605
-0.449	-1.411	8.602	17.255
1.902	-0.235	4.240	5.355
-0.987	-0.533	7.778	0.436
1.346	1.076	3.359	3.339
-0.339	1.068	4.048	1.672
-1.262	-0.430	4.895	15.433
0.222	-1.572	3.757	5.432
-0.955	0.268	9.210	9.217
-0.491	-0.875	3.883	13.607
-0.935	0.607	3.348	9.861
-1.708	-0.400	0.986	14.810
0.113	-1.528	4.113	16.839
-0.010	-0.723	4.184	6.375
-1.653	1.246	1.895	16.620
0.262	-0.254	7.418	2.433
2.407	-0.316	5.449	15.974
-0.192	1.789	0.654	14.432
0.677	-0.329	7.788	7.867
0.119	-0.271	7.117	1.571
0.473	-0.612	0.883	13.986
-0.826	-0.652	9.982	17.142
-1.903	-0.421	2.298	18.808
0.686	0.848	6.369	2.561
-1.862	-1.047	6.848	13.978
1.015	0.780	9.248	18.930
-0.583	1.202	9.938	17.169
-0.595	0.063	2.449	7.793
0.302	0.728	5.672	6.275
0.258	2.153	1.980	8.494
-1.267	-0.520	7.413	1.182
-1.087	-0.121	3.339	12.529
-0.937	-0.658	2.199	7.798
1.273	1.263	2.810	14.075
0.145	0.232	5.223	15.495
-0.925	-1.748	0.115	14.766
-0.788	-1.002	3.164	19.377
-1.524	-1.536	1.634	2.120
-1.664	-0.551	1.728	11.700
-1.117	0.162	9.217	18.187
-1.903	-0.175	7.405	4.488
-0.858	-1.331	8.634	9.252
-0.204	0.824	4.228	2.346
0.356	0.746	9.508	18.084
0.082	-0.779	8.533	18.529
1.085	-0.706	9.307	7.259
0.067	-0.299	7.015	5.204
-0.945	1.878	9.968	12.263
-2.094	1.400	7.132	8.505
0.418	1.659	7.172	10.696
-0.824	-0.846	0.443	19.069
0.079	0.173	7.431	16.365
-0.574	-0.317	6.933	10.284
0.798	-0.001	9.087	8.945
0.307	-1.616	2.272	14.556
-0.537	-1.404	8.188	18.727
-1.561	0.494	2.762	1.053
-0.548	0.679	6.593	18.490
-0.238	1.931	0.156	3.049
-0.530	-1.655	7.866	17.845
-0.362	1.044	5.965	16.436
-0.437	-0.724	4.258	10.008
-0.441	0.044	9.779	6.202
1.019	1.998	8.194	14.182
1.057	0.560	1.854	12.715
1.975	-0.275	7.313	7.717
0.499	-0.228	4.227	17.706
-0.311	1.448	1.715	2.628
-0.840	0.417	1.370	8.822
-0.354	-2.556	5.168	16.604
1.288	-1.984	7.350	17.466
0.053	-0.141	8.229	11.625
-0.089	-0.442	7.041	16.018
0.912	-0.270	6.203	18.875
-1.285	-2.009	4.266	1.749
1.203	0.393	2.898	13.808
0.587	-2.331	3.544	0.950
1.367	0.265	8.148	18.089
0.338	-0.470	6.866	15.674
-1.161	0.771	1.241	4.141
-0.680	-0.231	1.362	10.833
0.127	0.310	9.720	2.758
0.193	0.084	7.259	14.425
-1.503	0.612	7.361	11.141
0.465	-2.125	6.386	14.823
0.999	0.774	6.096	13.517
0.752	-0.916	6.661	9.595
1.784	-0.882	4.641	17.569
-1.313	0.332	7.165	13.699
0.466	-0.878	7.859	19.291
2.174	-0.513	3.898	7.811
1.238	0.306	4.362	18.403
-0.863	0.041	5.191	1.718
-1.170	-0.590	1.567	12.265
-0.188	0.490	2.381	18.794
-0.770	-2.421	9.369	8.772
-2.083	-0.841	5.717	14.152
0.810	1.642	0.043	1.921
1.299	-0.306	2.310	19.640
0.192	1.456	9.069	5.975
1.363	0.352	5.425	6.506
-0.503	1.709	6.595	15.046
1.159	-1.217	1.657	15.848
0.791	-0.498	4.507	0.653
-0.390	1.007	7.159	14.080
-1.290	1.538	0.716	6.673
0.461	-1.128	6.599	16.362
-1.903	-0.415	1.638	7.416
-0.839	-0.393	1.455	17.876
-0.020	1.376	0.571	16.924
-0.204	1.568	0.441	18.537
0.726	-0.995	7.178	10.332
-0.208	-0.597	4.249	2.271
-1.367	1.629	4.859	4.826
-0.586	1.929	5.718	2.569
0.151	0.536	7.165	4.084
-0.612	-1.279	7.752	5.989
-0.358	-0.277	9.581	10.075
1.146	-0.804	5.921	12.166
-0.456	0.197	7.426	15.595
-0.559	-1.420	2.566	0.253
0.854	0.521	9.014	5.642
-0.080	-1.730	9.640	8.421
0.842	0.329	2.036	3.226
-1.099	-1.404	2.586	14.327
0.232	1.060	9.477	13.972
0.258	-1.703	7.893	15.874
0.325	0.234	2.812	8.731
1.372	-0.469	6.877	6.518
-0.359	0.979	0.534	1.114
1.157	1.239	2.948	17.432
-0.571	0.908	7.730	3.175
0.337	0.082	5.433	18.378
-0.206	1.445	8.917	6.292
0.046	-0.158	5.562	1.663
0.702	-0.759	7.786	16.640
-0.198	0.831	5.197	15.845
-0.550	0.757	9.041	9.800
-0.268	-0.725	8.381	9.807
1.057	0.680	4.759	5.472
0.167	1.781	0.724	9.101
2.083	-0.635	1.751	19.327
-0.887	0.289	7.882	4.738
1.114	0.873	8.604	0.497
-0.229	-0.577	1.875	13.020
0.366	0.898	1.276	9.127
0.430	0.076	5.870	9.228
0.101	-0.518	3.014	1.943
0.538	-0.026	9.003	19.429
-0.539	-0.034	1.618	19.638
-1.481	0.090	4.968	8.944
0.111	1.193	5.956	4.336
-0.039	0.924	5.206	12.559
-1.374	-0.720	0.962	8.060
-0.209	-2.239	8.455	12.764
2.069	-0.162	0.798	16.286
0.985	-1.444	6.597	9.517
-0.341	-0.433	6.596	3.658
0.078	-0.218	8.331	10.628
-1.020	-2.169	9.265	14.104
-0.265	0.917	1.238	2.462
-1.018	-0.135	9.915	9.111
-0.741	0.046	9.106	7.741
-0.285	1.537	9.790	6.920
-0.646	0.783	2.426	7.400
1.511	1.068	6.699	10.024
-0.393	1.278	0.931	5.935
-0.749	-0.818	4.981	4.609
-0.138	0.383	9.424	15.122
1.383	-1.913	6.981	7.038
-0.666	0.612	6.483	15.499
-2.430	-0.093	9.644	19.405
-0.610	-1.247	0.431	1.947
0.731	1.251	7.381	14.520
0.257	-0.856	0.961	1.722
-1.302	-2.001	6.738	12.126
-1.103	-0.664	7.652	15.485
1.730	-0.503	5.214	8.146
0.857	-0.169	4.143	15.154
0.036	-0.175	2.453	2.314
0.291	0.266	3.304	19.811
-0.939	-0.934	7.472	16.436
0.153	-0.583	0.350	5.847
-1.218	-0.848	9.370	11.625
1.417	-1.408	0.850	7.379
-1.340	-0.874	8.233	6.498
-0.877	-0.507	1.785	0.037
0.132	-0.124	7.274	6.493
0.466	1.060	8.021	15.552
-0.551	-0.189	6.965	12.132
-1.335	0.979	6.534	8.392
-0.074	1.329	7.194	19.476
-0.153	0.157	6.941	1.123
-0.449	-2.575	0.184	13.676
-0.410	-0.599	6.321	12.132
-0.235	1.112	0.289	7.196
-0.839	-0.636	2.524	9.474
-1.236	0.743	2.486	6.757
1.556	-0.572	4.971	8.341
0.656	-0.048	7.598	2.451
0.507	-0.019	7.295	18.098
1.848	0.206	3.824	17.958
1.490	-0.133	4.343	8.166
0.710	-0.765	5.378	1.148
0.460	-1.278	9.125	10.356
1.494	-0.463	6.167	15.556
-0.095	-0.149	6.904	19.059
0.608	-1.355	8.149	15.146
-0.568	-0.203	0.873	10.365
1.047	-2.526	0.740	10.439
0.795	0.726	4.867	8.739
-0.331	-0.104	1.648	2.310
5.960	0.479	7.029	5.791
4.749	0.020	5.419	11.284
4.918	0.272	4.750	11.980
3.569	1.913	3.811	2.871
5.009	3.952	5.381	14.359
7.827	0.512	7.150	2.311
6.062	4.425	4.548	1.382
3.614	1.470	3.683	3.832
3.761	3.986	4.132	10.553
3.938	2.153	4.822	7.295
3.462	1.558	3.687	12.196
5.969	3.033	5.684	13.713
4.048	2.329	5.077	5.247
5.452	1.482	4.606	12.782
3.851	3.445	3.088	11.340
4.884	3.367	5.022	17.367
4.890	3.233	4.880	2.886
5.394	3.346	6.215	18.347
6.639	1.267	4.398	8.165
5.036	4.026	4.400	0.008
6.281	4.096	6.796	8.373
4.973	0.202	4.141	7.415
4.850	2.521	3.431	4.947
4.320	0.226	4.164	8.320
4.802	0.337	4.982	2.918
4.639	4.665	6.128	18.116
4.718	3.809	5.029	6.337
5.013	2.814	6.102	12.425
5.347	0.752	5.065	12.172
4.229	3.242	6.057	6.037
5.607	3.053	6.823	9.054
5.429	2.401	4.524	9.214
3.141	1.502	4.685	9.304
4.941	1.409	4.352	18.041
5.045	1.981	4.759	8.402
5.411	2.785	5.691	1.179
3.081	0.643	3.021	16.990
5.863	3.709	5.086	16.931
5.356	3.113	3.258	2.843
5.761	3.389	4.781	9.562
4.578	0.874	4.639	3.393
3.955	2.841	6.546	2.908
5.108	3.431	6.518	3.837
5.666	2.692	4.069	2.033
3.101	0.727	4.429	16.859
4.754	1.838	5.761	3.770
7.046	3.584	6.221	6.541
5.525	2.574	4.319	18.364
6.197	4.285	4.844	19.185
3.068	4.392	5.110	4.474
5.128	3.184	4.635	9.410
4.774	2.422	3.823	4.551
6.139	0.716	4.763	13.551
6.440	4.752	4.889	16.987
3.946	4.450	4.320	5.584
6.894	1.663	3.297	14.203
2.470	0.990	5.069	13.976
4.217	3.750	4.736	14.827
5.151	0.283	3.854	1.255
3.414	1.142	5.444	1.472
4.350	1.205	4.423	13.613
4.404	2.164	5.085	3.931
6.115	2.288	5.776	6.247
3.622	3.376	3.841	12.695
5.340	2.566	3.969	17.462
3.465	4.839	2.917	9.667
4.980	3.152	4.274	4.329
5.625	3.310	6.300	1.194
5.049	4.622	6.428	8.021
3.765	0.038	5.504	12.995
4.485	0.986	4.894	7.135
7.206	1.014	3.944	14.975
6.419	3.338	4.859	1.765
7.461	3.246	7.088	6.233
6.783	1.883	6.304	9.047
3.583	0.301	4.051	11.753
5.098	2.849	4.910	4.180
4.546	2.155	4.454	10.669
3.517	3.882	4.693	14.706
7.145	4.828	4.218	17.221
6.226	2.967	5.951	8.589
4.813	2.793	4.347	3.805
6.282	4.869	5.567	19.778
5.853	1.340	4.552	16.435
3.255	2.340	4.192	9.814
5.139	2.100	5.001	19.580
5.532	1.767	5.129	17.983
7.986	3.508	4.173	2.436
4.493	0.321	4.300	15.668
5.044	2.889	5.204	5.710
4.647	3.947	3.586	12.284
5.673	0.026	6.037	3.706
4.530	0.002	5.805	0.833
4.804	1.999	5.696	18.127
7.442	2.397	4.733	5.128
4.605	4.793	6.776	8.976
5.425	3.670	5.034	16.310
4.176	3.113	4.785	17.372
6.756	0.542	5.500	5.071
5.009	2.692	4.990	1.759
4.999	4.492	5.217	3.814
5.098	3.449	6.322	6.078
4.624	1.960	3.716	11.624
4.769	1.672	3.175	0.909
4.553	4.398	4.821	3.958
6.549	0.466	5.479	14.390
5.337	2.456	6.443	18.661
5.214	4.334	4.172	7.701
4.382	1.550	4.486	13.625
4.418	1.624	4.574	18.067
4.765	2.955	7.203	17.832
4.733	1.050	4.254	18.024
4.856	4.174	4.474	19.298
5.351	2.516	3.799	5.598
3.945	0.193	4.996	12.417
4.270	4.895	3.412	6.286
6.270	3.263	4.693	10.574
3.654	4.363	4.603	3.734
7.596	0.223	5.062	10.736
3.132	4.559	4.413	16.286
4.114	2.024	5.778	4.918
3.949	0.233	5.007	18.587
7.121	0.467	6.352	3.149
5.659	2.082	4.655	15.286
3.536	4.593	6.469	6.868
6.385	1.031	3.133	19.572
6.241	0.321	5.415	1.795
2.958	2.856	4.814	4.319
5.045	1.387	3.362	4.705
6.246	4.760	4.736	2.445
5.453	1.419	6.854	9.335
6.005	4.828	4.998	6.812
5.852	0.199	4.489	14.849
3.563	3.797	3.994	14.414
3.848	3.030	4.907	8.565
3.799	1.341	4.821	11.807
6.018	0.173	5.699	2.546
4.974	4.876	4.450	11.907
4.244	2.706	5.011	6.793
3.629	1.314	6.936	17.379
5.390	2.853	6.922	11.728
4.575	3.390	5.487	6.826
4.959	1.046	4.152	2.612
5.208	1.111	4.784	13.315
5.718	2.817	3.418	8.376
4.148	0.952	6.467	16.031
2.727	4.391	3.551	14.584
4.083	2.680	4.597	16.933
6.728	2.560	5.248	13.497
4.623	1.678	4.183	7.247
4.832	0.872	5.771	5.545
7.434	0.908	5.860	16.695
4.839	3.564	2.209	13.288
6.019	1.520	5.529	2.499
4.826	1.101	5.366	0.296
5.176	4.081	5.573	14.058
5.273	3.313	3.900	4.831
3.783	4.263	4.580	14.051
4.517	2.104	4.536	18.765
5.183	4.289	3.195	15.687
4.577	2.743	5.010	12.707
2.414	0.432	4.554	19.114
6.373	1.871	4.973	0.821
5.755	4.277	5.927	9.498
5.180	0.956	4.550	2.056
4.770	2.695	3.608	13.722
5.730	1.926	7.337	18.077
4.475	4.888	5.314	5.534
5.702	0.039	5.205	7.898
6.404	4.819	5.167	12.364
4.799	2.610	7.143	9.208
3.759	3.678	3.914	10.022
5.196	4.424	4.474	15.740
7.178	2.261	4.545	10.977
4.588	1.019	4.031	12.718
4.486	2.117	4.876	17.630
5.888	0.411	5.616	13.032
4.266	2.802	5.336	2.736
4.625	4.733	5.791	13.319
4.103	1.222	4.346	0.661
4.295	0.598	7.737	2.254
5.283	1.010	4.596	3.868
6.182	1.863	4.217	9.032
6.877	0.840	6.052	3.355
4.213	2.296	4.503	10.616
5.786	1.227	4.248	14.541
6.046	2.328	4.701	4.917
6.009	2.010	7.009	15.103
4.626	4.043	4.805	14.715
6.614	4.972	4.873	11.682
5.885	0.209	4.364	3.961
5.267	2.481	4.945	16.385
5.946	2.705	4.614	5.862
4.309	1.813	4.883	17.542
6.047	2.372	3.352	0.517
6.119	3.318	4.303	12.171
5.283	3.600	6.444	0.309
5.374	2.736	5.165	5.412
3.467	1.222	4.406	19.174
4.580	0.157	3.590	10.366
5.170	1.747	5.124	11.194
5.434	1.253	4.530	19.937
4.474	2.844	4.932	19.710
4.096	4.754	4.146	19.695
5.537	3.030	5.869	15.106
5.010	0.145	2.296	19.649
4.920	4.282	5.553	6.992
5.920	0.591	4.437	14.418
5.831	4.296	5.893	5.219
5.298	1.496	5.437	16.430
5.803	2.348	4.486	3.723
6.491	3.349	4.732	18.783
3.941	4.781	6.198	7.564
4.406	3.574	5.651	14.817
3.675	2.398	3.839	7.096
3.918	2.286	3.933	9.330
4.261	3.135	3.646	14.171
6.597	1.206	3.859	9.057
4.045	4.744	5.109	12.689
5.086	1.064	4.240	16.850
4.363	1.469	4.508	8.164
3.330	2.257	3.557	1.535
6.731	1.791	4.378	13.076
5.357	3.098	5.614	5.386
4.748	0.271	5.133	15.370
4.590	4.553	5.283	12.099
4.850	1.937	1.833	2.884
5.698	2.568	4.487	2.367
6.894	4.824	4.256	3.805
5.778	0.385	3.688	8.638
3.447	4.783	4.993	6.593
6.086	1.824	3.722	14.337
5.297	3.821	4.813	7.301
3.256	1.499	6.510	13.405
5.765	4.355	5.639	1.262
3.814	0.376	4.038	17.876
5.034	3.260	4.799	11.897
5.343	2.491	5.103	3.586
4.605	3.810	5.338	9.734
3.905	4.872	4.895	5.021
4.694	0.704	4.917	17.993
4.454	4.650	6.337	18.147
4.792	0.481	5.242	10.948
6.729	1.941	3.529	18.634
5.273	4.900	5.762	18.414
3.976	2.321	4.985	16.904
4.312	3.424	4.787	3.078
5.272	4.463	5.467	2.722
3.853	0.698	5.093	0.282
4.137	0.167	3.374	17.208
3.837	3.849	5.982	13.787
4.608	1.048	5.752	2.180
4.942	1.686	5.244	4.144
4.542	2.211	6.418	5.698
4.198	0.395	5.457	2.646
5.898	0.276	4.478	5.911
4.424	3.324	4.254	19.986
5.831	2.860	5.533	1.418
4.964	1.010	5.191	8.241
7.591	3.698	3.482	13.871
5.740	3.566	5.519	11.698
3.676	4.887	5.067	18.703
4.660	3.293	5.609	1.373
4.800	4.105	5.128	19.500
6.138	2.730	5.389	14.576
4.909	4.771	4.944	7.885
3.831	0.733	4.514	6.298
4.966	2.382	5.047	4.141
5.120	1.297	5.385	18.990
5.357	2.554	4.512	8.466
4.794	4.533	4.596	7.924
5.446	4.349	6.104	9.011
3.474	1.740	4.794	8.108
5.008	0.231	5.343	19.393
3.958	1.474	5.033	1.016
2.673	3.755	5.793	18.017
4.973	3.542	3.468	0.691
4.145	2.209	4.630	18.973
2.758	2.651	4.429	7.767
4.416	1.862	4.630	16.280
6.106	1.575	3.585	16.614
6.178	4.405	6.821	17.686
3.442	0.408	6.198	5.711
5.240	4.036	5.017	0.083
5.896	3.219	5.118	2.316
4.626	0.595	4.283	3.854
5.727	3.984	5.541	19.487
4.806	4.551	5.693	10.221
5.392	4.995	5.048	14.446
5.620	4.183	5.122	2.631
5.298	3.607	3.829	19.311
3.964	3.284	6.523	3.619
5.441	2.868	5.622	1.813
4.081	2.626	5.504	5.604
4.795	3.564	3.875	8.421
5.620	3.366	3.093	12.854
7.263	2.250	3.022	2.419
4.616	0.560	5.830	7.206
5.177	4.681	3.315	0.976
5.809	4.103	5.133	7.115
7.524	0.282	5.745	19.187
5.469	0.641	5.889	8.302
4.550	4.579	6.059	0.865
5.682	0.272	5.455	12.552
5.613	3.882	5.717	12.663
3.460	2.878	6.784	9.546
4.791	2.716	5.413	1.224
4.307	1.015	3.840	8.703
5.087	4.888	4.830	14.171
3.661	2.339	5.984	16.883
4.009	1.758	3.547	9.674
3.495	1.503	4.499	13.502
3.881	1.590	5.253	7.927
4.301	0.113	4.766	13.640
4.292	0.222	4.650	14.066
4.798	0.084	5.343	12.123
7.175	3.037	4.813	9.376
4.529	2.948	4.971	8.718
5.349	0.489	4.668	13.713
4.843	1.777	5.139	13.803
4.343	3.437	5.150	9.818
5.239	2.697	4.572	8.914
5.760	3.151	5.588	2.952
4.446	3.437	4.926	6.882
3.952	1.876	5.864	5.405
4.468	0.754	2.955	10.248
4.035	0.755	4.805	12.725
4.959	0.599	5.658	3.825
3.217	4.312	3.732	8.076
5.158	4.556	4.679	3.560
4.581	1.514	4.202	15.829
6.231	0.438	5.953	15.269
4.992	2.627	3.509	3.922
4.493	3.846	4.576	12.231
4.644	4.948	5.661	3.236
6.150	1.282	4.242	10.078
5.045	0.224	5.641	17.943
6.397	0.938	3.954	11.595
5.550	3.909	7.138	17.034
5.864	2.985	5.226	16.166
4.829	4.389	6.173	18.047
4.833	2.803	6.943	14.057
3.802	2.784	4.117	18.715
5.136	3.373	4.979	11.812
6.487	0.125	3.999	0.565
4.901	3.418	5.391	15.858
5.627	1.076	4.939	4.837
5.709	3.970	4.105	2.286
5.276	3.184	4.288	11.003
3.592	0.213	4.275	6.919
5.946	2.785	5.956	6.863
3.312	0.875	6.439	8.368
5.574	2.613	4.010	18.562
5.986	0.978	4.823	17.174
8.432	0.063	5.894	10.070
4.841	0.889	4.959	11.669
4.553	0.763	3.372	5.109
5.310	1.198	4.553	0.030
4.329	0.407	5.623	7.865
4.790	3.886	4.477	11.563
3.934	4.688	5.845	14.676
6.335	1.152	4.075	16.677
6.114	1.096	3.465	12.219
5.952	3.805	4.539	15.191
4.463	1.188	5.693	12.436
5.335	4.680	3.782	12.645
4.550	1.674	6.586	18.870
4.833	1.302	4.142	13.316
4.646	4.236	6.740	6.222
4.979	0.772	4.631	10.776
6.171	2.892	4.976	10.767
6.615	4.895	4.552	13.545
4.333	4.496	4.321	3.833
5.121	3.571	3.751	2.748
4.955	4.141	4.853	17.552
5.735	2.433	4.812	16.101
3.101	4.712	5.722	13.684
5.160	0.086	4.105	9.095
4.914	1.068	4.871	18.517
5.115	1.688	4.286	12.853
5.865	4.493	5.297	8.700
5.736	0.615	4.624	6.778
4.444	1.518	5.348	14.176
3.970	1.302	5.191	13.046
5.899	1.297	3.882	10.841
3.707	3.465	6.536	9.094
4.385	1.617	6.116	12.031
4.520	4.752	6.463	16.237
3.230	1.364	5.336	0.699
3.616	2.774	5.223	12.642
5.342	0.773	6.074	13.611
5.656	2.471	4.264	9.193
4.251	0.581	3.365	3.234
6.458	3.233	4.771	16.706
3.825	1.089	3.453	14.971
3.243	4.296	5.196	2.281
4.961	1.639	4.814	16.214
4.927	4.621	4.708	1.010
5.147	4.810	5.097	18.426
4.925	1.038	3.237	7.151
4.193	4.725	4.817	18.985
5.472	2.461	4.152	9.345
6.910	1.387	5.405	10.054
5.718	2.141	4.381	5.654
5.202	2.412	5.541	18.787
5.189	2.953	5.308	9.898
4.592	4.009	7.254	10.880
4.843	3.857	4.486	16.259
6.611	1.284	4.400	14.027
4.856	3.661	5.082	10.656
5.502	2.145	4.276	4.661
4.843	2.860	4.902	9.846
7.512	2.421	4.961	1.181
3.857	2.144	4.634	12.959
6.154	4.106	4.470	4.162
6.605	3.997	3.312	4.947
3.286	0.563	4.250	1.718
4.423	0.283	4.764	4.726
4.443	3.515	4.936	5.326
5.130	1.936	5.065	9.593
5.156	3.992	4.830	17.787
4.286	3.262	3.817	18.435
4.302	0.591	3.803	10.979
4.442	0.808	2.995	9.087
5.036	2.380	5.746	7.131
4.134	3.665	4.402	4.215
5.574	1.243	3.540	9.164
4.738	4.398	6.082	7.419
4.843	3.426	6.144	1.257
5.390	1.984	6.373	19.472
5.188	4.731	4.604	18.182
6.823	3.628	5.016	19.893
4.880	3.099	4.210	5.269
6.164	0.528	3.627	17.846
5.091	4.576	5.455	7.770
4.547	4.148	4.361	6.502
2.828	4.507	4.786	14.586
3.507	3.398	6.002	0.099
4.152	3.644	5.996	10.422
2.226	4.368	5.375	10.484
4.709	0.491	4.133	7.527
3.307	2.707	6.493	18.517
6.691	4.761	5.295	0.029
4.910	1.475	4.622	11.317
4.987	1.265	3.629	7.943
5.505	1.429	4.101	11.575
3.912	4.705	6.264	11.602
4.837	4.516	5.617	8.589
5.490	0.133	5.221	1.293
4.757	4.902	5.656	15.503
7.653	0.503	5.460	0.712
5.238	3.429	5.496	11.752
5.325	3.121	5.802	19.408
5.135	2.290	5.452	12.751
5.389	4.744	3.468	2.822
4.399	4.912	4.635	11.006
5.510	0.310	3.744	17.672
3.678	1.468	4.507	0.475
3.623	4.646	3.934	3.541
5.166	2.590	5.811	17.903
4.246	0.981	7.628	11.292
5.432	3.606	4.393	3.232
4.076	4.821	5.757	13.306
7.228	4.664	5.563	10.560
4.309	4.248	4.427	18.884
4.053	4.904	5.597	6.997
4.048	1.405	4.879	5.052
4.648	3.833	4.728	14.052
5.543	4.274	5.429	7.566
4.259	0.076	4.703	16.692
4.604	3.836	5.034	2.738
4.758	0.824	6.058	19.283
2.792	1.362	6.132	3.175
6.534	0.734	3.885	0.873
3.745	2.981	4.935	17.689
4.979	0.100	4.524	4.666
4.486	1.135	5.128	9.572
3.717	3.369	5.829	5.142
3.043	3.151	4.400	10.981
7.529	3.227	6.532	12.577
4.536	2.114	5.002	7.153
5.712	4.279	4.924	3.565
3.319	4.077	3.857	6.457
4.975	3.214	4.948	6.509
6.090	1.304	5.299	15.251
4.203	1.115	5.183	5.245
4.697	3.769	3.231	9.264
5.285	3.749	6.301	15.399
4.391	1.500	3.519	5.724
6.147	1.044	3.254	15.623
6.151	4.421	4.661	6.163
4.821	4.251	5.870	6.684
4.690	3.616	5.462	14.759
3.067	3.622	4.711	12.084
2.018	0.628	4.742	2.805
5.896	4.618	4.556	19.380
6.234	2.892	4.379	14.417
5.246	2.306	6.045	4.674
4.567	4.491	4.217	4.551
6.451	4.428	3.942	17.668
