11.607	16.008	1.380	0.403	-1.396	16.072	2.130	9.528	4.194	1.330
17.755	4.862	1.207	3.037	1.124	13.490	8.000	2.625	0.925	-0.566
2.714	7.087	5.759	3.474	0.058	0.399	3.284	2.453	2.946	-0.592
1.640	2.791	6.973	4.146	-0.548	0.265	7.581	5.035	0.832	-1.333
2.464	4.195	5.133	1.808	0.280	18.585	1.071	0.383	4.175	0.634
4.223	12.421	9.912	2.386	-0.032	1.175	9.662	7.595	0.694	-1.193
4.503	10.204	7.845	0.421	1.744	0.121	2.261	5.190	1.130	-0.072
8.765	5.005	2.690	2.293	1.530	13.086	5.626	0.764	1.494	-0.613
15.259	4.387	2.249	2.541	-2.107	0.097	7.575	8.667	0.013	0.622
14.028	13.018	1.075	4.081	0.392	15.856	5.701	9.538	1.413	0.537
1.545	5.845	8.822	4.584	-0.436	1.158	0.523	2.367	2.638	2.360
10.918	19.498	3.773	3.440	0.859	19.249	7.087	8.264	2.630	-0.591
3.579	6.549	9.246	4.897	-1.022	11.345	6.953	7.910	0.413	0.752
14.218	2.004	0.001	2.621	0.196	10.914	6.428	9.501	1.889	-0.798
18.500	19.111	5.216	0.654	1.110	17.201	4.154	3.447	2.753	1.026
4.705	11.354	0.304	1.602	0.346	9.845	9.832	1.802	0.746	-0.366
9.896	11.916	7.120	3.305	0.415	19.028	9.085	2.950	0.222	1.460
17.578	9.848	1.433	0.742	-1.638	2.435	0.842	8.574	2.120	-1.713
1.273	18.511	1.327	2.989	0.449	10.248	1.641	0.009	2.974	0.707
7.873	9.981	1.472	3.317	-1.027	15.256	7.069	2.225	4.165	1.503
4.108	5.119	8.908	1.328	0.936	10.462	7.166	9.991	1.716	-0.013
4.985	7.808	9.644	2.617	0.093	0.098	0.358	4.840	3.311	0.756
7.418	8.956	5.287	4.715	-0.025	14.973	2.273	4.237	1.118	1.532
9.498	15.606	6.181	3.108	0.881	13.257	8.869	9.548	1.301	-0.418
0.687	13.803	3.058	3.824	1.073	9.159	9.838	1.908	1.924	0.063
11.410	4.199	0.149	2.750	0.136	16.046	6.069	6.948	1.104	1.833
0.990	4.085	6.107	2.632	1.955	5.429	4.534	6.539	2.269	1.811
6.738	19.756	8.175	1.155	0.594	3.608	1.679	2.455	4.721	0.855
11.082	1.080	4.968	4.654	0.252	15.639	2.872	3.991	1.517	-0.130
3.094	6.416	6.378	0.269	-0.703	7.648	7.858	4.085	2.513	0.725
13.549	11.583	3.238	0.195	0.097	1.499	6.701	3.988	2.464	0.835
1.417	2.642	1.111	2.102	-0.166	0.326	2.226	0.851	2.301	-0.073
0.682	6.115	4.204	1.971	0.362	14.481	9.945	9.686	2.929	-0.475
17.093	17.508	1.248	0.966	0.207	9.163	2.680	7.342	0.147	-0.533
16.860	17.313	9.088	1.214	-1.515	5.351	3.776	1.513	1.224	-0.819
14.025	12.413	1.179	0.034	-0.275	0.029	8.505	9.888	0.571	1.017
15.699	7.035	3.203	3.968	0.507	9.310	0.729	2.735	2.556	-1.807
17.612	7.621	0.598	2.026	0.840	19.797	8.820	4.318	1.159	0.739
1.515	15.510	9.296	4.868	-0.234	9.270	3.372	1.056	2.132	0.496
18.631	2.358	9.876	1.095	-0.667	6.504	7.659	2.833	0.276	-0.767
14.661	17.322	1.667	4.961	1.684	5.496	9.162	9.632	0.996	0.126
9.467	19.467	6.508	0.192	0.260	11.247	9.645	2.249	3.650	0.008
5.056	6.462	1.827	1.375	0.046	14.495	7.429	3.749	2.436	-0.293
12.497	14.249	3.810	0.955	0.184	5.980	8.602	0.357	4.919	-0.703
7.378	13.648	0.417	1.152	0.905	11.133	9.430	6.655	3.640	-1.257
11.819	1.740	3.839	3.530	-0.429	9.437	2.529	7.211	0.512	0.210
18.797	5.175	4.901	2.486	0.206	10.061	6.809	5.196	2.303	0.615
5.397	1.578	7.726	4.496	1.669	16.123	1.215	4.904	2.757	-0.767
15.029	3.544	4.852	3.986	0.932	11.397	5.566	9.203	4.563	-0.384
19.741	19.437	9.975	4.323	2.183	17.892	2.785	8.058	1.747	-0.666
0.683	9.029	8.522	3.814	-0.832	12.335	9.389	1.521	1.937	-0.301
10.077	0.100	5.012	2.566	-0.594	15.001	7.271	2.214	2.481	0.688
7.302	10.668	0.843	3.970	-0.272	17.825	8.373	0.756	4.747	-1.299
13.541	13.929	4.336	3.663	-0.650	19.213	6.513	8.534	3.726	0.197
15.730	8.807	2.240	1.736	0.173	9.590	4.994	9.097	4.043	0.222
0.166	3.675	1.066	0.056	0.844	7.000	9.547	6.516	0.726	-0.825
3.284	1.555	4.551	0.533	1.011	13.902	0.431	1.761	3.841	-0.367
19.421	15.748	3.956	4.503	1.225	16.337	2.192	3.186	1.789	-0.935
17.433	17.869	3.294	4.458	-0.046	14.634	6.595	0.911	3.493	-2.160
0.901	4.804	1.785	2.250	-2.643	16.084	1.611	6.444	1.774	-0.399
7.284	10.438	6.755	3.852	0.619	16.507	2.856	1.947	0.721	1.146
14.017	18.350	3.864	2.050	0.594	7.666	5.731	4.310	4.682	-1.380
17.720	12.233	7.809	0.770	0.717	8.371	1.777	9.642	3.389	2.459
7.727	6.800	0.968	0.634	1.994	13.461	8.401	0.185	4.980	-0.928
1.337	18.233	1.116	4.160	0.629	13.253	9.819	3.879	3.644	-0.444
10.251	0.273	9.551	0.176	-1.958	4.425	1.801	7.608	0.328	-0.175
12.531	0.552	9.976	2.486	1.330	15.183	1.207	4.052	4.118	-0.403
18.897	18.929	6.955	2.586	0.884	18.183	3.770	7.607	3.540	-0.904
12.017	2.599	5.177	4.565	1.107	4.767	5.325	1.886	0.201	1.475
14.885	12.769	1.730	3.600	-0.236	3.017	6.590	5.281	4.285	0.371
5.926	19.919	1.293	2.224	-0.520	3.168	4.771	4.481	0.214	0.008
16.931	19.540	5.649	3.313	0.322	14.857	3.598	3.402	0.252	-0.294
8.607	2.121	9.105	2.418	0.530	7.004	3.694	5.762	1.525	1.131
2.030	13.221	5.296	0.664	1.078	18.365	2.326	4.289	0.374	0.378
12.049	2.474	4.424	4.945	0.459	10.086	8.982	3.316	0.413	0.424
1.135	6.537	6.989	0.081	-0.957	0.020	6.736	7.193	4.068	-0.316
8.688	18.779	0.313	3.233	2.727	6.134	8.062	8.122	2.161	1.439
4.153	15.275	2.406	2.381	0.310	12.368	9.803	7.757	1.062	-0.396
8.201	17.675	0.013	1.569	0.609	8.132	7.616	5.185	1.661	-0.849
14.379	1.648	7.777	1.942	2.020	10.558	9.885	3.038	3.610	-0.661
5.857	19.103	6.290	4.574	0.583	19.470	6.327	3.202	2.806	0.173
2.077	9.682	3.059	1.427	0.120	5.075	1.091	3.690	1.187	0.543
9.022	19.005	0.497	4.131	0.816	17.463	7.984	8.718	2.983	-0.106
2.584	0.585	9.699	4.307	-0.360	12.137	2.385	9.992	1.592	1.580
14.002	17.577	7.771	0.071	-1.973	15.013	0.571	7.831	0.553	-1.481
17.083	6.910	1.879	4.602	-0.245	7.573	5.311	6.428	4.104	1.178
19.180	13.465	3.796	0.412	-0.087	5.340	7.923	9.469	1.781	-0.207
10.793	17.203	2.610	1.502	-0.365	13.889	4.964	5.503	1.500	-1.602
10.993	1.229	7.209	0.452	-1.881	12.240	7.248	9.655	3.082	0.549
8.487	6.170	6.831	0.939	-0.062	13.130	3.578	0.485	1.499	1.121
2.288	5.286	9.361	2.392	-0.695	4.091	9.398	1.131	4.127	0.683
5.588	6.388	3.927	3.054	0.658	11.533	2.482	1.303	3.537	0.173
15.536	13.613	8.807	4.819	2.933	4.918	0.846	5.398	4.919	1.426
16.573	5.554	5.434	4.522	0.690	6.768	1.325	4.458	3.523	-0.156
17.431	4.436	7.331	4.571	-0.629	15.868	1.860	2.990	3.609	-0.749
9.893	18.133	8.366	0.531	-0.987	5.239	6.780	9.452	0.181	1.249
9.520	12.133	2.567	2.880	0.808	17.949	5.056	1.327	1.612	-0.134
18.910	18.833	9.632	4.969	1.303	3.415	9.450	5.470	2.794	-1.447
1.357	7.210	6.081	0.731	1.192	2.907	8.381	8.919	1.604	1.364
10.447	4.543	6.327	3.490	-0.415	6.317	3.360	4.598	1.105	1.687
4.447	9.552	2.392	3.489	0.334	8.828	2.035	9.358	0.222	0.560
6.209	17.204	0.595	0.191	-1.090	2.464	4.701	1.065	0.294	0.331
11.904	1.278	4.838	2.968	1.833	17.469	2.809	3.275	2.942	-0.550
8.168	14.477	9.699	3.458	0.729	2.899	3.288	9.948	3.676	-0.901
2.427	8.004	8.105	1.108	-0.328	2.433	1.363	8.295	2.120	0.182
15.533	2.389	7.283	2.574	0.586	4.771	8.936	2.044	2.150	1.458
6.531	18.643	4.699	3.597	1.083	3.932	6.370	1.428	2.344	1.123
3.039	6.147	3.813	0.928	0.378	8.850	0.821	7.759	1.775	-0.756
4.651	16.086	9.117	3.718	-0.948	12.077	2.308	3.922	0.860	0.139
5.291	18.330	6.161	4.716	-0.997	10.237	6.998	6.856	1.925	0.265
10.625	8.758	8.850	2.191	0.991	13.651	2.792	8.198	1.337	-1.379
17.844	6.775	5.289	2.254	-1.395	14.827	8.061	0.708	1.786	0.206
5.775	15.523	4.698	4.351	-1.241	12.889	7.242	8.444	3.865	1.019
9.150	3.573	2.156	4.581	-0.369	11.730	7.281	0.338	1.773	0.603
8.700	6.964	1.641	3.380	0.454	16.772	9.349	9.699	2.862	1.623
13.371	12.167	2.503	1.198	-0.239	3.785	5.810	9.837	3.836	1.176
14.293	5.720	1.947	1.550	-1.853	0.421	6.111	0.706	4.923	-0.230
12.418	1.267	9.683	0.334	1.307	17.855	3.934	5.275	4.678	-2.051
5.047	0.864	1.366	1.921	0.840	5.181	9.476	2.099	0.837	0.479
16.579	17.712	0.630	4.559	-1.789	1.953	6.534	5.798	4.981	-0.542
18.044	18.372	8.909	1.730	2.034	14.983	3.471	3.493	4.825	-1.017
19.688	18.880	6.012	3.607	-0.357	8.530	6.437	9.195	1.355	0.671
4.777	10.865	3.328	2.959	-0.981	2.691	2.351	5.516	1.304	1.248
10.343	12.910	4.636	1.580	-2.869	18.277	1.125	5.472	2.617	-0.033
8.106	5.069	7.105	1.197	0.337	1.585	9.669	1.843	2.985	-0.593
9.711	19.459	8.174	0.033	-0.676	11.400	9.466	9.099	3.500	-1.316
5.206	15.205	8.034	4.891	0.193	4.086	5.942	2.761	4.198	-0.630
18.531	4.261	6.297	2.753	0.056	16.706	6.335	2.125	4.964	-1.728
18.631	6.192	0.365	1.474	-0.690	8.153	7.119	9.041	1.298	-1.175
8.204	14.659	2.722	0.252	0.181	15.309	4.863	0.755	4.088	0.495
1.694	9.457	8.630	0.586	-0.402	10.158	5.706	1.191	1.489	-1.131
5.527	3.146	9.886	1.252	0.136	16.051	8.447	7.938	2.122	1.527
3.031	6.274	7.900	2.865	1.296	7.972	0.160	6.570	0.426	0.510
0.188	5.965	2.913	1.767	-0.804	2.711	3.661	1.275	0.326	-0.910
18.909	19.602	4.188	0.060	0.643	2.479	0.799	6.585	1.416	-1.777
12.950	11.340	3.053	0.400	-0.223	3.018	7.953	1.775	1.081	-1.168
14.058	11.620	0.573	1.399	0.044	16.089	7.840	9.824	0.829	-1.047
1.827	17.112	4.912	0.801	-0.971	6.194	7.537	7.997	0.317	0.757
7.230	1.502	9.620	3.970	0.221	8.425	6.356	4.248	1.423	0.335
0.146	13.703	7.308	1.837	0.335	10.069	2.202	1.677	2.290	-2.423
16.102	15.997	9.889	1.465	0.701	16.806	0.470	3.420	1.763	-0.384
11.166	18.428	2.220	0.632	2.814	6.129	8.916	5.619	4.848	0.872
16.956	6.517	4.873	4.348	0.846	19.994	6.503	3.658	1.231	0.154
3.486	11.497	7.749	2.772	0.281	2.711	5.101	9.429	0.469	0.803
1.371	11.558	9.368	2.052	-0.528	2.346	6.985	7.513	4.990	-0.947
9.728	14.997	1.684	4.806	-0.439	4.476	4.441	8.945	0.832	0.823
2.297	12.331	6.994	0.394	0.130	9.206	1.335	6.065	0.280	-0.551
5.660	6.490	9.807	2.232	-1.230	16.303	0.385	5.928	3.937	-0.986
11.781	7.065	3.069	0.183	1.233	10.214	2.144	2.645	3.367	0.001
8.500	1.971	4.268	0.728	2.508	2.960	5.433	5.618	2.700	0.374
1.691	4.545	5.293	3.931	-0.106	1.447	4.726	0.494	3.196	-0.033
8.130	13.608	9.510	0.295	0.995	12.675	1.860	5.980	1.664	0.325
10.003	19.960	4.294	1.541	-1.972	13.180	0.859	8.132	1.264	-0.802
1.105	7.985	8.592	2.419	1.583	19.345	7.077	1.739	4.837	-1.034
6.783	7.287	0.395	0.722	-0.448	1.974	3.074	4.777	0.374	-0.264
5.141	18.234	0.219	0.054	-0.363	1.925	0.236	0.843	3.667	-0.467
5.215	7.217	8.962	2.309	-1.956	6.940	4.315	4.804	2.442	0.606
13.681	8.180	2.678	4.087	-0.681	8.221	1.056	4.431	2.869	-0.164
0.163	15.555	0.733	3.505	0.862	4.263	1.073	5.917	1.458	0.137
15.147	6.885	6.350	4.353	0.493	10.143	4.095	2.397	3.381	-0.984
12.897	6.068	2.784	1.671	0.470	8.179	9.447	5.628	1.325	0.740
9.057	2.961	7.312	0.948	-0.520	16.863	8.443	9.716	2.678	-0.490
7.279	12.214	2.526	4.369	0.327	3.746	0.961	4.418	3.537	-0.654
11.442	2.857	0.019	3.002	0.019	5.941	6.871	8.429	0.164	0.970
4.329	5.199	2.097	0.087	-0.553	18.317	4.372	2.314	1.631	-0.742
6.734	10.307	1.913	0.551	-0.933	3.976	9.009	8.605	4.937	-0.158
14.568	11.717	9.329	3.493	0.865	13.421	2.273	0.532	1.704	0.719
14.275	14.705	6.153	1.859	0.786	11.437	4.115	2.451	3.741	-0.803
18.543	12.980	0.129	1.488	0.060	17.392	2.427	6.983	3.512	0.041
10.239	4.479	7.908	0.487	-1.649	19.043	4.166	4.196	0.936	0.357
10.741	0.913	1.728	0.624	-1.439	16.336	9.077	0.794	0.912	1.443
1.146	18.287	1.211	2.787	0.374	15.222	1.049	1.353	3.620	-0.322
16.368	2.685	2.387	0.399	0.460	17.164	3.945	2.697	3.229	0.771
4.739	10.546	5.287	4.143	-0.158	4.432	1.758	8.517	3.262	-1.387
8.928	14.354	2.382	3.347	0.128	14.580	6.654	9.058	0.537	0.367
19.706	16.855	0.690	0.239	-0.515	0.739	2.106	5.522	4.316	2.035
18.478	11.631	8.815	4.512	1.787	11.138	1.504	1.190	1.274	1.239
8.682	14.955	0.005	4.314	0.407	5.831	2.847	8.139	2.183	0.614
8.682	9.720	7.456	0.791	0.983	8.149	7.281	6.146	2.333	2.094
3.659	5.046	9.571	4.910	0.205	13.759	3.230	3.726	2.739	0.697
14.424	1.618	0.142	0.701	-0.756	4.776	5.301	8.012	3.062	1.015
17.560	6.075	2.799	4.526	2.088	2.555	3.042	9.532	1.353	0.274
10.868	19.567	4.742	1.525	-0.297	3.603	6.804	7.961	1.438	1.282
8.356	0.587	8.752	1.160	-0.634	5.499	6.479	9.735	3.824	0.348
10.783	0.595	7.904	4.476	-0.663	5.934	4.359	2.054	1.994	0.282
13.549	10.310	1.084	1.481	1.310	9.314	6.307	8.960	2.472	-0.030
19.022	8.814	8.631	4.743	0.362	8.725	1.755	8.519	4.091	-1.728
8.533	12.866	2.261	2.330	-0.251	18.673	5.731	7.036	4.935	-1.113
18.004	11.510	6.714	1.364	0.350	10.555	0.129	8.258	2.697	0.281
17.899	4.166	4.802	4.131	0.297	2.814	3.689	5.405	0.967	0.336
3.984	1.318	2.562	1.126	-0.632	9.675	9.706	6.720	1.503	-0.028
2.833	1.177	1.210	1.779	0.059	9.267	6.179	6.356	2.948	1.077
2.255	10.456	0.370	0.537	1.968	7.136	7.456	6.070	0.184	1.848
4.320	4.678	6.906	0.086	0.822	1.712	1.729	8.706	2.062	-0.466
0.311	1.986	2.799	0.478	0.872	19.012	1.556	6.490	4.642	0.249
8.265	0.310	2.419	3.526	-0.570	6.893	4.853	6.768	3.076	-0.946
8.464	19.683	4.843	3.714	-0.625	18.768	9.211	0.489	4.816	-0.556
13.864	5.342	0.450	0.938	-0.680	9.313	5.874	2.643	0.258	-1.279
0.210	18.205	4.829	1.725	-1.431	5.306	6.560	8.291	2.903	-1.350
19.384	19.708	0.427	1.833	1.465	17.076	4.455	3.494	3.120	-0.067
0.801	16.260	7.016	4.266	1.453	16.716	1.522	6.223	4.073	-0.842
10.823	11.497	7.246	2.097	0.269	13.937	7.130	5.908	2.618	-1.225
0.239	17.107	7.657	3.133	-0.626	17.889	7.215	1.819	4.755	-0.390
17.867	9.652	1.569	3.146	-0.506	6.407	4.297	6.934	4.468	-1.068
15.790	4.397	2.045	4.174	1.358	9.023	9.098	0.620	2.799	-1.525
2.332	14.855	8.558	4.946	-0.254	11.585	5.668	3.925	2.743	1.419
11.885	2.399	2.579	0.791	-0.261	12.849	0.448	2.977	4.137	2.185
5.751	3.324	6.226	4.075	-0.138	4.237	1.572	3.008	1.507	-1.372
16.477	2.585	5.163	0.289	-0.892	14.717	1.492	5.707	4.808	0.940
11.336	18.166	1.382	3.135	0.168	16.778	8.255	4.444	3.337	0.406
0.485	4.786	2.155	1.704	0.231	19.257	9.109	1.528	1.976	-0.289
1.495	16.098	1.437	1.797	-0.538	19.402	3.100	7.593	0.870	1.039
8.685	17.997	9.288	0.672	0.618	13.141	8.370	5.139	0.933	0.042
17.688	9.834	1.447	1.975	0.815	11.436	7.202	8.924	0.703	0.762
14.687	9.332	6.677	3.267	-0.205	5.356	9.916	3.379	0.868	0.767
5.833	16.818	0.832	1.022	-0.696	17.203	3.226	5.809	3.714	0.261
4.568	3.541	3.671	4.660	-0.384	8.611	0.632	2.430	4.059	0.713
16.330	3.853	1.340	1.436	1.608	13.294	6.572	7.764	0.980	0.718
18.071	3.521	9.537	0.343	-0.433	13.974	2.477	6.637	3.292	-1.088
12.678	14.290	0.730	2.881	1.382	14.026	5.986	4.064	1.106	0.742
15.332	9.351	7.337	3.779	-0.962	17.059	4.529	9.032	3.555	0.482
11.535	12.612	2.908	0.218	-0.919	11.700	9.953	8.468	3.183	-1.889
12.136	8.657	0.939	2.961	-0.090	17.183	7.990	4.987	2.911	-0.614
11.181	15.728	3.443	1.225	-0.635	1.453	9.368	3.964	3.148	-0.573
11.204	13.088	0.295	1.956	-0.139	12.989	5.748	1.488	1.881	-2.386
2.421	16.602	1.366	0.225	-1.032	4.862	1.151	4.449	3.215	0.959
17.857	19.779	3.692	0.090	0.021	9.617	7.289	0.159	4.904	0.824
9.406	19.019	3.443	2.362	0.388	4.713	8.191	6.134	3.470	-1.149
10.909	13.423	2.271	2.795	-0.510	4.959	2.738	1.121	4.342	0.933
11.535	13.739	7.795	2.924	-0.585	6.060	9.920	0.593	2.163	1.391
10.953	1.310	4.538	1.721	-0.112	5.121	1.747	7.066	1.160	-0.467
0.757	0.914	9.535	2.647	0.482	1.832	8.886	2.136	4.107	1.014
9.226	16.116	1.769	3.061	1.771	18.425	9.459	2.075	4.704	0.477
9.353	6.618	7.633	0.752	-1.256	16.719	4.781	6.220	0.685	1.208
19.991	13.862	0.916	1.893	0.672	11.758	2.504	7.959	4.965	-0.232
19.967	13.805	1.658	0.420	-0.062	9.929	4.226	1.449	4.911	-0.475
5.273	9.208	8.089	4.147	0.369	14.534	8.477	1.483	4.893	0.395
14.667	13.127	5.600	1.522	-1.514	18.743	9.531	8.241	1.833	-0.036
18.395	11.881	8.715	0.493	-0.020	19.731	7.992	4.157	0.466	1.577
15.498	19.396	0.481	3.790	0.242	13.023	9.706	3.539	2.703	0.321
3.083	12.598	8.980	3.766	0.196	2.789	7.499	2.139	4.542	0.189
0.316	18.249	4.911	3.118	0.614	17.625	3.273	8.995	4.128	-0.089
19.821	8.596	1.308	1.576	-0.620	10.457	5.101	2.227	0.627	0.672
3.802	0.447	9.608	0.181	1.142	1.904	3.130	0.087	0.702	0.455
4.599	1.447	2.959	0.777	0.306	9.451	3.316	2.050	4.988	-1.051
13.632	17.584	7.492	3.234	0.590	13.525	3.105	0.134	0.978	1.180
13.544	16.587	5.659	4.606	-1.083	2.914	5.329	9.473	3.271	-0.296
10.244	12.957	1.696	3.406	-0.885	3.851	2.662	5.838	4.800	1.238
12.735	6.671	4.935	3.137	-0.140	1.016	0.747	7.754	2.130	-0.589
1.235	4.961	6.385	3.461	0.542	13.583	4.746	6.261	2.823	-1.405
3.958	16.090	5.210	4.233	1.680	12.195	3.506	9.037	1.996	0.683
11.347	4.016	6.187	4.045	-0.887	13.154	2.583	0.442	2.171	0.276
17.963	1.647	6.904	3.797	-0.183	4.500	2.849	2.950	3.281	-0.630
1.615	8.599	1.150	3.366	-0.264	5.192	6.766	1.059	4.234	1.648
10.752	15.093	5.414	4.280	1.246	6.813	1.875	8.113	4.112	-0.906
16.275	12.147	7.351	1.525	-0.606	17.496	1.030	7.947	4.264	-0.762
16.162	14.261	8.605	3.593	-1.087	1.352	7.834	9.774	3.857	0.050
17.694	14.910	3.635	3.776	-1.017	5.489	8.938	3.415	4.898	0.092
3.140	18.743	7.257	4.310	-0.023	4.357	1.327	4.826	3.806	1.107
0.619	11.870	6.396	3.523	1.516	9.767	2.955	1.368	2.188	0.706
18.315	4.316	0.596	2.631	0.700	16.501	5.859	8.763	1.165	-0.822
5.775	16.590	6.772	3.119	-0.170	13.601	8.349	1.236	2.688	-0.576
7.678	11.938	0.545	4.191	-0.261	12.048	9.490	5.231	2.893	-0.461
11.211	14.504	7.945	0.310	0.336	4.476	2.363	3.942	3.093	1.325
6.775	7.176	1.233	0.648	1.059	12.869	7.860	1.037	3.477	-0.918
12.312	4.255	6.073	3.463	-0.608	14.257	9.632	7.221	0.102	0.470
5.412	0.868	3.754	1.888	1.858	19.143	1.565	3.796	2.722	-0.485
3.010	18.303	7.419	0.336	0.380	4.197	5.175	6.551	4.753	2.278
11.579	5.348	2.252	0.861	0.487	18.411	5.533	5.131	0.726	-0.972
18.397	4.833	9.775	2.611	0.025	2.745	6.084	3.008	4.908	-0.294
0.021	5.196	3.429	0.069	-1.211	4.051	5.573	2.177	1.071	-0.005
18.348	5.069	2.118	0.517	1.001	1.846	9.892	0.100	3.322	0.625
18.942	0.262	7.234	4.444	-0.375	11.181	1.839	6.508	2.653	0.097
4.524	6.987	3.180	3.331	1.682	9.617	4.945	1.022	4.181	-0.632
9.984	1.757	6.083	2.671	0.680	8.236	9.806	0.464	2.043	-1.995
17.991	19.855	7.147	3.465	-0.312	17.764	4.576	7.658	4.151	-0.842
13.682	15.780	0.968	1.273	-1.089	19.623	0.617	5.721	2.202	0.743
6.117	11.538	1.042	1.936	-0.609	7.652	7.150	3.848	2.777	-0.386
14.612	4.872	4.802	2.813	-0.609	6.407	6.627	3.023	1.479	1.052
2.984	8.953	6.257	3.940	-1.259	4.317	1.656	8.594	0.970	-0.790
2.250	12.550	6.442	0.057	-0.255	3.622	0.029	0.076	2.042	0.336
2.377	1.414	9.600	0.230	-0.910	9.201	7.768	6.633	3.556	-0.043
9.835	16.618	1.016	2.284	-0.171	6.894	2.251	7.843	2.519	-0.984
14.761	7.026	6.754	4.667	-1.188	9.304	5.318	3.661	0.636	-0.822
17.664	11.967	2.924	3.965	1.640	14.604	6.937	0.144	3.260	1.906
17.345	9.558	5.984	1.943	0.173	6.624	3.572	7.727	4.955	1.383
15.381	8.601	6.025	1.684	-0.886	16.670	6.527	0.871	0.323	-0.274
15.114	1.327	6.926	0.492	-0.191	1.039	4.713	4.534	0.486	-0.052
1.024	11.724	5.602	2.042	-0.543	18.293	5.866	3.251	3.226	-2.005
19.917	12.054	0.039	1.774	0.786	14.485	0.878	9.442	1.161	-0.047
17.115	3.152	5.038	4.734	1.808	13.489	8.651	2.617	1.519	-2.057
4.498	19.522	1.583	4.885	-0.475	14.147	1.081	0.696	4.913	-0.057
17.012	8.738	8.961	4.115	0.464	16.239	8.418	1.327	3.920	-1.496
19.838	17.340	0.564	0.751	1.085	6.570	3.605	7.956	3.094	0.983
4.431	1.494	1.768	2.697	-0.895	14.152	0.630	1.362	4.711	-1.709
17.209	7.678	2.293	2.868	-0.267	11.247	0.896	8.777	2.712	0.656
4.008	19.054	2.951	0.743	-0.126	9.689	9.330	6.100	1.470	-0.774
5.730	0.242	8.453	0.329	1.152	9.941	3.567	4.005	3.043	2.584
13.482	2.933	6.441	3.372	-1.495	12.423	6.432	5.533	1.449	0.754
0.447	6.802	0.417	1.707	1.055	3.585	6.767	8.254	4.316	-0.108
13.829	4.470	3.926	3.493	-0.907	10.772	3.352	4.205	3.275	0.379
2.904	8.218	7.613	4.989	0.883	0.471	8.735	7.703	2.359	1.172
10.106	15.814	4.828	2.056	-0.738	8.391	3.450	4.339	1.908	-1.369
13.788	10.479	3.984	4.359	0.012	7.632	0.430	0.879	1.118	-0.808
2.835	3.615	9.509	4.384	2.111	17.026	9.291	1.707	1.546	-1.247
13.125	8.241	3.920	4.530	0.950	18.107	5.005	3.418	3.381	-0.065
6.046	15.418	9.564	2.795	0.463	11.715	7.619	0.925	0.150	0.916
12.121	9.754	2.678	2.581	-0.298	17.324	2.336	4.450	1.746	-1.930
3.465	0.384	4.428	2.995	0.681	16.205	8.642	4.660	3.298	0.204
14.642	4.396	3.909	0.345	-1.062	11.633	6.021	6.240	3.367	-0.374
3.017	5.304	0.601	2.569	0.796	3.210	6.478	6.412	3.030	0.728
8.599	17.078	7.195	3.535	-1.122	14.202	8.592	3.078	3.708	1.034
5.010	14.043	4.331	2.921	0.997	4.341	9.040	5.818	0.687	0.255
19.155	12.370	8.031	3.214	-0.116	17.558	5.515	4.073	1.290	0.079
7.540	6.504	0.423	3.092	1.666	18.210	5.312	9.400	1.755	0.446
3.344	12.830	9.793	2.047	1.049	15.272	9.226	6.643	1.104	1.136
5.285	10.832	1.198	4.610	-0.751	11.526	1.004	3.866	1.016	-1.661
17.166	14.105	0.264	4.653	-2.014	14.056	5.773	2.244	0.520	0.297
12.747	17.043	5.187	4.779	-0.605	11.140	8.827	8.808	0.233	0.728
6.532	1.088	4.673	0.979	-0.207	0.954	4.885	6.622	3.064	-0.711
12.779	12.429	5.374	3.533	0.300	17.438	6.365	9.936	4.411	0.287
14.109	9.322	3.475	3.767	-0.445	9.524	1.219	7.099	2.526	0.539
19.058	4.204	7.546	0.535	0.968	14.019	9.327	6.618	4.180	0.128
0.374	8.826	0.935	0.041	0.133	6.681	9.964	2.040	0.856	0.901
7.212	1.338	4.230	1.998	0.668	14.731	9.721	0.262	2.785	-0.993
6.077	12.539	2.517	1.455	0.477	3.458	6.806	5.635	2.427	-0.262
5.126	7.907	3.663	1.636	-0.169	5.311	6.309	0.301	1.358	-0.104
12.679	14.413	7.533	0.711	-0.233	5.031	4.321	9.694	3.378	0.555
11.889	18.245	1.620	4.292	-0.026	7.775	6.144	9.671	4.726	-0.652
5.988	5.904	9.363	4.451	1.089	16.581	8.367	9.035	1.980	-0.458
7.845	6.123	1.458	2.359	-0.052	2.341	7.312	8.695	1.473	-0.233
0.202	14.944	0.761	4.607	0.523	12.249	6.176	4.936	4.856	-0.119
5.713	0.712	8.101	4.475	0.726	14.547	7.971	9.061	1.257	-0.885
6.032	8.940	0.136	2.317	3.614	1.491	4.827	7.548	1.937	3.581
6.542	7.954	7.913	4.756	6.139	19.578	7.723	8.115	4.567	3.427
5.838	12.237	4.078	2.933	4.819	16.965	9.578	2.721	1.281	2.979
2.743	10.038	5.124	4.710	5.176	16.646	5.339	2.969	4.645	0.492
5.439	5.685	2.979	0.627	4.025	18.812	6.867	2.991	4.326	4.784
4.214	0.903	0.371	2.981	5.062	7.662	7.033	6.778	0.560	3.220
5.512	11.020	4.464	3.876	4.259	9.057	5.743	4.448	2.569	4.606
5.742	19.467	9.177	3.362	6.389	0.726	7.031	3.027	0.155	2.644
5.899	13.068	8.111	3.574	5.003	3.922	2.972	6.304	0.000	2.993
5.117	19.522	9.331	1.450	3.881	18.523	0.258	8.446	4.494	3.812
4.542	13.449	1.339	4.360	5.170	7.263	6.556	9.397	0.949	1.739
4.934	6.140	9.028	1.558	3.983	1.627	8.935	4.611	0.008	4.249
4.957	11.541	0.527	4.772	6.890	2.279	2.545	0.028	3.349	1.383
3.178	6.146	5.998	1.954	5.692	19.192	4.700	5.377	1.841	2.895
5.587	14.408	2.880	1.649	4.881	17.091	0.409	8.784	0.138	1.061
4.885	15.268	5.299	4.146	4.377	15.915	8.414	4.587	1.783	4.708
6.541	2.142	6.149	0.880	4.965	2.357	9.730	8.254	0.735	0.958
4.182	5.762	8.505	1.736	3.724	14.391	1.028	1.401	0.781	3.740
4.269	5.773	3.998	4.628	4.187	19.279	7.084	7.130	3.548	3.418
5.310	1.315	1.558	4.469	5.053	13.113	6.700	9.217	1.733	1.752
6.541	1.699	4.903	0.019	5.829	4.324	2.197	5.905	3.772	0.741
5.895	8.863	5.523	0.255	4.302	5.180	5.823	0.231	3.652	1.258
4.995	16.289	7.618	3.776	3.809	14.291	5.156	5.499	4.141	2.787
4.463	14.623	1.815	0.313	6.057	6.947	2.991	5.512	4.862	2.031
4.336	3.180	8.044	2.078	6.425	2.408	7.827	9.052	4.175	3.546
6.090	9.113	0.840	0.378	4.481	5.508	9.862	2.928	1.968	3.064
4.818	12.779	9.574	1.386	5.423	3.306	8.103	8.839	3.142	4.847
5.061	7.033	0.487	2.395	6.898	13.859	2.072	6.926	0.409	0.444
6.467	13.639	6.264	2.980	4.363	5.412	8.727	0.256	0.450	4.728
5.356	9.683	8.126	1.262	5.141	19.623	0.814	3.720	0.843	4.168
4.040	13.118	9.288	1.606	5.107	9.240	1.097	7.002	1.037	4.816
3.502	18.194	4.943	4.381	6.269	5.031	7.080	2.233	4.506	3.888
6.721	5.942	6.051	1.722	5.892	1.620	3.490	7.498	1.726	1.482
5.279	12.113	8.493	4.450	3.703	3.947	5.333	0.628	2.138	0.549
4.246	8.038	3.622	4.443	6.636	18.442	8.896	4.756	4.629	0.706
2.998	12.565	3.188	3.168	5.683	10.767	9.207	9.545	1.334	2.391
5.340	12.649	2.500	1.481	6.163	4.012	1.576	5.018	0.897	2.171
5.278	17.153	2.794	1.040	5.825	9.743	9.032	6.632	0.936	4.191
4.471	9.529	1.596	1.870	6.610	16.750	1.251	0.710	1.994	0.501
5.257	13.831	6.239	2.310	4.655	2.519	0.429	8.428	4.953	1.140
3.623	13.746	0.813	4.018	5.373	19.324	0.172	9.566	0.909	1.475
4.262	5.299	0.077	2.254	5.817	17.777	6.004	8.134	4.447	2.598
4.678	14.053	2.456	4.754	3.581	0.902	3.430	1.498	3.358	2.553
6.240	1.330	3.507	0.713	4.603	17.006	9.749	8.619	3.672	2.600
3.843	14.885	8.401	0.380	2.557	2.020	2.293	0.993	2.677	0.319
4.233	17.505	3.954	4.364	4.911	10.364	9.348	0.849	0.720	3.428
5.786	17.146	1.107	4.329	4.824	6.761	0.764	0.876	3.682	4.543
4.795	11.515	9.900	3.038	4.235	18.901	7.407	0.599	1.121	0.293
6.595	19.801	5.842	1.216	6.280	0.287	7.267	9.272	3.208	3.895
4.603	17.107	9.894	3.460	5.721	11.552	3.152	7.254	3.624	0.374
4.585	0.058	8.611	1.374	4.823	9.440	5.536	6.552	3.816	2.267
4.863	1.313	2.057	3.671	4.230	15.790	1.491	8.856	3.093	1.160
4.342	15.851	4.504	1.593	4.517	9.931	7.357	3.904	4.504	0.604
6.119	0.086	1.334	3.014	7.137	15.505	4.962	0.801	4.676	4.343
6.318	2.114	7.900	4.905	5.551	9.587	3.118	0.425	2.885	2.017
3.578	5.523	8.242	1.874	4.917	8.928	4.145	3.193	3.563	4.159
4.956	0.790	7.283	1.550	4.823	9.634	3.976	6.287	1.790	2.531
4.824	3.319	9.267	1.826	3.440	9.235	0.799	1.083	1.355	2.132
6.163	15.072	4.358	4.928	4.329	14.094	1.578	5.143	4.611	3.966
4.976	12.798	0.321	2.392	3.367	15.296	3.782	8.066	4.393	0.057
5.161	9.864	6.406	0.555	5.321	7.577	0.739	8.151	3.444	0.122
3.800	3.493	9.939	2.737	5.508	16.300	3.316	1.284	0.836	3.533
5.029	4.313	4.478	3.620	1.584	6.772	3.321	3.403	0.069	1.629
3.457	16.580	9.174	3.275	3.310	14.723	0.140	7.256	1.689	0.871
5.043	9.381	5.256	0.745	4.424	9.560	3.473	4.140	1.733	2.954
6.600	2.138	5.550	1.509	5.657	11.850	5.902	7.887	3.683	4.875
6.669	11.972	1.252	3.531	3.844	1.609	4.183	4.314	1.772	4.439
4.172	7.589	9.523	1.786	4.368	12.049	8.499	1.384	4.436	1.257
6.347	11.059	6.902	1.126	3.139	3.040	2.766	3.546	3.167	1.213
6.437	13.283	0.993	2.518	6.116	0.799	0.365	7.407	0.387	2.927
2.750	10.428	7.831	3.648	3.331	10.493	4.395	2.236	2.239	1.661
5.489	7.041	9.667	2.284	6.223	15.586	0.474	9.241	3.327	0.750
4.467	4.918	2.296	3.765	4.139	2.594	8.758	2.809	3.399	4.426
6.005	18.535	2.464	2.494	4.858	6.311	8.173	6.856	1.378	1.767
4.607	10.991	1.553	1.879	6.088	1.635	2.737	4.554	4.174	4.540
6.317	10.351	9.118	3.418	5.393	7.692	3.631	3.505	2.787	0.733
4.943	8.501	8.644	3.353	6.145	4.275	3.924	8.214	1.962	3.356
4.498	0.672	9.008	1.204	5.810	18.546	7.740	9.959	3.752	4.150
5.063	2.072	6.146	4.059	5.805	0.360	3.057	3.293	1.966	0.037
5.982	2.370	4.930	1.621	5.447	10.744	8.867	8.902	0.724	4.826
3.359	4.980	3.889	0.758	5.460	10.268	1.562	3.616	3.554	1.929
5.058	19.404	5.378	0.683	3.863	2.032	2.488	5.174	3.235	0.559
3.707	9.106	2.204	2.717	5.604	3.897	6.565	9.226	2.754	3.375
4.726	4.235	2.016	0.768	5.019	10.340	4.662	3.398	0.555	4.754
4.450	5.294	6.065	3.309	5.510	3.812	0.156	9.780	0.062	4.080
5.407	18.702	7.868	2.152	2.946	6.018	4.131	4.211	3.742	0.237
6.242	14.126	1.146	0.500	4.447	6.245	0.526	6.807	1.167	4.298
5.389	2.531	5.092	3.740	4.361	18.892	2.636	5.067	3.051	4.345
4.724	17.646	1.235	4.728	3.535	4.903	9.823	3.707	2.169	3.756
4.863	0.521	4.988	1.908	4.429	0.061	1.469	3.852	4.342	4.619
5.284	9.011	5.548	2.389	3.248	5.436	2.953	7.524	1.639	4.441
3.660	5.015	8.975	1.033	3.770	8.495	1.430	3.819	3.144	1.017
4.313	19.933	9.402	0.122	5.329	13.458	2.949	7.250	1.592	3.753
3.562	16.671	7.656	3.131	5.364	8.267	4.413	9.967	3.482	0.327
4.383	9.884	2.186	3.872	5.070	3.468	5.488	8.130	1.032	1.632
3.372	19.159	1.348	1.928	3.330	7.614	2.453	8.109	3.609	4.768
6.028	19.239	0.937	1.078	3.148	4.278	4.170	3.205	4.570	1.195
6.416	18.852	2.844	3.721	5.255	16.676	0.480	0.317	2.847	4.742
3.851	13.373	9.853	4.051	5.135	8.111	8.776	6.479	4.298	4.039
4.092	11.012	1.155	2.837	6.454	16.431	3.102	7.337	2.741	4.086
6.283	9.069	4.330	3.095	5.534	19.753	9.250	1.621	0.075	3.792
6.496	16.116	4.647	4.403	4.497	19.302	9.585	2.462	1.314	2.680
4.597	0.942	6.204	4.495	3.238	12.337	8.679	7.407	0.212	1.712
6.435	14.143	3.244	4.915	5.720	0.888	8.992	7.286	0.517	1.833
5.612	2.342	2.893	1.907	3.632	17.341	4.219	8.657	3.123	3.555
6.335	14.265	9.448	1.402	6.951	10.079	8.663	4.824	2.630	1.852
4.244	1.887	9.996	2.432	5.191	0.082	9.765	1.214	3.222	0.448
5.064	17.784	7.654	3.984	3.222	8.518	3.264	4.744	1.082	1.575
5.011	17.510	9.293	2.208	5.560	18.547	1.695	4.700	4.532	3.348
3.758	10.716	4.034	2.192	5.322	6.105	8.854	7.039	2.748	0.594
3.838	14.754	2.491	0.018	5.047	12.131	1.682	7.320	0.560	4.401
5.553	14.884	6.539	1.411	4.027	7.366	9.747	7.253	4.074	3.783
6.948	1.011	3.639	2.539	6.687	15.657	3.695	1.850	4.175	0.141
6.596	3.641	4.635	0.261	4.594	12.770	5.362	8.260	1.931	3.259
4.447	18.570	8.438	4.820	7.010	3.557	9.497	1.906	0.865	1.531
3.110	13.243	9.198	4.566	4.140	8.744	2.332	8.908	0.687	3.025
2.434	18.362	0.565	0.382	3.897	2.104	5.358	8.710	3.322	2.658
5.833	7.902	0.737	2.322	5.684	19.382	4.796	9.612	4.827	0.091
3.779	6.864	5.836	2.062	5.906	0.702	6.222	4.375	2.292	0.221
7.587	19.538	2.565	0.939	4.415	10.206	0.762	2.099	3.400	1.632
4.921	8.262	4.089	0.142	6.510	8.763	5.456	8.080	3.948	3.908
5.054	1.498	2.304	1.688	7.023	12.327	8.749	1.143	0.502	2.345
3.365	13.474	1.179	0.358	4.236	7.044	5.915	5.933	1.839	1.747
4.126	16.052	7.482	1.428	6.447	13.089	9.072	2.274	4.992	0.092
5.792	5.978	1.322	0.201	3.345	2.626	4.309	0.435	0.342	3.071
3.386	5.908	0.517	2.401	3.573	11.902	6.610	3.744	1.864	1.533
4.931	18.876	2.950	3.742	4.775	19.688	7.700	8.667	1.208	4.250
5.055	18.321	2.525	3.238	6.453	14.075	6.593	3.334	1.267	3.924
5.402	8.158	1.459	3.644	4.733	2.014	6.485	3.532	4.982	1.177
5.238	7.412	0.293	3.971	5.548	4.475	2.732	5.354	4.232	0.115
5.974	16.877	3.572	2.125	5.237	15.372	1.348	7.219	2.963	1.069
6.188	18.485	2.985	0.890	3.937	3.520	6.017	2.294	1.182	4.788
5.466	15.973	3.936	0.178	4.167	12.215	1.860	3.443	4.097	3.273
4.241	6.247	5.794	1.995	4.020	6.007	3.188	9.152	0.823	4.963
4.186	14.706	0.450	2.011	4.915	11.457	8.641	4.924	4.497	0.677
4.588	3.341	1.878	4.299	5.262	14.159	8.253	4.657	4.071	2.687
5.712	13.667	9.951	0.412	4.369	1.551	9.805	2.458	4.724	4.800
5.161	1.695	5.247	0.906	6.876	12.309	1.420	5.555	0.508	3.027
4.029	17.990	4.384	3.390	5.150	14.283	9.845	3.923	2.150	3.779
5.862	1.527	6.014	1.132	6.596	5.081	4.797	8.045	1.263	1.094
6.705	11.389	2.549	2.991	4.173	1.990	6.283	6.812	4.314	2.621
6.285	3.348	0.498	1.501	5.544	18.503	5.009	9.415	1.215	1.930
4.213	18.081	3.878	0.443	5.124	16.797	7.877	7.005	1.922	1.174
4.198	10.008	9.735	2.117	4.080	5.559	5.978	3.898	3.180	3.183
6.332	2.694	2.394	2.492	6.039	17.445	2.122	6.822	3.072	4.961
6.224	0.059	4.880	1.860	4.203	1.361	6.133	4.020	1.490	0.093
4.069	19.458	3.352	1.675	5.647	9.682	0.093	1.989	1.939	4.529
6.309	10.766	8.598	3.698	5.732	18.766	8.062	7.540	0.998	3.454
4.236	8.991	6.857	4.534	6.266	18.905	6.852	4.942	4.923	3.056
5.779	3.138	4.990	0.981	6.704	13.029	8.828	2.844	3.522	1.160
4.583	8.018	2.488	1.811	6.488	16.124	6.378	1.067	2.894	3.005
4.998	9.440	0.534	1.673	5.714	12.070	1.701	1.534	4.951	0.181
7.298	12.908	7.886	1.069	7.100	5.473	4.157	7.598	4.790	4.807
4.168	17.904	2.731	3.323	4.613	19.710	5.514	0.432	2.495	0.457
4.986	17.413	3.561	2.721	4.248	1.730	2.515	9.619	2.535	1.353
4.628	15.296	5.121	3.565	4.444	3.490	0.038	8.774	1.770	1.128
6.012	12.007	6.041	0.911	5.544	7.750	9.520	4.212	3.244	4.994
4.729	0.761	9.672	4.918	4.227	6.720	8.770	8.069	2.212	4.226
7.236	10.682	8.490	3.670	3.641	6.727	1.097	2.378	1.636	1.975
4.771	3.833	8.696	4.907	4.907	3.110	9.773	8.496	1.760	0.441
6.562	12.829	1.319	2.000	3.579	6.551	6.497	4.437	3.416	4.561
5.293	0.789	4.446	2.880	5.356	7.163	0.092	1.919	0.926	3.620
4.963	18.707	8.233	4.411	6.636	2.226	9.688	9.499	1.036	4.732
4.693	5.138	4.716	0.478	6.585	13.005	1.396	9.054	0.756	4.496
4.790	1.699	4.007	1.761	3.909	12.060	3.896	9.857	3.436	3.522
5.300	2.667	5.134	4.365	6.342	14.737	8.316	0.949	1.201	2.083
5.023	2.589	8.926	2.972	4.790	13.302	5.980	0.268	3.688	4.127
4.692	2.320	1.649	3.327	4.846	10.572	5.570	7.046	3.700	3.961
4.590	10.265	8.860	4.384	4.652	4.212	0.103	1.411	1.719	2.367
4.278	3.802	6.525	0.780	4.345	17.639	5.189	2.113	4.333	2.348
3.347	11.787	2.974	4.469	6.430	0.350	3.579	6.381	4.933	4.480
4.139	9.873	1.745	1.497	6.368	8.454	8.208	7.111	2.686	3.224
6.058	15.827	5.220	3.315	5.166	7.046	6.136	3.205	4.151	3.072
5.819	8.274	8.879	4.365	5.217	19.392	7.709	1.711	0.649	4.832
5.609	8.200	8.795	2.648	6.087	13.755	0.627	8.400	4.283	0.511
5.774	0.190	8.089	1.549	5.603	11.449	2.326	6.596	2.176	1.777
4.029	15.759	1.609	1.681	4.664	13.355	8.908	7.242	0.272	4.580
6.047	14.990	7.825	0.286	4.894	19.145	5.687	3.808	0.164	0.182
5.172	7.597	8.556	3.846	5.443	6.420	3.099	5.720	2.504	4.539
2.372	4.615	9.978	2.806	4.055	16.344	6.863	4.196	3.185	2.925
5.047	18.476	9.464	2.608	3.237	1.950	9.522	0.718	1.803	4.515
6.817	19.096	4.529	4.714	4.861	5.969	0.032	7.126	0.257	2.933
4.377	10.415	0.422	0.967	4.531	12.177	7.020	4.729	2.583	2.266
4.682	13.129	9.473	4.198	5.443	8.839	9.872	4.568	2.426	1.937
3.990	8.962	1.535	1.009	4.741	4.973	7.446	8.443	4.412	2.452
3.372	3.307	0.910	1.040	4.189	0.074	0.607	3.929	3.815	0.506
7.108	16.395	4.296	4.140	3.178	0.437	0.763	3.946	2.222	3.225
4.789	18.103	0.489	1.732	6.051	19.616	8.420	0.086	0.626	2.839
4.368	18.633	5.127	0.392	4.219	11.581	9.322	5.977	2.367	3.675
4.422	8.719	3.199	3.050	4.797	13.248	6.756	7.375	3.872	4.955
5.391	4.182	6.451	2.033	3.652	16.025	1.318	8.505	0.563	0.620
5.008	17.884	1.218	0.233	3.130	12.580	3.946	0.706	4.766	2.569
7.160	15.562	0.364	1.989	4.568	8.998	5.826	6.104	0.374	4.466
4.089	16.778	6.195	4.339	6.583	12.560	7.957	6.408	0.598	0.692
5.834	6.577	0.153	0.339	5.336	18.530	5.555	8.594	4.580	1.264
4.490	11.914	5.365	1.000	5.868	17.334	3.579	1.622	1.675	4.667
6.969	18.072	3.205	4.797	5.915	7.383	8.535	6.880	1.824	1.802
4.507	5.032	6.406	2.587	4.860	5.550	7.561	8.292	0.012	0.616
5.433	9.152	8.164	1.654	6.534	15.886	4.303	5.846	0.269	2.896
5.295	14.933	3.688	3.601	4.226	17.221	7.170	9.676	3.971	2.204
4.915	5.566	2.748	0.951	6.697	10.295	4.805	1.188	3.187	2.717
5.405	9.555	2.664	4.786	4.609	16.894	9.429	5.088	0.882	4.001
6.100	17.986	0.716	3.221	6.472	5.085	2.207	2.994	1.699	0.183
5.645	6.339	1.883	3.483	5.779	9.903	2.392	9.484	0.806	1.750
6.067	8.349	7.352	1.123	3.797	0.063	7.745	2.911	4.657	4.590
5.390	3.056	7.004	2.500	5.174	12.230	9.159	1.771	2.311	3.133
5.530	14.405	7.731	4.354	5.637	17.793	5.229	6.583	0.634	4.307
6.036	9.720	7.262	2.141	4.929	18.449	5.376	9.843	0.140	2.317
4.867	12.313	5.138	0.943	4.129	11.956	8.734	9.101	1.228	0.931
5.561	9.533	9.227	3.935	4.784	2.756	6.863	6.604	3.418	2.086
6.159	14.650	7.540	2.222	4.841	18.017	7.092	9.431	2.657	4.851
2.939	9.757	1.460	2.044	3.076	14.932	8.459	0.992	0.735	1.074
5.449	14.192	4.813	2.252	3.689	13.734	5.875	3.319	4.547	0.541
4.329	14.843	2.572	4.634	3.632	12.913	0.590	3.970	2.622	3.915
6.810	14.633	6.312	3.852	4.262	10.698	2.151	4.609	0.636	4.600
4.939	14.652	0.631	3.111	3.636	16.865	9.876	4.755	1.785	0.427
6.422	5.858	2.154	2.231	6.925	14.327	4.800	8.677	3.589	4.116
4.946	1.209	2.891	2.430	5.137	15.911	7.791	3.581	0.822	1.167
3.750	14.263	1.148	3.838	5.635	19.235	3.367	7.451	0.633	3.135
3.804	5.371	7.481	4.479	5.864	13.918	5.172	4.880	0.811	0.813
4.167	17.050	3.524	3.331	4.727	12.002	2.527	8.170	1.773	2.318
4.904	5.670	9.753	3.077	4.031	5.202	6.261	1.748	1.790	0.251
5.747	4.210	0.890	4.009	5.541	13.183	5.039	6.821	2.606	1.147
3.965	10.378	7.032	1.123	4.325	0.362	3.947	7.509	4.699	2.789
6.169	9.751	9.026	0.291	4.240	6.561	8.408	1.841	2.763	0.385
4.067	18.938	5.977	4.880	7.040	2.733	3.155	2.375	1.959	3.008
6.009	4.107	8.070	1.933	6.160	0.058	6.309	7.466	1.242	0.909
6.256	7.927	4.748	1.985	4.644	13.355	7.697	0.483	4.442	4.314
4.781	5.707	9.304	0.223	6.133	13.648	8.205	2.680	4.043	4.631
5.519	12.504	3.748	1.340	4.768	17.980	9.729	9.614	4.355	4.227
6.424	6.400	0.058	4.332	6.258	10.655	4.086	7.467	4.751	3.805
7.407	11.557	2.903	3.046	5.700	0.752	3.896	0.486	4.705	3.528
4.598	8.513	7.315	2.576	4.325	12.696	6.907	6.755	3.586	4.209
4.576	14.548	6.800	1.237	3.726	1.661	4.190	1.955	4.498	3.621
3.825	17.742	8.443	4.122	5.146	7.456	2.582	1.563	3.135	0.114
5.950	4.057	6.929	2.799	3.454	5.866	2.299	4.364	2.196	4.441
5.162	17.687	2.279	1.173	4.925	14.790	0.685	7.073	2.013	2.598
5.501	5.838	1.388	1.575	5.120	5.505	7.215	2.915	4.435	3.259
5.046	18.122	8.833	0.082	5.894	12.514	9.929	5.791	3.154	2.228
3.526	1.548	6.155	0.499	4.526	8.138	2.190	3.049	0.640	4.988
2.730	4.791	2.574	0.750	5.293	1.141	2.025	7.251	2.762	0.794
5.673	6.614	1.370	0.193	4.517	14.412	8.967	9.314	1.252	3.970
5.943	19.982	8.882	1.098	4.839	4.583	0.963	2.714	3.200	4.800
1.993	13.163	2.144	3.487	4.729	12.896	0.135	7.794	0.937	1.335
5.198	11.950	8.172	2.726	3.797	14.685	8.254	8.119	0.269	0.561
4.505	8.159	4.019	4.226	6.399	1.254	1.214	5.484	3.719	0.696
4.711	6.429	1.857	4.581	5.911	1.212	7.549	9.872	0.025	0.501
3.719	11.562	5.043	4.657	5.898	12.499	3.241	2.169	3.178	0.968
5.761	1.595	7.823	1.263	5.131	1.310	9.460	1.225	0.938	2.896
4.590	11.726	2.847	3.021	2.238	13.236	4.154	1.301	1.620	4.580
4.660	4.495	7.660	3.149	6.178	0.173	5.389	6.001	1.246	3.969
5.033	5.022	2.065	0.294	3.495	10.543	5.799	3.158	4.069	2.421
3.771	7.606	2.373	2.674	6.472	16.897	2.886	2.001	0.963	1.871
5.550	10.311	0.465	1.366	3.587	19.074	9.250	1.009	2.804	2.909
4.381	11.077	8.519	4.998	4.148	15.543	4.742	6.803	1.254	4.758
6.434	10.256	7.650	1.658	5.828	16.475	1.043	9.633	0.632	2.077
3.074	10.509	0.779	0.996	3.794	15.589	3.120	4.972	0.779	4.048
5.213	15.202	1.249	2.157	4.130	6.195	7.163	1.206	1.082	4.402
5.399	18.733	4.462	2.828	6.888	0.711	6.205	4.207	0.175	3.952
4.926	15.907	6.644	2.192	5.585	8.069	3.751	4.929	3.368	1.387
5.991	0.944	0.067	1.344	6.059	12.833	6.821	3.754	3.916	3.312
6.049	4.041	3.541	3.532	4.883	16.047	9.678	0.205	4.978	2.318
4.810	16.764	1.507	1.577	3.295	13.891	3.086	6.289	1.066	1.480
4.783	9.616	0.524	1.780	4.941	7.550	8.285	6.731	3.903	0.331
3.772	19.724	9.100	3.613	5.248	9.653	8.685	2.348	0.092	2.991
6.701	4.573	1.324	2.922	6.294	7.189	1.911	3.578	2.668	0.696
5.217	10.082	5.773	1.484	5.510	14.470	1.799	1.438	1.073	1.143
5.281	1.871	0.245	0.996	4.924	12.911	6.652	7.159	4.649	1.705
4.953	5.338	4.488	3.433	3.686	19.213	7.037	0.487	4.587	4.321
4.995	9.890	3.516	4.748	4.934	17.779	6.477	9.192	4.914	4.778
5.900	9.693	1.944	1.938	5.293	5.443	5.981	0.430	0.699	2.914
4.742	14.077	0.222	4.770	3.871	14.010	2.805	1.211	3.167	4.217
3.644	18.987	6.762	3.964	5.702	3.670	4.212	0.055	4.849	4.480
5.721	0.843	7.676	3.154	5.004	9.904	0.414	8.050	0.321	1.086
5.097	15.844	4.488	3.820	6.213	0.279	8.258	1.318	4.765	2.054
5.123	19.493	9.490	2.006	5.776	14.871	8.493	2.086	3.922	1.837
4.292	19.445	0.204	3.586	5.755	7.075	0.663	3.609	1.071	4.001
2.520	1.233	6.591	2.759	3.956	1.051	6.155	7.121	4.937	4.875
3.374	10.161	4.138	0.370	2.937	7.205	4.572	5.501	0.512	3.192
4.771	3.142	0.936	4.957	4.984	18.039	5.389	0.887	3.259	1.494
6.315	17.473	7.389	2.188	4.288	5.133	1.361	2.288	3.591	4.340
7.245	8.710	1.371	3.162	4.987	19.717	5.555	3.373	2.478	0.131
4.997	10.756	7.953	4.314	3.637	7.102	1.540	0.507	2.629	2.669
3.806	1.015	3.742	0.702	4.611	5.171	9.680	3.912	4.091	2.720
5.515	19.664	6.659	0.511	5.721	18.959	0.437	2.765	4.114	3.200
3.841	15.220	6.802	3.506	3.591	11.041	9.660	7.075	2.131	1.816
6.527	8.463	7.817	3.161	5.567	1.748	7.636	4.085	0.291	1.159
4.324	16.648	5.641	4.265	5.475	5.556	8.643	4.186	3.346	3.461
4.996	11.819	5.646	1.009	3.777	17.757	5.926	7.198	3.269	4.932
5.719	11.227	5.301	3.485	6.117	12.344	0.980	1.939	0.438	4.962
5.977	2.078	7.194	2.123	5.622	3.461	7.341	9.423	2.809	3.851
4.557	9.509	3.625	4.773	6.618	7.016	5.005	9.382	2.642	3.260
4.986	1.331	1.959	4.511	6.093	12.087	9.210	0.607	3.905	2.606
4.262	12.519	1.151	3.983	4.702	12.185	4.896	5.655	3.172	3.915
6.628	3.751	9.483	4.809	4.454	19.934	5.479	5.723	4.004	4.855
4.646	5.358	7.101	3.368	7.287	2.775	1.740	6.568	1.889	0.122
3.302	14.873	8.111	3.169	4.254	0.159	6.139	1.325	1.596	2.373
5.349	16.215	4.011	0.997	3.717	15.382	3.545	2.732	3.267	3.408
4.425	2.680	5.060	2.101	6.468	5.778	10.000	2.012	3.277	3.963
5.150	13.574	1.864	1.593	3.795	15.093	6.520	0.515	3.469	4.787
4.746	7.629	9.666	0.190	5.446	19.840	3.226	8.753	1.601	0.090
4.685	4.602	0.598	0.212	4.133	18.397	1.704	3.688	2.119	0.751
7.347	6.060	4.423	0.299	5.107	16.378	4.721	6.603	1.414	2.891
5.843	15.534	7.649	4.564	3.922	14.636	5.535	4.810	4.035	3.981
3.131	15.165	0.855	0.377	4.746	14.363	8.647	3.211	0.425	2.060
4.068	11.919	8.715	4.732	4.181	0.466	5.262	0.449	3.902	1.018
5.521	0.719	1.949	3.193	3.980	5.228	2.524	7.639	3.750	2.476
4.562	17.230	4.847	0.702	4.541	10.768	7.628	6.617	3.518	0.548
6.002	1.964	9.663	0.173	4.435	13.280	0.559	6.317	3.039	1.868
4.649	1.116	9.357	2.129	3.011	15.312	0.486	9.997	3.531	4.284
6.767	18.392	9.250	3.430	5.969	7.182	0.231	4.624	1.770	3.819
5.370	3.987	5.969	3.965	5.389	1.543	0.567	9.050	1.127	2.702
4.046	4.162	8.721	4.298	6.128	18.545	5.457	9.657	0.078	2.516
5.812	0.043	6.380	0.225	5.557	19.234	6.693	7.866	1.553	1.424
5.489	0.270	9.421	2.755	7.107	7.807	8.071	3.421	0.896	3.541
4.043	0.299	6.109	2.372	5.323	19.040	0.196	4.330	4.938	4.113
6.510	16.037	4.926	1.207	3.491	0.070	4.721	8.345	0.605	3.552
5.720	6.220	2.946	0.590	6.089	1.064	3.546	2.823	3.318	0.626
3.760	10.063	2.732	1.664	4.411	3.740	7.320	8.057	3.054	2.627
3.967	13.753	9.099	1.566	4.582	8.224	2.906	4.461	3.735	1.423
6.336	10.600	7.671	4.893	5.065	8.414	4.321	6.697	4.546	3.913
7.216	13.773	5.084	2.780	3.598	2.478	1.652	8.042	2.000	1.212
3.599	2.185	0.877	3.810	4.694	0.556	9.304	8.491	0.105	4.226
4.116	18.034	6.003	2.820	4.226	7.318	0.254	7.380	0.500	4.747
5.085	18.213	8.781	3.825	6.039	2.827	4.178	9.996	4.322	0.952
4.831	9.218	9.752	1.505	4.970	8.078	3.230	6.118	3.528	3.069
4.324	5.376	9.220	1.136	4.592	11.288	4.311	3.240	4.996	0.236
4.856	12.123	7.494	0.086	4.953	5.594	0.951	3.549	1.268	4.769
4.100	7.104	5.536	1.104	6.360	0.367	9.984	9.151	1.143	0.450
4.410	3.651	6.628	3.374	4.591	8.888	2.081	0.291	0.299	1.552
5.475	19.206	8.712	3.523	6.425	12.798	7.778	0.640	4.540	3.451
2.838	5.798	3.679	4.965	7.423	18.014	9.968	2.249	1.963	2.716
6.382	5.590	6.800	2.582	4.446	4.857	6.415	8.223	0.803	4.362
10.611	2.321	1.661	4.325	4.825	2.839	9.884	-7.346	1.281	-8.067
6.372	19.882	8.259	1.971	3.385	0.234	2.834	-6.532	2.531	-8.302
11.342	12.706	6.149	2.308	1.425	12.900	1.492	-6.283	2.191	-6.768
14.529	15.005	5.420	4.445	2.831	12.363	3.273	-7.734	0.737	-8.329
10.465	18.172	7.044	3.741	0.762	5.197	5.478	-8.999	1.520	-6.275
6.409	10.724	1.277	0.452	4.136	16.993	2.337	-7.080	1.260	-8.150
18.597	12.497	4.440	0.163	2.790	5.028	3.486	-7.157	4.504	-7.853
0.946	7.035	7.189	4.452	2.546	6.978	5.475	-6.731	3.497	-5.765
7.524	11.124	3.116	4.899	4.770	15.495	5.651	-7.189	4.877	-4.401
1.398	0.044	7.990	4.321	0.158	3.422	0.565	-8.301	4.161	-6.778
14.083	0.095	8.812	0.172	0.599	12.074	6.411	-5.287	1.327	-7.230
16.006	16.415	8.387	3.350	1.077	12.427	6.101	-8.485	3.890	-6.100
10.476	7.357	3.277	1.882	1.694	17.536	8.676	-5.577	4.248	-7.095
9.391	0.686	2.357	1.240	0.076	0.482	0.149	-7.699	3.478	-5.915
4.769	18.278	6.932	2.830	1.978	8.692	5.130	-7.336	0.992	-7.675
9.652	9.440	8.316	0.506	1.110	16.573	1.271	-5.240	4.866	-6.617
12.623	5.912	4.927	3.653	4.325	13.719	7.358	-8.280	4.995	-7.574
14.661	11.834	7.174	0.696	3.231	8.267	5.096	-7.171	1.228	-8.559
14.352	15.166	3.186	3.435	4.830	19.812	6.603	-4.768	2.285	-7.316
0.047	6.550	7.509	1.522	3.754	9.744	3.337	-6.205	4.553	-6.418
12.107	4.426	2.670	2.508	4.334	18.038	3.746	-5.996	2.641	-5.920
15.271	0.032	1.018	1.771	0.914	11.121	2.040	-5.675	1.165	-7.092
12.095	13.943	7.654	1.004	0.417	13.217	8.538	-5.612	4.514	-8.127
7.996	10.049	8.014	2.404	4.705	2.658	9.548	-6.082	4.724	-8.332
2.094	0.549	5.034	4.252	3.786	15.205	1.781	-7.675	1.770	-6.285
6.590	12.411	0.735	0.275	0.058	8.618	8.301	-7.651	2.657	-6.447
6.516	10.842	9.200	2.976	0.031	7.568	4.171	-5.739	3.314	-6.261
8.776	11.533	7.732	3.806	3.253	19.399	8.861	-7.431	2.391	-5.934
19.483	12.501	3.442	1.057	3.123	18.800	5.323	-7.966	1.862	-7.693
10.675	5.938	5.931	2.411	0.659	15.934	9.104	-7.747	2.528	-7.050
18.426	5.309	2.604	1.326	2.520	3.403	4.716	-8.448	2.877	-8.941
4.671	0.705	3.181	1.362	4.513	7.648	2.803	-7.019	1.142	-6.809
0.704	4.076	5.195	2.074	0.740	2.924	9.160	-7.553	4.138	-8.402
19.119	9.104	7.298	0.870	4.031	11.653	5.927	-5.165	1.840	-5.247
19.287	19.869	7.042	0.968	3.808	4.699	2.146	-5.644	3.726	-6.301
0.678	16.106	5.514	1.517	1.349	15.253	9.317	-6.292	0.414	-5.723
3.708	18.577	6.421	3.929	0.440	4.003	3.111	-8.982	0.045	-7.592
18.846	13.649	6.313	4.081	2.391	14.182	7.551	-7.203	0.945	-6.886
9.627	9.787	8.574	4.551	1.579	11.644	4.474	-8.221	3.940	-8.472
17.398	1.325	3.664	0.896	0.067	17.062	0.113	-6.837	2.050	-6.434
7.238	13.291	6.535	4.715	1.738	6.531	7.277	-8.283	2.229	-7.093
16.357	14.382	9.641	3.241	4.815	19.341	6.964	-6.264	3.801	-7.292
19.300	16.468	4.211	2.639	0.114	16.106	4.768	-6.038	2.045	-8.546
11.334	5.109	8.279	3.322	3.277	7.401	8.868	-7.252	1.783	-7.309
16.810	19.525	0.217	4.247	4.922	11.072	3.039	-7.218	2.252	-9.461
2.652	12.682	2.949	4.638	1.145	17.577	9.105	-5.493	3.557	-8.404
8.538	0.360	0.269	2.489	4.062	19.360	0.137	-7.448	2.419	-4.658
19.479	4.023	1.368	4.920	0.329	17.784	7.442	-5.812	2.047	-7.614
3.869	5.354	9.861	3.838	2.159	4.089	2.960	-6.666	4.168	-7.547
14.250	5.547	6.688	4.729	0.256	16.970	2.346	-7.725	0.681	-6.475
16.003	7.497	9.493	2.003	3.193	7.067	3.194	-7.714	1.620	-8.187
16.921	18.794	0.829	1.174	3.869	0.188	2.549	-7.302	3.377	-8.734
9.074	5.423	3.459	3.036	2.181	0.547	9.568	-6.169	3.506	-6.338
10.593	4.500	3.998	1.073	4.850	0.031	0.563	-8.168	2.023	-7.562
6.610	19.771	8.082	1.285	4.012	17.843	8.482	-6.734	1.994	-8.671
17.450	12.743	4.363	2.679	0.650	16.105	8.668	-4.836	2.610	-8.291
0.862	18.426	1.407	0.175	3.781	13.097	6.763	-6.204	3.013	-7.754
13.616	3.358	2.231	0.021	1.054	3.716	7.842	-8.332	4.885	-7.264
9.620	16.667	7.169	0.516	0.914	3.103	8.499	-6.814	0.655	-6.935
4.739	13.431	0.298	2.941	4.372	18.211	9.402	-8.650	1.801	-7.251
2.556	10.188	0.097	1.747	2.355	17.619	7.242	-5.660	4.222	-8.760
19.662	3.108	7.888	4.176	1.939	15.834	6.786	-7.871	4.420	-6.775
7.496	6.482	4.864	0.973	2.548	5.975	3.884	-5.428	3.284	-7.462
14.245	11.489	1.967	3.398	4.523	18.033	4.519	-5.981	3.502	-6.515
15.400	17.909	0.110	2.256	1.196	12.586	0.258	-8.111	4.533	-5.733
2.576	13.891	0.796	2.770	1.356	0.174	1.854	-6.534	3.766	-7.855
7.720	6.838	9.521	0.351	4.113	5.618	3.749	-6.490	2.732	-7.401
9.753	3.647	1.112	4.583	1.814	9.642	5.892	-7.301	0.807	-7.046
3.345	13.029	8.610	1.910	4.006	2.307	0.366	-6.802	3.813	-7.164
12.230	1.545	3.900	0.245	4.824	6.370	2.187	-7.609	4.007	-5.645
12.150	13.630	5.730	0.175	2.245	5.317	4.220	-6.015	4.711	-5.645
1.683	13.597	0.106	2.707	1.617	9.550	0.699	-6.986	0.780	-6.535
5.197	13.558	6.732	4.660	0.514	7.135	1.124	-6.258	0.872	-6.910
4.612	7.114	6.944	4.116	2.863	2.630	0.436	-6.152	0.689	-7.783
14.441	3.866	0.107	4.764	0.786	10.850	8.474	-6.014	0.564	-5.821
4.727	11.980	1.100	4.801	2.237	8.615	9.120	-5.800	3.104	-6.898
3.041	3.677	7.417	4.457	2.142	16.538	1.537	-7.851	3.031	-8.851
9.458	10.809	9.557	0.389	3.752	0.808	9.796	-5.693	1.179	-8.216
7.876	19.516	7.489	4.077	1.609	12.512	8.611	-5.402	2.228	-6.595
6.569	13.995	8.738	3.223	0.750	0.445	0.386	-5.905	1.448	-6.418
10.928	15.044	1.599	2.915	1.132	2.340	9.869	-7.113	2.284	-6.944
6.681	11.382	5.731	1.657	4.815	17.735	0.059	-6.250	2.371	-5.428
19.290	5.810	9.842	0.029	4.255	14.933	4.597	-8.882	1.567	-6.748
18.861	4.924	6.096	2.823	0.974	14.815	8.288	-5.201	0.475	-7.246
4.229	16.418	3.055	2.749	3.156	7.719	0.671	-6.820	2.716	-7.090
3.983	19.554	7.894	2.563	1.794	0.847	4.635	-7.122	1.195	-7.494
7.598	7.478	0.503	4.254	1.735	3.010	3.323	-5.161	0.889	-6.500
0.898	11.155	8.554	1.968	2.347	17.292	3.492	-7.535	4.868	-7.260
14.791	18.680	5.390	0.829	2.254	2.343	3.339	-8.246	2.144	-8.242
6.268	15.384	3.684	0.761	3.096	18.715	7.686	-5.468	4.721	-7.696
5.272	15.894	6.237	4.659	3.500	9.138	4.569	-7.503	3.680	-5.895
11.427	15.385	8.822	1.879	2.844	19.428	0.758	-7.467	3.274	-8.312
14.585	1.270	3.425	1.445	1.874	16.251	5.110	-6.130	3.024	-6.771
19.277	5.726	7.244	2.168	1.907	2.058	2.521	-7.181	3.297	-6.769
8.410	8.265	3.751	3.116	2.697	14.233	7.772	-5.346	4.396	-6.214
13.296	17.648	7.371	3.038	4.528	9.387	2.059	-7.233	3.432	-7.316
4.434	2.014	6.821	0.247	2.152	17.855	3.380	-8.017	2.636	-5.695
9.044	19.146	6.848	1.123	3.151	8.427	8.410	-7.677	0.071	-6.732
1.262	18.503	2.106	2.282	3.133	8.147	3.070	-7.111	1.867	-6.717
0.358	6.794	0.482	1.868	0.685	19.485	8.356	-5.798	3.979	-7.590
14.423	5.589	8.711	2.228	4.198	19.521	8.713	-6.664	1.352	-5.316
4.523	16.401	5.346	1.680	4.288	9.026	7.156	-6.894	2.570	-7.020
5.200	19.380	8.468	1.603	1.553	1.481	3.214	-6.765	4.320	-7.712
11.442	12.785	6.481	2.347	4.921	9.523	5.287	-6.591	0.874	-7.155
19.380	13.820	5.561	2.446	3.562	7.952	4.960	-6.388	2.875	-6.132
12.333	6.032	2.957	3.667	2.734	10.549	0.254	-5.851	2.539	-7.299
0.993	13.915	9.329	0.513	0.659	7.816	1.749	-8.247	4.430	-5.966
18.165	18.361	7.297	4.721	2.435	7.765	0.127	-5.928	2.473	-5.759
17.078	4.162	2.101	4.005	0.664	3.000	1.107	-6.711	1.206	-7.535
2.135	0.014	8.900	0.231	4.810	8.930	1.284	-6.211	4.956	-7.300
8.424	13.079	0.024	4.756	2.059	2.324	6.707	-7.653	3.592	-5.561
17.007	4.247	1.066	4.477	4.780	7.120	1.915	-5.963	3.947	-3.202
18.176	8.151	3.617	0.437	1.937	18.963	4.332	-6.319	2.891	-8.107
16.089	6.988	8.497	1.008	3.207	6.058	0.452	-7.506	2.180	-5.989
11.510	17.798	7.007	4.473	2.914	2.761	6.753	-6.440	0.167	-6.415
13.894	5.130	9.475	3.480	3.139	7.665	7.569	-9.413	3.125	-6.162
17.270	13.042	8.741	4.597	1.976	8.620	6.936	-6.770	3.039	-7.784
6.312	4.348	8.817	3.984	0.193	18.493	6.530	-7.599	1.260	-7.834
1.022	4.020	4.090	0.215	3.960	13.203	9.416	-5.229	0.246	-7.003
15.078	0.078	8.065	2.918	1.799	8.108	1.910	-7.748	4.128	-6.814
13.613	5.209	9.796	4.319	3.122	19.203	1.757	-7.281	3.172	-6.218
3.943	10.352	4.933	1.686	1.810	0.969	4.107	-5.679	0.689	-7.765
0.833	1.632	0.908	4.914	1.389	5.702	9.490	-6.150	1.743	-7.684
11.973	4.329	5.791	3.334	1.241	5.154	4.730	-8.360	2.446	-6.177
19.551	1.906	4.000	2.783	0.204	2.680	7.150	-6.274	2.147	-6.696
7.324	16.134	2.587	1.672	4.870	9.547	0.105	-8.676	0.008	-6.085
15.547	0.610	0.722	4.294	1.094	16.699	0.058	-6.851	0.543	-6.111
8.781	6.707	8.113	1.149	4.285	10.234	7.242	-7.043	0.678	-7.263
11.434	1.858	9.525	3.678	3.860	17.509	5.677	-5.791	2.341	-8.359
13.396	9.155	1.773	0.921	1.177	18.893	3.617	-7.750	0.171	-7.262
15.740	19.039	4.827	2.467	2.601	7.894	7.286	-6.315	1.218	-6.860
7.100	5.173	0.039	1.634	1.569	1.139	2.924	-8.216	4.383	-9.160
14.734	17.417	5.867	2.066	2.918	16.961	0.422	-7.278	0.130	-7.101
5.992	4.191	4.743	3.060	3.130	14.148	2.031	-5.291	0.588	-7.387
0.712	6.121	7.549	0.597	3.648	5.532	8.732	-6.691	4.225	-8.121
3.916	16.413	7.438	0.532	0.833	8.730	2.487	-7.308	0.084	-7.113
13.953	19.018	6.706	4.348	3.691	2.067	8.288	-7.236	4.418	-6.882
7.755	13.449	8.017	4.719	4.833	14.485	9.737	-6.958	2.035	-8.538
12.847	7.549	7.726	0.894	0.803	7.123	7.789	-9.175	4.072	-8.893
18.600	19.110	5.979	0.426	1.325	2.363	0.175	-7.161	0.061	-8.752
19.355	0.574	5.884	1.741	4.223	9.029	8.694	-6.112	2.679	-6.431
15.465	7.323	9.293	2.019	1.881	18.245	1.641	-5.672	3.769	-6.462
12.575	17.098	9.089	0.655	2.184	3.490	3.187	-6.774	3.406	-7.119
13.672	17.277	0.328	2.299	3.997	14.795	2.833	-7.061	4.262	-7.722
1.692	19.016	4.583	0.634	4.999	16.348	2.640	-7.565	2.433	-6.092
17.109	8.007	8.027	1.048	1.011	3.640	3.740	-6.692	1.167	-8.357
14.226	17.110	5.950	0.051	1.713	17.972	9.336	-6.877	1.018	-7.686
14.668	15.751	8.707	1.756	0.356	7.712	8.934	-8.143	2.121	-7.779
18.303	3.238	2.386	0.021	0.976	18.132	4.198	-5.831	0.860	-9.113
0.581	14.818	3.256	1.665	0.580	2.657	1.840	-4.813	2.748	-6.255
6.975	19.185	6.962	1.334	1.434	8.507	5.266	-4.744	0.552	-6.447
12.029	2.618	9.217	0.943	2.619	15.176	0.172	-5.217	2.923	-6.210
17.714	0.142	9.194	4.015	2.558	10.359	8.160	-7.207	2.520	-6.727
15.844	0.100	1.152	2.646	4.195	4.780	7.496	-6.091	0.283	-8.024
10.905	6.332	2.956	4.031	4.388	7.426	3.377	-7.033	2.290	-6.590
10.885	11.192	2.806	4.921	0.481	2.470	4.538	-8.306	0.295	-7.457
15.829	0.678	5.431	3.308	2.382	10.981	7.222	-5.639	2.552	-5.922
18.725	2.009	0.128	0.930	3.071	1.169	7.832	-8.536	2.341	-7.716
17.640	17.235	2.114	1.736	2.284	14.195	6.325	-7.058	2.768	-6.122
17.214	2.261	5.383	3.216	2.258	6.869	4.407	-8.155	3.046	-6.723
1.438	12.493	7.987	4.155	1.910	5.549	6.466	-6.956	4.988	-6.840
1.015	0.093	2.454	4.233	2.930	5.980	0.890	-9.099	0.926	-7.093
3.764	0.009	5.840	4.536	1.415	17.855	7.850	-7.556	2.339	-6.333
8.138	12.207	0.158	3.496	1.435	10.535	5.049	-7.248	3.908	-5.746
9.858	15.276	3.791	1.722	1.444	9.196	3.946	-8.475	0.798	-7.718
11.519	13.062	0.604	4.837	3.013	10.628	0.898	-6.923	2.158	-6.253
19.870	1.623	1.988	1.428	4.192	4.477	8.397	-6.676	3.858	-6.146
17.552	8.020	4.528	0.917	1.749	11.293	9.554	-4.768	1.090	-7.685
15.333	13.666	4.729	3.288	3.819	13.049	7.098	-8.022	1.944	-8.955
9.931	14.610	6.875	4.885	0.768	7.229	6.117	-5.731	1.813	-5.970
5.988	10.133	5.905	2.918	2.789	13.555	0.691	-7.374	1.709	-8.069
7.420	8.679	4.212	4.730	2.504	14.876	3.172	-6.483	2.303	-6.955
16.914	5.436	8.721	0.164	1.371	18.757	5.383	-8.566	4.736	-7.609
17.990	0.454	8.821	0.638	4.852	4.021	6.875	-8.006	1.518	-8.198
17.502	9.820	5.109	0.847	0.446	17.733	6.477	-6.684	2.345	-6.725
2.892	8.756	8.382	0.271	1.812	15.694	0.776	-7.267	4.760	-7.713
17.445	11.900	6.081	3.403	2.432	14.339	7.817	-7.896	2.635	-5.169
14.718	18.649	5.889	4.600	0.337	15.462	2.300	-7.919	4.868	-6.793
8.081	19.058	8.018	3.162	3.607	13.198	7.240	-7.449	2.733	-6.400
13.010	10.297	0.452	0.250	3.757	3.313	3.209	-6.880	2.461	-6.446
16.763	19.266	8.051	2.659	1.364	9.825	7.901	-8.328	1.523	-6.799
15.747	14.656	5.675	2.600	3.094	7.077	4.402	-6.968	1.243	-6.934
10.137	16.767	9.100	0.137	4.458	0.560	3.006	-7.945	3.307	-8.984
0.369	3.550	2.975	0.019	4.669	5.630	4.583	-9.022	0.019	-7.048
18.302	7.496	6.152	3.844	4.743	0.169	1.804	-6.220	2.269	-6.983
12.187	4.811	8.211	0.735	0.355	8.461	9.860	-8.113	3.471	-5.271
8.109	0.893	0.026	0.751	2.401	10.515	2.909	-6.099	1.525	-7.642
8.379	5.080	9.429	2.123	2.429	3.990	4.200	-6.829	3.320	-6.815
5.249	12.640	7.558	0.244	0.433	3.414	6.228	-7.292	1.757	-7.253
18.211	10.038	7.891	4.937	4.558	12.796	2.937	-7.480	0.381	-5.557
18.112	7.545	6.549	1.568	3.401	11.069	6.396	-6.664	2.092	-7.970
17.527	6.237	1.450	3.982	3.133	18.321	8.175	-6.237	2.039	-7.204
11.111	5.250	9.189	1.138	3.227	10.386	0.563	-6.895	2.419	-6.923
0.824	19.415	9.056	2.235	0.634	19.678	8.426	-5.848	0.265	-8.063
5.112	11.431	3.806	4.487	3.891	12.932	3.091	-6.424	1.980	-8.188
4.999	16.794	8.366	4.501	1.718	8.044	9.163	-4.854	2.974	-5.857
6.018	18.318	8.963	3.781	3.641	9.480	8.454	-6.876	3.186	-6.676
0.526	7.932	5.329	1.113	0.538	3.887	7.603	-7.570	0.590	-6.429
6.102	12.018	8.321	4.907	4.086	19.803	6.454	-7.485	2.291	-7.315
0.396	18.800	8.303	0.195	1.339	13.837	8.725	-7.655	3.984	-7.927
8.553	7.308	6.681	1.774	2.792	2.622	3.221	-7.339	1.652	-6.608
0.077	10.063	4.809	4.276	0.822	0.114	7.227	-6.665	1.618	-10.035
4.182	6.791	7.227	0.412	0.983	1.905	1.318	-6.356	2.564	-5.560
1.545	15.981	3.959	0.463	0.979	7.516	2.294	-6.827	0.495	-6.123
17.627	18.548	9.866	4.854	2.777	16.395	2.337	-6.711	1.418	-6.400
7.657	13.952	9.637	2.736	1.917	2.111	6.541	-7.961	0.561	-8.258
2.393	12.018	8.086	3.313	3.876	19.760	8.032	-5.158	1.119	-6.705
18.595	12.399	3.311	2.635	1.189	7.899	6.795	-4.368	4.045	-5.317
11.877	14.552	4.518	4.311	4.357	18.798	1.567	-5.606	1.353	-7.792
7.759	2.318	6.055	1.344	1.171	4.638	8.012	-7.877	0.453	-6.934
3.319	1.552	0.788	2.138	4.496	15.173	0.259	-7.774	1.408	-7.230
14.243	10.915	5.368	2.790	1.289	6.410	3.999	-6.902	2.423	-6.016
19.817	14.511	6.181	3.481	2.031	19.213	4.170	-6.828	3.606	-6.276
15.684	2.508	2.343	4.051	4.859	12.992	2.325	-5.589	1.357	-6.714
11.164	12.134	4.255	0.284	3.147	18.764	3.879	-7.092	3.495	-6.721
8.131	19.265	6.623	4.378	2.257	10.522	0.291	-7.230	1.551	-6.505
5.847	0.847	7.638	2.225	2.768	13.647	9.987	-8.507	4.984	-7.794
13.699	1.691	4.188	4.030	0.593	7.357	1.016	-6.526	1.618	-7.422
7.491	13.761	8.294	1.431	4.595	11.804	7.081	-7.102	3.490	-6.938
9.737	17.148	3.404	1.933	4.427	10.956	0.285	-6.566	0.496	-6.509
19.036	14.874	6.894	3.904	4.954	17.628	1.529	-6.476	3.110	-6.408
0.894	5.327	9.580	2.120	1.618	19.006	2.341	-7.135	0.033	-7.643
19.491	11.068	8.994	1.877	2.735	5.132	4.780	-6.330	1.161	-6.257
8.604	16.414	3.798	4.681	3.204	13.392	1.935	-6.487	1.234	-7.305
8.079	19.761	4.039	3.531	1.456	6.686	1.798	-7.294	4.144	-6.945
11.644	7.400	2.462	2.021	4.045	4.342	4.005	-7.019	4.134	-7.997
0.192	9.646	0.925	4.407	2.122	19.605	5.637	-4.703	4.195	-5.942
2.547	4.973	2.939	4.082	0.683	13.964	9.280	-5.252	3.433	-8.740
4.731	8.990	5.937	3.735	1.473	11.954	4.109	-7.688	0.753	-7.058
6.980	16.706	1.114	4.046	0.603	5.810	1.240	-6.899	4.517	-6.266
8.942	1.204	3.833	4.514	1.058	14.681	8.993	-7.949	1.444	-7.699
7.747	10.988	9.829	0.812	3.709	12.266	2.736	-6.846	2.819	-8.718
14.927	16.529	1.336	1.557	2.266	15.633	7.361	-7.863	2.525	-6.622
1.719	3.411	0.234	0.275	2.318	6.350	3.780	-6.678	0.154	-6.741
6.656	15.692	3.760	1.444	2.455	12.385	6.340	-5.764	3.290	-7.282
16.132	5.493	1.498	0.573	0.695	9.559	2.575	-6.291	0.360	-8.568
3.577	2.373	2.169	3.009	2.670	19.946	2.758	-5.684	1.448	-8.323
10.913	14.436	5.110	3.337	4.830	19.052	8.177	-5.667	3.892	-5.347
16.649	16.886	0.026	1.661	1.066	18.373	2.019	-6.713	4.448	-6.060
3.651	17.629	0.580	1.462	1.913	3.600	3.074	-8.551	1.727	-6.835
10.387	1.763	0.940	0.393	0.331	3.347	3.974	-6.149	0.294	-6.680
8.622	17.411	3.442	4.739	0.726	9.333	3.744	-7.700	2.513	-5.597
5.218	3.935	9.522	3.912	3.001	3.121	7.764	-4.608	1.898	-8.073
18.875	12.231	1.976	1.643	0.718	14.241	2.882	-7.215	2.212	-5.698
17.938	7.393	5.867	1.875	3.126	0.815	7.640	-7.111	3.098	-7.644
17.972	0.537	4.527	0.346	2.201	4.027	9.174	-7.066	0.575	-7.368
16.464	9.484	5.697	3.337	3.906	6.589	5.527	-8.641	1.851	-6.945
1.009	5.735	8.450	4.256	3.867	0.491	9.035	-8.275	4.289	-9.763
9.769	5.804	9.027	1.945	2.086	15.307	6.264	-9.355	4.003	-6.846
6.765	6.037	2.430	2.266	4.051	19.007	2.346	-6.822	3.577	-7.390
15.709	19.443	7.588	0.206	4.804	3.854	2.006	-6.138	1.876	-8.058
4.664	19.641	0.864	1.858	0.785	1.138	9.560	-8.021	1.624	-7.705
17.276	16.745	1.375	0.623	1.130	17.358	1.948	-7.438	2.364	-7.382
1.258	17.002	4.864	1.829	0.212	1.298	9.565	-7.449	0.870	-7.706
3.418	1.821	4.057	4.720	2.246	13.976	5.108	-6.626	4.946	-6.304
14.876	17.088	5.994	3.882	3.671	0.351	6.717	-5.665	2.130	-8.565
1.253	9.421	6.856	4.763	4.659	8.817	5.657	-6.862	0.002	-7.335
5.193	14.679	0.651	1.059	0.032	13.280	7.067	-6.054	1.142	-6.300
16.651	13.423	8.353	1.968	2.662	12.774	7.792	-5.047	0.790	-8.297
15.045	0.557	9.902	4.700	2.655	18.341	4.702	-7.585	3.945	-7.678
18.778	11.478	5.461	1.207	3.586	1.739	7.619	-4.996	2.339	-7.237
18.310	17.720	9.122	0.155	1.714	8.324	3.281	-7.191	2.882	-6.974
19.367	19.926	0.923	3.091	4.037	3.231	0.770	-7.852	0.020	-5.975
13.293	16.315	8.954	3.308	1.702	6.308	1.825	-7.528	4.518	-5.953
12.872	16.957	8.580	3.447	0.206	5.424	4.874	-6.325	3.182	-6.675
16.751	10.275	6.852	4.402	2.081	2.477	5.844	-6.461	2.025	-7.582
3.100	8.606	3.532	1.674	2.644	4.472	7.264	-7.523	1.686	-6.548
11.015	13.989	5.718	2.747	0.802	5.148	7.763	-8.233	3.190	-6.722
1.379	15.940	9.946	0.193	2.968	18.807	9.983	-6.892	4.672	-7.531
9.312	5.643	1.016	2.494	0.199	0.827	9.776	-5.529	4.978	-8.079
9.459	7.673	8.560	1.159	4.673	7.017	6.453	-4.701	3.819	-6.360
5.997	16.311	8.818	1.754	3.313	9.898	5.718	-5.832	0.080	-6.786
18.025	5.237	3.476	2.202	0.853	1.310	7.858	-6.129	1.800	-8.002
7.027	16.180	8.410	3.028	4.195	6.851	2.046	-8.180	1.228	-6.434
5.784	3.327	1.943	1.024	1.618	0.296	0.610	-8.354	1.105	-7.812
13.463	18.215	5.804	1.889	2.041	9.614	9.131	-6.299	3.409	-6.859
18.208	10.782	2.016	3.075	3.936	8.823	3.807	-9.519	1.587	-5.902
15.505	6.946	4.107	0.783	3.224	4.752	5.879	-7.297	0.702	-8.498
5.882	15.432	3.938	2.994	3.084	14.967	1.769	-6.554	2.231	-7.401
1.474	7.508	7.044	4.839	4.510	13.637	7.042	-7.088	2.255	-7.095
2.786	19.252	1.932	4.043	1.414	1.723	0.738	-7.701	1.456	-7.736
6.340	13.789	5.577	2.489	0.385	14.601	7.209	-6.492	2.862	-8.086
17.418	6.535	0.142	1.189	3.347	5.938	3.582	-6.891	3.515	-6.082
4.869	13.379	4.904	0.191	3.892	0.717	0.582	-7.026	2.157	-6.043
14.457	8.926	4.433	1.546	4.817	10.863	6.690	-7.382	3.172	-5.513
2.326	10.894	5.565	0.824	2.346	5.319	9.076	-10.565	1.576	-7.231
0.579	0.962	1.013	2.045	3.139	17.012	9.997	-7.093	2.386	-7.551
9.139	15.863	1.562	1.491	3.751	12.282	2.132	-7.178	2.988	-7.359
13.576	2.978	0.457	2.650	3.227	5.324	0.559	-7.587	3.097	-6.046
8.077	6.984	7.020	4.087	4.989	16.544	8.343	-7.599	2.218	-6.757
15.233	16.016	8.032	1.133	0.475	8.435	6.865	-8.609	3.627	-6.152
1.790	10.021	4.376	3.061	0.163	3.203	3.061	-6.424	1.349	-8.511
14.614	7.503	0.627	1.000	0.575	8.709	4.532	-7.584	1.503	-6.116
1.433	6.054	2.593	2.950	3.198	15.546	0.536	-5.306	4.313	-5.484
7.324	12.369	1.614	4.505	1.447	2.968	1.288	-6.836	0.126	-8.504
13.562	2.595	7.148	4.003	2.874	14.375	3.839	-7.585	0.022	-7.949
8.659	10.659	8.788	3.430	4.818	10.487	2.204	-7.430	2.059	-8.239
2.543	14.759	8.239	0.229	4.331	2.325	0.208	-4.729	4.172	-8.530
4.241	12.995	3.300	2.975	4.592	14.268	3.920	-6.855	3.219	-7.651
14.074	8.728	6.599	0.730	4.888	11.064	1.460	-6.198	0.078	-10.059
2.685	6.115	4.725	3.709	3.309	13.469	5.048	-7.285	2.511	-8.170
17.001	8.071	4.461	1.301	2.745	3.267	2.433	-8.352	1.060	-5.965
16.044	19.735	9.461	0.552	4.092	12.037	9.396	-5.508	1.347	-7.669
0.097	16.576	7.999	3.563	1.252	10.537	6.687	-7.443	1.334	-7.388
18.000	8.733	1.672	4.846	4.206	1.341	1.202	-7.563	2.757	-6.733
6.240	16.221	0.196	4.690	3.688	6.571	3.228	-5.146	0.035	-4.088
1.900	19.227	2.928	2.189	2.264	18.601	3.972	-7.412	2.318	-5.644
19.133	5.689	4.915	4.347	0.677	8.344	7.042	-7.843	2.861	-5.858
10.834	19.825	6.022	4.547	3.648	8.947	8.832	-6.332	3.357	-6.699
19.222	5.763	0.292	2.416	3.950	15.163	2.473	-6.433	3.980	-6.047
5.805	7.755	3.421	2.329	4.742	9.916	0.976	-6.052	3.588	-7.459
16.678	10.285	7.238	1.612	3.654	9.467	5.039	-6.686	1.197	-6.919
18.774	3.922	6.805	3.769	1.675	1.562	3.885	-6.321	0.841	-5.824
13.249	9.216	6.650	4.140	2.050	9.756	2.263	-8.003	3.875	-5.414
16.524	3.813	6.558	0.554	3.655	2.852	9.257	-6.515	3.189	-6.202
3.303	12.143	3.689	3.635	0.433	8.079	6.545	-7.657	3.765	-4.571
3.482	14.335	5.840	3.440	4.150	0.445	4.613	-7.438	2.147	-7.839
1.748	4.604	3.952	2.289	2.976	10.587	7.686	-6.988	3.345	-7.352
16.079	14.734	8.802	0.291	3.175	3.593	3.869	-6.222	0.161	-6.340
1.874	18.456	0.787	1.882	4.416	1.989	7.182	-8.029	0.620	-7.348
11.891	15.829	0.670	0.583	0.117	19.683	5.234	-6.597	3.665	-9.211
14.829	11.294	6.007	3.116	0.658	9.788	6.472	-6.970	3.649	-9.900
15.728	7.659	8.114	4.897	0.799	10.118	7.408	-6.329	3.743	-6.224
16.080	6.053	6.061	0.539	1.744	17.249	1.652	-6.715	2.308	-8.635
17.530	19.961	8.329	0.806	3.571	4.734	6.921	-7.408	2.242	-7.382
4.380	10.347	7.832	4.988	3.386	1.887	2.156	-7.192	0.677	-7.387
10.761	14.869	9.012	2.537	2.537	3.292	4.687	-8.548	0.307	-7.468
7.281	18.616	6.024	4.404	3.447	15.714	3.681	-6.962	2.793	-8.496
4.832	19.442	3.771	0.251	2.224	14.526	3.857	-8.135	3.898	-6.179
15.895	5.195	7.966	2.601	4.453	10.830	5.571	-6.495	0.885	-6.161
6.464	14.549	0.183	4.266	3.083	17.196	3.714	-6.768	0.515	-4.722
3.924	14.875	7.041	0.911	3.191	14.180	6.880	-8.578	0.344	-6.570
12.788	6.908	3.725	1.386	0.987	8.963	3.524	-7.936	3.319	-7.100
7.831	19.346	9.104	0.014	2.078	15.752	3.645	-7.724	3.018	-8.312
