11.874	8.918	3.016	-0.738	-1.219	5.746	0.366	15.302	0.941	1.293	2.955	3.496
3.680	8.948	17.623	1.375	0.178	1.642	4.985	4.362	1.541	9.674	3.781	0.962
16.013	5.379	6.936	0.190	-0.036	4.927	3.253	5.553	-0.578	6.044	3.701	0.261
17.205	6.810	9.766	-1.838	-0.932	5.891	3.393	2.299	2.415	0.489	3.255	2.802
8.271	5.022	0.554	-0.331	1.002	4.557	1.048	14.893	0.354	6.666	2.352	4.474
8.696	9.079	2.186	-1.059	0.794	9.631	2.236	16.246	-1.006	6.277	0.628	0.514
5.816	1.345	18.358	1.016	0.453	8.385	2.382	16.787	0.208	4.214	3.670	1.237
7.987	4.367	15.009	0.550	2.668	3.862	2.231	12.806	0.751	0.013	1.860	4.929
16.770	3.255	2.958	0.742	-1.023	9.030	1.092	11.308	-1.331	2.132	1.548	4.784
10.593	7.509	17.607	0.550	-0.483	6.233	3.880	4.059	-1.861	7.590	3.405	2.752
5.953	0.084	18.201	-1.203	-0.115	0.845	4.789	1.306	-0.373	8.520	2.844	3.897
5.565	4.180	13.845	-0.185	0.175	6.726	3.657	14.799	-0.024	6.451	4.363	2.485
14.164	0.284	0.399	-0.733	0.273	0.263	2.445	6.226	0.516	6.768	1.698	0.800
19.594	1.175	16.831	-0.296	-0.569	1.392	4.908	15.195	0.108	6.226	0.194	3.836
1.564	3.005	13.919	-0.909	-0.431	9.110	1.616	3.787	-1.803	8.422	3.764	4.609
15.279	3.090	9.656	1.939	-1.185	9.350	3.209	18.146	0.658	2.182	3.733	1.231
15.919	0.627	4.908	-2.585	-0.984	4.705	2.016	5.168	0.791	8.840	2.225	4.994
9.388	0.290	16.681	1.264	1.462	6.841	2.995	9.546	-1.502	4.248	3.111	2.551
14.721	0.946	7.132	-0.055	-0.298	5.714	4.137	2.553	0.520	1.584	2.802	0.945
18.745	4.670	17.798	-0.459	0.245	5.095	3.494	4.570	0.118	4.043	1.892	0.291
13.675	1.906	4.225	-0.461	-0.266	0.706	0.254	8.337	0.342	4.242	0.148	4.604
8.801	0.955	3.786	-2.809	1.350	9.587	4.173	7.035	1.218	0.800	4.607	2.905
14.975	3.297	7.392	0.480	0.388	3.229	0.415	2.413	0.482	1.532	0.446	2.150
13.705	0.061	18.880	-0.481	-2.098	1.705	4.366	17.356	0.907	2.857	4.341	1.354
12.069	5.782	10.170	0.144	-0.288	4.836	4.077	15.679	1.184	8.073	2.543	3.243
6.687	4.836	18.949	0.047	-0.039	1.839	3.870	5.078	0.433	3.047	2.494	3.848
6.578	4.160	10.938	-1.161	0.973	3.424	0.570	11.337	-0.045	5.303	0.408	1.571
8.513	2.596	2.910	-0.326	-1.138	7.812	2.438	18.108	-1.471	7.208	0.660	3.130
2.797	5.423	3.152	-0.932	-0.291	5.027	2.165	19.808	0.119	7.413	4.955	3.745
13.803	0.219	2.858	1.171	1.076	3.911	2.489	15.640	0.506	3.351	4.290	1.352
18.799	5.218	0.165	-0.860	-0.792	8.623	4.433	18.984	0.794	9.587	4.843	1.604
11.188	8.026	11.805	0.429	-1.781	1.676	4.979	11.608	2.259	5.289	0.551	2.500
9.158	8.015	0.021	0.617	-1.552	4.313	4.425	0.983	0.340	4.455	4.884	2.068
6.358	2.414	11.838	-0.585	1.175	5.195	4.336	6.498	0.162	7.321	4.669	0.022
14.645	5.765	1.618	-1.068	-0.953	2.644	2.244	0.302	0.445	4.368	0.932	1.202
7.255	3.399	4.241	1.051	0.260	7.423	1.825	17.987	-0.540	3.661	3.332	4.174
5.765	0.472	6.014	-0.242	-1.085	1.168	3.414	14.677	-0.705	6.141	2.375	0.894
8.077	5.767	3.015	0.378	0.244	1.073	1.595	18.251	-0.333	9.944	2.002	2.650
14.855	2.712	17.383	-0.570	-0.805	1.649	0.910	15.437	0.806	2.854	4.573	0.139
13.435	1.932	16.171	1.169	0.690	3.117	2.983	19.691	0.999	5.190	4.046	0.422
15.741	1.178	7.221	0.321	-0.291	4.709	4.296	18.480	1.491	8.311	1.025	1.239
18.563	0.137	17.072	-0.873	2.569	0.172	3.915	2.773	0.833	1.218	0.204	1.396
7.335	1.697	2.319	0.363	0.977	3.601	3.485	12.835	0.938	4.633	3.041	2.249
2.404	1.122	0.188	-0.468	-0.649	8.833	1.542	14.959	-0.491	5.060	4.837	4.090
4.374	8.502	4.122	-0.314	-0.452	0.575	0.470	0.793	2.334	4.941	4.963	4.817
11.787	1.176	5.340	-0.662	-0.315	5.052	0.012	9.339	-0.435	3.223	1.251	3.616
10.135	9.650	1.359	0.971	0.154	0.497	4.447	14.580	0.125	8.065	1.753	2.636
3.845	3.609	11.778	0.862	-0.228	2.638	2.900	8.337	0.409	0.031	0.169	3.135
17.317	9.365	7.386	0.353	-0.841	1.430	0.461	11.461	-1.090	0.622	3.431	2.456
2.909	8.787	6.017	1.011	1.819	2.929	0.300	4.955	-3.108	5.328	2.891	1.093
15.452	3.332	10.710	0.378	0.260	5.733	4.728	11.934	-1.087	1.897	3.037	2.300
7.947	1.730	13.623	-0.664	-2.442	8.197	1.295	13.853	1.005	8.365	0.609	0.727
10.675	2.244	1.639	-0.119	1.378	8.678	0.799	8.561	-1.024	0.686	4.196	4.606
6.051	3.233	5.577	1.277	-0.781	8.383	3.319	9.384	0.294	4.189	3.024	4.156
0.624	3.748	19.068	-0.444	-0.730	5.636	3.267	1.786	-1.600	5.337	2.737	1.218
15.672	7.484	3.722	-0.781	-1.105	9.214	0.933	5.507	-0.326	6.985	0.949	4.639
17.393	5.608	11.156	0.778	-0.663	5.726	0.652	7.905	-0.011	1.245	3.771	0.731
18.502	8.111	12.959	1.009	2.036	2.560	1.605	9.695	-1.451	1.440	4.477	4.612
14.268	1.287	18.176	0.248	0.475	0.320	1.738	11.003	0.661	4.785	4.253	1.906
11.924	9.638	0.523	-1.054	0.136	6.563	1.194	14.250	1.425	7.899	4.320	2.380
13.411	7.376	11.012	0.405	0.860	9.805	0.004	17.167	-0.643	7.466	0.918	2.640
5.305	4.735	13.438	-0.324	0.263	0.168	2.107	18.435	-0.860	4.980	3.813	1.178
0.815	1.127	9.979	0.231	-1.463	4.877	1.976	17.451	0.448	7.064	0.869	0.136
18.279	8.439	0.357	0.120	2.111	4.830	1.700	11.995	1.497	4.699	3.283	4.256
17.518	5.964	19.415	0.187	-0.216	9.376	3.509	5.815	0.422	6.300	1.093	2.111
8.850	7.058	10.236	0.491	0.122	6.036	1.776	8.792	-0.792	6.857	3.630	1.183
12.315	1.137	14.002	1.724	0.167	2.952	1.126	19.606	0.473	2.554	1.029	3.261
15.498	8.373	17.151	-0.415	-1.478	4.567	2.923	16.358	-2.446	3.816	1.732	2.916
11.023	6.049	9.582	0.447	0.278	8.437	2.636	7.083	0.701	8.677	0.677	2.696
8.068	1.593	17.767	1.170	0.357	8.999	2.628	10.698	0.534	8.385	4.440	1.846
17.027	1.296	15.333	1.141	-0.455	6.546	4.632	16.415	0.212	7.002	3.617	0.423
13.795	0.604	6.237	-0.091	0.800	2.912	2.021	9.203	0.915	0.023	1.257	0.753
18.741	0.297	12.329	-1.518	-1.258	3.526	4.645	8.961	1.907	8.364	2.548	2.295
13.822	1.632	9.457	1.331	1.159	3.272	4.644	17.270	-1.030	6.107	0.734	0.488
3.943	6.219	11.498	-0.329	0.556	8.281	1.725	17.188	0.624	1.808	1.736	4.644
1.374	9.514	0.527	1.159	-0.541	4.916	1.759	18.336	-0.580	4.827	2.614	3.517
10.989	0.674	8.723	0.096	-1.381	7.755	2.126	1.861	0.596	6.262	1.865	4.852
13.518	0.286	1.216	0.439	-0.412	8.830	3.769	13.376	0.021	0.047	0.369	2.401
6.222	3.664	18.189	1.812	-0.158	2.144	2.673	0.222	-0.009	3.350	4.747	2.648
10.782	4.832	1.833	-0.024	-0.867	1.908	2.826	4.601	-1.162	3.140	1.162	3.474
10.361	7.531	0.314	-0.676	-0.687	7.188	2.320	13.264	0.103	6.453	0.698	1.884
0.380	1.405	3.760	0.749	-0.191	0.072	3.452	1.742	-0.367	7.212	2.957	1.439
11.525	0.578	12.727	0.114	-0.189	1.372	1.804	18.911	-0.459	1.928	1.895	2.686
10.788	1.725	12.010	0.698	-0.677	7.409	0.365	18.172	-0.506	1.659	2.087	2.885
8.261	6.994	12.237	1.623	1.306	0.308	2.610	7.571	-0.851	0.361	4.711	0.045
10.102	8.424	18.095	0.237	-0.104	6.320	2.594	18.196	0.988	1.726	3.850	1.705
2.710	3.432	12.799	-1.208	-0.066	4.812	3.592	5.895	-0.080	9.241	3.775	0.028
8.889	1.450	19.028	1.093	1.710	5.743	2.139	0.241	2.305	5.065	2.314	1.645
18.713	7.468	0.962	1.280	0.437	0.858	4.405	19.197	-0.876	2.810	3.351	0.576
14.372	3.129	0.464	0.258	-1.402	1.746	0.598	3.760	-1.754	6.179	1.398	4.425
9.516	4.944	12.275	1.307	0.297	6.701	4.284	18.845	-1.328	4.227	0.917	0.533
5.403	7.386	13.832	-0.787	-0.228	0.734	4.236	5.459	1.262	3.231	1.417	2.569
6.964	3.559	18.099	-0.002	-0.774	0.828	1.433	2.064	0.206	1.399	0.171	1.742
9.712	8.409	13.543	0.866	1.680	3.380	2.508	12.788	0.688	2.563	1.710	2.399
17.972	1.001	8.063	-0.116	0.455	3.422	0.081	16.544	-0.982	1.885	3.411	4.038
0.085	5.328	7.130	-0.710	0.056	8.944	2.948	11.752	-0.966	5.286	4.920	1.264
19.653	7.486	1.396	-1.361	-1.166	9.433	4.568	3.714	0.038	4.934	0.892	4.627
15.955	6.032	12.071	0.393	-1.211	4.706	1.167	15.832	1.064	3.692	3.709	1.325
2.483	8.432	7.373	0.642	0.412	8.935	1.150	18.902	0.949	9.225	2.986	1.213
17.191	4.665	16.419	0.763	-2.208	9.780	3.320	1.524	0.965	1.143	1.567	1.154
11.437	1.725	9.136	0.155	-0.670	4.103	4.901	5.013	-0.660	2.830	1.309	2.990
13.410	6.504	11.240	-0.928	0.124	5.281	2.316	13.307	-0.431	0.194	0.294	4.277
4.521	1.211	16.411	0.440	-1.552	8.797	4.603	10.175	-0.218	0.686	1.897	0.689
16.895	6.719	1.008	0.019	0.086	3.918	3.427	19.021	0.127	6.250	1.343	1.001
13.262	1.163	19.088	-1.031	-0.404	5.719	4.839	5.756	0.106	8.835	2.488	0.387
11.085	2.562	8.896	0.282	0.471	9.716	2.355	10.416	0.090	4.381	2.039	2.295
3.856	3.802	1.210	0.409	0.976	5.799	2.967	2.428	-0.327	8.126	0.301	0.162
4.073	0.384	18.963	2.565	-1.034	3.473	0.139	9.807	0.656	1.281	1.173	2.670
7.906	7.366	5.893	-1.195	-1.482	2.417	2.355	15.806	0.136	0.230	0.194	4.116
2.544	4.827	7.937	2.179	-0.701	8.745	1.124	6.780	0.544	9.077	3.033	0.348
1.165	3.758	0.394	-0.586	1.673	4.032	0.490	16.660	-1.563	9.335	2.470	3.944
3.239	3.464	4.592	-0.154	1.502	5.314	1.934	11.056	-0.391	7.690	4.639	1.211
13.944	8.237	2.320	0.654	0.438	2.783	2.821	12.270	-0.601	3.561	2.969	1.814
1.329	0.856	10.268	0.515	-0.249	3.764	2.856	12.707	-0.684	1.185	2.670	4.421
17.735	8.243	11.693	0.997	0.701	8.609	4.717	17.230	0.564	0.560	3.277	0.883
18.471	0.876	9.625	-0.544	-0.327	2.353	2.935	10.372	-0.844	4.718	0.744	1.072
1.320	7.261	4.698	1.183	-0.075	9.891	1.874	8.314	-0.833	0.569	3.514	3.546
14.029	0.345	19.873	-1.013	-0.847	0.370	0.467	19.215	-1.306	5.931	2.793	2.394
10.854	6.086	7.273	1.235	0.429	5.193	4.482	10.348	0.033	9.274	0.374	1.402
14.008	5.166	6.935	-0.778	-0.055	3.302	4.869	11.856	-0.666	8.890	3.898	4.185
3.178	8.351	0.299	0.357	-0.372	5.373	3.135	1.946	0.314	7.766	4.967	2.162
19.903	2.293	8.133	0.109	0.803	3.323	1.755	16.086	-2.060	8.772	4.083	1.706
16.415	3.958	2.991	-0.576	0.511	0.247	1.031	15.745	-1.009	2.295	3.036	1.031
1.349	0.615	10.873	1.530	0.182	2.950	3.492	12.108	-0.675	9.685	0.568	0.577
16.255	4.477	18.436	0.265	-0.911	7.497	0.661	1.971	0.514	2.422	3.601	0.813
9.292	7.459	6.401	1.419	0.606	4.275	2.264	2.989	-0.114	2.774	0.767	0.207
0.674	0.693	12.838	-0.018	-1.436	3.134	4.754	1.933	-1.480	9.216	4.451	4.103
6.211	4.348	14.571	1.337	-0.873	4.999	4.923	5.593	-1.308	7.848	2.573	0.563
11.369	9.571	8.516	-1.560	0.323	5.111	3.617	15.952	-1.093	1.410	1.300	3.625
15.716	1.492	10.364	0.438	-2.473	2.167	3.701	8.027	-1.228	9.748	3.911	3.831
19.181	9.848	9.579	-0.451	0.016	7.268	3.557	3.083	-0.056	1.705	2.456	2.472
3.205	9.220	6.768	0.776	-1.065	4.593	1.460	16.053	0.683	8.896	0.345	4.171
10.000	3.869	5.498	1.022	-0.759	1.090	3.493	0.005	0.287	3.274	4.733	0.593
6.016	1.414	17.600	0.956	-0.987	4.541	2.888	16.220	-0.129	9.500	0.880	3.130
11.845	3.447	6.818	0.659	0.354	3.837	0.132	10.710	0.859	5.408	1.620	2.270
10.513	8.679	2.677	-0.383	0.174	7.052	3.557	12.484	-0.644	7.950	1.042	3.818
6.572	9.940	3.586	-0.495	-0.734	4.177	0.880	9.907	0.801	8.607	4.056	4.553
17.761	3.700	4.548	0.849	0.032	7.876	1.866	1.619	-1.578	2.554	0.022	2.478
11.559	4.664	9.930	2.428	0.512	0.416	1.483	19.893	-1.129	2.815	4.927	1.292
10.647	0.669	16.176	-0.169	-0.309	5.216	4.692	19.509	-0.202	3.250	0.201	3.725
0.421	1.863	0.044	0.080	1.219	8.563	1.741	10.979	-0.337	2.261	4.159	1.607
19.001	5.694	4.377	-1.957	0.223	6.785	1.595	0.786	1.222	1.815	4.129	4.188
2.216	1.101	10.288	-0.613	1.490	7.282	3.515	10.814	-2.513	9.857	4.147	0.564
17.643	5.583	8.312	-1.306	0.451	8.072	1.270	12.199	-1.376	2.562	3.053	4.601
11.697	7.439	11.168	0.894	-0.770	5.237	4.319	16.171	0.111	7.554	4.081	2.522
5.841	5.049	1.578	-1.171	-0.299	8.910	2.986	1.029	0.008	6.843	3.396	2.421
9.550	6.623	10.098	-3.353	-1.653	1.226	1.399	14.073	-0.249	0.818	4.473	2.854
0.086	6.811	12.467	0.668	2.633	3.953	4.929	14.169	-0.762	1.842	4.584	4.778
18.244	5.772	4.909	1.398	0.411	9.718	0.232	8.832	1.139	2.198	4.370	3.509
5.969	9.931	9.209	0.231	1.023	5.898	4.597	13.227	-0.938	0.157	0.071	2.950
16.037	8.176	5.142	0.458	0.045	8.890	3.922	9.114	-1.464	4.312	1.761	1.737
12.347	8.323	3.086	1.208	-1.805	0.660	4.422	8.872	-0.487	9.482	4.209	2.778
17.263	0.363	0.667	-0.458	0.845	8.178	1.131	1.263	-2.111	4.850	3.544	3.877
18.678	4.818	5.386	-0.071	1.658	5.405	2.697	4.890	2.782	5.058	2.479	1.857
19.117	5.520	4.294	-0.202	-0.632	4.702	2.479	14.743	-1.420	1.359	4.727	0.761
0.674	0.662	18.856	-0.119	-0.736	0.321	3.538	1.317	0.214	8.668	0.941	1.368
1.062	6.424	2.368	-0.213	-0.983	3.239	4.069	19.822	0.197	0.313	4.769	0.445
11.442	3.086	2.399	-2.180	-0.649	4.626	4.260	5.490	-0.084	4.316	1.979	4.271
11.081	8.695	6.009	1.382	-0.781	9.919	2.683	2.719	1.092	1.699	4.022	4.379
2.963	8.971	5.564	0.086	0.813	5.610	4.947	13.032	1.609	3.926	0.187	2.230
18.494	5.140	17.162	0.042	0.157	7.896	4.557	3.974	0.478	4.133	2.018	1.278
8.828	6.395	9.391	0.405	0.331	4.120	3.509	4.869	1.053	9.090	2.732	1.767
14.838	4.339	4.591	-0.122	0.228	3.920	4.357	5.264	0.929	5.122	1.735	3.145
2.948	2.034	4.716	2.054	1.065	1.279	2.370	9.508	-0.204	2.646	2.111	3.485
11.623	7.686	6.967	0.638	1.613	7.364	4.219	18.481	1.529	0.734	3.040	2.247
19.038	3.676	1.053	0.154	-0.779	3.268	0.166	17.738	-1.234	9.688	1.346	2.272
2.679	6.717	8.400	1.810	1.890	5.727	3.396	8.253	-1.716	7.426	2.745	2.532
0.244	9.292	12.619	-1.687	-2.498	3.387	3.514	16.958	-1.206	3.295	3.564	3.319
10.715	6.935	0.404	-0.581	0.783	5.288	3.883	13.419	-0.217	2.937	3.899	1.128
7.552	4.539	19.424	1.954	-0.351	9.714	2.000	11.237	-1.737	6.531	0.393	4.928
17.992	6.503	12.837	-1.223	2.366	8.093	4.159	4.189	1.540	5.860	4.010	4.951
2.108	0.848	10.200	1.897	-0.184	4.475	1.002	18.466	-0.154	9.386	4.301	0.899
11.176	6.550	12.331	0.127	0.082	0.246	1.045	18.030	-1.036	6.076	0.453	2.440
11.868	1.007	11.809	-0.135	0.934	6.859	0.530	10.922	-0.842	8.778	1.244	0.142
16.170	9.491	5.014	-0.738	0.039	3.144	4.188	2.161	0.781	8.146	1.859	1.471
8.788	9.588	4.310	-0.577	-0.147	9.332	4.645	5.757	1.400	0.804	2.603	3.831
4.911	7.665	18.755	-1.390	-1.025	8.147	0.319	10.487	0.726	6.680	3.925	3.794
3.049	5.454	17.624	-0.590	-0.324	8.903	4.134	0.596	0.984	9.070	4.920	2.951
11.778	3.127	1.942	-1.173	1.987	5.148	0.339	2.782	-0.001	2.009	3.081	1.629
2.301	2.299	2.618	-0.235	-0.048	5.205	3.170	16.458	0.113	4.393	1.738	4.966
19.903	5.768	1.289	-1.049	-1.178	7.695	3.445	10.771	-0.686	7.495	4.830	1.859
8.297	9.760	10.151	-2.084	0.798	0.969	0.418	19.455	0.492	3.217	3.306	2.344
5.217	9.976	15.587	2.934	-0.890	0.468	4.569	15.814	1.023	3.514	3.118	1.612
12.492	5.362	14.300	-2.548	0.360	3.096	1.163	3.161	-0.505	8.844	4.778	0.254
16.532	2.121	1.099	-1.175	0.175	5.756	1.504	12.552	-2.066	3.448	0.905	0.712
18.518	5.862	0.365	0.089	0.041	7.678	2.365	5.032	-0.395	3.014	3.411	0.763
8.330	2.052	5.415	0.160	0.499	9.313	2.537	5.010	0.094	5.713	0.048	1.284
8.930	2.676	10.653	-0.403	0.175	0.034	3.685	4.597	-0.072	8.621	4.069	0.380
0.519	2.400	0.952	0.939	-0.863	9.238	0.045	19.137	-0.266	4.156	3.951	4.408
5.376	9.360	13.420	-0.030	0.307	7.556	2.389	0.044	0.973	8.783	3.312	2.069
15.402	8.772	9.577	2.464	1.501	8.562	0.630	5.936	0.492	8.263	2.115	1.349
17.666	2.064	12.635	-1.021	-0.365	3.325	4.997	16.580	-1.178	9.097	4.810	1.327
11.867	3.944	9.535	-0.401	-1.953	9.876	0.577	8.216	-0.593	5.604	0.459	3.591
6.360	9.674	10.759	0.092	-1.240	5.025	1.135	8.964	0.079	2.404	3.116	3.763
13.807	7.698	19.233	-1.124	0.335	9.471	1.628	5.939	-0.796	1.535	1.477	4.551
14.639	2.601	11.287	0.124	1.204	0.236	4.734	10.618	-1.750	0.549	0.037	2.161
12.736	4.060	12.969	-0.118	0.776	4.842	4.369	6.792	0.749	7.614	4.753	0.062
7.009	4.414	18.179	-1.181	0.641	1.660	1.543	8.033	0.002	8.233	0.169	1.144
4.724	0.831	12.198	-0.193	1.692	1.912	2.896	0.746	0.252	3.892	2.532	2.435
1.072	3.103	1.461	0.275	-0.051	4.835	4.708	13.673	-1.014	9.848	2.507	1.774
4.663	3.356	11.128	0.157	-0.545	7.702	2.029	9.233	-0.808	1.153	2.174	3.716
2.642	0.116	0.659	-0.210	-0.513	7.167	2.326	3.409	-0.187	6.676	4.660	3.346
3.002	0.246	18.222	0.910	-1.712	9.072	1.099	0.360	-0.612	6.374	2.821	2.230
6.970	9.116	9.007	-0.797	-1.037	5.675	0.169	19.113	0.685	5.304	4.182	1.705
8.086	9.562	4.640	1.084	-0.341	2.754	3.694	16.777	-0.559	7.646	1.991	0.890
10.478	7.549	15.789	1.227	-0.197	6.079	2.851	12.401	1.737	1.240	3.848	3.782
10.784	0.646	3.711	-0.326	-2.042	3.789	0.053	15.279	1.964	6.084	3.340	1.433
1.839	1.869	1.485	-0.622	0.248	1.851	1.994	15.903	-1.973	5.794	1.393	4.232
4.436	6.220	16.202	0.054	-0.464	3.251	3.322	4.336	-0.469	8.339	4.903	2.337
10.838	2.109	11.399	1.230	0.531	7.926	0.510	9.079	1.453	7.441	4.284	2.699
12.956	3.383	10.962	0.741	0.390	2.526	1.358	8.522	0.064	7.864	0.967	4.636
18.130	6.189	19.166	0.429	0.865	3.870	4.644	9.300	-0.071	5.455	0.985	3.778
14.514	3.921	5.785	-0.122	-0.628	4.414	0.288	13.042	0.004	4.232	3.711	4.581
12.577	7.100	14.310	2.439	-0.112	6.603	1.801	8.467	-0.593	9.233	0.400	0.942
11.413	2.968	1.836	-0.238	0.526	8.802	1.095	7.798	0.157	7.274	4.409	0.893
14.053	2.974	13.962	1.157	0.142	2.178	0.115	3.155	1.040	3.909	1.644	0.308
6.054	6.888	14.320	-0.564	-0.852	5.974	1.945	12.484	-1.112	9.674	2.897	2.712
11.516	1.883	9.208	1.142	1.381	7.620	2.863	13.997	0.827	9.287	0.966	2.658
13.648	2.076	15.847	0.227	-0.713	2.666	4.810	12.993	1.066	5.147	3.895	3.187
7.349	4.768	13.766	0.515	-0.401	5.997	4.049	19.440	-1.470	3.801	2.903	0.904
5.602	8.150	17.689	0.561	0.433	8.971	1.501	18.132	-2.404	4.827	1.895	1.018
17.593	3.109	8.117	-1.627	-0.433	0.910	0.461	12.675	1.567	9.133	0.351	0.758
3.755	2.343	19.278	-0.883	-1.082	7.355	0.826	9.293	-0.087	2.721	1.008	4.650
12.460	4.719	12.138	0.983	-1.988	1.312	3.247	17.248	-1.023	8.950	3.121	1.272
16.828	1.268	4.448	1.743	0.279	9.667	2.808	19.106	0.095	2.832	1.268	2.499
17.285	5.199	7.078	-1.140	-0.982	1.975	3.519	11.069	-0.581	6.244	2.768	2.097
8.285	2.486	18.570	-0.270	-0.053	4.823	1.766	6.887	-0.179	1.143	1.935	1.548
10.625	3.454	10.750	1.435	1.633	2.613	3.127	5.071	0.286	9.657	2.259	0.253
7.163	1.269	16.410	0.491	-1.231	7.794	0.518	4.868	0.463	9.941	0.836	4.229
2.552	8.106	8.901	0.052	-1.220	0.574	0.683	8.046	1.291	0.032	0.492	0.677
0.857	7.553	8.332	-0.183	-1.810	4.515	0.918	10.435	0.792	7.870	2.368	0.364
10.327	7.161	12.310	-1.573	1.152	4.556	1.968	3.404	1.303	8.091	3.199	1.044
8.198	4.829	16.701	2.688	0.623	5.821	1.648	11.966	-0.855	9.822	4.868	3.752
15.721	9.037	18.403	1.102	-2.467	6.965	2.929	9.245	1.099	9.368	2.306	2.416
11.671	0.050	10.767	0.932	-0.747	8.390	2.737	8.877	-0.342	7.582	4.725	0.942
11.602	1.097	17.533	0.722	0.712	1.311	4.139	10.477	-1.459	7.222	2.589	0.886
12.794	6.842	17.274	-1.939	0.283	2.362	3.552	10.068	0.549	2.182	0.347	3.040
9.387	9.393	4.919	-0.206	-1.219	6.500	4.807	17.389	-0.885	0.120	3.486	0.362
3.241	3.578	2.664	2.001	0.656	3.902	3.474	9.378	-2.233	5.641	4.580	1.567
12.937	4.135	16.126	0.123	0.779	6.021	2.128	6.063	1.229	6.737	3.706	1.172
8.802	2.336	18.806	-0.528	-0.743	2.493	2.514	15.427	-0.406	4.329	1.287	4.899
14.346	8.823	12.879	1.162	-1.056	3.623	0.161	11.429	-0.909	6.499	3.057	2.650
5.545	1.758	19.177	-1.944	0.664	0.239	3.203	19.938	-0.435	1.440	4.593	1.268
15.122	7.316	16.215	-1.958	1.431	9.684	1.211	1.994	-1.007	9.421	0.171	2.221
12.045	5.712	6.646	-0.634	0.070	1.276	4.214	9.094	0.301	3.664	2.849	2.879
10.118	7.623	1.469	0.244	0.560	0.775	2.673	7.682	1.874	7.679	4.469	1.672
12.696	8.834	15.108	-0.106	-0.942	2.083	2.908	14.923	-0.924	9.077	1.298	0.625
16.762	4.208	10.975	0.301	1.842	6.586	4.591	9.922	-0.769	7.821	3.304	3.360
16.913	2.812	19.358	-0.131	-0.569	7.531	1.059	13.242	0.938	9.774	2.366	1.313
5.627	2.426	14.361	0.029	-1.256	2.881	1.196	1.595	-1.241	4.986	0.436	3.161
5.445	3.306	0.412	-0.132	-1.534	5.084	4.212	12.943	0.085	4.530	0.897	0.277
10.504	8.540	16.389	1.677	-0.050	4.013	1.694	17.249	0.863	2.218	3.446	0.104
14.322	8.948	17.950	0.023	1.656	3.631	4.515	15.841	-0.818	6.136	3.547	3.469
16.438	5.150	5.325	-0.310	0.456	3.172	1.239	8.739	1.010	6.489	4.978	1.071
2.105	9.488	5.124	-0.218	-1.355	3.383	4.743	15.541	-1.890	8.895	0.637	2.456
0.643	2.027	18.821	0.204	-0.270	9.951	4.775	10.043	0.156	2.935	2.314	1.883
18.664	7.442	16.711	0.731	-1.459	1.467	3.591	5.550	-0.418	8.140	4.331	0.891
16.797	9.191	17.012	-0.393	-0.697	6.029	0.264	15.584	-0.309	3.000	2.169	1.184
13.544	4.086	10.810	1.037	0.717	6.215	1.183	7.066	0.270	8.181	3.758	4.139
8.010	3.585	17.662	0.581	0.243	0.186	0.102	17.780	0.248	1.119	0.846	0.004
3.158	3.952	8.235	0.439	0.107	6.392	2.406	1.397	0.667	9.332	1.057	4.031
11.138	4.313	10.325	-1.030	2.224	0.182	1.741	1.036	0.005	8.707	4.297	3.516
5.958	3.544	16.307	-0.410	-2.121	1.913	3.201	7.778	-0.523	4.187	3.041	4.766
7.566	4.799	0.347	0.717	0.620	2.947	0.587	18.088	-1.240	4.120	4.435	4.378
12.845	2.344	4.142	0.146	-0.360	1.026	3.540	13.909	-0.363	3.008	2.664	0.382
0.844	4.474	13.838	-0.979	-0.019	1.476	3.236	18.170	-1.572	0.226	1.928	1.616
3.847	5.691	5.216	0.606	0.454	5.725	3.204	4.522	-0.128	6.871	3.593	2.495
10.501	8.401	10.372	-1.291	2.492	1.968	1.271	2.997	-0.911	6.333	2.150	2.566
7.975	3.996	18.899	-0.489	1.578	8.558	1.104	14.523	0.708	6.087	3.822	2.050
16.511	3.995	18.044	-2.236	0.991	2.857	0.433	16.439	0.865	0.881	4.831	0.103
9.773	2.328	8.014	-1.987	-0.790	4.486	1.475	4.159	-1.296	1.856	1.305	2.687
8.561	8.247	17.028	-0.154	-0.603	1.867	0.112	16.582	-0.780	0.849	4.299	4.195
7.375	8.396	1.734	-0.486	-1.011	0.841	0.865	10.978	-0.653	6.706	1.850	0.822
15.996	6.727	14.045	0.803	-1.325	5.999	4.225	6.952	-0.543	6.336	4.015	1.872
17.554	6.785	8.149	-0.381	-0.320	6.104	3.773	3.734	-0.606	5.392	4.979	1.701
8.982	8.661	16.533	-0.341	-0.144	4.594	2.859	15.274	2.060	9.918	4.842	0.554
9.594	3.170	10.254	0.738	-0.645	8.322	4.505	16.806	-1.044	3.119	4.659	4.226
18.043	0.746	18.887	-0.959	-0.151	7.065	2.421	15.430	0.053	5.381	4.575	2.758
15.948	8.295	6.446	1.140	0.033	1.582	1.528	18.829	0.015	1.611	1.927	3.421
3.203	7.027	4.200	1.016	-0.347	1.458	2.434	5.709	0.334	3.336	4.130	4.254
15.790	5.122	6.201	-1.510	1.310	8.938	2.435	0.663	-1.221	2.052	0.762	4.794
10.984	3.554	7.105	-0.832	-0.435	6.453	3.212	14.185	-1.803	6.554	2.922	4.508
3.312	5.319	2.803	0.371	0.942	0.915	0.735	15.985	-1.376	7.903	4.117	3.916
17.082	3.762	1.742	0.454	-0.605	9.874	3.501	8.666	1.295	5.752	2.509	2.486
5.141	6.974	6.323	0.290	0.725	4.017	3.414	14.463	-1.255	5.733	1.038	3.298
14.622	1.229	8.302	-0.079	0.823	0.775	2.516	5.633	-0.083	6.722	1.336	1.584
5.900	5.885	5.470	0.083	1.494	1.092	0.976	13.991	-0.243	6.233	4.291	2.333
15.216	9.858	15.195	-1.160	2.526	5.765	1.001	13.998	-0.249	5.430	4.088	2.290
14.876	8.401	15.606	1.229	1.483	3.985	0.913	6.239	-0.248	4.477	2.366	3.341
4.868	0.710	10.607	-1.542	-1.249	6.487	4.922	10.806	0.634	9.092	1.412	3.250
14.522	4.051	14.671	1.216	-0.472	2.202	3.204	8.169	0.987	5.911	0.267	2.144
8.995	4.845	13.446	-2.033	-1.002	2.024	1.995	9.662	0.376	4.681	3.737	3.176
14.573	4.898	0.258	-0.742	-2.052	9.310	0.211	0.552	-1.189	0.043	0.968	1.269
7.959	1.879	5.367	-0.004	-0.961	4.367	4.981	0.131	-1.577	9.697	0.577	0.521
10.481	9.102	14.700	1.136	0.269	0.192	1.670	19.630	-0.960	0.406	2.528	1.506
11.028	7.662	1.102	0.598	0.531	7.006	2.664	7.177	0.278	9.188	0.489	2.885
3.367	5.077	4.774	0.228	-2.135	7.220	0.946	19.068	-2.591	1.829	0.161	2.673
10.423	4.533	19.421	-0.324	0.402	4.797	2.698	7.348	0.044	7.741	1.543	1.575
5.146	8.953	8.507	1.652	-0.010	9.784	0.074	1.689	0.448	3.392	3.641	3.166
10.593	6.462	17.952	-0.846	1.131	9.067	0.464	7.414	-0.030	2.534	3.394	1.028
17.569	5.250	14.989	-0.472	-1.200	9.429	4.275	9.532	-1.584	5.236	3.798	4.844
9.504	8.607	10.946	0.327	-0.879	9.434	1.241	0.646	0.928	7.647	0.803	4.144
4.083	3.257	14.916	0.007	-0.113	4.175	3.056	19.374	-0.454	4.954	1.499	2.610
18.274	5.289	3.151	0.044	-0.969	9.243	2.291	8.561	0.447	0.090	3.875	4.638
15.855	9.945	5.658	-1.609	0.618	1.315	2.651	1.516	-0.465	0.366	4.300	4.466
9.770	4.795	1.413	-0.248	-0.704	2.135	1.819	5.421	0.033	3.588	4.306	4.772
9.747	1.467	13.721	0.115	0.482	7.488	2.699	19.831	-0.935	3.706	0.837	4.586
10.307	0.046	9.491	-0.300	0.413	7.820	4.333	7.759	0.627	1.165	0.549	4.629
14.970	7.302	2.062	-0.576	-0.163	1.642	4.903	17.229	2.378	5.409	2.545	0.303
5.682	5.941	13.539	1.401	0.331	4.211	1.235	18.666	-0.726	9.619	4.064	0.906
3.570	6.989	15.001	0.296	1.638	8.082	3.610	19.701	-1.252	1.802	4.355	3.207
9.023	8.751	11.720	-0.126	-0.198	2.808	4.938	18.717	-0.201	5.882	0.274	2.842
8.204	2.661	13.566	0.218	0.512	3.374	0.540	14.734	-1.068	2.429	0.545	2.606
9.337	3.484	5.803	-0.429	-0.755	5.751	4.466	10.793	0.378	2.013	1.773	1.087
0.168	4.660	13.102	-0.183	0.351	9.766	1.239	8.001	-0.563	9.420	0.646	0.071
6.178	0.278	14.671	-0.671	-0.660	0.011	1.567	15.516	-0.899	7.384	1.688	1.745
7.896	7.748	4.470	-0.919	0.543	1.919	3.429	6.849	-0.427	7.139	3.155	4.924
8.619	0.775	14.588	0.226	-0.538	2.808	3.827	16.550	1.544	7.702	2.451	0.234
4.975	6.109	16.767	0.429	-0.391	0.801	4.195	17.646	1.904	3.662	1.056	0.835
5.743	1.555	2.925	-0.127	-2.329	9.553	2.792	18.333	-0.089	1.887	1.198	1.868
5.022	4.425	17.245	1.339	0.419	2.665	1.412	5.572	0.091	1.030	2.174	1.407
1.814	8.361	2.241	-0.073	0.120	1.375	4.288	19.202	0.106	7.017	2.418	2.196
0.733	6.279	15.083	0.604	-1.088	0.515	0.110	13.757	2.419	5.055	4.327	1.946
17.236	7.217	12.474	-0.490	-1.188	3.649	3.402	12.523	-0.381	2.827	3.075	3.267
6.917	0.235	4.561	-0.529	-1.443	9.468	3.166	2.914	-0.738	8.136	2.032	1.014
4.647	6.054	17.730	-1.384	-0.559	0.645	0.968	12.767	-0.703	6.226	4.040	4.375
6.382	7.697	7.353	-0.444	-1.198	9.016	4.475	4.626	-0.046	0.560	0.411	1.457
8.390	9.896	8.483	0.635	0.792	1.854	0.512	16.558	-0.137	9.901	0.369	0.212
8.954	6.008	4.027	0.044	-1.705	1.048	2.601	2.591	0.031	7.207	2.681	1.614
9.309	5.302	10.633	0.472	0.491	6.762	3.750	3.827	0.813	9.018	0.336	4.372
1.203	8.917	5.342	0.478	-0.066	8.948	3.697	0.248	-0.504	6.688	0.062	2.640
1.336	7.445	0.242	0.703	-1.324	3.621	0.704	4.673	-0.138	6.178	2.407	1.377
8.962	3.015	14.952	0.018	1.918	4.075	2.163	1.259	0.005	7.650	1.388	1.354
16.942	7.569	6.536	2.737	-1.052	9.263	2.419	3.958	-0.992	4.758	0.267	0.468
17.803	0.853	15.894	0.730	0.112	6.835	1.972	16.475	-1.077	4.094	4.497	3.105
16.971	1.328	19.561	1.068	-0.768	0.154	1.199	18.277	2.048	5.582	3.287	2.591
3.759	8.107	19.533	-0.180	0.917	0.235	3.339	4.976	0.872	3.771	0.955	3.894
2.254	9.531	5.457	0.093	0.929	2.791	1.035	0.450	-1.227	5.092	1.951	2.693
1.683	8.424	4.063	-0.901	0.577	2.638	4.452	6.364	-1.640	5.891	1.404	3.342
11.461	1.843	10.393	-1.730	-1.016	0.892	2.208	16.207	-2.419	7.666	4.192	1.277
0.314	8.394	19.659	-0.329	-1.549	6.398	0.732	3.378	-2.303	9.472	0.306	4.985
14.101	5.814	7.203	1.076	-0.246	0.110	3.415	19.411	-0.515	1.269	4.778	0.310
6.605	6.076	2.196	0.713	-0.227	0.742	4.502	3.452	-0.593	8.603	0.703	4.183
11.373	3.042	9.161	-1.996	1.660	8.585	1.076	13.122	-0.142	8.828	3.273	0.803
3.398	4.052	16.549	0.630	-1.065	8.821	0.383	9.690	-0.788	1.112	4.320	1.424
14.211	3.804	5.810	1.015	-0.735	2.784	1.862	5.760	0.858	0.507	1.989	0.480
8.130	2.118	11.793	0.312	-0.288	5.195	4.181	13.487	-1.154	5.180	1.802	1.742
15.669	0.865	18.856	0.653	-0.397	3.297	4.639	3.520	0.670	0.713	3.034	2.894
2.924	1.230	4.822	-0.946	0.357	9.295	3.538	18.879	-1.398	6.790	4.885	3.571
19.078	3.897	9.237	-0.321	1.160	3.315	1.904	16.325	-0.727	5.203	4.123	1.314
11.633	3.607	11.691	0.293	-0.850	0.057	4.396	4.760	-1.207	2.372	3.904	3.623
2.414	4.007	0.804	1.436	-1.040	3.403	2.786	18.001	-0.933	8.256	0.372	4.746
6.977	8.599	11.538	0.883	0.491	0.997	3.657	11.657	-1.445	5.164	0.321	3.056
14.658	6.174	7.753	-1.349	-1.669	7.454	0.961	15.909	-0.806	7.866	4.663	4.460
3.269	5.076	18.725	-0.336	-0.063	3.699	0.673	12.050	0.099	1.248	4.123	2.123
11.321	4.087	8.573	0.321	0.556	7.177	4.100	1.184	0.486	1.269	4.869	1.675
9.781	8.551	6.830	-0.746	0.058	3.012	3.874	12.453	-0.907	8.052	4.781	0.627
18.970	7.191	0.113	0.114	-0.100	4.033	4.321	19.835	0.486	7.197	3.224	4.867
3.811	9.482	10.469	0.440	-0.588	5.979	4.127	11.972	0.221	1.494	4.120	0.354
15.022	7.631	15.836	-1.332	1.190	3.062	1.326	2.788	-0.220	0.687	1.228	3.781
5.045	7.583	1.124	-1.472	0.186	4.363	2.165	4.386	1.402	2.118	0.579	1.155
17.662	0.047	18.929	-0.891	1.199	4.464	2.161	16.156	-0.338	4.250	3.264	4.224
6.933	8.572	7.797	-0.479	0.228	2.411	2.409	17.542	-1.177	8.074	3.635	3.449
18.439	8.301	18.641	-1.819	-0.710	0.057	0.571	4.864	-0.185	1.960	3.802	1.106
4.866	1.802	8.220	-0.114	1.273	1.628	0.444	7.547	0.066	5.739	2.433	3.735
8.654	4.276	11.935	0.492	0.225	9.980	0.032	12.960	-0.441	2.428	0.798	3.413
14.636	0.896	0.162	-1.344	-0.503	6.491	3.659	1.294	0.267	6.952	2.188	3.537
12.610	2.004	11.647	0.908	1.682	4.494	1.857	13.004	-2.533	3.481	0.799	4.522
10.006	6.083	0.557	-1.233	0.851	3.780	4.060	4.801	-0.275	3.891	0.990	1.874
6.479	5.779	17.794	-0.205	-0.245	0.479	0.805	0.725	1.839	2.812	1.889	3.862
10.652	1.259	14.323	-0.195	-0.185	6.504	2.110	5.109	-0.836	6.211	4.251	2.285
5.969	3.923	9.915	-0.565	-2.272	5.152	0.944	9.080	0.892	7.491	1.274	0.144
16.545	6.029	10.840	0.429	-0.674	4.381	2.008	11.859	-1.865	2.975	4.536	2.481
14.870	3.498	1.199	-0.245	0.186	5.939	3.603	12.234	-1.126	5.931	4.688	2.215
18.854	0.614	3.029	1.856	0.343	0.239	0.169	18.855	-0.060	4.170	2.419	0.535
11.700	6.448	15.242	-0.218	1.675	1.491	4.472	13.147	0.100	6.652	2.241	4.293
2.553	8.588	5.748	0.610	0.626	9.372	4.956	15.275	1.264	1.060	0.369	0.450
6.893	6.590	7.605	-0.899	-0.719	6.813	1.899	19.168	1.147	1.903	2.923	1.032
16.377	9.073	17.595	0.399	0.559	5.751	4.750	13.738	1.223	4.860	0.310	3.997
11.569	8.147	7.106	-0.111	0.493	7.733	0.293	9.292	-0.715	5.800	2.012	2.081
11.107	2.915	16.799	-0.144	0.226	7.092	1.292	7.450	-0.568	3.783	2.436	2.264
1.165	7.239	9.663	0.888	-0.672	7.232	3.131	19.238	-0.821	5.119	1.861	2.364
3.515	9.326	8.811	-0.253	0.458	8.522	4.343	15.666	0.977	0.157	0.856	2.501
12.882	1.038	4.134	0.651	0.116	0.857	0.429	11.688	-2.352	0.267	1.955	1.620
15.827	0.017	12.433	0.487	-0.054	0.054	0.921	18.512	-1.499	0.818	4.133	4.457
9.678	9.292	1.287	-0.045	-1.192	0.043	4.160	13.984	-1.525	9.558	0.596	1.178
12.751	9.863	17.191	-0.751	-0.747	1.209	3.881	11.451	-0.607	0.141	0.473	2.540
14.765	9.701	5.360	-0.172	-0.044	8.428	0.904	3.642	0.910	6.989	1.775	2.041
15.795	5.628	18.259	0.104	-0.164	1.217	1.229	19.179	-0.662	4.943	0.498	3.379
11.603	9.565	1.042	-0.302	0.653	1.765	4.584	2.517	0.948	4.472	3.895	0.644
2.335	7.940	8.191	0.346	1.002	7.981	4.334	13.651	0.694	6.752	2.605	1.947
14.942	8.082	10.780	1.548	-0.336	0.996	1.187	15.559	-1.087	7.916	0.894	0.905
7.492	8.553	18.657	-0.023	-0.829	6.579	2.062	16.990	0.034	7.537	1.211	4.570
5.607	3.457	16.831	-1.622	0.829	7.531	2.107	19.315	-0.077	9.535	2.663	0.729
12.059	0.766	1.102	2.118	1.523	5.488	3.336	2.135	-1.254	6.217	3.368	2.144
18.603	7.928	11.264	0.044	0.203	5.700	2.971	13.534	-0.104	6.976	1.693	1.368
16.219	3.023	11.240	-1.261	1.679	9.901	2.089	10.779	0.424	1.555	2.285	2.381
7.530	0.356	12.505	-1.537	-0.658	4.430	0.276	3.933	1.416	0.199	3.623	0.564
1.711	2.614	10.179	-0.176	-0.985	5.604	3.777	15.003	0.190	1.117	4.280	3.812
3.818	7.112	19.624	0.691	0.267	2.702	4.976	11.376	0.809	8.294	0.697	1.916
15.169	4.497	13.512	0.137	0.140	2.586	1.518	15.817	2.131	9.544	3.485	0.261
3.458	1.632	16.493	-0.527	-1.018	4.048	2.746	9.361	-0.224	5.998	2.649	3.947
18.101	6.693	6.310	1.211	0.165	0.002	0.555	18.166	0.485	3.236	1.896	3.083
5.113	3.174	14.993	0.734	0.631	6.615	0.437	18.434	-0.600	2.456	1.777	0.939
15.601	3.603	8.357	-0.909	0.203	8.375	0.104	9.464	0.281	9.925	0.179	4.936
1.228	5.683	11.664	-2.699	-0.552	5.853	1.684	16.615	1.160	6.103	2.568	3.698
2.974	4.381	16.871	-0.999	0.951	5.415	4.586	4.266	0.271	7.505	4.871	3.284
13.687	7.520	13.100	1.552	-0.571	9.128	2.124	8.158	0.462	9.005	1.002	3.989
2.057	2.807	0.945	-0.032	-1.834	0.550	1.491	0.038	0.700	6.125	4.459	0.384
8.654	9.016	1.122	0.262	0.264	8.326	3.108	6.770	0.326	7.896	2.546	1.774
19.310	2.689	19.090	-0.635	-0.673	0.715	4.508	5.331	-1.253	2.655	3.249	0.038
10.619	0.534	8.173	0.412	0.605	1.297	0.844	11.154	0.191	4.389	3.380	0.943
6.729	4.036	12.675	0.812	1.052	6.186	1.148	11.530	-1.069	9.662	1.945	1.305
12.024	2.344	11.004	-0.478	2.089	8.554	1.158	0.473	1.509	5.401	2.392	1.283
17.907	1.019	4.441	-1.618	-1.340	7.706	2.573	14.868	0.853	6.352	3.412	3.853
9.590	8.716	11.064	0.117	0.137	9.088	4.367	14.204	-1.485	1.419	1.745	2.349
8.721	3.172	14.449	-0.969	0.583	4.946	4.530	12.264	0.339	1.977	1.459	2.650
11.291	8.043	9.605	0.787	1.356	6.428	0.706	5.538	1.063	8.163	4.910	0.814
2.839	0.243	13.007	-0.351	-0.071	5.183	4.065	14.952	0.189	2.714	1.481	1.368
3.491	5.321	11.528	-0.210	-0.569	9.176	3.014	3.751	0.511	4.991	4.544	2.273
19.183	0.316	11.964	-0.043	-1.332	2.960	2.981	0.882	-1.257	7.092	4.707	4.461
9.161	4.126	7.119	-0.405	1.373	2.501	3.686	18.902	-0.664	1.713	3.195	1.881
6.672	0.401	9.484	-0.564	-0.211	0.952	3.554	9.616	0.457	9.708	3.114	1.997
17.605	5.461	3.258	-0.802	1.787	3.586	3.242	8.159	0.366	3.039	0.058	2.134
12.710	5.684	10.614	1.605	-0.547	8.775	0.839	10.032	0.348	6.020	3.855	2.283
10.004	5.470	12.008	-0.339	-0.854	0.074	3.156	9.933	1.600	6.469	0.671	4.414
17.791	4.549	4.278	0.077	0.708	1.771	2.958	2.738	0.171	2.112	3.876	1.384
5.399	6.585	0.688	0.018	-0.076	0.729	2.224	3.339	0.549	7.158	0.741	0.146
15.021	6.314	0.430	-1.094	0.636	0.754	2.506	18.195	-0.100	6.788	3.640	2.726
8.528	2.828	12.873	-1.714	-1.490	1.098	4.887	4.641	1.964	4.162	3.080	1.312
11.492	4.706	10.227	-0.977	-1.707	6.435	0.383	12.107	0.151	3.546	2.229	4.781
2.853	1.308	7.440	1.554	-1.335	1.514	2.705	0.699	0.324	6.789	4.801	3.582
7.388	0.939	19.540	0.623	2.068	5.183	4.258	19.729	0.336	6.076	2.729	0.958
5.433	4.122	14.831	-0.885	-0.042	0.630	4.498	4.403	-0.704	3.806	0.740	2.162
8.051	8.643	9.063	-0.107	-1.150	6.720	0.862	8.191	0.579	3.975	3.596	4.044
4.277	0.596	5.321	0.077	-0.294	8.853	1.329	11.492	1.692	5.305	1.921	0.332
16.166	8.943	6.680	-1.141	1.275	8.250	4.958	19.860	-1.138	8.775	0.772	3.913
11.047	9.560	2.939	1.744	-0.951	5.958	3.872	14.227	-0.073	2.845	2.488	1.721
16.846	9.632	6.788	-0.464	-0.652	9.763	3.907	8.061	-1.248	0.877	4.871	1.343
15.500	4.317	4.087	0.882	1.248	4.462	4.377	10.704	0.107	6.516	4.822	1.571
9.159	2.019	16.210	0.112	0.822	2.411	0.875	9.965	1.260	9.518	2.146	0.133
0.414	2.157	4.281	2.368	2.624	1.032	0.338	14.919	-0.150	3.792	3.315	2.131
10.368	9.827	15.310	0.692	2.640	7.003	0.213	1.832	-0.093	7.273	2.454	1.578
8.318	1.947	1.435	0.943	0.400	3.694	1.539	10.613	-0.613	7.184	1.511	1.077
8.126	9.312	17.164	-0.099	1.305	1.952	1.712	10.032	1.214	9.724	2.593	4.618
12.526	4.691	1.693	-1.072	2.614	4.962	2.264	10.053	-1.132	2.507	4.527	0.699
6.832	2.362	9.615	-0.580	-0.810	1.450	2.632	4.768	0.797	8.657	2.147	0.730
9.281	5.399	10.904	0.352	-0.645	7.926	3.724	18.400	-0.292	1.458	3.105	4.922
18.798	9.389	5.772	-0.289	-2.612	0.643	2.509	9.151	-0.901	7.914	4.497	4.086
4.226	5.623	2.363	0.517	-0.195	9.702	2.436	8.909	-0.355	8.993	1.887	3.590
6.642	5.693	13.605	-0.686	-0.230	6.580	2.347	4.691	0.425	9.482	0.427	3.515
9.656	4.853	9.682	-0.945	-0.998	5.483	1.530	1.210	0.536	7.428	4.508	1.684
3.143	4.184	10.949	-2.135	-0.847	1.834	1.812	19.142	-2.548	0.445	1.167	1.692
10.205	1.253	18.603	1.012	0.680	8.108	4.810	0.171	-1.347	4.944	4.639	3.894
12.327	5.471	16.398	-1.030	0.545	8.022	0.242	1.926	-0.857	4.016	1.894	4.859
5.795	7.822	2.950	-0.359	-0.324	5.483	0.471	15.658	2.269	1.239	4.528	2.718
13.482	0.263	18.473	-0.160	0.274	3.059	4.390	0.470	0.030	3.817	3.844	3.744
0.121	5.035	11.102	0.070	0.754	5.391	0.075	10.472	0.483	5.336	4.190	0.893
2.941	1.862	19.110	0.845	0.232	6.488	0.161	9.809	-0.143	1.255	4.935	2.226
13.606	5.835	2.484	0.141	-0.782	6.573	0.614	7.185	0.064	9.699	0.469	3.649
13.414	6.288	6.604	-0.673	0.720	4.145	3.309	19.309	0.320	8.884	0.097	3.675
5.332	8.995	16.841	-1.061	1.240	2.467	4.799	9.724	-1.677	9.322	2.682	4.733
17.632	8.485	11.326	1.938	1.041	6.684	4.560	2.942	0.977	7.602	4.141	1.403
3.686	2.739	8.873	2.499	1.640	8.567	4.060	14.851	-0.178	1.448	3.850	2.247
19.894	9.827	0.692	-0.236	0.492	2.197	3.479	7.209	0.896	0.677	4.111	0.014
3.088	5.920	16.194	-1.201	-1.605	3.385	3.502	13.582	-1.085	3.443	0.098	4.242
3.300	5.841	15.130	-0.310	-0.250	9.895	4.609	0.517	-0.682	3.727	4.576	2.463
12.512	6.974	13.624	0.155	0.363	1.588	2.279	8.846	0.786	9.279	4.654	3.373
7.836	2.570	8.413	0.944	0.331	1.673	1.831	0.323	0.050	7.906	3.969	0.951
7.539	8.917	9.344	-0.348	1.985	2.066	1.818	15.866	1.419	7.850	2.269	0.625
10.030	3.172	11.270	0.562	-0.207	6.957	0.511	15.178	0.584	7.891	4.532	1.456
9.782	0.365	11.173	0.037	-0.161	0.314	1.155	8.187	0.649	3.079	0.918	4.447
9.094	6.184	3.170	-0.938	1.265	5.894	2.465	17.108	-1.450	2.486	4.063	3.857
14.061	8.597	16.800	0.287	1.580	6.569	2.724	15.316	-0.619	6.217	3.386	3.287
16.567	5.815	18.958	1.680	-1.642	0.781	1.945	19.650	0.005	3.503	3.829	4.741
4.908	3.911	8.296	1.140	1.533	3.578	3.762	6.917	-1.705	9.654	4.810	2.713
7.680	2.630	17.989	0.818	0.821	4.674	3.456	8.637	-0.639	7.654	3.964	0.275
3.107	7.193	19.100	1.044	0.413	3.580	4.063	19.895	0.959	0.829	0.890	4.795
13.129	3.641	11.523	-1.150	1.278	4.872	0.399	8.478	3.215	4.253	3.658	1.742
6.626	4.750	14.691	-0.970	0.205	7.987	3.879	8.432	-0.685	8.545	3.977	2.178
15.554	4.669	17.870	0.580	0.570	0.445	0.548	7.331	-0.976	6.503	1.725	3.882
17.039	8.275	5.248	-0.161	-0.369	3.275	0.685	8.867	0.356	4.157	0.985	2.234
10.777	6.678	17.913	-1.701	-1.117	8.202	0.495	18.747	-1.525	8.538	1.955	2.202
9.172	0.544	18.331	0.715	-0.189	6.151	0.675	5.919	0.739	6.070	2.353	1.857
12.591	9.794	5.191	-0.846	-0.867	2.423	2.827	18.850	0.373	3.261	3.825	0.629
7.015	0.942	14.862	-1.408	0.336	6.523	4.815	4.020	1.222	3.101	2.426	2.663
3.323	0.710	2.329	1.036	-1.320	7.772	0.150	6.213	-1.351	7.815	3.234	2.597
15.405	1.754	12.843	-0.787	0.084	0.857	3.420	5.748	0.416	5.985	0.815	0.801
15.465	8.504	16.950	-0.533	-1.848	8.365	3.382	5.919	-0.462	6.199	2.443	2.248
9.260	6.381	17.739	0.078	2.202	4.727	4.258	8.557	-0.180	4.268	3.809	2.696
18.985	5.993	18.163	0.566	-0.979	4.007	1.203	17.232	0.094	8.712	2.019	2.288
5.661	8.121	10.972	-0.702	-1.272	7.848	3.913	0.642	1.260	2.909	1.240	0.206
5.125	3.501	18.469	0.111	0.024	9.753	0.419	5.190	-0.331	9.602	2.019	4.187
14.890	9.567	17.855	0.635	0.287	1.690	4.964	9.637	-0.626	8.813	2.436	2.321
6.159	5.412	13.678	0.681	-0.970	1.098	3.267	16.758	0.275	7.946	2.509	1.232
4.339	7.585	7.857	-1.582	1.433	3.691	0.775	8.042	-0.567	8.951	4.283	0.612
12.529	8.683	16.168	-0.183	-1.466	2.946	0.953	18.175	0.836	7.530	4.924	4.164
5.835	0.042	10.182	1.279	-0.855	8.380	3.153	3.586	0.887	2.593	4.913	1.440
4.987	4.090	19.765	-0.788	-0.648	3.594	0.352	7.138	-0.414	0.471	1.913	1.414
11.384	0.688	0.189	0.519	0.183	3.519	2.340	7.679	-1.959	9.041	1.643	2.097
4.789	7.153	14.972	3.703	7.333	2.054	1.231	16.994	4.330	7.693	5.478	4.460
6.656	5.873	3.510	16.769	0.710	8.885	3.480	1.638	0.456	0.601	6.310	1.887
5.473	4.987	4.131	4.460	3.263	0.399	4.901	15.323	1.676	0.022	4.450	4.348
5.112	4.751	12.565	10.107	8.971	7.289	5.000	7.253	2.420	6.145	4.637	1.643
3.563	4.365	9.981	6.266	5.480	5.740	4.942	10.214	1.650	2.737	4.076	3.212
6.072	3.366	9.212	7.823	1.105	2.327	2.825	2.270	4.956	0.140	5.215	4.502
4.489	4.471	1.704	10.767	0.706	7.261	2.855	1.342	0.720	2.605	5.831	1.856
6.797	4.965	12.106	16.081	5.340	2.401	1.177	18.807	0.031	6.246	5.043	3.251
5.087	5.514	19.091	2.185	0.323	3.703	3.192	19.037	0.341	3.342	5.883	4.479
4.593	5.247	18.300	15.878	1.128	1.068	0.842	5.471	4.448	5.846	5.315	2.550
3.589	5.387	9.027	0.606	4.853	6.353	3.814	0.049	1.392	7.033	5.955	2.071
5.353	4.493	13.274	4.619	6.942	9.482	2.138	9.666	3.810	4.868	6.270	2.025
6.177	5.682	10.023	8.875	4.046	1.219	0.534	16.950	4.791	5.939	4.759	4.880
3.540	5.818	4.195	13.411	5.533	8.908	0.613	11.117	0.780	1.368	4.131	3.080
4.943	4.478	19.414	19.516	2.925	8.366	2.491	7.338	0.386	6.161	5.893	1.246
5.602	6.021	15.888	16.788	5.800	4.024	4.646	1.800	4.323	0.524	5.638	1.252
5.807	6.347	16.888	10.700	7.750	3.996	3.065	5.538	1.328	0.414	3.305	4.198
4.740	4.346	18.718	9.874	2.666	1.428	4.109	14.811	3.791	8.421	6.347	2.463
5.323	4.355	7.621	11.693	1.612	6.613	1.704	0.355	0.001	9.744	5.980	0.273
4.246	4.434	10.742	7.107	5.678	5.501	0.301	1.676	1.450	5.492	7.017	1.379
4.297	5.071	14.754	6.143	1.790	7.931	2.690	17.577	3.508	3.765	4.762	4.212
5.248	4.914	1.082	5.374	8.451	6.846	1.440	5.450	1.715	4.468	4.359	4.307
5.702	3.831	17.731	3.346	6.978	6.561	1.209	8.736	4.758	6.725	6.922	0.694
4.718	5.430	19.660	18.717	9.687	3.110	2.836	3.628	4.089	9.906	6.372	1.622
5.160	2.524	9.406	16.809	0.080	1.272	0.149	0.198	3.575	6.231	4.336	0.344
3.090	5.228	5.598	3.393	0.271	4.490	4.883	11.561	0.288	7.241	5.602	2.291
6.332	4.738	16.306	5.372	7.195	1.411	2.344	17.452	0.399	0.246	7.030	0.170
2.914	7.984	17.295	18.975	4.160	3.330	4.696	13.457	4.936	9.393	3.928	4.502
5.141	3.994	10.611	4.766	8.352	4.790	4.080	0.748	4.297	5.848	5.905	1.696
4.539	5.369	10.454	7.940	0.562	4.493	4.957	15.426	4.869	2.522	3.774	0.301
4.225	4.267	17.428	5.815	5.859	2.831	3.690	3.374	1.175	6.064	7.241	2.905
5.275	6.185	14.103	17.946	3.726	3.351	0.700	5.742	4.508	9.995	5.858	4.314
4.539	6.238	19.789	2.017	5.477	4.329	3.795	14.128	3.728	8.477	4.367	4.683
5.210	7.219	3.479	1.084	0.889	5.183	1.359	17.731	4.209	7.749	4.720	4.585
5.393	5.521	14.317	4.891	7.523	8.028	0.584	9.288	2.533	2.173	4.762	1.206
5.716	4.806	17.753	9.015	9.321	4.607	0.589	3.895	0.652	5.183	4.190	3.888
5.171	4.579	10.571	13.324	3.732	6.029	1.277	18.849	4.485	2.560	5.176	3.686
4.746	4.469	14.884	15.870	9.305	4.103	4.652	3.804	3.855	9.632	4.639	1.471
4.070	4.692	11.070	13.977	3.146	9.578	4.757	9.804	3.624	7.304	3.895	3.139
5.503	5.498	9.192	5.347	6.332	9.406	0.881	4.014	2.413	1.956	5.498	2.219
5.223	5.367	4.204	15.038	2.999	3.404	4.077	18.993	2.041	2.135	4.189	3.302
4.180	7.604	9.251	15.292	6.080	0.022	1.187	10.948	1.336	1.766	4.985	2.350
5.956	5.473	2.075	8.446	3.830	5.231	0.389	5.079	4.833	0.842	6.511	3.771
5.698	3.521	7.075	13.646	4.231	9.714	1.226	13.483	1.233	4.676	4.221	0.980
6.856	5.552	19.411	19.100	8.399	0.078	1.952	7.704	1.385	9.649	5.499	4.237
4.536	5.161	14.562	0.013	2.680	3.541	2.855	17.095	4.203	9.675	4.815	0.360
6.912	4.912	17.332	7.523	6.746	6.553	2.809	7.804	0.141	2.340	4.372	3.492
4.728	6.051	19.008	11.680	9.651	2.234	4.892	4.081	2.426	1.668	4.990	2.104
5.894	3.451	15.841	14.310	6.212	1.654	2.053	4.091	0.955	9.902	6.604	3.890
4.817	6.612	14.404	2.158	0.521	8.413	0.536	1.570	4.591	1.404	5.135	2.563
4.810	6.410	2.812	7.560	3.658	4.139	4.705	19.224	0.410	2.512	5.005	1.197
5.257	3.169	3.245	2.440	0.614	8.015	4.738	4.087	0.354	7.000	4.741	2.275
7.236	4.075	14.324	19.746	7.188	5.115	1.739	0.544	1.499	6.381	6.227	4.243
5.192	4.372	1.642	11.600	3.100	1.398	1.622	2.762	0.557	5.413	4.841	0.140
4.114	4.891	0.898	5.054	4.252	1.798	2.981	5.706	3.840	3.251	3.037	4.517
3.264	4.324	5.048	14.351	9.316	7.828	4.762	18.015	1.171	4.790	4.899	3.196
5.593	5.460	5.796	11.926	4.955	4.584	4.217	16.511	3.950	9.848	4.981	4.556
4.599	5.920	6.650	2.850	9.250	2.408	0.398	8.933	0.792	0.231	5.388	0.940
4.973	4.611	1.854	10.443	6.379	0.405	1.611	8.722	3.702	1.296	5.587	0.357
4.000	6.669	19.717	1.581	4.611	8.276	0.766	10.871	4.985	1.820	6.064	4.303
5.463	4.365	2.374	1.420	5.375	8.607	0.914	13.384	1.499	3.520	4.779	3.315
4.834	3.195	11.403	6.983	8.183	6.066	3.444	2.046	4.005	0.846	6.707	4.567
6.521	4.879	9.387	13.125	6.179	2.714	0.907	19.787	4.580	3.262	4.748	3.850
2.887	4.490	8.102	13.984	3.131	2.969	3.584	16.766	0.741	5.980	5.028	4.795
5.394	3.731	5.586	9.114	1.972	5.061	2.678	6.025	3.495	5.153	4.198	2.839
4.665	4.690	16.667	10.915	2.571	6.249	0.234	4.831	4.568	6.566	5.796	4.463
4.834	3.927	18.640	11.810	7.704	9.381	3.768	2.989	2.436	9.664	5.054	4.330
5.786	4.825	0.039	12.934	8.961	6.003	2.646	6.060	4.392	2.171	4.988	2.702
4.687	4.528	11.183	6.938	8.118	8.264	4.673	4.206	0.856	1.146	4.242	3.814
6.076	5.319	12.031	6.505	1.002	2.282	4.435	0.011	2.846	9.930	7.192	3.704
4.858	4.430	4.192	14.766	3.502	0.104	0.695	6.712	2.180	8.384	4.311	0.767
5.510	4.540	13.024	6.297	0.017	7.464	4.651	16.709	4.877	5.267	2.656	0.162
3.680	4.613	10.762	9.970	6.951	1.162	1.834	17.423	1.166	6.892	3.140	1.731
5.582	6.715	9.516	4.213	4.817	7.380	1.345	11.098	3.586	7.477	6.714	1.317
5.247	6.420	3.692	16.312	6.088	9.329	0.306	10.902	1.633	9.320	3.404	0.345
5.712	5.246	3.875	3.717	8.083	0.591	1.952	13.179	2.301	9.799	5.776	4.296
4.982	6.955	16.622	8.434	3.196	6.735	3.418	0.430	3.360	4.290	5.042	3.218
3.428	5.854	1.460	19.254	6.495	7.365	0.941	15.963	4.562	6.393	6.225	0.238
5.048	4.807	14.680	5.186	6.811	6.602	2.782	6.862	3.925	8.159	6.252	0.801
4.072	5.252	9.537	1.172	9.008	4.518	4.944	10.302	4.438	1.246	5.328	0.265
5.571	4.770	3.730	2.531	0.417	9.243	1.759	19.606	0.442	4.502	6.134	2.506
4.506	5.505	0.399	9.368	1.261	8.405	1.565	16.136	0.475	5.628	5.165	1.969
5.191	4.013	9.286	17.145	0.293	4.959	2.061	2.479	3.990	8.723	5.866	3.873
5.222	4.574	7.055	16.715	6.861	7.256	1.291	11.953	3.091	5.704	5.324	1.015
5.574	5.715	16.990	19.376	8.134	3.721	1.521	16.032	0.018	0.682	5.092	4.382
4.900	5.601	12.610	14.866	1.363	3.444	4.480	0.196	2.404	2.897	5.586	4.199
2.704	5.295	4.459	8.720	7.600	9.807	2.347	5.305	3.747	5.531	5.244	3.224
5.165	4.329	6.619	12.789	6.683	4.011	4.562	6.661	4.430	3.361	5.140	3.635
6.602	4.869	7.033	8.657	4.504	6.194	3.746	19.982	3.728	2.624	4.640	3.846
5.046	5.907	6.179	10.341	9.709	0.322	4.833	4.355	4.589	0.599	5.002	2.569
5.396	5.165	6.802	3.323	0.132	6.731	4.983	12.599	2.524	9.183	4.705	0.179
4.563	5.613	18.500	5.315	8.300	6.351	4.298	9.738	0.895	1.376	6.435	0.090
7.699	2.660	12.511	7.378	5.450	3.744	3.815	3.785	4.355	5.125	5.062	4.367
6.030	5.352	11.438	7.638	2.115	7.818	4.191	3.872	2.121	2.433	4.224	0.497
4.014	4.267	7.842	2.443	2.953	9.503	3.614	19.410	1.454	8.714	4.573	3.602
5.724	3.497	19.750	0.113	2.649	5.218	4.588	13.627	1.992	0.226	4.248	0.198
6.526	5.007	19.106	9.033	6.108	5.815	4.842	14.800	3.865	2.285	3.883	2.662
3.912	3.378	0.924	7.451	8.914	1.248	4.842	5.439	4.651	0.010	5.609	1.594
4.632	5.275	19.587	14.908	2.716	7.678	2.631	8.861	3.347	3.366	4.525	1.174
3.532	4.819	18.257	3.133	0.272	5.954	2.742	13.491	3.119	3.186	5.847	1.213
4.834	5.102	17.397	10.205	2.040	2.733	4.440	19.504	3.412	0.911	6.066	4.574
5.447	4.537	18.990	12.464	2.458	2.210	1.140	15.551	2.600	3.961	7.320	0.603
4.818	6.682	12.411	10.834	7.743	8.779	3.075	12.497	4.496	6.741	4.794	4.624
4.481	6.087	2.666	11.191	4.964	6.599	3.892	3.137	0.150	1.971	5.938	2.159
6.431	3.811	4.565	17.406	9.114	3.346	4.415	2.631	4.949	6.520	4.460	0.130
4.366	4.299	12.481	19.500	3.447	9.392	3.636	5.303	4.641	2.891	5.120	4.186
5.753	3.736	17.758	5.149	7.594	5.925	0.630	0.194	0.815	8.926	5.249	0.397
4.850	5.783	4.466	10.126	4.376	4.453	3.250	12.408	2.621	9.689	5.848	2.381
5.353	6.089	14.327	10.543	0.299	1.406	2.533	1.926	0.769	7.797	5.224	4.639
5.909	5.826	9.088	7.190	7.742	4.109	1.070	9.730	1.038	5.150	6.154	3.031
5.006	4.943	8.524	1.390	5.359	5.435	1.839	7.200	0.215	1.661	5.123	4.619
6.865	5.096	0.548	4.984	6.995	9.649	2.506	15.022	1.176	8.045	5.120	0.866
3.594	5.279	14.631	13.248	2.355	4.445	3.118	0.929	4.117	4.695	4.190	4.608
4.806	4.582	2.336	19.556	7.872	0.879	0.065	9.084	3.917	8.352	6.937	1.178
5.923	4.504	12.819	11.638	6.404	5.990	3.967	17.052	0.132	3.876	5.222	2.726
3.930	4.619	14.304	3.455	3.067	8.676	0.472	6.506	3.725	3.979	5.462	4.629
4.312	4.266	2.463	15.048	0.778	6.712	2.371	11.393	3.569	1.743	3.734	4.522
6.220	4.814	4.885	7.333	9.490	0.761	2.613	18.991	4.282	0.404	4.960	2.795
4.919	5.929	11.107	18.676	2.173	8.591	2.199	19.267	4.733	3.984	5.222	2.846
5.294	4.479	5.378	19.718	5.528	1.718	1.212	6.650	4.359	4.782	6.192	3.259
4.852	2.803	7.761	5.315	5.080	4.755	4.887	7.350	1.864	8.050	4.880	1.380
5.847	6.891	15.022	11.630	7.950	0.147	0.364	5.473	0.507	9.359	3.997	4.475
5.411	4.138	5.044	10.440	7.454	6.267	2.145	16.292	1.986	9.703	5.507	0.331
5.876	2.770	11.716	16.409	2.481	9.778	0.407	2.883	1.665	4.642	6.144	1.484
6.294	5.158	3.131	6.811	5.900	2.731	2.032	13.585	1.454	9.059	4.705	1.979
4.884	5.209	0.429	19.209	6.441	0.401	0.281	8.279	4.307	4.259	5.360	2.780
6.111	5.091	12.737	17.567	4.276	8.448	2.136	16.232	1.479	3.784	4.673	2.454
5.110	3.607	19.008	6.742	3.997	6.865	2.020	14.499	3.954	8.907	3.696	4.875
5.247	4.904	8.879	11.385	0.696	5.135	1.086	19.460	1.673	3.177	4.912	2.499
4.034	4.390	12.757	19.297	3.559	5.635	1.778	11.562	2.175	3.977	6.087	1.356
6.075	4.697	6.487	13.686	3.202	0.574	3.466	10.037	4.291	8.347	4.278	2.372
3.715	3.225	14.907	10.587	5.839	0.881	3.974	5.849	1.829	0.253	5.631	4.640
4.559	5.074	9.386	16.558	6.104	6.063	1.581	2.211	1.001	9.814	5.037	3.920
5.545	6.509	1.084	4.447	1.536	4.402	2.173	16.757	0.521	9.931	5.283	2.973
6.240	5.421	14.733	16.907	0.258	0.415	2.577	18.684	3.665	5.317	3.910	2.084
4.537	4.309	15.366	8.019	3.591	0.885	3.262	14.010	0.675	1.739	5.727	1.120
3.910	5.158	11.198	4.003	1.684	1.285	3.390	10.817	1.939	9.004	3.942	3.831
3.625	3.931	9.556	18.789	5.133	2.946	1.560	12.507	1.728	5.368	3.903	1.691
4.408	3.620	12.228	8.546	3.454	3.908	1.557	13.407	2.513	6.223	5.429	4.023
3.338	4.731	10.267	3.144	8.999	7.699	1.759	16.538	4.187	5.961	4.662	4.980
3.655	6.324	2.341	17.969	1.894	1.773	2.048	13.299	4.089	9.629	4.817	0.105
5.614	4.412	16.052	17.658	3.763	6.498	4.498	14.199	3.801	8.389	4.778	2.439
5.184	4.279	17.322	16.209	8.248	1.980	1.523	15.195	1.601	4.983	5.841	0.588
5.677	5.355	8.187	18.165	8.780	6.832	1.554	19.352	3.188	2.878	5.351	3.268
4.439	5.845	13.894	19.405	6.191	2.345	3.084	7.458	3.889	9.206	6.131	4.227
5.678	4.794	9.875	4.798	8.348	4.147	2.399	7.174	0.115	6.011	2.992	3.097
3.572	4.204	16.371	1.995	8.846	1.808	4.754	19.629	3.916	3.066	5.087	4.657
5.275	5.972	4.045	3.901	5.954	1.889	1.360	6.699	1.481	5.252	4.695	0.136
5.273	3.733	18.298	4.320	3.518	7.668	1.891	8.222	2.506	1.651	5.714	1.689
4.822	4.774	13.828	2.916	3.052	8.560	3.937	8.919	3.086	9.152	5.974	4.130
4.368	5.489	5.407	10.046	9.164	2.975	2.685	4.941	1.897	5.948	4.497	3.906
5.526	4.243	7.326	12.361	6.580	4.979	3.500	3.843	0.938	8.266	4.140	1.372
5.912	6.889	19.510	14.315	4.051	3.189	0.097	7.491	3.721	1.699	4.750	4.333
3.199	5.747	19.258	2.296	3.219	5.725	2.080	11.832	3.831	7.521	3.852	2.371
4.003	5.741	8.830	1.407	0.037	1.111	3.889	19.906	2.687	2.595	5.504	2.861
5.786	6.050	4.917	17.990	4.859	7.141	4.316	0.686	2.637	5.631	4.526	2.400
3.574	3.453	11.514	17.206	2.511	5.443	4.681	11.509	2.466	1.114	4.318	4.847
5.308	4.796	14.053	18.171	0.730	6.612	3.428	8.253	0.492	3.842	5.193	4.914
7.218	6.319	9.636	19.804	1.258	8.164	1.877	19.842	3.382	4.984	5.070	0.899
3.637	5.225	15.546	13.975	6.906	0.067	2.838	8.451	4.334	6.794	4.037	3.321
4.550	5.876	6.538	19.148	8.371	0.962	2.629	1.204	4.543	7.208	4.351	2.136
5.933	5.332	5.245	12.866	9.663	7.398	1.115	10.317	0.645	7.521	4.499	4.689
5.392	4.591	7.343	18.394	9.158	3.233	2.523	17.675	4.002	6.894	3.717	4.254
5.606	6.185	1.555	19.910	4.512	6.796	2.968	10.544	3.136	5.008	3.786	4.705
4.299	4.092	18.358	3.994	2.653	6.060	1.485	3.746	1.132	9.318	6.951	3.998
6.767	6.067	9.982	4.023	1.202	3.456	2.573	19.246	0.980	3.802	2.944	0.935
6.682	4.691	1.153	10.872	0.959	4.437	1.609	18.356	4.676	0.912	4.760	0.464
4.385	4.710	2.680	10.314	6.821	5.088	2.101	14.907	4.243	8.405	4.887	4.531
4.208	4.206	19.777	13.873	4.713	2.650	4.497	16.380	0.594	8.150	5.778	0.389
5.148	5.506	9.189	11.659	8.446	2.666	4.504	8.135	4.242	3.752	5.622	4.626
5.315	4.381	0.973	3.407	7.715	4.344	0.947	9.774	1.363	4.911	4.091	0.326
5.284	4.899	5.071	7.950	6.670	2.139	1.696	11.686	0.118	9.225	5.394	3.448
4.144	6.042	15.161	12.376	8.353	0.926	2.804	9.782	4.102	9.187	4.448	1.856
6.053	5.003	19.102	13.013	7.962	5.637	3.403	18.232	3.315	0.497	3.856	2.576
4.025	3.102	14.244	7.503	0.242	8.647	0.817	11.428	0.831	4.935	4.462	4.995
2.715	3.857	10.675	8.237	4.519	4.124	1.330	13.429	3.664	0.730	6.338	0.398
6.025	5.384	15.870	17.670	5.662	8.978	4.973	12.625	0.236	9.748	5.031	3.265
4.321	4.496	19.767	5.361	4.002	9.260	2.086	7.223	1.281	3.867	4.572	0.088
5.316	4.756	7.807	0.241	8.656	5.112	1.250	19.481	1.158	7.975	3.615	4.389
3.659	5.214	0.922	8.964	8.652	0.755	3.998	18.361	0.761	8.940	6.497	4.049
6.865	4.439	9.283	19.929	2.130	0.943	0.089	5.051	3.810	3.935	5.620	4.152
5.181	6.011	0.434	15.490	5.912	3.625	1.683	13.626	2.341	9.922	4.897	3.896
4.280	3.548	18.443	1.464	0.912	8.487	0.206	8.443	4.772	6.562	5.879	2.206
5.034	6.092	17.936	2.313	8.030	4.169	1.648	18.261	4.232	2.115	4.077	3.677
4.133	4.564	6.091	18.686	5.620	2.223	2.643	19.486	0.038	2.002	5.077	0.212
5.607	5.698	10.510	7.419	8.018	0.214	1.991	19.267	1.756	7.141	6.462	2.345
5.553	4.276	1.929	19.524	8.469	6.042	1.827	2.206	0.235	7.097	4.863	0.044
3.592	6.184	1.448	3.785	0.807	4.548	4.068	4.009	3.326	1.963	5.071	3.920
6.367	4.329	6.727	10.190	3.140	9.329	4.083	14.205	3.850	3.367	4.948	4.219
6.856	5.097	14.173	17.459	4.781	3.396	1.597	6.186	0.893	9.462	3.939	1.139
3.881	4.455	16.224	19.584	2.380	9.637	2.984	16.014	0.979	9.960	5.719	3.196
5.212	2.968	13.862	11.265	3.126	5.313	1.080	13.384	2.238	6.275	5.288	4.811
5.845	3.632	11.258	5.013	0.858	7.229	3.271	2.605	0.540	1.442	5.175	2.638
4.467	5.615	16.498	17.909	2.777	8.947	0.930	6.950	3.698	0.718	2.812	0.739
6.259	5.573	14.053	13.125	9.664	7.258	2.217	10.891	2.156	8.053	5.441	0.607
4.032	5.767	3.995	14.546	4.919	9.824	2.286	9.249	2.394	1.269	4.538	0.876
4.460	3.848	3.151	6.766	4.850	4.046	0.906	19.437	1.527	1.470	4.335	0.906
5.987	4.168	6.910	1.778	8.531	7.930	2.179	11.444	2.615	6.423	4.874	1.550
5.519	3.618	18.959	5.338	0.732	8.006	1.998	5.083	1.477	0.359	5.347	2.574
6.904	4.431	3.512	12.358	5.683	3.583	2.448	3.712	3.646	3.241	5.445	2.383
4.426	7.008	0.408	1.564	6.552	9.376	3.714	15.175	1.248	4.041	6.630	3.319
5.038	4.761	13.671	5.999	6.524	0.517	1.473	19.863	0.225	6.646	5.679	2.716
5.905	3.519	2.155	17.160	9.286	6.044	0.314	17.725	1.106	6.441	4.750	2.202
4.597	2.209	6.713	10.992	8.824	3.481	4.981	8.404	0.996	3.649	4.610	4.644
5.054	4.846	12.532	4.167	3.830	1.671	2.286	5.804	2.970	8.233	7.600	4.175
5.194	3.925	14.625	0.606	9.663	1.911	3.178	12.452	0.037	5.348	5.509	0.830
5.484	6.906	4.432	13.189	1.998	9.723	3.356	9.279	1.297	2.941	5.827	2.872
5.664	6.124	11.433	0.594	0.526	5.798	2.951	13.584	4.408	5.534	5.870	0.784
4.856	2.507	10.483	7.866	4.087	3.408	4.061	8.380	3.162	2.351	5.325	0.188
3.294	6.774	6.382	19.043	6.599	3.365	4.399	4.357	4.995	1.829	5.785	4.796
5.995	3.480	19.916	7.798	2.876	5.473	1.901	17.407	1.204	9.108	5.040	3.983
4.386	5.867	0.897	12.345	0.443	9.539	4.797	6.271	1.223	2.472	4.712	1.612
5.391	6.185	6.368	15.104	2.511	1.942	3.944	14.624	3.744	4.070	3.513	4.860
5.959	3.854	1.218	17.096	5.908	7.192	1.412	3.226	4.838	5.144	4.552	0.054
5.074	3.937	17.019	13.666	0.803	4.246	3.432	6.892	3.168	8.655	5.760	3.688
3.607	5.052	8.713	9.220	3.173	9.504	3.792	11.097	0.618	5.037	2.954	4.202
3.951	4.663	10.825	0.772	5.083	3.746	4.655	14.084	4.769	7.057	5.170	2.053
4.475	3.520	15.748	15.010	3.813	5.952	3.455	9.379	2.546	6.141	5.224	0.907
5.239	4.416	15.171	10.450	6.715	2.857	0.744	18.629	0.881	1.637	3.760	1.406
3.507	5.915	11.292	16.677	9.964	8.859	3.196	5.152	3.662	9.434	5.500	3.035
5.485	4.604	5.741	18.132	7.121	8.533	4.447	0.360	2.513	5.423	4.565	1.329
5.995	6.126	19.823	2.030	1.258	0.074	2.529	2.856	0.348	5.795	5.383	1.684
5.368	4.293	15.220	19.103	2.579	4.224	1.397	2.090	2.886	0.138	4.904	4.350
4.497	5.843	17.624	13.347	9.663	3.569	1.586	19.695	1.154	9.168	4.589	3.747
4.279	3.842	2.493	19.997	7.878	9.573	1.597	13.379	1.488	8.543	5.669	2.660
4.784	4.622	1.290	8.941	5.057	8.779	1.136	18.546	4.232	0.661	4.399	1.135
4.814	6.665	12.633	17.532	2.338	4.458	1.368	16.997	3.206	1.801	4.234	0.675
5.135	3.949	5.248	2.695	8.007	2.977	2.214	1.455	1.382	2.132	5.840	2.351
4.128	4.026	5.482	14.007	0.427	2.937	2.989	18.423	0.208	0.721	3.594	4.208
5.551	4.868	16.056	10.702	4.493	6.237	4.820	13.306	1.956	4.823	5.429	0.604
5.212	6.963	7.450	12.164	3.434	3.742	0.687	18.056	3.047	8.180	4.485	2.521
3.698	6.054	2.213	13.887	1.842	4.316	1.548	14.584	1.376	1.813	4.441	0.315
4.459	5.215	8.022	4.673	2.539	2.694	3.139	18.966	3.702	9.095	5.795	3.654
5.023	6.761	15.477	9.166	0.383	1.726	2.954	19.733	2.344	2.045	4.962	1.354
6.842	6.366	10.843	17.626	9.026	4.876	1.333	18.834	4.080	0.554	5.123	1.011
5.945	5.893	14.142	15.474	9.444	2.653	0.329	6.701	4.013	1.522	6.627	4.205
5.794	5.886	18.118	12.754	6.905	1.035	4.927	0.195	0.992	0.420	6.458	4.095
5.905	3.439	15.514	12.660	9.425	0.203	2.793	11.576	4.962	6.752	5.289	3.785
5.053	4.180	18.666	17.052	7.244	6.103	1.385	17.496	4.928	1.774	5.425	4.388
5.969	5.330	18.151	3.525	2.439	8.520	0.761	8.548	3.511	4.033	4.736	1.892
4.393	4.304	8.862	4.748	8.054	9.113	0.067	13.954	3.320	5.048	2.311	4.422
5.273	4.487	16.394	5.695	1.744	9.116	2.127	5.014	3.623	7.345	4.978	4.309
4.486	4.686	19.177	18.886	1.956	7.411	3.102	14.312	0.086	1.602	5.217	4.688
5.199	6.706	1.426	12.671	6.279	2.753	1.291	6.813	0.700	8.706	5.125	1.255
4.479	5.103	12.699	2.647	7.675	9.847	3.373	18.077	0.402	1.763	3.793	0.532
3.564	4.539	3.061	5.217	9.685	1.273	3.799	19.634	0.988	5.674	4.466	0.616
4.712	4.977	3.875	1.208	7.399	3.070	0.462	14.561	1.999	3.610	6.157	1.295
5.575	3.502	9.198	14.986	2.077	3.933	1.797	10.424	0.817	3.247	4.427	2.587
5.219	6.310	16.547	11.445	6.686	5.605	0.371	13.891	1.974	7.729	4.820	3.755
7.118	7.264	3.210	13.775	1.026	6.368	3.697	18.440	2.106	5.878	5.110	1.579
5.057	5.183	10.638	10.163	4.050	1.381	4.025	6.835	0.253	0.947	5.493	4.695
5.167	7.946	4.073	6.541	5.437	3.576	4.985	9.866	1.859	0.570	4.600	4.484
4.804	4.225	4.053	3.225	6.187	5.921	3.831	19.408	3.944	9.933	3.811	0.515
4.207	2.984	14.570	7.994	3.864	5.007	0.754	8.240	3.238	1.679	6.158	4.211
4.169	4.985	4.140	6.177	5.701	1.839	0.410	17.730	3.969	1.052	3.809	1.553
4.258	4.996	17.721	3.569	7.566	2.659	2.768	13.650	2.003	3.523	6.355	1.486
4.740	4.696	6.053	1.866	5.604	9.675	0.605	14.811	4.309	0.249	4.616	3.135
5.174	5.027	15.181	3.770	5.963	2.931	0.060	2.813	2.626	8.392	4.976	3.847
6.440	3.637	1.420	19.859	8.630	3.281	3.244	17.120	1.404	6.655	4.077	2.089
3.602	4.205	16.805	6.073	7.137	5.275	1.819	11.045	2.895	1.929	5.702	3.479
4.092	4.689	18.323	7.901	1.130	3.757	4.877	5.359	0.211	9.695	4.219	1.869
5.761	4.905	12.056	6.847	8.882	8.154	4.646	9.391	3.640	0.267	3.976	0.352
6.626	5.628	12.209	3.955	3.858	8.763	4.745	2.100	1.606	7.006	4.972	1.328
5.486	4.332	16.193	14.042	2.220	4.685	2.684	5.990	0.936	5.549	3.461	4.806
4.085	3.634	10.556	13.377	4.451	3.222	2.303	17.048	3.100	3.981	4.380	4.413
5.881	5.242	19.072	19.628	7.298	2.868	1.054	13.160	1.753	2.091	5.384	3.583
5.374	4.741	18.062	19.321	9.183	8.063	3.446	16.671	0.354	5.750	4.010	4.709
3.434	4.638	12.609	19.551	5.599	8.063	2.295	10.253	0.215	2.396	3.445	2.594
5.198	5.860	6.680	19.555	6.806	0.534	1.147	6.807	2.862	6.245	3.907	2.167
4.990	6.819	8.161	12.169	8.986	9.217	4.115	0.724	1.765	4.143	6.878	3.574
5.262	4.703	13.179	0.027	0.111	6.979	3.823	11.828	3.607	8.289	3.752	3.944
3.970	5.562	10.859	6.395	0.940	0.305	0.116	6.681	1.046	4.702	4.100	2.928
4.822	3.872	6.005	0.806	4.827	0.832	0.865	19.115	4.443	3.102	5.682	3.181
4.321	4.832	12.820	0.925	9.030	0.477	1.731	6.032	3.792	4.375	6.431	4.388
4.689	6.037	16.954	5.700	6.386	9.769	0.436	3.697	3.901	6.440	6.869	3.967
5.684	3.020	2.772	8.901	0.098	8.107	0.161	12.781	2.110	4.416	5.613	0.928
3.019	5.504	1.164	6.202	5.196	0.914	0.742	8.229	3.864	2.960	5.105	4.578
5.999	3.979	17.915	12.402	4.903	3.369	0.211	15.141	2.873	7.257	6.461	1.531
4.964	4.610	5.095	3.203	3.862	5.976	4.803	2.443	2.097	5.277	5.084	2.025
4.738	5.549	1.192	13.784	2.405	6.065	0.758	5.346	0.655	1.228	5.416	4.364
4.969	3.948	4.643	2.815	9.718	7.616	1.769	16.208	3.705	8.527	5.077	0.705
3.340	3.481	12.797	17.420	2.829	8.452	4.356	6.848	3.298	3.351	6.355	0.144
4.695	5.295	11.543	5.395	7.011	2.684	3.700	2.917	1.763	0.782	5.679	3.932
6.312	5.368	13.309	2.341	1.774	7.568	4.375	1.255	0.716	0.846	4.759	2.712
3.176	5.659	3.751	16.495	2.320	9.997	4.513	10.699	3.479	1.485	5.840	4.044
6.024	5.139	18.151	15.208	4.448	1.985	2.877	7.432	3.423	8.227	4.782	1.512
5.736	3.931	11.993	7.844	0.963	1.269	0.211	16.076	3.091	3.414	4.512	4.121
2.933	5.554	11.791	11.063	7.514	8.753	4.455	8.409	2.918	5.307	5.697	0.957
3.985	5.071	10.375	6.401	9.243	2.469	1.625	7.979	3.649	7.385	4.682	4.214
3.714	5.186	17.431	9.516	4.114	9.003	4.859	0.465	0.585	6.848	6.835	3.675
6.265	4.800	1.922	11.762	4.025	2.101	3.331	17.079	0.888	5.140	3.326	3.606
6.263	6.096	14.396	6.311	6.916	6.737	0.660	16.298	3.761	2.269	4.574	3.990
6.218	5.303	6.461	12.780	4.094	4.279	0.433	5.425	4.779	6.429	4.618	4.267
4.401	3.506	4.847	8.132	1.693	4.876	2.037	8.353	3.313	9.563	5.306	2.939
5.072	6.621	13.344	14.325	1.904	3.906	2.396	1.565	3.073	4.482	4.842	0.747
4.695	5.891	1.821	4.621	1.732	4.759	0.887	11.107	3.489	1.982	4.972	2.454
6.062	3.959	0.181	0.835	8.414	5.685	1.858	1.813	0.847	4.448	5.949	1.770
5.260	4.898	4.060	8.979	9.280	2.447	3.290	16.572	1.913	1.722	4.930	1.337
3.564	5.101	1.947	5.636	5.002	0.026	0.613	12.630	4.370	4.291	6.221	1.106
2.572	4.478	13.265	12.939	4.838	6.486	4.420	12.343	4.274	8.799	5.779	1.866
4.035	4.232	18.837	7.827	6.518	0.579	2.042	8.232	4.449	6.277	4.599	4.324
4.837	5.017	18.106	9.612	8.682	1.565	1.373	5.876	4.157	9.418	4.205	3.563
4.721	5.883	2.073	11.839	3.297	3.108	2.286	3.569	0.979	7.291	5.968	3.715
5.297	5.458	0.695	4.482	8.663	0.506	2.815	1.720	0.454	7.333	4.905	3.116
4.480	5.013	4.744	7.664	9.696	9.467	2.436	3.250	1.110	1.031	7.839	2.514
4.266	4.827	19.387	2.494	8.902	0.802	1.568	3.526	3.335	2.911	4.919	3.889
3.680	5.714	13.622	3.131	8.629	9.082	4.027	9.387	1.507	9.827	4.245	4.683
6.380	3.696	19.040	12.488	6.859	8.661	0.545	16.248	4.064	6.267	5.363	0.948
4.568	3.637	8.269	11.231	3.021	1.296	4.003	3.580	0.480	8.007	3.947	3.436
4.476	3.184	15.766	5.303	9.137	0.089	3.506	15.691	2.476	9.504	5.136	4.453
4.327	5.401	17.564	4.816	4.998	3.340	0.187	6.307	4.979	4.642	6.732	0.149
5.918	4.830	3.985	17.071	5.921	5.104	3.056	0.402	1.903	1.392	4.084	0.343
5.499	5.616	17.302	17.591	8.670	2.221	0.632	9.370	1.681	8.668	5.272	3.527
3.914	3.585	3.837	2.121	1.919	7.891	2.827	19.220	0.730	8.690	6.181	1.369
3.764	4.778	18.399	19.384	5.623	2.616	3.553	11.423	0.443	0.018	4.432	0.855
4.710	4.570	16.416	6.822	0.864	9.864	3.308	18.110	4.495	2.277	5.254	0.976
4.821	3.618	9.760	6.041	4.527	1.855	3.206	1.408	1.180	8.350	5.220	4.675
3.932	6.792	3.215	6.067	5.214	4.952	0.356	1.832	3.255	2.983	5.365	3.439
5.643	4.886	16.500	17.889	4.551	2.770	4.134	13.116	2.287	8.770	4.857	0.010
4.799	4.442	10.446	1.651	4.161	9.874	3.908	0.826	1.756	2.565	4.580	0.797
5.780	5.324	19.127	11.614	8.425	1.292	0.966	17.722	0.716	4.858	4.414	3.220
5.903	6.732	3.301	16.696	4.148	1.957	3.163	14.070	1.392	4.203	4.466	0.842
7.128	6.259	9.515	14.648	1.461	6.944	0.225	4.413	2.370	0.383	4.343	2.366
5.297	4.706	1.374	19.016	9.573	4.701	4.234	7.452	0.577	3.233	5.716	4.332
4.407	6.819	2.429	9.144	3.053	3.764	3.083	3.383	3.419	9.027	7.636	2.293
3.606	6.598	19.963	7.377	0.222	3.491	2.112	6.219	1.855	6.739	6.582	1.718
4.384	5.220	5.052	9.254	8.659	4.526	0.603	5.315	1.754	8.473	6.488	4.977
6.393	4.551	11.953	17.592	8.597	9.445	2.328	18.583	2.791	1.080	4.898	4.626
3.544	5.021	14.741	12.570	0.658	1.804	1.887	5.270	0.840	0.686	3.462	4.670
5.368	4.333	11.251	4.224	5.657	3.170	1.579	8.374	1.400	2.193	6.311	1.183
5.241	5.889	1.836	11.369	8.765	0.919	2.422	9.544	3.758	9.770	3.577	4.593
3.686	4.080	12.191	0.883	0.692	0.276	2.334	7.933	2.412	3.144	5.126	2.951
4.664	5.314	7.132	18.961	4.013	3.370	1.986	3.925	4.928	3.586	3.143	4.682
4.489	4.804	0.178	11.583	6.232	1.917	0.371	8.328	4.020	7.985	4.310	0.486
3.979	3.791	18.047	13.179	4.276	2.217	2.674	12.199	3.100	4.671	4.312	1.476
4.304	4.364	2.173	0.227	7.991	6.173	3.001	5.646	0.191	2.183	5.822	4.275
2.533	4.409	0.623	5.388	1.593	3.614	3.490	8.597	0.362	7.274	3.934	0.855
4.672	3.458	16.539	12.828	9.580	5.247	1.288	16.567	0.208	9.427	6.418	0.406
3.656	4.752	12.229	9.237	5.026	2.800	0.416	13.008	0.176	0.399	4.214	2.143
5.830	6.377	18.614	16.213	9.850	2.746	1.485	11.537	1.764	7.863	4.082	3.082
5.018	5.167	19.891	19.031	9.637	7.728	1.471	15.165	2.702	1.890	4.802	3.454
6.700	1.690	9.422	8.460	8.971	7.274	0.879	4.782	2.801	3.921	4.184	2.985
4.384	4.943	5.875	4.136	9.546	5.054	0.195	0.290	3.213	9.398	7.017	3.756
4.420	6.382	6.491	2.868	4.677	5.283	3.104	12.037	4.756	1.709	3.345	1.665
5.744	4.408	8.650	7.726	4.633	7.720	3.083	4.701	3.519	9.529	2.249	2.230
4.477	4.057	5.011	1.087	0.793	9.234	1.122	15.882	2.900	3.759	3.100	3.746
5.749	4.912	16.678	6.595	9.849	4.773	0.397	18.777	2.952	6.722	3.612	3.439
4.143	7.001	16.450	2.814	6.651	2.570	0.638	11.011	0.869	0.977	4.857	0.755
4.903	4.703	6.562	11.350	2.850	3.384	3.877	6.089	3.981	2.854	4.328	4.271
4.521	5.827	0.622	8.951	4.195	7.477	4.050	15.995	1.957	7.941	5.209	2.965
5.960	4.429	2.218	19.447	1.422	3.592	3.912	0.852	3.783	0.672	4.487	3.772
3.135	4.927	5.282	12.370	0.151	4.999	4.554	16.686	3.782	3.955	4.552	4.361
6.355	4.611	19.768	18.676	6.550	6.384	2.974	4.387	1.743	4.494	6.060	1.839
4.011	4.122	6.060	11.814	5.309	9.902	3.486	7.459	3.407	2.072	2.455	0.378
5.309	5.873	10.587	12.038	2.881	1.999	0.867	2.786	2.779	9.559	4.068	2.976
3.954	5.798	12.990	16.111	2.422	7.205	2.806	10.202	0.930	7.115	6.566	0.446
6.043	6.159	2.294	1.379	6.956	0.067	4.187	7.916	2.259	2.123	4.399	4.889
5.661	4.198	9.348	14.989	7.259	3.203	2.380	12.889	0.216	3.881	4.341	2.546
5.638	3.026	18.902	2.343	1.096	6.704	3.867	6.634	4.860	0.878	4.621	3.638
5.094	4.284	14.958	9.864	7.717	3.925	3.924	5.749	1.814	0.992	5.762	0.294
5.802	5.333	15.310	12.072	2.754	1.981	0.781	6.543	2.945	0.522	3.814	3.826
5.105	4.262	14.217	8.534	0.199	3.580	1.335	9.373	2.751	7.715	5.507	2.427
2.763	5.329	1.429	15.005	6.944	4.874	4.257	9.075	0.843	7.400	7.397	4.084
5.233	4.110	11.639	0.053	8.879	7.291	1.987	15.383	2.766	7.582	4.532	1.454
4.676	4.909	15.805	0.229	2.343	6.981	0.249	12.687	2.324	1.726	3.412	0.367
4.759	4.913	7.635	17.873	9.861	2.088	2.786	2.628	3.513	3.563	7.148	4.775
4.310	5.291	19.776	14.511	5.525	1.617	4.202	0.655	1.714	3.296	4.462	1.176
4.149	4.539	7.421	12.640	0.657	9.400	2.912	0.456	3.226	3.034	5.573	4.134
6.118	4.682	0.151	14.310	8.299	2.180	0.138	8.555	2.244	4.008	6.788	2.115
4.479	3.489	8.192	1.043	3.612	3.768	1.969	18.283	0.158	9.814	5.528	0.637
3.599	5.625	2.749	4.741	2.340	8.744	3.908	12.721	2.317	2.487	4.573	4.976
4.092	4.603	0.008	9.894	0.375	5.746	3.225	13.813	1.050	2.498	4.162	4.906
4.361	5.087	9.449	7.015	3.980	3.099	3.358	11.297	2.320	5.578	5.858	4.222
5.222	5.674	14.586	18.599	3.138	6.007	0.471	9.991	0.606	5.739	5.126	1.267
7.124	4.381	4.507	11.963	3.925	7.516	1.521	11.083	4.345	0.149	5.286	1.814
4.635	5.359	5.686	11.820	2.066	8.823	1.542	2.689	2.384	0.001	4.853	0.071
5.183	7.227	17.563	17.691	4.014	1.123	4.793	12.374	1.353	5.661	5.446	2.508
3.388	3.539	8.668	19.883	8.150	7.745	1.693	9.840	1.791	6.252	5.622	0.394
5.194	3.781	16.784	15.257	5.834	7.552	2.166	6.757	1.733	3.568	5.868	1.290
6.056	3.113	19.190	1.272	9.889	2.288	4.590	6.628	4.273	6.404	5.886	0.020
5.116	6.744	6.039	14.247	3.772	8.502	3.976	18.627	0.517	0.102	4.574	1.032
6.866	4.245	10.477	0.244	9.198	8.796	0.781	15.256	2.018	8.124	5.821	4.967
4.092	5.116	10.915	17.415	3.659	1.771	0.254	6.077	4.251	1.311	5.683	3.038
4.331	4.458	16.522	15.100	3.920	1.818	4.871	11.457	2.400	3.300	6.418	4.825
2.183	5.495	17.778	0.196	6.059	0.514	4.962	5.109	0.988	9.803	5.204	3.892
2.374	6.279	5.131	1.722	6.441	6.687	2.259	14.916	2.148	9.745	4.716	4.378
6.530	4.575	13.880	8.487	5.461	5.668	0.860	1.688	1.675	2.127	5.407	4.460
4.885	4.670	3.280	13.425	5.588	5.303	3.192	2.746	0.696	0.849	4.776	4.285
4.664	6.631	14.784	10.878	2.012	2.179	3.354	3.637	2.345	9.263	5.452	0.661
5.021	6.258	7.048	18.043	1.613	1.258	1.460	4.036	4.933	5.062	5.507	0.748
5.863	4.445	18.848	6.576	0.724	7.166	3.413	11.387	2.957	9.394	5.876	2.078
5.447	5.010	10.614	7.250	5.208	0.549	3.640	7.045	3.803	8.589	5.584	1.306
3.991	4.458	18.412	10.729	1.376	6.260	0.735	6.734	3.073	4.569	5.298	0.881
5.260	4.100	2.772	7.848	2.029	6.441	4.992	2.823	2.900	9.686	6.385	2.039
4.070	5.095	15.161	14.810	3.739	7.953	2.142	12.734	3.159	9.799	3.853	3.538
4.888	5.602	11.196	1.012	2.872	6.188	0.390	11.376	4.415	4.978	6.844	3.206
6.500	6.010	6.483	7.331	0.541	4.039	3.675	16.026	0.060	3.194	3.920	3.097
4.153	3.487	11.708	13.484	5.645	5.403	4.390	18.231	4.632	5.151	5.401	1.269
6.340	5.756	9.125	2.720	3.362	7.607	0.085	12.005	4.474	1.500	4.855	4.903
5.529	6.735	18.355	18.281	7.656	9.982	3.797	8.035	3.499	6.871	5.734	2.006
4.603	6.031	3.295	13.234	1.814	1.393	2.499	3.947	0.734	4.223	6.842	2.405
4.454	4.856	1.419	16.804	7.300	6.251	1.665	13.256	2.879	4.488	5.280	2.945
4.633	6.858	7.415	7.934	9.927	4.354	2.356	9.724	0.470	8.484	4.388	2.224
6.108	4.051	14.482	7.102	1.882	1.737	0.192	16.764	4.245	9.836	6.704	2.550
5.833	5.446	9.494	14.847	3.242	5.632	4.956	2.496	0.974	2.046	5.186	3.363
5.146	5.932	9.985	5.891	1.514	1.533	1.039	5.428	2.325	9.538	4.971	4.718
5.133	5.602	16.178	13.332	4.479	1.610	1.415	0.606	3.838	3.861	5.651	2.293
5.335	4.140	8.732	7.271	5.655	1.531	0.178	13.576	1.004	1.036	3.185	1.976
4.969	5.619	5.227	1.021	7.523	5.069	4.000	6.647	0.524	8.194	3.765	4.507
4.591	4.747	2.259	0.301	6.515	4.898	0.360	12.263	0.221	1.569	3.519	3.634
4.076	4.012	1.621	11.445	2.884	4.349	0.273	10.932	3.843	1.862	6.390	4.222
8.070	3.791	12.934	5.723	9.817	2.320	0.261	7.120	4.885	3.472	5.782	4.414
3.535	6.263	18.312	17.348	6.514	9.859	4.559	19.899	2.010	4.534	4.734	3.071
5.311	6.516	17.001	3.516	7.522	6.719	1.687	3.759	4.088	8.222	5.147	4.512
4.845	5.991	10.631	2.730	5.767	4.913	3.816	6.789	1.137	9.158	5.704	1.161
5.044	4.359	0.187	4.027	5.982	5.444	2.723	14.698	0.456	2.229	5.635	4.933
5.308	3.723	19.527	9.608	8.123	3.866	1.861	17.086	1.631	9.503	6.068	3.219
5.818	6.404	16.841	16.564	8.733	7.755	2.747	13.616	4.273	5.435	3.007	4.104
6.304	4.885	6.122	15.529	4.456	4.938	3.583	5.544	4.522	3.530	7.048	3.654
5.822	5.864	7.855	13.721	3.157	3.446	0.111	16.154	3.469	6.586	4.042	2.178
4.065	6.658	17.882	3.873	8.471	7.616	2.108	10.458	4.265	1.851	6.281	2.879
5.133	3.667	8.108	14.451	1.897	5.141	4.864	9.476	4.306	1.170	4.578	3.571
5.043	3.564	18.195	4.838	5.822	7.768	0.029	12.445	0.820	2.970	5.766	4.259
6.452	4.917	17.208	11.231	8.104	3.379	2.199	1.299	3.179	3.834	5.027	0.510
3.909	3.127	9.318	16.695	4.522	8.420	3.326	9.533	1.916	1.873	6.822	4.931
5.152	4.572	11.890	2.226	8.772	6.137	0.790	1.545	1.376	4.523	7.426	3.013
7.674	3.904	1.816	4.329	5.934	2.756	1.127	5.251	4.210	4.531	4.653	1.671
5.650	5.962	12.142	3.328	1.225	3.987	1.009	9.298	2.726	5.623	5.896	3.415
5.016	4.795	5.252	0.233	0.467	8.929	4.042	17.051	3.838	2.653	4.382	3.963
4.767	3.887	13.539	10.732	9.155	8.064	4.661	3.289	4.300	0.484	5.624	0.331
6.239	4.723	14.520	11.955	7.476	5.838	1.404	9.233	4.168	6.463	3.589	4.641
5.149	4.503	19.290	3.476	6.521	4.010	2.121	9.282	4.517	1.818	4.244	2.894
4.459	5.341	2.742	3.846	5.023	8.617	2.885	2.398	2.124	7.767	6.571	0.536
6.783	4.716	6.515	6.543	8.149	8.695	3.533	5.673	0.918	2.291	4.770	3.193
4.431	4.003	2.432	14.798	1.974	5.564	1.880	3.225	3.796	5.770	5.483	4.030
5.871	4.844	19.099	1.526	4.706	6.268	2.526	4.097	0.982	7.425	3.166	1.979
5.419	3.197	8.843	3.578	2.278	3.083	3.699	11.613	0.413	1.667	4.094	4.932
3.553	5.442	2.332	8.927	2.521	6.134	0.382	17.742	3.321	9.536	3.750	3.927
4.088	3.238	16.537	18.573	1.505	8.782	4.489	14.507	1.783	7.190	3.962	3.948
4.586	4.235	4.345	17.173	2.785	3.598	1.985	18.116	3.513	4.096	5.456	1.427
4.681	5.008	8.071	10.774	0.638	8.310	2.348	5.448	0.771	6.001	4.103	3.467
4.433	3.762	14.520	7.820	1.086	8.417	2.830	0.382	0.800	0.347	5.755	0.272
2.880	6.238	14.884	0.640	1.433	7.874	0.540	12.868	4.112	0.945	5.913	3.475
6.293	4.726	0.870	17.873	2.829	7.201	2.711	3.549	1.353	7.689	4.186	1.439
4.175	4.088	2.302	16.763	2.345	3.887	1.508	1.768	2.444	7.141	3.767	0.637
5.430	5.612	13.238	6.842	8.330	1.736	2.685	0.661	4.234	4.797	4.583	4.513
4.548	4.002	18.969	10.853	9.580	2.798	0.742	6.316	0.279	1.649	4.658	0.987
5.858	4.824	12.812	5.406	6.759	2.234	1.291	11.016	4.095	9.574	4.682	0.553
4.038	6.270	4.088	8.107	9.741	5.857	0.547	10.448	2.730	9.471	5.022	3.314
6.890	4.810	6.640	0.272	5.329	1.897	0.685	3.434	3.150	9.765	5.707	2.921
6.507	5.217	9.226	14.374	4.290	3.332	4.186	6.757	3.740	0.781	6.047	4.970
5.031	5.908	7.948	0.270	0.791	1.082	0.058	13.818	0.946	2.879	6.710	1.285
2.598	4.604	10.367	19.190	9.168	9.538	0.897	14.748	2.031	4.491	6.954	4.688
5.302	5.504	15.455	5.318	2.968	3.976	2.695	8.493	1.598	7.753	5.421	1.209
4.326	5.354	6.665	17.238	7.525	1.606	3.454	4.613	2.572	5.084	5.182	3.555
4.870	5.344	10.731	13.123	7.406	8.384	0.766	13.159	1.504	1.772	5.347	0.288
2.828	3.524	16.797	13.746	6.974	8.198	3.905	16.833	4.800	8.328	5.244	3.859
4.641	5.648	19.070	3.209	5.562	7.501	0.745	14.514	0.400	6.771	4.315	3.824
6.069	6.210	12.421	7.265	8.328	6.015	2.429	4.877	1.817	1.603	4.669	3.125
4.700	4.817	4.849	16.756	5.151	4.343	3.818	16.619	2.285	9.497	5.731	1.703
3.589	6.056	1.023	17.860	0.661	8.863	4.547	15.199	3.823	3.911	5.137	4.890
6.489	5.230	4.241	5.138	8.598	5.369	0.201	2.003	1.833	6.015	6.096	3.266
3.575	7.067	1.510	6.108	5.511	3.581	2.496	19.551	1.330	6.962	4.925	1.277
5.783	5.834	4.613	0.673	5.431	9.796	0.536	9.349	2.307	3.300	6.333	1.879
6.066	5.009	18.324	14.919	2.087	3.981	2.108	11.976	4.202	2.757	4.074	3.472
6.632	5.595	17.486	13.715	8.782	8.036	0.763	0.674	2.475	3.179	6.955	1.372
3.165	2.654	1.679	11.555	4.169	1.781	3.983	5.753	0.572	8.324	3.836	3.925
6.984	6.739	19.889	5.083	8.694	9.697	2.562	11.355	1.699	3.835	3.791	2.646
5.464	3.299	0.598	16.161	0.921	2.754	1.958	16.658	3.191	5.253	4.911	3.564
5.834	5.800	6.270	6.025	1.179	0.132	4.620	2.101	1.715	8.046	4.500	4.959
5.400	5.237	1.595	5.283	0.692	3.596	1.596	12.242	4.324	1.175	4.758	2.775
3.952	5.506	4.266	15.384	6.400	2.289	2.274	12.412	0.796	9.820	4.051	3.778
5.425	3.360	14.105	4.579	6.925	5.037	2.492	15.083	0.900	5.382	5.668	0.409
3.696	6.324	2.698	0.606	2.785	8.135	2.283	3.577	4.732	4.351	4.202	0.402
3.845	3.925	1.256	3.118	2.570	1.732	4.816	0.677	4.312	6.623	4.308	1.552
6.722	6.027	16.244	3.365	9.519	7.439	4.368	12.429	4.306	4.135	6.983	3.129
4.946	5.094	12.760	10.981	5.293	5.925	0.895	3.163	4.001	9.308	4.517	2.593
6.977	4.638	15.065	17.615	7.586	8.203	1.373	5.411	0.059	9.197	5.202	3.654
3.670	2.779	5.085	10.436	2.289	7.652	1.562	2.998	2.398	6.063	3.587	3.921
4.755	4.152	18.735	18.048	3.407	2.793	0.103	7.109	2.015	9.524	3.537	4.558
6.423	5.322	8.968	10.220	6.657	9.389	0.317	13.576	4.671	1.430	5.330	2.353
4.576	3.765	6.553	13.889	4.436	4.766	3.027	16.686	3.615	5.897	6.794	3.341
4.590	6.702	15.039	13.578	6.893	7.004	0.331	3.493	3.950	6.246	5.672	1.813
4.814	3.774	17.764	17.797	8.345	3.819	1.412	17.890	2.202	3.742	4.432	4.326
5.462	6.476	8.655	8.305	7.183	2.667	0.199	16.339	1.433	1.127	5.376	2.473
4.446	4.815	2.033	17.737	4.500	5.807	1.132	19.770	3.752	9.706	4.455	4.414
5.518	3.579	10.966	8.241	3.206	8.952	1.776	4.592	1.295	2.993	4.648	4.335
2.931	6.185	1.148	7.195	3.758	4.967	3.388	9.118	0.457	1.202	3.699	4.041
5.533	5.006	10.263	5.981	4.477	2.338	0.019	0.471	3.648	4.282	5.265	2.072
4.854	5.167	12.403	0.070	3.740	3.800	4.572	13.884	1.804	3.402	6.336	3.605
5.608	5.401	11.572	5.931	1.292	6.280	1.863	10.658	0.217	2.039	6.894	0.489
5.354	2.901	19.898	8.804	5.985	3.182	3.692	2.204	1.740	8.468	5.393	2.804
3.638	5.539	4.515	14.346	6.118	8.597	2.508	14.406	2.973	4.023	5.801	0.947
3.343	6.013	10.424	2.117	9.777	9.474	2.787	18.639	2.531	5.940	4.219	3.383
5.635	6.623	7.702	3.306	9.717	8.220	1.513	2.853	1.355	4.432	5.593	4.726
5.066	5.244	17.275	0.872	5.840	1.201	2.562	15.627	2.821	3.795	4.519	1.596
5.383	5.654	7.001	10.959	5.071	6.823	2.674	17.113	0.774	0.768	3.403	1.987
6.112	6.546	1.893	18.063	9.732	1.237	1.304	14.449	0.563	3.939	4.786	0.999
4.463	4.118	8.631	10.360	2.891	7.022	2.374	9.439	4.249	4.241	4.368	0.845
5.433	5.098	9.387	10.712	1.237	1.789	1.551	0.133	2.702	7.617	6.404	0.403
