17.877	7.051	4.886	5.443	-1.420	1.223	12.694	3.605	1.773	0.990
8.196	7.479	3.575	18.858	2.131	2.432	13.993	1.994	2.219	-0.831
6.651	7.444	2.317	8.943	-0.017	4.625	16.322	0.090	3.130	-0.577
12.228	8.772	0.380	14.067	-0.263	3.777	10.168	2.397	3.435	0.520
10.943	3.396	2.780	3.645	1.331	1.648	6.027	3.976	4.924	0.388
19.943	7.180	1.983	18.091	-0.381	1.305	17.710	5.204	0.326	0.509
14.980	7.942	1.164	6.163	-1.430	1.656	7.396	3.738	4.991	-0.267
7.682	6.363	4.791	7.974	-0.543	0.145	12.717	3.363	2.660	-0.485
9.922	5.538	2.449	12.602	-0.815	1.075	18.366	8.268	2.772	-0.174
3.520	4.623	0.416	0.633	0.308	2.421	16.869	1.101	4.375	-0.570
4.036	6.338	3.707	7.874	-0.421	4.103	6.154	8.123	3.095	-1.230
3.854	3.486	4.419	11.854	0.397	3.899	12.493	8.464	0.844	1.578
4.265	2.730	3.833	14.093	1.114	1.447	12.523	8.290	2.396	-0.332
15.868	4.359	4.827	19.329	0.902	2.854	12.858	6.590	4.888	0.342
3.822	6.830	2.643	12.771	-1.194	4.436	8.911	3.183	1.345	0.377
6.732	4.822	0.184	4.996	0.273	0.902	12.714	3.159	3.112	0.748
8.050	4.602	1.460	12.170	-0.237	4.090	10.225	0.263	0.990	0.757
9.501	0.191	1.394	5.200	-1.153	3.154	19.475	3.809	2.816	-0.170
1.259	9.491	1.606	8.483	-0.657	2.393	0.950	6.878	0.906	1.079
12.958	4.266	4.127	3.054	-0.685	0.817	12.582	8.060	4.104	-0.206
7.305	7.392	1.418	11.829	-0.378	0.131	9.474	9.082	3.951	0.820
15.454	5.696	4.516	9.899	0.798	3.039	17.086	1.896	4.885	-0.687
5.460	1.460	3.959	9.275	0.596	0.730	6.285	4.273	4.263	-0.422
14.208	4.350	2.224	4.383	-0.637	4.638	4.531	4.229	0.588	-0.066
3.888	6.435	4.096	6.204	-1.315	2.817	1.342	8.571	1.821	1.114
16.841	0.385	4.243	12.494	1.492	2.928	19.455	8.292	0.358	0.890
15.687	5.804	2.486	9.100	-2.886	4.705	9.226	2.479	2.674	1.596
4.834	7.550	4.124	2.352	0.521	2.272	4.117	0.256	1.821	-1.396
7.349	8.614	2.267	18.293	0.065	2.223	18.227	5.587	2.376	-0.393
5.276	5.880	3.322	2.294	0.684	2.794	19.495	7.494	0.706	-0.367
3.919	3.030	2.575	12.657	0.115	0.355	3.759	7.817	0.686	-0.099
1.134	7.415	2.647	5.431	1.029	0.024	2.708	3.857	4.825	-0.660
10.529	0.484	3.617	13.154	0.429	2.013	8.582	2.235	1.408	0.418
4.197	6.774	1.761	18.763	4.688	2.290	8.625	1.369	1.264	11.316
7.396	2.196	3.486	15.422	5.901	2.691	0.841	6.726	0.080	8.693
5.081	5.362	2.878	16.513	6.254	4.564	19.842	8.729	4.869	5.928
5.789	2.814	2.184	16.742	4.529	2.254	5.156	9.673	3.113	1.266
4.820	7.821	2.116	4.198	3.627	1.434	11.458	6.718	2.419	4.775
4.924	2.700	2.042	0.500	4.180	2.255	19.284	0.971	0.592	8.184
4.732	4.499	1.495	12.623	3.625	1.176	1.792	0.734	4.756	19.212
5.044	4.184	1.024	9.452	5.456	2.822	11.758	1.868	0.842	18.356
5.320	8.079	2.176	1.673	3.347	0.010	14.977	9.748	0.611	4.804
3.994	7.587	4.516	10.705	6.020	1.389	0.616	9.685	2.532	11.147
5.800	8.880	2.552	18.425	3.511	1.547	10.939	7.679	2.993	12.143
5.174	6.985	3.669	0.973	3.737	4.026	0.849	1.418	3.978	12.672
4.033	9.811	0.906	1.519	4.375	3.825	12.379	8.606	0.756	12.179
5.564	9.738	0.796	16.322	4.224	3.122	9.956	1.846	2.374	9.703
5.683	2.276	1.038	15.523	5.386	0.551	1.368	4.509	4.693	11.686
4.758	4.329	0.081	17.498	4.891	4.365	16.603	6.976	2.214	14.808
6.183	2.028	4.068	4.119	5.961	0.240	19.245	7.062	2.571	6.536
4.183	3.393	1.765	19.867	5.716	4.872	2.959	8.382	0.093	16.760
4.951	7.479	0.230	16.616	4.239	2.761	1.995	2.151	1.159	16.059
4.285	8.244	2.547	15.231	5.851	3.499	10.345	6.254	3.143	2.894
5.019	6.064	0.292	1.954	4.949	2.150	3.534	8.088	2.235	7.450
3.329	6.937	0.223	8.031	5.755	0.460	7.860	4.758	1.891	5.179
4.572	8.606	3.621	1.618	3.809	3.372	17.500	6.965	3.067	6.196
5.488	6.834	3.642	17.392	6.202	2.238	7.468	8.862	3.640	9.705
4.241	8.486	4.369	5.564	4.079	1.141	13.291	4.214	4.873	6.379
4.529	1.329	3.439	1.767	4.930	1.094	6.843	0.645	0.230	0.428
4.941	2.942	1.424	17.978	5.184	1.311	2.670	4.869	4.309	13.289
3.964	5.774	4.946	9.155	4.462	1.881	17.989	7.682	1.894	19.396
5.744	4.680	0.991	6.788	4.063	4.959	5.580	7.881	2.000	13.545
6.102	8.647	4.062	0.715	4.497	4.432	7.920	9.211	0.723	15.240
4.534	9.055	4.401	7.534	5.124	3.416	6.152	6.506	0.841	14.156
3.668	1.417	0.199	19.386	4.756	2.821	10.637	8.973	4.108	16.080
4.371	7.395	2.224	6.480	5.155	4.026	11.627	4.799	0.603	2.744
6.503	5.665	1.786	6.202	7.575	2.105	9.893	-7.233	4.789	-7.454
0.848	6.803	2.559	0.455	7.694	3.451	2.915	-7.292	1.451	-6.923
12.946	1.932	2.473	13.518	0.225	1.216	5.455	-6.365	4.337	-6.764
1.422	7.971	2.129	1.259	6.542	2.079	3.865	-5.370	2.643	-8.249
16.121	6.570	3.417	16.823	2.046	2.547	2.302	-8.020	2.647	-5.499
18.638	0.325	1.923	0.772	6.128	0.654	16.846	-7.522	1.647	-8.049
16.972	7.144	1.389	6.771	0.460	4.834	19.445	-7.469	1.261	-5.925
13.390	8.095	0.505	12.285	2.127	2.225	3.405	-4.410	1.715	-6.568
16.834	8.410	0.964	8.557	5.340	1.681	14.974	-9.458	0.534	-8.441
9.122	2.593	0.594	9.066	2.102	0.591	14.865	-8.008	1.611	-6.715
3.098	6.615	2.045	14.004	8.462	3.853	1.522	-6.015	0.861	-7.107
1.092	1.924	1.096	4.729	7.579	1.367	2.831	-8.308	3.679	-9.126
17.064	9.443	3.675	14.627	4.883	2.040	16.314	-7.419	4.297	-8.493
3.618	6.571	0.785	8.304	2.501	4.076	9.638	-5.036	4.175	-7.462
15.514	5.144	2.684	4.254	4.218	2.484	1.012	-7.135	2.890	-7.702
2.939	8.763	2.230	16.618	9.473	0.118	9.552	-5.977	4.646	-7.235
17.363	5.033	2.460	6.857	9.039	4.938	11.090	-6.603	4.724	-7.918
5.836	9.164	0.623	5.496	2.019	3.202	14.981	-7.137	1.851	-7.127
5.380	8.048	2.511	14.107	9.357	0.645	18.888	-7.074	4.864	-7.016
18.795	0.475	0.218	1.622	7.341	1.835	17.472	-6.049	0.082	-6.412
5.443	3.744	1.263	3.578	9.134	3.031	2.031	-8.947	3.646	-6.855
14.328	7.295	1.336	7.218	5.026	0.924	1.369	-7.246	0.160	-6.661
13.739	2.840	4.947	16.801	1.344	0.385	11.403	-8.118	4.446	-6.259
3.512	4.387	2.514	11.656	8.594	4.258	8.556	-5.798	0.690	-8.617
17.959	9.772	2.282	14.809	2.842	0.621	16.400	-5.537	3.314	-8.749
17.610	3.705	4.495	12.747	6.619	1.748	12.974	-7.037	3.919	-6.403
17.428	1.835	2.248	18.313	9.523	3.594	13.152	-6.909	1.594	-7.524
1.280	1.401	1.786	18.517	7.789	4.741	0.321	-6.434	1.643	-6.053
8.340	6.651	1.144	19.144	3.780	0.026	19.585	-6.960	3.834	-7.402
1.456	6.451	0.776	2.780	8.363	3.452	3.288	-6.203	2.214	-7.998
13.700	4.186	0.145	7.788	2.545	1.486	8.220	-8.086	4.054	-7.125
15.485	9.842	4.121	4.145	5.084	2.977	5.191	-6.324	0.947	-6.858
12.931	8.964	0.176	7.192	8.285	4.670	7.922	-6.577	2.482	-5.125
6.881	4.817	1.584	8.402	5.156	3.935	11.469	-6.487	0.184	-6.044
