11.477	4.002	3.760	5.772	0.703	0.442	-0.755	7.207	2.579	0.032
10.494	9.438	14.842	5.392	18.341	0.605	0.998	5.281	12.902	8.439
8.501	6.656	14.719	5.888	14.329	-2.434	-1.851	3.740	18.208	0.810
19.740	7.121	9.283	9.569	10.917	0.471	1.367	4.990	16.141	9.651
12.753	6.404	6.789	4.334	18.494	-0.184	-0.312	1.048	7.668	4.366
2.921	5.960	9.442	8.929	0.384	1.284	-0.026	3.052	13.636	3.712
6.484	4.148	2.220	9.098	2.830	1.402	-0.728	6.955	1.104	6.126
4.893	1.721	8.429	2.224	7.703	-0.139	1.617	5.045	9.511	6.430
17.710	7.331	5.036	9.003	0.363	0.984	1.045	8.349	0.905	2.366
6.564	5.396	17.784	5.339	1.743	0.145	2.577	3.075	19.177	9.227
19.781	0.659	9.749	7.510	1.853	0.472	0.746	7.037	12.382	2.896
1.904	0.873	4.078	3.389	15.715	0.571	0.710	7.802	2.110	0.735
6.942	1.699	0.564	1.936	5.995	-2.553	-1.052	6.392	10.606	2.834
9.855	9.558	13.605	9.669	1.582	-0.177	0.407	5.300	8.200	3.192
7.849	5.078	1.402	6.653	15.073	0.131	-0.679	1.112	2.487	6.111
4.917	2.892	3.567	2.956	6.896	0.993	0.947	4.646	7.474	3.703
17.156	4.749	4.677	0.605	16.084	0.470	0.493	3.735	10.888	3.019
11.088	4.073	11.247	5.171	18.217	1.551	0.224	6.852	15.195	1.953
11.672	1.546	10.758	6.173	16.018	0.626	-0.500	9.022	5.179	9.116
8.003	3.359	9.798	4.160	5.447	0.370	0.540	9.190	7.797	5.763
15.373	7.582	10.953	0.440	10.273	0.807	0.056	8.388	6.245	1.510
0.830	3.180	11.156	6.413	16.285	-0.003	-0.125	8.127	11.069	9.619
19.912	3.639	8.702	6.995	5.902	0.700	2.667	5.872	0.008	2.549
11.602	7.544	4.992	2.469	4.081	-0.547	-0.282	8.226	15.902	9.060
15.378	5.761	15.711	8.863	17.046	-2.054	1.218	4.157	10.665	7.142
16.783	7.648	17.909	0.871	5.620	1.765	0.946	4.365	1.374	7.382
16.137	9.564	1.991	2.527	6.543	0.318	0.686	3.853	18.737	0.098
16.060	6.356	11.223	0.684	7.933	-0.094	-0.125	9.323	2.773	1.768
12.101	1.762	17.119	9.705	15.736	0.943	0.335	3.050	9.694	6.476
19.027	2.024	1.821	5.374	7.032	-1.767	-0.169	6.573	13.918	2.357
8.790	8.390	2.206	2.567	5.569	-0.760	-0.231	0.297	15.969	9.572
17.618	9.192	15.884	6.607	6.659	1.626	-0.348	7.889	10.476	4.713
13.487	7.232	6.326	3.710	0.401	-0.300	0.793	2.934	16.013	2.984
10.069	0.528	5.656	3.319	17.270	-1.120	-0.036	2.061	9.947	9.749
16.504	9.249	12.635	4.827	8.134	0.770	-0.684	4.867	6.306	5.891
4.559	3.531	11.441	0.040	4.522	-0.005	-0.934	0.556	11.031	5.375
8.098	6.085	5.516	3.582	9.054	0.122	0.343	5.644	7.237	8.411
14.007	1.343	17.024	7.493	5.085	-0.342	0.640	2.616	15.552	1.978
2.928	6.221	12.889	2.512	13.407	1.892	0.641	5.862	16.091	1.216
3.832	8.290	0.533	6.131	18.340	1.323	-0.701	7.535	6.920	5.421
9.662	6.165	8.853	6.721	2.128	0.633	0.657	7.755	9.889	9.072
13.646	3.226	13.720	4.884	16.900	-0.131	0.589	3.193	9.074	4.742
16.207	6.403	10.868	5.227	17.671	1.368	0.708	2.026	17.489	3.453
1.695	0.262	5.101	9.523	3.350	0.388	-0.272	2.007	6.849	8.203
16.523	2.774	11.481	7.224	10.516	0.716	-0.663	8.201	14.788	0.948
2.465	6.857	13.273	8.237	3.197	-0.595	-1.046	1.870	0.373	2.413
6.518	8.706	18.950	7.063	13.717	0.259	0.252	9.334	11.455	9.103
18.692	9.824	13.101	5.889	11.206	0.953	0.518	9.249	0.784	6.379
13.650	2.677	1.627	2.126	11.660	0.078	-0.790	8.249	13.232	3.651
14.376	3.713	13.174	0.376	7.581	-0.877	-1.470	0.580	19.248	2.701
8.804	8.364	15.770	9.929	0.381	0.549	0.929	7.558	3.352	1.495
5.846	4.320	1.792	4.098	1.196	-0.588	-0.990	4.183	19.608	3.597
16.974	4.192	1.062	4.299	17.743	0.836	-0.785	6.371	13.668	2.624
14.219	7.686	14.766	5.195	7.969	-0.392	0.839	7.335	5.405	7.385
13.327	3.781	19.852	4.101	12.048	0.003	-0.251	6.755	19.661	1.456
17.137	9.947	9.309	7.427	16.927	0.292	2.050	7.035	11.858	2.167
13.478	0.236	12.722	8.135	17.235	-0.677	0.949	6.883	19.019	7.409
17.216	3.040	11.449	3.839	6.466	0.550	-1.320	1.045	10.531	2.343
4.557	4.708	12.622	5.095	2.179	-0.684	0.939	9.438	2.173	5.979
9.377	9.686	15.587	9.740	14.594	1.346	0.867	8.563	11.898	9.571
0.983	5.139	5.850	7.648	12.107	-1.394	0.673	2.698	6.437	1.070
2.266	3.307	17.971	2.963	1.690	-1.000	-1.049	6.908	1.338	0.986
16.082	4.936	13.341	4.411	9.861	-1.817	-0.375	6.676	9.450	0.710
10.354	3.000	8.523	0.863	14.174	-1.194	0.096	2.472	1.618	2.852
5.500	1.496	11.770	8.805	5.226	-1.240	-0.923	9.918	11.248	8.823
14.065	0.747	3.946	9.676	1.400	-0.899	-0.235	8.436	11.930	2.489
11.753	7.379	1.955	6.556	5.740	1.050	-0.976	7.212	11.591	6.702
5.783	8.863	6.856	7.445	14.861	0.729	1.292	3.902	15.188	5.724
2.941	4.080	1.598	3.034	6.945	-0.847	0.753	0.260	6.868	8.435
16.738	7.770	14.628	8.590	8.070	-0.487	-0.306	5.667	0.022	4.397
0.595	9.654	5.157	4.745	19.840	-0.583	0.160	3.901	4.430	1.626
15.525	0.181	9.370	0.536	4.856	1.377	0.098	7.231	7.185	0.393
1.136	8.915	11.700	8.020	8.130	-0.837	-0.828	6.923	0.689	0.031
11.746	0.048	13.234	6.808	9.385	-1.029	2.029	6.889	6.758	1.746
19.551	6.295	10.339	9.637	13.361	-1.879	-0.854	0.732	16.632	4.522
19.509	6.598	12.353	4.950	15.093	-2.088	0.126	8.118	6.102	1.196
0.674	5.740	7.287	3.680	2.513	-1.254	-0.906	3.065	19.111	1.392
15.739	5.024	12.808	5.703	1.101	-0.080	-0.422	0.987	16.955	0.811
0.249	0.234	5.164	7.303	10.323	-0.884	1.205	7.265	7.432	1.174
17.772	8.456	1.475	4.141	10.427	1.059	0.018	9.543	19.331	7.993
3.424	1.402	0.363	9.505	1.270	0.800	-0.351	2.110	10.607	9.525
14.138	5.186	17.806	1.952	17.709	1.896	-2.003	8.809	18.705	8.564
13.989	5.138	16.317	4.374	16.093	-0.299	-0.358	6.114	7.168	0.940
17.518	7.002	19.648	5.921	3.507	-1.945	-1.497	3.154	9.132	0.287
18.241	1.832	2.349	7.183	16.814	-0.498	2.250	4.890	12.340	3.597
6.503	9.160	14.899	5.746	9.727	-0.364	0.245	0.504	5.477	1.248
5.405	5.684	11.571	1.641	1.896	-0.067	-1.676	3.617	14.984	4.867
5.134	4.614	6.577	1.779	16.007	0.404	1.147	8.344	14.046	3.003
16.056	4.532	3.262	0.235	19.970	0.694	-0.050	8.440	13.993	1.235
15.621	5.539	2.228	9.240	16.362	-0.148	2.320	5.681	6.299	4.989
16.754	5.640	1.797	7.429	12.186	0.974	0.242	0.412	7.963	8.399
12.909	8.425	8.733	3.677	12.155	0.048	1.040	4.812	15.037	7.101
4.438	2.555	1.505	3.831	14.945	-0.992	0.104	8.371	15.820	6.050
3.873	6.502	8.518	3.898	17.977	-0.666	-0.522	1.798	1.837	0.665
4.395	4.971	15.687	7.770	4.263	0.611	-1.502	3.189	7.124	8.174
5.741	5.311	7.584	3.077	19.730	-0.766	-0.014	1.331	3.085	8.727
3.595	4.012	14.211	8.325	14.355	0.957	-0.380	0.304	6.390	5.461
4.373	7.950	11.446	3.674	17.261	-0.732	1.686	7.611	0.142	7.106
4.628	1.113	5.397	3.457	4.670	1.366	1.376	6.004	5.581	2.297
7.681	1.985	10.498	9.390	12.899	0.978	1.283	9.197	16.874	0.893
3.820	5.684	1.141	5.154	4.183	3.916	5.736	2.839	4.601	0.927
1.665	5.090	0.936	8.651	6.804	1.013	6.793	2.664	2.549	0.617
6.188	5.268	0.869	7.605	3.332	0.490	1.598	4.787	3.484	1.144
7.004	5.120	4.423	8.531	4.780	0.327	4.807	2.340	7.074	1.584
6.314	5.186	4.851	4.932	4.900	3.222	1.206	4.568	0.642	0.650
0.967	5.766	0.030	6.827	4.595	2.304	0.375	1.481	2.118	4.149
4.537	4.344	4.206	7.733	5.692	3.229	3.210	1.391	0.821	2.770
5.724	5.432	1.573	1.944	5.362	4.710	6.613	4.362	0.245	1.475
5.218	4.300	2.845	2.906	3.905	3.864	4.515	4.392	7.967	4.842
7.599	4.762	2.522	1.262	5.182	4.189	8.331	4.548	7.710	2.863
4.348	3.636	0.793	2.021	4.914	3.818	3.944	2.274	3.753	2.507
3.784	6.250	1.121	6.696	5.668	4.517	1.341	2.334	7.492	4.578
5.394	3.756	0.947	5.971	5.009	2.449	4.596	2.186	1.857	2.058
3.448	4.277	4.456	1.429	5.738	3.231	3.790	3.587	8.113	3.879
7.444	4.521	0.468	0.152	5.761	3.088	9.470	3.924	2.577	3.628
1.859	3.991	2.901	4.929	5.395	1.352	9.171	3.646	4.346	4.823
9.903	4.667	2.984	7.931	6.098	1.654	0.380	2.633	9.770	3.659
9.929	6.543	3.696	9.981	3.947	1.494	3.418	0.633	5.687	4.606
7.297	5.105	1.053	4.588	5.000	3.322	4.623	0.717	4.267	3.954
8.634	5.440	4.035	1.943	5.144	0.046	1.047	3.647	2.034	4.284
6.310	5.834	4.281	8.571	4.727	3.091	9.110	2.954	2.118	3.877
9.285	4.447	1.846	6.677	4.101	2.476	9.499	2.092	7.409	0.176
5.803	5.843	0.011	4.388	4.344	0.929	8.598	4.901	9.022	4.905
1.142	4.322	3.973	1.303	3.521	4.471	2.554	0.504	7.457	3.216
0.840	4.308	0.300	5.370	4.020	4.232	8.661	1.432	5.308	2.419
2.648	4.268	4.986	5.375	5.102	3.558	7.263	4.659	1.263	0.763
9.611	5.900	3.510	8.276	5.256	1.468	3.313	0.930	0.952	2.616
7.058	6.428	4.170	7.649	5.517	1.493	3.759	3.287	9.679	1.487
8.524	6.887	0.535	7.528	4.277	4.600	2.255	2.166	8.629	3.753
8.915	4.786	2.948	4.255	6.878	0.151	9.387	0.220	9.449	4.706
2.148	4.065	3.532	4.222	6.492	0.548	0.187	0.719	5.571	1.139
0.669	4.736	3.195	4.959	5.561	4.790	9.271	1.223	7.707	1.756
0.485	4.793	1.878	8.339	4.953	2.187	2.516	4.579	1.718	2.220
3.150	4.761	2.596	5.651	4.451	4.673	9.244	2.701	2.492	2.373
6.497	4.227	0.326	4.333	5.563	2.931	1.686	4.916	8.805	4.377
9.481	5.974	4.465	5.059	5.394	0.818	4.372	2.939	2.448	4.088
1.955	5.667	1.562	6.052	3.521	1.168	1.973	4.632	5.255	0.390
3.215	5.492	4.638	3.171	7.313	4.031	5.280	0.974	6.954	0.302
2.524	4.400	1.636	8.204	4.509	2.212	5.847	3.690	5.651	2.649
7.216	2.881	2.791	6.131	4.368	1.896	4.523	4.220	0.552	0.705
1.285	5.177	2.780	5.699	4.669	1.446	3.259	3.050	5.344	3.168
0.129	5.130	1.144	0.687	4.593	1.756	0.561	1.177	1.647	3.866
1.156	6.141	4.816	1.913	5.103	1.863	5.090	4.763	8.924	0.270
4.684	2.695	4.857	2.654	3.828	1.144	1.683	0.779	8.325	0.236
3.189	3.745	0.945	3.455	4.964	4.032	1.261	4.601	2.527	4.550
1.582	4.947	4.752	9.529	4.952	1.914	8.359	4.229	1.040	0.210
7.339	6.202	4.781	7.809	5.106	0.970	6.731	2.618	7.519	4.739
2.956	5.104	1.172	2.735	6.006	0.508	9.374	3.434	2.875	0.356
1.108	7.050	4.482	4.628	4.042	4.247	6.208	0.580	0.576	0.344
1.303	4.631	4.674	7.273	6.640	0.066	9.124	0.920	6.468	4.587
7.404	5.273	2.783	0.718	5.688	0.670	9.703	3.489	5.786	1.072
6.231	4.758	1.499	8.621	5.501	0.479	9.386	2.737	1.092	0.190
2.187	5.667	1.535	6.166	6.050	2.817	4.593	3.300	3.204	0.314
7.843	6.356	3.347	4.870	3.070	0.162	5.260	0.858	2.634	0.395
0.679	3.724	4.564	8.584	5.269	2.267	0.026	1.929	7.399	4.463
9.903	5.675	0.445	2.425	5.213	0.144	3.603	4.552	2.594	0.010
7.754	2.370	4.909	4.852	4.231	0.142	9.721	0.176	4.929	1.288
9.078	4.873	2.210	0.144	6.012	3.558	6.214	3.164	5.281	2.682
1.568	5.036	0.017	0.191	5.370	3.923	6.324	1.771	1.263	2.229
3.112	3.489	4.864	1.479	5.657	1.589	1.273	4.766	8.237	2.324
3.139	6.114	1.053	4.571	5.346	0.329	2.556	4.461	2.743	2.828
3.083	4.813	1.802	3.544	5.990	0.979	8.837	2.763	0.649	1.021
4.182	5.761	3.874	9.831	5.502	3.420	3.065	4.638	2.396	3.611
3.165	3.931	2.304	8.795	5.242	4.877	9.289	1.505	3.938	3.350
9.114	4.810	1.952	1.814	3.175	0.126	9.703	4.636	8.548	3.453
4.118	4.807	2.187	4.157	4.060	1.923	0.984	4.730	0.515	3.812
4.526	5.014	0.008	2.421	4.358	4.433	6.534	0.955	7.843	2.729
6.168	5.428	4.007	2.992	3.365	3.773	8.544	4.153	3.234	3.279
3.552	5.002	3.695	7.561	5.196	3.200	1.157	0.530	1.013	4.134
8.134	6.630	3.789	0.381	5.359	2.606	5.347	4.797	9.124	4.060
8.647	5.768	0.908	0.596	5.382	0.390	1.349	4.483	1.525	3.895
1.961	7.078	1.777	2.939	5.784	4.535	8.694	2.903	0.109	0.908
5.715	4.765	3.721	3.346	5.747	4.699	6.956	3.087	0.627	1.561
0.714	3.750	4.449	3.096	3.209	0.965	8.226	1.667	2.314	2.829
2.424	5.337	0.494	5.206	4.523	0.933	5.354	4.565	4.075	4.485
7.429	4.168	3.883	2.906	5.560	4.230	2.482	4.891	4.213	2.289
7.261	3.167	4.291	3.517	4.920	1.994	1.090	4.395	3.921	3.458
3.862	5.773	3.819	3.384	5.043	1.788	8.870	0.251	9.771	0.594
5.555	4.788	1.880	5.693	4.080	2.233	5.332	1.902	1.347	3.447
4.456	5.274	3.729	6.664	6.736	0.697	1.441	1.508	2.763	2.192
0.007	5.714	4.883	8.770	5.381	0.640	5.737	0.773	4.966	1.167
9.269	4.663	0.723	8.672	4.710	2.606	8.405	2.155	5.043	0.991
9.905	6.283	2.149	6.026	5.162	2.765	2.860	1.882	5.555	3.909
5.450	5.020	0.743	6.323	4.371	3.984	2.907	4.577	2.740	3.541
7.723	4.408	2.733	3.161	6.350	2.319	9.172	3.882	7.784	4.718
3.647	6.594	3.726	0.252	2.958	2.491	2.330	3.905	2.350	3.850
4.078	4.982	0.578	9.652	6.330	2.148	3.329	1.337	1.858	1.991
8.461	5.658	3.152	3.774	3.661	1.935	8.097	2.844	0.916	0.274
8.297	4.432	2.007	7.719	4.312	0.704	0.610	2.656	0.650	0.555
1.335	5.758	3.780	6.680	3.736	3.997	6.722	4.556	6.927	4.710
2.603	7.062	0.361	4.452	4.575	2.602	3.560	4.028	1.564	2.185
3.933	6.360	0.143	4.401	6.090	1.735	8.691	4.469	6.641	3.045
2.331	5.098	4.033	2.114	5.320	2.768	2.982	4.785	5.342	1.087
0.350	6.732	0.682	2.277	4.691	1.312	2.454	2.971	3.015	2.838
6.360	4.846	3.934	0.228	5.100	2.208	5.618	2.031	7.311	4.448
0.788	4.275	2.246	7.269	4.130	0.529	7.290	3.033	4.054	3.949
8.479	4.231	1.113	7.271	6.157	2.290	5.592	2.382	4.291	1.444
1.064	4.437	1.008	9.433	3.797	0.891	5.813	4.348	3.235	3.930
1.931	6.705	1.365	6.423	6.354	4.026	0.156	0.505	9.594	1.087
7.550	6.607	4.877	5.698	5.133	1.706	3.409	1.177	5.362	4.211