12.025	-0.513	-0.293	12.614	2.339	3.580	-0.304	0.958	4.385	-1.496
1.121	-0.572	-0.749	19.093	-0.729	4.363	-0.902	0.271	4.822	0.208
15.236	-0.059	0.760	16.034	-0.799	6.900	0.002	-0.771	0.441	-0.145
17.384	-0.579	-0.355	16.910	0.248	5.420	-0.120	-0.877	2.730	0.346
3.375	0.595	-0.287	19.198	1.260	5.402	-0.362	-0.774	4.981	0.267
8.930	0.320	-0.192	6.038	-0.591	6.691	0.120	-0.680	0.244	-2.382
9.689	0.103	-0.455	17.924	-1.645	3.996	-1.796	-1.205	1.344	-0.741
6.601	0.960	-1.423	17.003	-0.399	5.664	-0.749	0.411	0.921	-0.569
2.369	0.334	0.118	5.704	0.446	4.135	0.098	-0.439	3.696	-0.405
3.793	1.782	-0.649	17.366	-1.133	9.075	-0.302	-0.618	4.157	0.086
13.781	-0.852	-0.768	17.921	-0.058	8.017	-1.140	-0.257	3.517	0.694
9.651	-0.676	1.559	10.468	0.426	0.950	-2.738	-1.699	3.472	-1.102
15.714	1.398	0.833	18.678	-0.382	0.550	1.949	-0.354	2.286	-2.471
13.957	-0.714	1.731	9.171	-0.552	5.817	-0.350	0.193	3.409	-1.335
10.761	0.295	-1.226	12.862	0.244	6.287	0.916	0.654	4.486	0.850
16.524	-0.067	-1.128	14.318	0.625	9.210	0.694	-0.298	3.579	-0.931
11.762	-0.212	-0.144	1.555	-0.792	5.573	1.302	-0.445	1.160	-0.150
6.778	0.108	0.043	2.412	0.420	7.986	0.887	-0.387	0.933	-1.973
15.550	0.072	-0.952	0.829	-1.649	9.143	0.037	-0.782	3.948	0.183
8.829	0.105	2.152	18.162	-0.246	5.559	-1.526	0.839	4.278	-1.722
10.250	-0.726	0.805	10.200	0.454	9.087	-0.054	-1.393	3.479	-0.956
11.174	-0.133	-1.031	9.017	1.286	0.334	1.136	-1.184	0.249	0.087
17.607	-0.926	0.828	8.380	-0.821	6.634	-0.960	-2.249	1.060	0.472
19.970	0.112	0.189	6.672	0.876	2.009	-0.629	0.337	2.985	-1.703
2.628	0.655	-0.041	15.469	-1.233	1.075	0.194	-0.905	0.165	0.362
17.385	-0.322	0.081	8.820	0.413	9.194	-0.618	0.415	3.278	1.769
13.565	0.750	0.816	11.031	0.348	5.110	0.146	0.040	3.381	0.297
11.213	1.120	-2.235	16.676	0.803	8.847	0.012	-0.517	0.360	-0.895
14.986	0.691	-2.436	16.693	-0.862	5.262	-0.626	-0.821	4.283	-0.502
1.819	0.972	1.054	5.580	0.581	4.706	-0.818	-1.010	3.628	-2.656
18.210	0.394	0.165	0.697	1.101	8.529	-0.326	1.124	3.946	-0.500
15.615	-1.277	0.944	18.357	-1.290	8.516	1.520	-0.018	3.186	-0.228
14.244	0.811	-1.496	4.285	-0.116	1.988	1.296	-0.608	0.052	0.107
8.196	-1.414	-0.591	0.714	-2.581	6.026	-0.396	0.374	1.281	-0.461
10.440	-0.127	-0.587	12.799	0.426	7.104	-1.447	1.363	4.993	-1.452
14.423	-0.953	0.191	14.613	0.329	9.303	-0.688	0.232	3.599	-1.445
2.135	0.384	-0.922	9.632	0.545	1.500	1.111	-1.020	4.123	-1.122
18.936	-0.952	-0.710	14.729	0.663	9.595	-1.008	-0.103	4.345	1.371
11.511	-0.052	-0.717	14.840	-0.422	8.404	-0.488	-0.508	4.012	-0.318
14.642	1.320	-0.475	19.255	-0.786	4.516	-0.386	1.635	4.163	-1.063
10.112	0.332	0.905	12.751	0.456	0.463	-1.346	1.357	1.680	-1.920
4.569	1.170	-0.211	11.375	-1.111	9.532	0.152	-0.017	4.261	1.186
17.531	-0.056	-1.212	1.050	-1.990	9.261	-0.806	1.609	2.416	-2.630
19.663	0.051	1.084	8.085	-0.470	5.604	-0.326	-1.298	0.073	-0.158
2.776	-0.886	0.919	14.839	-0.922	7.538	-0.079	0.111	0.583	-0.381
2.827	-2.354	0.865	7.675	0.292	9.965	-0.741	-0.312	1.785	0.407
17.783	-0.025	-0.063	17.976	1.265	2.427	-1.202	0.478	1.083	0.481
1.447	0.215	-0.438	0.766	-0.119	4.080	-0.486	0.255	0.691	0.535
4.342	0.977	-1.376	7.853	-0.300	5.040	-0.881	0.697	3.975	0.905
1.187	-1.780	0.559	16.469	0.615	6.511	-0.415	-0.387	0.907	-0.551
0.474	0.269	-0.080	7.985	1.509	5.465	-0.452	-1.237	0.906	2.236
14.560	-0.368	-1.362	8.896	0.708	7.486	0.302	0.529	1.909	-0.464
11.452	-0.538	-0.897	8.846	0.781	7.102	0.246	-1.613	4.746	-0.459
12.031	0.756	-0.086	3.431	-0.578	9.140	-0.511	0.574	0.963	0.342
3.883	0.757	0.362	2.172	-0.604	0.641	-1.372	0.548	3.354	-0.529
12.936	-0.689	1.441	9.521	-2.615	9.161	0.813	0.038	0.062	-1.480
18.011	-0.166	-0.666	10.931	-2.315	9.970	-1.016	0.846	2.915	-0.768
10.116	-1.242	-0.224	18.605	0.166	0.398	1.695	-0.497	2.565	-0.443
7.295	-0.264	0.853	4.900	-0.333	8.271	-0.683	0.772	0.744	0.088
7.209	-0.761	0.164	0.155	-1.369	6.853	-0.619	0.159	4.366	-0.403
17.348	0.774	-1.348	9.551	2.357	0.226	1.486	-1.107	0.694	2.631
0.720	0.471	1.138	0.456	1.140	7.700	-0.211	1.046	3.387	0.607
11.466	0.373	0.572	12.841	-1.354	7.313	0.234	2.077	1.465	0.865
13.731	-0.169	-0.090	5.306	-0.039	5.103	0.540	1.433	3.962	0.000
9.685	-1.277	-1.322	15.576	-0.944	1.645	-0.499	-1.081	3.716	-1.489
10.382	0.140	-0.687	4.494	0.278	6.467	-0.395	-0.587	2.003	1.138
3.611	-0.821	0.322	5.817	0.459	5.805	0.973	-1.578	0.357	-0.111
5.484	-1.246	-1.180	8.254	1.193	7.708	0.965	0.318	0.701	0.799
2.836	-0.952	1.683	16.818	-0.192	4.348	-0.178	1.163	0.919	-0.648
6.546	-1.918	-0.640	10.988	1.375	7.112	1.305	0.856	3.697	0.983
9.851	-0.211	-0.344	6.141	-1.205	0.581	-2.099	0.855	2.266	1.708
4.986	0.823	0.260	9.519	0.227	5.170	-2.552	0.464	1.187	1.925
9.644	-1.845	0.762	6.938	-0.169	8.237	1.204	-0.056	0.303	-1.563
12.369	-0.819	-1.148	9.982	0.451	9.068	-1.074	2.590	1.157	2.052
6.858	-1.787	0.810	5.644	-0.719	9.675	-1.164	1.971	1.357	1.268
9.211	-0.340	0.204	2.225	1.733	1.433	0.063	0.305	1.268	1.596
16.166	1.243	0.488	9.098	-0.851	0.960	-0.847	0.298	4.450	-0.896
6.435	1.880	-0.431	6.259	-0.083	8.624	0.781	-0.215	1.433	-1.338
15.936	-0.948	-0.656	1.078	1.247	1.139	-0.104	0.009	2.568	1.733
2.873	-0.441	0.273	5.967	0.381	3.171	-0.612	0.685	0.541	-0.786
8.535	1.157	0.217	4.471	0.587	1.279	-1.365	1.318	0.383	0.202
4.102	-0.796	0.019	6.606	-0.049	1.730	-1.302	-2.702	3.298	-0.237
16.091	-0.871	-0.792	19.405	-0.490	7.181	0.075	-0.578	1.449	-0.059
19.758	-1.858	0.760	8.136	0.419	8.900	0.277	-0.934	0.659	-0.578
13.432	-2.092	-0.441	2.776	0.858	0.412	-0.123	-0.132	0.611	-1.859
8.974	0.673	0.479	7.039	-0.882	8.837	-1.160	-0.491	3.980	-2.282
5.646	-1.424	-0.539	3.282	0.609	3.723	-0.508	0.666	3.637	-0.124
17.567	-0.209	-0.335	18.248	-1.404	4.550	-0.859	0.187	3.669	-0.980
4.049	0.057	-0.313	4.556	1.419	3.817	-0.132	1.246	1.622	-0.750
16.881	-0.374	1.132	9.660	-0.805	1.810	0.734	-0.652	2.514	-0.143
19.145	-0.872	-1.034	19.067	0.190	2.433	-2.576	-0.274	1.725	-0.020
7.860	-0.753	0.948	0.006	-0.786	5.579	-0.266	-0.261	2.909	0.079
16.717	-0.836	1.855	18.840	0.562	1.468	0.082	0.198	0.363	2.144
12.913	0.470	1.326	15.346	-0.604	0.872	0.512	-0.343	2.684	-1.321
12.199	0.649	0.100	12.560	-0.507	8.731	-1.133	1.070	3.288	0.131
19.460	2.078	-1.552	5.587	0.284	0.659	0.833	1.362	2.391	1.637
19.682	0.923	-0.408	8.457	-0.871	5.814	1.645	0.697	2.865	-1.261
6.783	0.814	0.019	19.958	0.335	2.798	-0.474	-0.281	4.185	0.563
12.585	0.399	-0.577	13.379	-0.330	4.762	0.621	-0.961	4.863	0.578
2.351	-0.266	-0.547	5.964	1.471	0.129	1.421	-0.323	1.386	-1.326
5.010	-0.893	-1.337	18.092	-2.009	3.922	0.821	1.681	1.391	0.856
2.093	-1.596	1.467	2.030	1.804	6.394	-0.451	0.908	3.395	-2.903
4.032	-0.783	-0.844	18.348	0.713	2.376	0.088	1.790	0.759	0.075
1.264	0.110	-2.209	16.921	-0.198	7.949	-0.499	-0.417	4.996	1.263
0.719	-0.258	0.357	6.865	0.221	8.773	0.119	-0.179	1.216	-0.580
1.322	0.157	1.384	19.316	-0.195	7.293	-0.109	2.100	0.188	0.028
13.798	0.600	-0.826	11.082	1.435	2.418	-0.831	0.732	3.829	-1.143
19.219	1.010	0.793	16.255	-0.842	0.073	0.504	0.056	1.610	1.299
0.894	0.615	-0.377	15.485	1.072	3.236	0.026	-1.155	4.443	-1.315
6.078	-0.015	0.696	3.947	0.181	9.739	0.379	0.781	1.706	-0.346
0.447	-0.381	-0.020	5.673	0.399	2.581	0.699	0.804	3.061	0.866
0.123	-0.880	-0.157	6.044	-0.292	3.768	-0.579	1.667	0.778	1.243
6.414	-0.579	-0.048	15.405	-0.485	4.625	-0.791	-1.324	3.774	-0.276
6.305	-0.702	-0.354	11.733	-0.288	4.593	0.723	0.282	4.103	1.013
2.033	0.378	1.901	2.960	-0.276	8.575	1.158	0.603	0.008	0.596
16.301	-0.201	0.454	9.500	-0.418	1.632	-0.090	-0.081	3.262	1.952
12.035	-0.501	-0.455	12.545	0.147	6.076	1.791	-0.208	4.155	0.006
16.384	-0.084	1.280	18.319	0.006	7.482	0.913	-0.313	0.437	-1.000
16.817	0.237	-0.769	5.682	0.951	9.831	1.118	0.674	0.041	-1.315
4.127	-0.600	-0.609	0.897	-1.334	6.481	-0.306	0.815	0.019	-1.590
19.196	-0.787	0.429	3.809	-0.033	5.895	1.335	-1.346	1.339	-0.313
0.629	1.039	1.378	3.934	-1.631	6.492	1.138	0.182	0.505	-0.364
13.787	0.122	-0.503	11.695	-2.135	9.099	1.300	1.385	2.028	0.742
1.142	-1.615	0.784	4.921	-0.561	7.216	0.549	-1.068	3.610	-0.587
18.382	0.151	0.523	16.372	0.369	4.550	0.764	-0.051	2.421	-0.595
19.679	-0.790	0.737	0.740	-2.499	2.695	-0.558	-0.106	0.557	-1.274
16.453	-2.225	0.154	8.768	-1.471	9.378	1.741	0.046	3.999	-0.518
1.928	1.576	0.642	19.095	0.517	2.297	0.654	0.777	0.933	2.246
10.244	0.360	0.864	3.740	-0.331	2.097	-0.345	-0.500	4.882	-0.459
9.239	0.414	0.772	7.742	2.313	7.833	1.318	-0.324	3.267	1.660
19.587	0.140	-0.269	0.186	-1.073	6.034	0.053	0.103	0.513	2.680
2.756	1.785	0.701	18.325	-1.526	4.727	-0.361	0.856	0.179	-1.694
12.010	1.524	-0.995	10.741	1.312	3.127	-0.298	0.002	2.435	-0.537
10.289	-1.943	0.739	18.134	-0.442	1.604	-0.703	0.182	3.202	1.655
16.788	0.693	-0.750	5.546	0.239	2.506	0.169	-1.177	3.947	2.334
2.154	-1.632	-1.102	9.852	-0.144	6.707	-1.148	-0.159	2.830	-0.529
0.626	-0.599	0.365	14.240	-1.530	0.642	0.218	1.456	4.591	-0.652
18.056	0.281	-1.434	18.078	0.103	5.866	2.189	0.274	4.465	-1.181
2.260	0.577	1.508	1.716	-0.621	8.939	1.174	-1.378	3.932	0.674
0.172	0.402	1.422	0.322	-1.268	0.692	0.226	-0.547	3.040	-0.477
13.393	2.362	1.833	6.389	-1.773	9.409	-1.172	-0.347	4.571	0.504
3.656	-0.793	2.058	2.260	1.949	6.226	-0.166	-0.587	2.745	-0.252
1.836	0.899	-0.787	14.017	-1.625	7.289	-0.759	0.434	0.951	-0.256
2.686	-3.673	-0.950	1.327	0.072	7.054	-1.211	2.705	0.585	0.051
14.087	-0.709	1.180	0.930	-0.106	8.850	-0.876	-0.570	0.744	0.523
4.969	0.118	1.066	8.212	0.267	1.425	-2.064	-0.886	4.968	-0.232
1.461	-0.129	0.424	12.674	-1.142	3.189	0.939	-0.775	2.119	0.037
11.291	2.216	-0.029	0.013	-0.122	2.322	-1.367	-0.088	2.054	-1.745
12.290	-0.770	1.083	2.974	-0.970	7.863	1.362	-1.452	2.197	-0.233
0.367	-1.021	1.587	4.866	-1.068	7.902	0.803	-0.912	3.677	1.798
17.247	-0.783	-0.779	10.474	0.608	7.107	-1.826	0.912	2.329	0.290
14.589	0.297	0.207	2.582	-0.034	0.418	-1.136	1.400	0.746	1.743
6.063	0.327	-0.729	17.890	-0.829	8.871	-1.589	0.450	0.767	0.267
6.169	-0.049	2.325	12.422	1.133	3.470	-0.286	-0.110	0.922	2.148
16.689	-0.457	0.134	10.416	-1.432	1.620	-0.485	-0.704	0.423	0.046
6.894	0.061	0.134	13.228	0.593	4.196	2.308	-0.541	4.295	0.227
2.464	0.420	0.978	15.261	1.240	7.279	2.133	1.590	0.126	0.497
10.599	-1.680	-0.353	12.287	0.057	9.174	1.826	0.591	1.500	-0.059
11.564	-1.115	0.629	9.876	0.424	7.184	0.241	1.803	0.170	-0.064
19.962	1.220	-1.047	0.020	-0.828	4.843	-2.123	1.404	0.516	-0.905
0.547	0.815	-0.789	0.414	0.191	9.651	-0.597	-0.054	0.164	1.561
4.216	-0.745	0.650	18.641	0.782	8.231	-0.983	0.026	0.652	-0.331
0.091	1.149	0.206	2.492	0.045	0.701	3.673	-0.131	3.847	-0.662
12.088	-0.310	0.064	8.632	-0.216	2.445	-0.613	-0.019	3.295	1.831
1.957	-0.975	0.529	4.913	-0.016	9.520	-0.281	0.038	0.410	1.138
19.544	0.929	-0.573	6.846	0.499	3.119	1.235	0.607	2.978	-0.147
5.531	0.159	0.091	14.068	-0.660	4.984	-0.703	0.244	4.566	0.252
14.953	0.451	-1.097	8.033	0.160	3.634	-0.056	2.044	2.935	-1.613
17.614	-1.414	0.671	14.035	1.301	6.218	0.418	-0.337	4.914	-1.144
19.115	1.790	0.513	19.841	0.027	0.799	-0.107	-0.411	2.169	0.113
19.755	-0.518	0.666	15.312	-1.092	5.158	-0.240	-0.965	2.219	0.009
11.711	0.224	0.198	4.753	-0.414	4.472	0.287	-0.816	3.677	-1.325
6.111	0.722	-1.129	3.983	0.065	3.331	-0.136	-0.160	2.894	0.543
6.288	-1.035	-0.145	13.102	0.797	7.804	-0.350	-0.553	0.456	-0.251
2.714	0.351	0.462	4.226	-1.265	6.420	-1.287	1.590	2.131	-0.809
2.596	0.525	-0.527	18.705	-0.370	5.277	0.720	0.716	1.634	0.098
15.630	-1.741	-0.747	10.425	-0.098	4.507	0.676	1.617	2.430	-0.355
8.786	-0.702	0.748	7.012	0.754	5.607	0.481	0.479	2.501	-0.278
3.454	0.455	-1.116	17.171	-2.475	7.457	-0.579	0.097	2.033	1.173
19.127	-0.702	0.075	6.764	-0.123	6.481	0.442	-0.294	1.548	0.365
1.774	-0.523	-0.520	14.774	-0.242	9.443	-0.776	0.533	0.089	-0.029
10.584	-1.588	0.065	13.773	-0.409	3.234	-0.597	1.439	1.785	0.333
3.443	-0.991	-0.619	12.345	0.312	4.483	1.315	0.424	2.960	-0.974
11.723	-1.548	-0.592	19.131	-0.435	8.176	0.431	0.129	4.051	-0.701
10.603	0.100	-0.176	10.518	-0.530	8.845	1.039	-0.165	0.016	3.143
18.830	0.698	0.729	13.918	-2.283	4.918	0.867	0.839	2.744	0.384
15.826	-0.308	-1.026	10.699	-0.106	0.446	-1.251	1.294	1.790	1.172
4.831	0.550	0.114	3.792	-1.151	4.648	-0.378	-0.178	3.284	-1.734
13.519	-1.108	0.289	3.467	1.096	5.648	-1.011	1.655	0.424	-1.471
15.153	-1.085	-0.645	18.966	-1.529	7.817	1.141	-0.875	2.283	0.115
10.766	-0.861	0.821	2.386	1.493	9.983	-0.183	-0.165	4.448	2.365
10.962	0.278	-1.164	12.445	-0.389	3.840	0.990	-0.345	4.254	-0.970
15.840	-0.121	0.526	12.956	-1.744	3.984	-0.290	1.306	1.569	0.468
8.876	0.641	0.086	2.706	-0.867	2.961	1.161	1.347	3.814	-2.024
7.296	-0.714	0.772	8.991	-0.704	8.025	1.202	-0.459	2.242	-1.638
12.137	-0.568	0.703	18.141	-0.448	1.823	0.128	-1.708	2.516	1.663
16.039	1.384	-1.246	7.639	-1.035	4.809	-0.260	-1.219	1.477	-0.183
10.857	0.688	-1.164	16.067	0.752	2.394	-0.041	-1.694	0.259	0.021
10.963	-0.557	-0.421	3.642	-0.197	8.047	0.933	0.765	2.166	-0.054
2.268	-1.188	0.936	17.214	-1.677	6.504	0.020	-0.680	0.630	0.310
17.921	0.337	0.497	3.456	0.770	9.646	0.487	0.530	0.384	-1.853
4.156	0.183	-0.995	19.107	0.597	8.251	-0.358	-1.262	3.872	-0.924
14.187	0.361	-0.985	8.063	0.513	3.822	0.589	0.556	1.368	-1.419
18.598	1.971	-0.220	7.986	-1.015	1.400	-0.099	-0.133	2.086	-1.135
18.631	-1.919	-0.732	10.561	0.501	9.717	-0.535	1.790	4.621	0.486
18.101	-0.543	0.517	14.900	0.048	2.664	-0.862	1.745	2.098	-0.531
6.532	1.814	-0.109	4.920	0.115	0.152	0.699	0.511	3.514	0.104
7.989	0.068	-0.017	11.721	-0.191	7.129	-1.036	-2.079	0.954	-1.362
12.511	0.909	-1.550	2.623	-0.837	6.824	-0.408	1.392	1.262	-1.809
3.827	-0.996	-0.215	12.339	0.500	9.741	-3.568	-1.763	4.744	-1.463
7.694	0.285	-0.797	14.115	-0.554	7.098	-1.464	0.001	1.670	-0.324
2.224	0.640	-0.023	8.376	-0.502	1.101	-2.186	-1.282	0.227	-0.145
15.218	-0.826	0.203	19.278	0.644	7.591	-0.033	1.001	4.260	0.265
1.317	-0.229	0.609	9.876	-1.157	1.885	0.181	-0.455	2.613	0.630
0.068	0.202	-0.546	5.022	-1.646	7.929	-0.426	-0.863	3.045	-0.615
13.388	0.775	0.613	6.922	-1.892	8.449	0.085	0.303	4.315	0.235
0.766	-1.539	1.175	18.387	-0.734	8.582	0.077	-1.873	4.934	-1.136
4.894	0.493	-0.277	9.322	-0.286	8.969	-0.300	-0.095	4.673	-0.600
9.688	-0.261	-0.243	10.595	-0.383	6.666	-0.255	0.399	2.218	0.027
11.060	-0.739	-0.635	3.657	-0.606	0.528	1.286	-1.993	2.324	-0.780
16.539	0.122	-0.016	11.084	-1.155	7.502	-0.017	0.795	4.581	-0.393
19.766	0.157	-0.810	13.745	-1.976	9.483	0.084	1.140	2.512	0.010
14.909	-0.602	-0.123	8.459	-0.602	4.819	-0.650	1.632	4.047	0.367
13.152	0.062	0.474	13.945	-0.189	9.971	-0.080	-0.029	4.659	1.256
6.482	0.515	-0.540	4.511	-1.024	8.336	0.078	-1.335	2.916	-1.319
8.988	-0.951	-0.844	14.987	0.691	0.199	0.358	0.616	2.822	0.326
2.554	1.418	0.824	10.751	-1.184	0.709	0.680	-0.288	4.389	0.526
1.948	-1.384	-0.181	8.534	-0.976	2.624	-0.896	-1.704	1.787	-2.422
5.039	0.246	-0.139	13.259	-0.310	0.070	-0.783	0.232	4.079	0.723
1.628	-0.424	0.340	14.568	1.070	8.335	0.806	-0.003	0.971	-0.267
11.462	0.521	0.892	4.112	-0.835	0.586	0.358	-0.750	2.929	0.575
14.189	0.293	-0.629	10.714	-0.169	8.755	-0.357	-1.406	4.560	0.350
19.200	-0.008	-0.358	0.615	-0.551	5.066	-1.093	0.063	2.968	-0.260
4.839	0.366	-0.704	4.502	-1.011	1.270	0.283	0.125	2.312	-0.066
17.363	0.750	-1.351	7.853	1.717	1.751	-0.296	-0.245	0.577	0.063
16.622	-0.829	0.179	18.181	1.540	2.116	-0.206	-0.403	0.860	-0.145
5.577	-0.586	-0.265	15.186	-1.085	7.864	0.126	0.793	3.148	-2.084
0.474	0.917	0.387	7.390	1.568	6.587	-1.152	0.526	2.859	1.337
17.299	0.125	-1.902	8.528	-0.426	2.241	1.696	0.361	2.859	0.831
4.306	-0.296	0.535	15.824	1.691	2.915	-1.020	-1.296	4.049	0.270
17.082	-0.981	-0.012	13.482	0.866	0.495	0.662	-0.597	3.866	-0.529
17.456	0.622	0.106	19.072	0.759	7.709	-0.855	-1.393	1.152	-0.850
4.643	1.037	0.694	16.862	-0.852	9.060	1.902	-0.539	3.948	-0.998
5.058	0.425	0.452	15.233	-1.278	7.853	0.249	1.018	0.582	-0.976
11.396	-0.827	0.196	18.172	-0.264	3.331	-1.320	-0.311	4.110	0.900
19.897	0.140	-0.667	8.316	0.200	0.351	-0.228	1.496	4.393	-0.342
19.881	0.392	-0.365	5.742	-1.423	3.784	0.411	1.638	1.413	-0.935
19.416	0.264	-0.474	1.077	0.626	2.010	-0.618	0.292	0.093	-0.358
10.724	-1.041	-0.427	16.464	-1.541	9.829	1.019	-0.504	1.710	-0.511
15.048	0.668	1.644	9.494	-1.214	6.137	0.111	0.589	3.151	-0.042
18.545	1.180	-0.489	3.616	0.972	1.839	0.713	0.096	3.664	1.201
9.335	0.499	-0.794	8.415	-0.084	9.709	0.663	1.848	4.456	-0.676
4.655	0.751	-0.484	10.821	-0.745	1.796	-0.927	0.092	4.806	-0.054
6.144	-0.559	-0.601	3.645	1.052	9.152	-0.890	1.761	0.718	-0.493
17.023	-1.628	0.259	18.360	0.974	4.662	0.494	-0.130	0.920	1.714
3.003	1.403	-0.900	9.293	0.661	1.788	-1.564	-0.573	4.601	-0.178
14.335	0.434	0.742	8.417	-1.230	2.444	-1.299	-0.280	4.873	0.179
9.236	-1.454	-0.451	16.423	0.386	6.625	-0.262	-1.008	3.060	0.081
5.647	0.545	-0.389	4.408	0.037	8.123	0.700	1.025	1.723	0.694
6.788	0.227	0.252	2.793	0.488	3.141	0.500	0.624	4.495	0.082
9.100	-1.420	-0.549	18.105	1.158	8.254	0.545	1.603	0.544	1.599
2.769	-0.779	-1.304	1.366	-1.613	6.130	-0.730	-0.463	3.695	-0.824
2.719	-0.101	-0.161	19.902	-0.228	5.663	-0.377	0.768	3.884	-0.482
18.087	-0.571	-0.254	5.371	1.189	3.195	0.630	-2.401	2.123	-0.423
11.021	0.370	-0.194	7.961	-1.352	1.136	0.195	0.877	4.890	-0.082
16.670	-0.015	1.251	3.354	0.296	9.429	-1.021	-0.620	3.431	0.061
6.502	0.997	-0.679	15.402	-1.821	6.994	0.637	1.005	3.623	0.660
19.471	0.721	-0.279	11.384	0.687	4.233	1.096	0.685	2.791	0.656
11.627	-1.124	0.946	15.765	-1.372	3.357	-0.336	0.071	2.080	0.706
17.190	0.304	0.133	5.829	-0.398	9.204	-1.082	1.098	1.573	-1.307
5.652	0.181	-1.698	0.304	0.606	6.791	-0.749	-0.485	0.709	-0.159
2.960	0.054	-0.642	1.200	0.080	0.688	-0.502	-0.468	0.653	0.212
14.827	-0.371	-0.788	17.308	0.479	5.255	-1.646	-0.239	3.730	-0.244
11.702	-0.280	0.412	5.509	0.730	1.066	-0.953	1.004	1.661	1.082
8.589	0.352	-0.210	0.035	1.680	2.861	2.990	1.578	4.376	-0.299
19.147	-0.115	-1.865	5.707	0.751	6.592	-0.322	-1.060	3.887	1.075
10.944	-1.567	1.400	9.311	0.015	9.776	0.905	0.282	0.345	-1.734
7.461	-1.128	0.322	17.619	0.995	4.816	-0.541	-0.799	0.836	-0.568
7.603	-1.468	-0.867	14.507	0.575	4.702	0.995	0.649	1.288	0.822
12.740	-0.138	2.094	3.031	1.980	2.340	0.458	0.236	3.528	-0.033
12.908	-1.171	0.675	15.215	0.987	6.117	-1.458	-0.036	3.904	1.749
0.238	-0.837	0.453	4.261	-0.407	5.469	0.432	1.508	1.656	-0.960
4.728	0.679	-0.060	16.810	1.025	8.843	-0.817	-0.733	0.151	-0.266
10.630	1.062	1.366	7.348	-1.445	8.180	0.178	-1.143	4.003	-0.612
13.317	-0.567	-1.427	14.175	-1.624	0.422	-0.067	-1.094	3.209	-0.338
6.846	0.712	-1.517	19.227	0.350	6.572	0.589	-0.907	2.847	-1.117
6.166	-0.648	1.592	6.663	-1.110	4.799	-0.607	-1.408	1.246	-0.753
19.437	-0.713	-0.805	6.935	2.372	7.955	0.467	-0.134	1.376	-0.402
19.325	0.958	-1.398	10.597	-0.989	0.992	0.812	-0.755	2.848	1.060
3.745	1.456	0.700	14.272	0.600	8.568	-1.680	-0.268	2.261	0.039
0.787	0.008	-0.694	2.404	0.013	7.850	0.488	1.016	3.734	-1.356
18.215	2.018	-1.727	8.861	1.209	1.457	0.904	0.443	4.357	-0.891
18.274	-1.030	-0.254	8.262	1.176	3.246	-0.481	-2.135	4.028	0.323
1.114	2.045	-0.839	17.272	-1.091	2.177	0.118	-1.493	2.274	-0.460
0.528	0.181	0.989	13.699	0.199	3.593	-1.082	-0.028	0.362	-0.317
3.852	0.427	-0.056	1.634	-0.360	1.617	0.035	0.022	0.033	1.554
9.311	-1.206	1.856	12.004	0.324	9.610	0.850	0.859	0.532	-0.042
1.154	0.338	3.190	6.076	-1.905	6.213	1.273	1.116	4.941	-0.423
12.679	0.684	1.793	15.058	0.698	6.316	-1.252	0.175	2.700	-0.088
10.112	2.268	1.491	0.648	-0.633	8.557	-0.678	-1.188	4.538	0.166
12.845	-0.140	-0.826	3.140	1.045	7.658	0.126	1.013	4.337	-0.753
11.709	-0.678	0.196	5.622	1.857	1.768	-0.114	-0.190	1.830	-0.981
6.308	1.431	-0.907	7.577	0.523	9.291	0.761	-0.991	4.744	1.690
3.421	0.505	-0.671	15.992	0.617	7.892	-0.603	0.297	4.797	0.363
3.620	-1.183	1.193	5.956	-0.685	0.272	1.196	-0.922	4.687	-1.093
18.367	-1.556	-0.081	17.990	-0.315	8.955	-0.856	2.809	1.822	-0.382
13.415	-1.135	-2.344	4.735	-0.311	7.574	1.057	0.487	1.685	1.933
14.152	-1.366	1.227	16.707	0.193	9.466	-1.128	-0.324	1.933	0.271
6.548	0.053	-1.147	3.603	0.752	9.181	0.760	1.784	3.462	-1.574
10.765	-1.491	-0.121	7.005	-0.085	7.475	1.291	-0.255	1.528	-0.081
6.963	0.750	-2.115	8.337	0.854	5.456	-1.678	-1.940	3.950	0.600
0.050	-0.381	1.509	10.972	2.218	5.607	-0.690	0.627	0.237	0.074
16.802	0.755	0.784	5.260	-0.050	0.782	-0.383	-0.331	1.630	0.101
13.077	0.854	-0.372	10.628	-1.277	9.754	-0.465	-0.343	0.766	-2.024
17.008	-0.414	-0.236	14.958	0.282	1.249	0.466	-0.366	1.808	-1.374
19.306	-1.764	0.346	19.586	-0.410	1.094	0.510	-0.594	2.811	1.564
12.741	-0.686	1.348	11.495	0.471	4.727	-1.374	-1.384	3.536	-0.772
14.286	0.230	-0.274	15.313	0.261	7.859	1.710	2.174	4.380	0.315
13.017	-0.120	0.898	18.935	-0.825	9.708	2.280	-0.582	2.007	0.956
19.637	-1.924	0.361	10.151	-0.883	0.761	-0.886	1.804	4.375	-0.810
17.890	0.162	-0.056	9.162	0.343	9.479	2.711	1.282	3.752	0.178
9.496	-0.069	0.018	15.675	0.061	2.617	-0.132	-0.377	1.968	-0.147
2.278	-1.573	-1.068	9.765	-0.158	9.212	0.801	-0.437	4.851	0.168
4.149	1.932	0.008	13.642	-0.694	0.569	-0.321	1.037	4.022	1.428
1.536	-0.490	0.241	15.592	1.650	6.604	-0.669	0.392	3.264	-0.070
9.811	0.245	0.432	14.826	1.599	8.661	0.404	0.517	2.853	-0.530
18.300	2.184	0.122	18.622	-0.518	0.551	1.478	1.193	2.249	-0.681
1.571	2.158	-0.978	7.102	0.426	5.717	-0.105	0.620	2.995	0.565
13.900	-0.281	-0.776	19.595	0.448	9.827	0.451	-1.831	1.212	0.703
7.071	-1.375	0.583	17.775	-0.038	9.741	-0.200	0.324	1.014	-1.973
11.695	-0.335	1.246	1.151	0.673	8.314	-1.460	0.802	1.015	0.290
6.617	-1.400	-0.615	14.046	1.731	1.830	0.228	0.717	2.552	1.034
8.672	1.008	-1.010	16.083	-0.376	7.147	-1.470	-0.749	0.004	0.323
4.805	7.309	5.246	5.008	5.752	1.463	3.803	0.147	5.428	15.261
5.553	6.292	4.216	5.790	4.040	6.293	4.851	3.244	6.090	17.560
4.701	5.236	4.318	3.656	5.867	9.674	13.907	3.627	4.317	11.654
5.052	5.276	5.787	4.114	5.188	3.505	16.507	1.004	6.085	12.913
4.833	6.688	5.553	5.614	6.849	4.913	17.314	3.574	4.854	19.141
4.619	4.777	6.218	6.210	5.415	4.210	6.387	0.959	5.359	18.717
6.057	5.336	5.023	5.615	5.769	3.277	1.682	4.408	3.899	2.675
3.384	3.970	5.537	4.236	5.029	1.497	10.297	1.809	4.096	14.113
3.871	4.428	4.483	5.408	3.935	1.264	17.936	0.333	4.192	7.489
4.394	5.481	5.355	5.009	6.214	4.911	19.637	4.717	4.971	19.201
6.283	7.044	5.272	5.528	4.587	0.719	1.521	4.540	4.973	7.212
3.926	3.535	4.093	4.829	4.184	2.259	14.194	2.911	5.093	1.464
5.565	4.218	4.566	4.831	5.800	2.108	8.296	1.734	4.278	19.531
4.690	4.712	4.127	5.489	4.710	7.264	3.930	4.730	3.984	10.442
6.035	6.259	4.937	5.964	6.044	1.671	5.428	3.793	5.566	17.075
5.114	6.004	4.005	4.146	4.564	7.039	14.148	1.123	4.600	12.399
4.733	4.800	4.444	5.923	4.132	6.312	1.235	1.695	4.595	2.558
3.687	5.937	5.064	5.811	5.955	0.117	5.711	1.750	6.248	16.811
5.057	7.663	5.539	4.068	4.443	8.234	10.603	2.554	5.348	10.850
4.587	5.095	3.857	5.039	4.946	7.091	11.626	2.551	5.828	12.879
4.384	5.615	3.989	6.072	5.963	7.582	8.210	1.171	4.668	17.080
6.460	4.862	3.567	4.687	5.085	0.642	17.484	2.519	3.199	3.114
5.277	4.588	5.967	4.987	4.770	6.523	13.134	2.338	5.779	16.522
4.943	4.716	4.669	6.050	3.089	5.376	2.448	4.865	5.139	19.621
5.128	5.729	7.183	5.033	4.256	0.794	2.166	0.575	5.039	4.716
5.601	5.888	5.537	5.035	6.042	7.149	10.228	1.757	4.824	1.229
3.862	6.388	3.920	5.174	6.696	4.501	9.565	2.999	5.529	0.792
5.571	5.933	4.955	4.105	4.231	7.207	12.221	2.051	4.253	0.866
5.215	5.012	3.547	5.041	5.075	7.974	1.198	1.019	5.439	2.104
4.456	3.863	5.925	7.204	6.257	9.975	16.855	1.996	5.972	4.307
3.951	4.450	3.899	5.089	3.901	3.414	7.978	2.299	5.051	1.101
5.181	4.953	5.523	4.496	5.103	1.588	1.606	1.560	5.653	17.633
6.030	6.499	5.020	3.749	5.779	3.404	3.577	4.348	5.233	17.325
4.626	5.126	5.559	5.883	6.594	6.271	6.693	1.256	5.247	13.860
5.210	7.495	3.930	3.770	5.327	8.449	1.446	1.315	5.969	19.731
4.513	4.659	6.434	5.471	3.666	6.432	17.571	1.717	5.719	4.956
4.323	4.727	4.237	4.023	4.399	1.891	6.345	1.053	5.822	1.436
6.084	6.146	6.448	5.347	6.905	3.192	15.724	4.086	4.460	18.315
3.867	4.584	4.538	4.867	3.946	5.312	19.243	1.102	3.863	1.814
6.507	5.189	5.248	5.765	5.670	7.494	18.691	2.974	4.670	19.908
6.222	3.907	4.906	5.187	4.648	2.855	12.049	0.753	6.906	12.572
4.314	5.820	3.767	3.561	5.096	5.721	3.523	4.107	6.307	16.782
6.147	6.144	3.413	3.607	3.953	4.093	11.340	1.195	6.026	5.366
5.525	3.131	6.933	4.939	6.515	4.386	10.814	2.897	4.280	3.088
6.424	4.824	6.313	4.918	7.141	6.741	7.080	0.242	3.636	1.117
5.425	4.636	5.073	5.292	4.776	3.746	15.481	2.220	4.475	3.305
4.077	4.746	4.086	4.968	5.697	1.667	18.389	0.878	5.221	3.590
3.464	5.698	5.190	5.940	4.018	8.984	6.869	1.253	5.102	14.419
5.479	5.344	5.325	5.069	5.524	4.573	2.133	4.715	5.982	15.485
5.279	5.418	6.277	4.648	3.952	1.666	7.170	1.182	2.542	14.123
5.335	4.119	5.704	4.476	3.033	4.921	10.889	2.756	2.042	13.049
4.121	5.511	2.458	4.125	5.083	3.154	9.061	1.327	7.427	18.809
4.877	5.667	4.839	4.412	4.892	3.990	12.825	4.565	5.286	12.600
3.227	5.879	4.682	6.607	3.914	3.653	14.712	4.710	6.641	6.425
4.326	4.365	4.772	3.835	6.334	6.839	9.115	1.747	5.909	8.973
5.516	4.949	4.734	7.580	3.921	4.063	18.627	3.865	4.171	8.378
3.365	5.820	5.606	6.115	5.488	2.014	3.734	2.339	5.993	17.887
5.027	3.094	5.806	6.966	5.003	1.110	11.729	4.546	3.883	12.286
5.295	7.372	7.685	5.960	3.768	9.057	4.722	4.336	6.815	9.197
4.854	4.164	4.974	6.119	5.146	3.769	0.074	0.485	4.790	12.919
5.574	2.214	5.275	6.124	4.665	1.536	12.946	2.054	6.399	19.230
5.043	5.285	6.700	4.091	4.301	1.516	16.508	1.666	5.543	12.114
5.968	4.464	2.986	4.404	5.238	4.430	2.641	3.735	4.429	15.437
3.096	3.502	5.010	6.490	5.725	7.924	10.804	0.855	5.912	19.266
4.678	4.933	4.197	5.137	3.831	9.004	14.845	4.200	3.876	9.350
5.794	3.871	4.707	4.880	5.155	7.129	11.756	1.801	5.503	6.988
3.742	6.475	5.812	4.173	3.589	6.695	19.081	0.521	5.403	13.469
4.779	6.281	5.406	3.195	3.604	3.247	11.133	0.675	5.414	7.040
4.102	4.910	5.982	5.462	6.427	6.065	4.702	3.938	5.906	4.883
3.297	4.820	7.131	5.112	3.631	1.360	5.289	0.291	3.918	6.362
5.652	5.003	4.752	5.510	3.224	5.539	17.456	4.923	3.129	11.932
5.586	5.797	3.971	4.729	5.437	8.556	9.301	1.381	4.691	11.219
5.063	4.409	5.971	4.108	5.210	9.674	5.125	3.727	4.426	1.013
4.602	5.879	5.052	6.065	6.004	2.737	16.754	0.014	5.190	4.228
4.384	5.929	5.376	4.009	3.698	9.544	1.102	0.789	3.911	13.438
5.785	6.338	5.247	3.813	4.331	7.801	3.216	1.093	4.710	13.537
6.304	5.455	4.967	5.239	5.037	6.759	0.293	2.129	4.096	7.439
5.327	5.197	5.206	4.346	7.302	3.467	7.780	1.778	5.264	9.253
6.720	5.586	3.881	3.382	5.430	5.075	4.376	4.299	6.376	15.232
5.697	5.273	5.212	5.395	3.084	6.629	1.444	2.093	3.594	17.770
4.368	6.434	5.271	4.634	3.845	6.197	9.765	0.383	6.756	11.260
4.218	5.737	3.965	5.238	5.474	4.002	5.509	0.646	5.129	5.023
6.499	3.539	4.651	4.035	4.844	8.886	19.692	1.273	5.482	5.821
5.030	5.424	5.430	5.633	3.381	5.948	14.089	0.159	5.003	17.827
4.375	5.083	4.000	4.633	5.371	9.547	16.421	0.389	5.156	12.902
3.609	6.201	4.496	4.339	5.377	1.567	17.173	4.754	4.129	12.793
3.558	6.246	3.628	4.770	5.699	8.909	6.466	3.428	6.045	5.144
6.251	3.590	5.435	3.191	3.833	9.945	1.755	0.763	4.435	13.064
5.893	4.674	3.904	5.044	4.534	4.640	12.887	3.120	5.054	0.417
6.071	5.243	4.937	4.568	3.585	7.578	5.587	1.000	4.821	9.573
4.474	5.770	4.081	4.338	6.063	7.721	14.228	3.019	4.223	16.528
5.639	4.489	3.189	4.353	3.618	8.554	5.301	4.945	4.481	13.713
4.011	5.348	7.515	4.271	5.282	4.090	16.878	2.360	6.514	18.543
4.540	5.479	4.495	6.196	4.041	9.342	15.788	4.880	5.379	9.731
2.807	4.277	3.952	7.674	4.783	2.615	1.451	3.110	7.304	15.228
6.062	6.197	3.459	6.633	4.448	7.355	11.794	0.436	4.460	19.276
4.609	4.366	4.478	4.487	5.799	8.549	11.430	0.081	5.761	2.704
6.201	4.714	6.779	4.145	5.874	6.187	10.384	3.202	4.703	3.571
4.838	4.745	4.298	4.419	3.827	2.001	13.512	2.518	6.221	14.495
5.569	3.968	7.931	5.495	4.916	1.638	3.432	4.256	6.278	12.612
3.675	4.240	3.658	3.699	5.407	4.181	8.026	3.044	6.356	2.326
5.470	3.906	6.157	4.063	6.101	2.006	10.448	4.987	7.296	8.446
3.973	4.134	4.103	5.552	2.295	1.922	7.526	4.464	5.518	8.617
6.555	5.214	4.257	5.760	4.748	4.910	15.461	1.895	4.801	0.554
4.466	3.516	4.291	6.221	6.505	0.036	15.158	2.462	4.141	19.958
3.564	3.770	3.161	3.738	5.900	2.853	14.799	1.460	5.466	6.725
4.667	3.943	6.652	5.991	4.965	2.313	7.950	3.027	5.800	19.455
5.065	4.726	4.382	6.079	5.084	4.992	2.737	1.894	5.948	8.878
5.754	6.446	5.057	3.401	5.050	3.955	13.026	0.715	6.132	17.543
5.072	3.168	5.952	5.330	2.951	5.023	6.428	0.174	6.015	19.216
5.377	4.639	4.416	4.860	5.110	6.760	16.260	1.591	5.857	0.541
5.974	5.395	4.946	4.309	5.448	6.047	4.793	1.306	3.898	8.363
6.607	5.954	5.837	5.005	4.944	7.692	0.877	3.519	4.674	18.326
5.060	5.094	5.999	5.710	4.933	9.779	2.354	4.484	3.523	5.100
6.816	3.959	4.263	3.689	5.571	3.201	17.294	2.753	5.436	2.763
4.995	4.012	6.005	7.524	5.592	1.650	3.663	0.602	5.478	19.313
4.845	5.408	3.500	4.397	4.569	5.910	2.262	2.118	5.719	12.738
5.187	5.863	4.844	6.001	5.345	6.778	11.000	3.669	6.699	8.244
3.994	3.663	5.968	3.213	4.414	5.212	9.280	1.749	3.464	5.494
6.206	5.531	4.678	4.711	5.803	5.845	13.712	2.240	5.620	10.616
4.491	5.763	5.715	5.073	4.511	3.552	9.383	3.200	6.898	6.873
6.171	5.712	5.912	5.518	3.154	7.231	12.401	1.069	5.657	5.831
4.281	4.268	4.502	5.321	4.754	3.100	18.578	2.706	2.827	10.048
5.453	6.158	6.226	5.073	4.684	3.117	12.653	1.323	2.674	1.251
4.269	3.261	5.167	5.784	4.489	7.933	5.519	1.113	5.193	17.570
5.204	4.090	5.635	4.723	4.739	6.599	11.648	2.428	5.481	15.781
5.113	4.605	6.620	4.203	5.729	6.323	11.234	3.078	4.320	8.014
5.696	6.008	4.950	4.088	5.215	4.861	12.970	0.312	5.651	19.160
4.266	5.692	5.276	5.638	5.183	6.439	6.871	4.698	5.196	0.727
5.932	5.026	6.019	4.599	5.737	6.671	15.384	2.630	5.546	4.427
4.692	5.690	4.321	4.799	5.654	4.324	19.478	4.020	3.568	18.532
4.374	5.810	4.870	5.138	4.948	9.351	8.454	2.877	6.957	4.297
6.201	5.936	6.374	6.095	5.208	9.531	8.260	2.101	5.524	8.677
5.405	5.383	4.074	6.364	4.475	9.632	14.594	1.348	5.608	4.584
6.659	6.170	6.184	3.203	4.206	4.026	15.922	0.171	5.550	2.423
4.741	4.404	5.133	5.659	4.499	8.420	4.460	1.785	4.901	7.405
4.415	4.928	4.784	2.809	5.379	0.938	8.775	2.057	3.451	6.481
5.429	5.316	3.675	3.736	5.213	0.940	14.617	2.305	4.458	11.467
4.891	3.030	4.838	4.111	5.178	9.131	12.610	3.282	3.781	1.735
3.736	5.147	4.811	6.155	5.124	7.826	6.591	2.250	6.383	5.334
5.581	5.450	4.892	5.458	4.349	6.262	12.231	1.493	3.144	7.774
6.774	3.976	4.663	4.805	3.696	3.768	6.354	2.687	5.533	2.757
4.803	3.418	6.861	4.689	5.093	4.257	12.472	1.458	7.057	6.433
4.667	6.132	4.953	7.025	4.418	6.659	17.124	3.847	4.426	19.913
3.433	4.261	5.328	5.220	5.034	7.645	18.856	0.923	3.789	9.798
6.302	4.774	5.369	4.946	3.127	8.231	7.771	0.012	3.458	15.793
4.435	4.421	4.124	4.401	4.517	3.133	7.615	0.083	4.683	17.949
5.544	5.522	4.324	5.343	4.916	0.040	10.195	4.332	3.020	17.033
5.535	4.737	6.437	5.151	4.988	2.689	3.766	2.443	3.435	18.408
5.765	5.678	5.024	5.729	4.545	8.765	7.983	2.248	5.729	4.355
5.581	5.454	4.869	5.078	6.079	7.354	6.846	2.399	3.752	18.063
4.387	4.813	6.404	6.689	5.635	5.263	14.359	0.813	4.853	17.062
4.967	4.597	3.752	5.307	4.160	0.734	16.771	4.562	4.194	9.318
6.267	5.218	5.723	5.053	6.066	8.658	11.760	1.898	5.638	4.467
5.747	4.355	4.823	5.528	1.932	3.060	16.946	0.257	4.291	1.097
6.627	5.465	5.145	5.887	3.098	4.172	1.899	1.819	4.551	15.367
4.960	4.382	3.477	5.067	5.825	5.212	16.942	0.264	5.573	11.080
4.982	5.094	4.293	4.352	6.795	9.588	6.313	2.008	5.038	9.829
2.999	5.581	5.427	3.430	3.307	5.089	8.639	4.812	3.685	8.266
4.903	5.761	5.317	4.019	4.954	9.469	1.594	1.561	4.758	7.453
5.959	5.719	4.761	7.076	4.391	8.385	6.486	1.248	3.768	6.599
7.049	4.465	3.430	3.837	5.354	4.510	7.430	4.252	6.329	10.139
4.916	4.977	3.854	2.751	5.646	8.711	16.190	2.623	3.573	2.945
4.476	5.045	4.445	5.809	4.677	2.071	6.902	3.112	3.547	15.891
5.471	5.595	4.303	5.714	5.291	4.294	11.946	4.197	5.469	19.584
4.574	5.098	6.960	4.067	4.269	1.921	12.194	1.798	5.578	5.210
4.496	4.934	3.885	4.056	6.037	0.010	5.863	4.438	6.495	1.856
6.469	5.234	5.692	5.668	4.070	8.371	6.804	3.364	3.939	17.749
5.013	4.158	4.498	3.885	6.260	1.159	14.123	1.064	4.617	1.243
5.696	4.440	2.647	7.304	5.027	0.734	7.726	3.967	4.562	10.718
4.347	5.780	6.284	6.059	5.311	3.511	1.950	4.932	5.231	7.788
5.231	6.334	4.393	4.499	4.845	4.613	10.126	2.782	4.076	2.889
5.114	4.104	4.717	6.296	6.042	1.328	6.187	3.152	4.239	8.267
4.093	5.248	5.202	4.504	4.729	7.656	16.404	2.584	5.056	1.747
6.103	6.310	5.208	5.105	4.201	1.733	4.302	4.032	4.730	3.980
4.290	4.527	7.399	3.119	6.224	7.714	7.212	1.956	4.825	0.590
5.361	6.452	2.774	4.063	5.737	5.826	5.613	1.594	4.376	6.582
4.026	4.580	5.280	4.186	3.643	6.632	11.386	1.862	4.399	10.750
6.550	6.912	4.714	6.043	7.384	5.322	13.905	3.188	4.284	17.087
5.389	4.470	3.768	6.873	5.682	2.186	14.256	3.699	4.391	15.619
4.855	3.967	3.698	4.395	5.582	6.193	2.661	4.060	4.001	11.646
7.425	4.903	5.093	2.865	5.941	2.751	2.430	2.011	6.574	11.758
7.712	4.088	3.053	5.233	4.432	5.216	14.663	1.550	2.922	18.359
5.697	5.195	3.563	4.294	3.259	5.729	2.291	4.802	3.383	1.491
6.220	4.711	3.105	4.132	5.274	6.315	13.828	3.989	5.417	3.968
5.798	4.055	5.164	5.356	5.626	5.235	4.148	4.312	4.802	1.974
4.588	5.063	4.288	4.266	5.029	9.994	19.704	1.589	4.668	14.524
4.946	5.880	6.539	4.638	5.704	7.542	10.569	2.114	6.003	7.372
4.230	5.148	4.732	4.454	3.788	6.715	6.835	4.587	5.952	0.348
5.769	5.842	4.769	6.366	3.985	2.247	18.837	0.087	4.071	2.454
3.429	4.954	1.744	4.234	5.178	5.893	19.587	0.546	3.035	18.315
5.058	5.970	5.605	5.918	5.735	1.920	11.026	1.422	5.910	16.987
4.693	5.005	6.344	3.607	5.762	6.678	10.414	4.427	5.580	18.529
4.912	6.265	4.906	5.415	4.007	7.025	19.301	4.567	4.577	2.101
4.972	4.300	5.562	5.307	6.524	8.007	19.325	0.313	5.129	13.678
5.573	5.133	7.233	4.142	6.275	4.832	10.405	0.534	4.244	1.493
5.388	4.774	4.957	6.325	4.440	2.361	16.465	4.993	6.275	7.656
4.403	5.630	4.379	3.661	6.237	9.536	1.689	0.234	5.671	9.911
5.988	5.025	4.410	4.600	4.737	0.352	2.025	0.106	6.339	2.980
4.289	3.788	5.236	3.760	4.795	3.963	19.279	0.557	3.875	12.547
5.441	5.724	3.922	6.804	5.366	1.267	0.515	0.901	5.214	0.457
3.282	4.141	4.958	5.725	4.430	3.784	7.704	1.730	5.557	18.860
5.216	4.485	6.091	5.009	4.574	8.400	10.423	1.965	4.108	4.929
4.957	4.164	5.025	4.221	5.801	1.279	4.692	1.768	4.596	0.460
4.560	5.280	4.329	6.747	4.839	0.741	17.687	1.865	6.415	10.599
5.250	3.474	5.079	4.588	4.847	3.802	13.519	4.964	5.871	7.294
4.830	4.777	5.787	4.427	3.862	3.850	3.017	1.845	8.174	15.689
4.025	5.291	5.204	6.332	6.515	6.774	7.838	2.800	6.718	11.773
4.291	5.413	6.519	5.910	3.513	9.114	4.324	0.589	5.913	18.188
3.628	3.927	5.845	4.982	4.135	3.745	17.081	1.882	4.331	15.418
5.322	5.068	4.375	4.823	6.529	2.453	15.082	0.706	4.341	17.765
4.523	5.554	2.600	5.715	5.858	3.564	3.657	4.605	4.908	16.837
5.084	5.973	5.695	4.386	5.157	9.128	9.724	4.259	4.927	16.682
6.010	2.533	5.840	5.764	4.042	6.794	3.730	0.439	5.667	8.798
4.980	4.604	4.898	5.257	5.948	3.531	4.548	1.484	5.395	8.356
5.891	4.935	4.964	4.600	5.958	4.181	3.481	2.280	5.209	0.219
4.931	5.748	5.279	3.408	4.926	1.564	1.542	2.494	4.766	15.756
5.730	4.172	5.075	4.678	3.421	8.459	2.382	1.352	4.919	3.932
4.541	5.740	4.584	4.210	7.054	9.277	15.113	2.546	5.594	5.307
4.695	4.669	4.875	4.125	5.051	1.365	12.338	4.923	6.769	9.210
6.407	5.596	5.599	4.370	5.304	7.334	14.100	0.620	5.184	6.411
6.190	5.346	5.688	4.630	5.111	3.312	1.794	0.933	4.725	5.640
5.069	5.365	5.509	4.520	3.213	0.766	12.220	2.609	5.064	13.219
4.587	5.939	5.303	4.296	4.910	3.447	8.960	2.502	5.566	11.856
3.811	4.408	5.218	4.521	5.144	0.155	3.944	3.100	6.133	3.990
3.269	5.970	6.378	4.372	5.689	8.930	15.735	3.753	4.631	11.714
5.982	4.981	4.655	4.904	8.732	0.825	15.858	4.136	4.313	6.156
4.079	6.446	4.888	4.214	5.466	5.711	3.656	3.159	6.358	1.510
6.182	4.568	3.652	4.547	6.016	8.115	2.075	0.704	3.244	3.116
4.935	5.802	4.056	4.332	5.049	0.446	14.817	1.513	3.744	18.284
4.387	4.251	4.591	4.366	4.442	3.307	14.249	1.035	5.053	6.873
5.360	4.102	6.843	4.850	4.923	8.847	15.240	1.899	5.744	4.891
4.534	5.306	5.752	6.611	5.127	9.367	16.965	2.299	4.263	6.078
4.963	5.254	5.116	4.239	5.789	7.944	15.241	4.851	5.684	7.887
6.655	7.369	4.594	4.749	4.093	0.303	6.886	1.002	6.043	17.054
4.593	6.462	3.217	3.863	5.936	8.806	0.812	2.716	4.427	19.197
3.952	5.329	4.106	6.575	4.423	6.993	4.673	3.853	4.022	18.249
6.337	3.945	4.477	6.135	5.609	2.394	4.536	3.796	4.839	8.806
5.197	6.325	5.918	2.733	5.883	1.539	15.280	3.744	4.103	5.678
4.966	4.477	5.629	5.279	5.363	3.814	17.485	3.958	5.715	16.813
5.779	6.883	5.529	5.079	3.501	7.661	10.599	2.684	5.129	17.727
4.842	3.074	5.992	3.466	4.734	7.993	0.754	0.959	4.232	9.760
6.053	3.165	3.622	4.516	4.519	5.760	16.025	3.856	6.636	8.965
3.658	5.267	5.047	4.582	4.097	4.152	11.857	4.326	3.374	16.105
4.785	4.374	5.004	4.253	2.458	1.384	19.548	0.257	3.953	9.548
5.886	4.969	4.614	4.889	7.666	9.271	15.056	4.461	4.310	9.075
5.952	3.995	5.075	3.835	4.488	8.459	6.279	3.059	3.747	7.771
6.279	6.404	6.827	4.442	3.281	9.195	5.419	1.824	5.391	14.322
5.003	5.836	5.557	5.282	5.363	5.516	19.732	4.322	5.800	15.388
4.970	5.024	5.899	6.063	5.272	9.601	3.546	3.865	5.199	7.603
2.401	4.350	6.390	4.153	6.071	4.169	14.723	3.003	5.475	8.375
5.685	4.792	5.848	6.480	3.992	6.919	12.806	3.710	3.750	18.972
4.910	5.570	4.945	4.530	6.214	7.194	3.100	3.708	5.242	8.954
3.948	3.611	4.097	5.015	4.755	8.494	13.982	2.827	6.854	15.053
4.274	5.748	4.728	4.920	6.920	2.422	3.653	4.862	3.809	14.020
5.054	5.004	3.768	4.876	4.001	7.190	16.150	4.870	5.261	19.127
4.350	5.402	4.161	5.951	4.889	8.242	19.253	3.809	5.918	0.010
5.422	4.413	5.363	3.466	5.226	8.354	15.092	1.858	3.739	8.888
5.303	2.467	4.483	4.450	3.458	1.636	16.716	0.223	5.048	17.134
5.230	5.389	5.405	4.327	4.096	0.940	5.299	4.768	5.341	14.303
5.895	3.969	5.448	4.837	4.533	3.342	13.614	3.130	5.775	14.882
4.935	4.437	4.303	5.512	6.117	4.187	15.980	4.686	7.627	2.363
4.793	6.677	4.847	3.988	6.592	0.143	11.497	0.343	5.212	7.546
4.405	5.912	3.176	4.784	3.382	2.469	1.939	3.636	4.845	4.386
4.334	4.699	3.851	3.061	6.298	7.599	6.340	2.195	6.679	7.722
3.527	6.052	4.160	6.264	6.037	8.682	9.883	1.166	4.438	1.762
4.618	4.875	4.835	5.264	4.038	4.025	19.387	4.340	4.082	1.351
3.252	3.453	5.318	5.494	5.518	9.979	6.293	0.333	6.801	2.003
5.179	4.430	6.025	4.396	3.382	0.175	8.978	1.654	5.891	17.371
5.533	3.341	4.800	4.682	4.886	6.356	18.181	4.754	5.497	19.579
5.940	4.356	5.085	3.571	5.497	8.580	16.587	0.345	3.865	14.870
3.606	4.935	3.778	5.542	5.559	2.561	8.956	4.714	6.716	14.521
5.799	5.623	6.012	3.845	5.228	2.204	3.231	3.519	5.518	9.757
5.244	5.071	3.791	6.175	5.398	2.050	2.449	2.308	5.544	11.956
6.977	5.402	3.891	5.363	4.094	5.285	7.194	2.671	3.741	9.360
5.734	6.053	5.016	6.062	4.912	3.807	16.984	0.450	3.661	7.775
5.504	6.348	5.443	4.288	5.158	5.915	12.002	0.023	3.618	2.997
4.369	4.600	5.384	5.806	5.511	4.465	2.472	2.345	5.721	7.809
5.292	5.082	2.532	4.580	4.455	2.205	11.971	4.624	6.603	15.552
3.317	5.946	6.458	7.455	5.188	8.467	4.227	3.861	5.542	12.470
6.137	6.868	4.256	5.993	5.888	0.461	6.196	2.861	3.439	4.277
3.440	4.909	5.394	4.749	3.358	5.143	12.282	4.782	7.457	9.426
5.368	5.190	4.068	4.857	5.230	6.764	10.882	0.658	5.868	8.465
2.266	6.373	5.683	6.812	4.452	2.764	14.532	3.618	4.449	2.546
6.203	4.760	4.944	4.799	5.401	0.819	17.122	1.644	6.745	1.756
4.037	3.540	5.920	5.992	5.216	7.828	9.529	1.629	6.351	8.548
5.412	5.703	6.583	5.577	3.783	5.154	15.049	4.964	5.748	13.011
5.591	6.364	3.887	5.002	4.158	0.137	4.392	2.240	6.292	9.750
4.851	3.259	4.348	6.139	4.599	4.606	17.260	4.555	3.996	14.206
3.957	5.697	3.265	5.303	4.327	2.619	4.663	3.318	5.859	15.610
3.994	3.969	3.826	5.841	5.252	3.860	18.247	4.372	5.711	16.588
3.892	4.730	4.548	6.158	5.485	0.170	12.081	3.486	5.799	12.851
5.339	3.946	4.614	4.203	2.828	7.778	4.863	0.963	5.324	6.240
5.849	5.426	4.333	5.694	6.954	1.768	4.317	4.103	4.698	19.222
5.379	5.559	5.081	4.697	6.166	1.669	0.112	3.107	4.744	6.164
4.205	4.426	4.509	2.938	5.339	4.239	15.730	4.304	5.287	9.588
4.014	3.733	4.029	4.110	4.907	4.264	7.079	1.729	5.772	15.310
4.024	5.395	5.777	6.241	6.267	2.036	6.841	1.485	5.004	1.131
5.072	4.640	5.785	5.513	5.510	6.136	2.132	2.303	7.047	3.848
4.144	5.689	4.176	5.413	5.190	7.811	15.622	0.544	6.340	11.185
4.442	4.712	4.131	4.448	4.806	5.155	1.427	4.917	5.045	1.273
5.712	4.819	6.857	5.416	3.217	4.925	2.966	4.700	5.073	14.701
4.332	4.822	3.989	3.758	3.148	0.429	10.763	0.837	4.810	2.003
5.317	6.995	7.046	2.590	4.812	2.997	6.652	1.420	4.747	0.298
5.785	4.927	4.620	5.361	5.530	7.720	6.983	0.588	7.731	7.514
4.299	4.393	6.301	5.256	4.757	7.419	3.317	1.679	5.639	3.979
4.762	4.190	3.844	4.401	4.549	9.841	14.215	3.872	6.350	4.971
3.913	6.522	3.073	2.999	5.144	5.189	17.684	1.913	4.974	8.707
6.547	5.452	5.656	4.236	2.677	9.628	0.763	2.292	4.599	11.418
3.884	5.024	3.265	4.296	3.111	8.674	11.134	2.438	4.877	18.214
4.827	4.469	4.164	3.898	2.403	8.892	1.562	4.629	4.992	3.439
5.939	5.034	4.624	4.870	5.097	7.983	0.990	3.587	5.416	17.951
5.174	7.323	6.158	5.704	4.888	9.983	3.830	2.956	5.923	1.539
6.263	5.856	5.438	4.542	3.034	2.970	19.591	3.458	5.127	7.630
5.831	4.640	4.728	4.163	3.661	9.478	10.327	0.155	6.066	19.314
5.177	4.884	6.368	5.820	4.725	2.760	10.392	2.208	3.705	15.067
4.032	5.417	4.128	6.460	4.835	4.928	15.702	2.007	5.500	9.885
4.329	4.213	5.964	6.931	3.570	0.861	18.852	3.355	5.989	11.168
3.538	5.991	5.270	4.242	5.442	4.518	16.560	1.877	5.665	7.854
4.790	5.600	3.689	5.221	4.189	9.824	2.073	2.312	5.111	7.712
6.441	2.949	4.873	5.444	6.191	6.281	4.600	2.802	4.420	0.620
4.790	5.783	6.651	7.706	3.913	2.458	11.082	4.546	5.195	8.949
6.124	6.465	6.365	5.457	4.833	7.535	11.342	3.389	5.915	11.802
4.945	3.636	6.732	5.697	6.258	7.569	17.628	0.902	3.330	12.260
5.292	5.185	5.495	4.886	6.340	5.388	19.515	1.911	5.541	7.718
4.448	3.976	5.600	5.205	4.197	5.871	12.853	1.411	5.529	5.959
5.398	5.163	5.139	6.087	4.635	7.957	18.448	2.162	4.539	12.168
4.557	6.112	4.556	5.142	2.749	5.954	9.804	0.155	4.495	2.760
4.349	4.799	5.432	5.543	5.120	3.124	19.769	1.479	5.014	0.078
3.134	6.499	4.344	4.532	4.683	7.347	2.429	2.333	4.737	19.345
4.930	4.430	3.345	6.888	5.479	9.435	15.517	2.012	4.739	1.567
5.506	5.940	5.683	5.461	4.836	7.582	16.730	1.539	5.564	15.511
4.849	5.455	3.282	4.693	5.670	9.274	14.087	3.349	7.803	15.337
3.489	6.289	-5.665	-8.172	12.613	-6.716	-7.639	-7.725	2.835	-7.843
2.176	4.520	-6.367	-7.383	7.700	-6.188	-7.712	-7.557	4.146	-7.778
10.916	2.252	-7.054	-6.540	10.294	-6.469	-7.044	-7.555	0.209	-5.442
0.688	8.356	-5.539	-6.663	11.836	-6.817	-6.282	-6.626	2.219	-5.715
12.010	0.233	-6.675	-6.574	18.925	-5.622	-8.064	-5.795	2.621	-6.725
7.424	3.626	-10.201	-8.813	17.617	-8.049	-6.027	-6.693	1.262	-7.844
14.280	3.084	-9.079	-6.576	16.689	-9.086	-6.813	-7.754	0.300	-6.859
9.990	9.344	-6.137	-7.714	15.461	-8.057	-6.400	-6.441	1.160	-8.390
15.253	9.831	-7.737	-7.860	12.024	-7.556	-6.542	-6.361	4.691	-7.190
11.857	3.409	-7.493	-6.126	11.604	-7.958	-7.064	-8.050	3.994	-5.689
11.261	1.922	-8.100	-7.298	18.514	-6.334	-9.669	-7.421	1.782	-6.014
14.731	2.024	-6.332	-6.506	5.356	-6.735	-6.044	-7.852	2.217	-6.723
18.077	9.255	-6.560	-9.418	13.950	-8.285	-5.504	-7.942	0.564	-5.062
11.356	4.776	-5.878	-7.542	15.439	-5.949	-6.054	-6.709	4.889	-7.571
14.710	6.020	-6.177	-7.332	4.826	-5.980	-6.325	-7.113	3.818	-7.182
8.821	3.911	-7.426	-6.301	2.716	-5.890	-7.984	-5.971	4.832	-6.183
5.691	5.907	-6.635	-7.469	17.658	-6.734	-5.049	-6.237	3.957	-6.713
10.754	3.976	-5.992	-7.646	15.125	-6.255	-8.098	-6.186	2.823	-7.351
17.206	0.799	-8.144	-6.906	15.218	-6.396	-7.130	-7.881	3.378	-7.266
19.762	1.586	-8.109	-6.423	10.055	-6.680	-7.922	-6.047	0.274	-7.532
7.809	7.219	-8.649	-7.338	7.386	-4.856	-5.663	-5.597	3.077	-8.360
12.073	3.017	-8.094	-8.154	18.642	-6.442	-8.436	-9.005	1.229	-5.827
1.556	6.865	-6.489	-7.449	14.544	-6.819	-7.188	-6.423	3.022	-8.148
6.996	5.414	-5.713	-6.379	1.768	-8.302	-5.416	-5.522	2.587	-7.080
5.690	5.987	-7.379	-6.539	1.997	-8.113	-6.440	-6.670	3.453	-7.877
2.424	1.472	-7.305	-6.583	16.467	-9.287	-5.602	-5.725	4.035	-8.765
15.753	2.857	-8.460	-6.918	2.085	-6.254	-7.505	-6.600	4.976	-7.823
1.249	7.644	-8.100	-6.447	9.028	-7.378	-9.360	-7.132	0.665	-7.905
1.846	7.088	-8.498	-6.316	15.050	-8.148	-7.618	-4.446	2.315	-4.565
12.506	8.082	-7.869	-5.921	5.931	-7.733	-7.489	-7.471	2.121	-7.471
8.744	7.976	-7.116	-9.106	16.318	-7.659	-6.987	-6.949	3.479	-6.131
9.813	6.645	-7.374	-7.427	18.553	-6.892	-6.710	-6.239	1.980	-7.479
19.414	8.922	-7.338	-6.895	5.563	-6.886	-6.698	-7.126	0.668	-7.841
5.285	6.998	-7.197	-6.489	15.067	-6.455	-7.598	-6.295	3.350	-7.343
19.425	7.880	-5.982	-6.693	18.595	-6.589	-6.041	-7.193	1.500	-7.788
16.441	0.061	-6.853	-6.238	1.156	-5.589	-6.973	-8.139	0.091	-7.057
4.722	2.879	-6.943	-7.466	19.367	-7.441	-6.579	-6.631	1.100	-6.775
2.145	5.688	-5.690	-7.699	19.466	-6.611	-7.581	-5.932	4.830	-6.574
1.832	9.821	-6.424	-5.371	0.981	-6.989	-5.847	-5.551	0.306	-7.622
16.622	3.813	-6.019	-8.048	6.109	-6.275	-6.145	-6.493	2.937	-6.459
2.017	0.421	-6.185	-7.639	0.872	-6.960	-7.062	-7.748	2.085	-6.808
15.952	0.779	-4.993	-6.296	5.424	-5.745	-6.310	-6.971	0.595	-8.661
7.002	7.347	-8.548	-6.498	19.819	-5.899	-7.503	-7.429	1.116	-7.435
10.522	4.155	-8.249	-6.974	12.094	-6.536	-6.394	-8.654	3.810	-5.160
8.456	0.087	-8.256	-8.101	11.565	-7.201	-5.124	-8.106	1.617	-8.939
1.231	5.695	-6.750	-7.309	1.352	-6.337	-5.951	-6.276	0.363	-7.247
12.172	3.338	-6.445	-8.213	1.282	-6.477	-5.352	-7.352	1.173	-6.956
12.517	9.702	-8.522	-5.419	11.477	-6.302	-5.306	-6.744	3.101	-6.969
4.430	3.051	-6.875	-7.046	17.118	-6.436	-5.021	-6.349	0.788	-8.494
1.418	4.631	-6.065	-8.452	1.336	-8.430	-7.580	-6.207	3.556	-7.466
1.276	5.886	-7.686	-6.549	18.576	-6.053	-6.765	-6.315	0.878	-4.440
14.168	1.265	-7.680	-6.661	5.137	-7.230	-6.020	-6.311	1.996	-7.989
12.414	8.509	-7.594	-5.068	10.608	-7.995	-7.440	-7.866	3.271	-7.102
3.967	2.933	-6.493	-8.004	6.790	-6.081	-6.840	-6.994	0.651	-7.918
15.063	8.035	-7.707	-8.798	16.372	-7.673	-7.746	-8.967	3.279	-5.558
3.405	0.322	-6.361	-6.385	9.322	-8.518	-6.213	-6.205	0.218	-7.389
0.554	8.218	-6.461	-6.195	15.529	-6.722	-4.573	-7.410	1.740	-5.947
18.660	4.930	-7.207	-8.419	11.143	-5.822	-6.385	-5.955	4.217	-6.674
0.774	8.912	-6.968	-7.644	1.824	-7.728	-6.040	-7.832	1.415	-7.488
13.375	6.188	-6.152	-8.836	3.139	-6.389	-6.921	-5.861	2.708	-8.613
18.374	8.883	-6.916	-7.729	6.917	-7.317	-7.394	-6.396	3.444	-6.465
13.247	6.408	-5.261	-7.187	10.508	-6.230	-6.901	-8.145	4.051	-7.715
0.631	9.819	-6.909	-6.932	5.774	-7.322	-5.890	-6.895	2.791	-4.890
16.352	7.802	-5.641	-7.116	16.837	-8.151	-7.631	-10.185	3.804	-8.226
5.498	3.793	-7.520	-6.238	17.462	-7.621	-6.844	-7.860	3.725	-8.324
19.936	3.796	-6.898	-6.238	1.904	-6.626	-6.327	-7.346	4.856	-7.768
18.987	4.322	-6.663	-7.471	15.850	-7.962	-7.093	-7.521	4.688	-6.661
17.739	1.818	-6.672	-6.772	3.488	-6.654	-8.068	-6.239	0.611	-5.565
7.700	4.826	-5.571	-8.024	4.576	-8.340	-7.195	-6.370	4.680	-5.770
7.475	5.243	-8.165	-6.070	0.958	-8.353	-5.197	-7.436	4.767	-5.762
1.479	8.185	-6.597	-7.673	11.536	-7.272	-6.620	-6.549	1.431	-7.228
2.146	7.517	-4.948	-8.385	12.599	-5.869	-7.706	-9.131	1.729	-6.565
7.145	5.415	-7.726	-5.197	16.669	-7.436	-8.184	-6.321	0.135	-8.043
19.107	3.599	-6.858	-8.070	4.656	-7.052	-6.280	-6.554	2.532	-6.634
12.474	4.000	-5.877	-5.939	5.692	-9.080	-6.561	-8.551	3.532	-6.838
7.339	1.367	-6.028	-9.001	1.910	-7.716	-6.983	-6.439	4.997	-5.020
12.922	5.838	-5.972	-7.540	11.158	-6.532	-7.488	-7.727	4.212	-6.530
16.365	3.344	-8.031	-6.170	1.554	-8.998	-6.766	-7.206	1.599	-7.918
13.056	1.086	-7.637	-8.396	10.586	-6.705	-7.946	-5.948	2.381	-5.355
12.731	1.414	-7.764	-7.676	0.010	-5.347	-7.339	-6.462	4.282	-7.270
3.266	9.448	-7.430	-6.434	7.811	-8.368	-5.977	-7.607	0.623	-7.908
18.491	9.211	-5.799	-8.026	4.524	-5.698	-8.938	-5.754	4.335	-7.329
15.072	6.871	-6.931	-5.982	5.416	-7.330	-5.690	-7.124	4.905	-7.969
14.153	3.074	-7.154	-6.489	4.812	-6.958	-6.326	-7.458	0.106	-8.964
0.609	3.479	-7.391	-7.733	17.157	-6.957	-6.881	-7.330	1.079	-6.948
17.585	1.515	-5.298	-6.762	17.714	-7.790	-5.758	-7.330	2.023	-7.637
8.307	2.008	-6.148	-7.948	16.778	-8.834	-6.684	-5.837	2.372	-6.960
18.315	4.825	-6.603	-6.955	16.937	-7.199	-5.201	-8.300	2.431	-5.699
10.961	0.904	-7.457	-8.832	6.823	-7.196	-6.517	-6.644	4.900	-5.184
3.710	6.379	-8.518	-5.846	1.347	-6.859	-6.414	-6.487	3.465	-6.931
13.401	4.495	-6.283	-6.446	12.025	-7.717	-8.100	-5.116	1.598	-6.999
3.306	0.798	-8.334	-8.919	7.900	-8.225	-5.963	-7.065	1.193	-8.291
15.385	1.202	-7.650	-7.806	8.940	-7.252	-6.770	-6.499	4.249	-8.500
19.571	4.164	-5.315	-6.484	14.061	-7.676	-7.502	-7.831	1.471	-6.580
11.159	5.774	-6.942	-5.805	2.501	-9.005	-5.460	-6.897	3.229	-6.631
0.205	0.846	-8.942	-7.727	0.590	-4.956	-6.825	-6.425	4.273	-6.564
0.800	4.104	-8.105	-6.882	19.011	-5.606	-5.155	-7.581	4.416	-4.939
13.779	3.112	-7.373	-6.397	18.267	-6.245	-6.713	-6.856	1.053	-7.297
3.468	1.592	-6.399	-7.960	15.235	-7.812	-6.506	-7.855	3.364	-5.390
19.945	4.199	-8.081	-7.877	11.350	-6.017	-6.350	-5.753	4.109	-4.682
17.892	8.417	-8.612	-6.751	16.373	-5.919	-8.721	-7.747	0.963	-7.465
19.718	3.351	-6.172	-6.577	17.697	-7.277	-6.774	-7.629	2.786	-5.872
18.790	1.423	-7.148	-6.619	7.492	-6.561	-8.042	-8.966	0.029	-8.075
8.563	1.217	-8.898	-5.494	0.042	-7.718	-7.790	-5.817	2.023	-7.701
2.435	5.679	-7.245	-7.846	5.037	-5.319	-8.314	-8.170	4.516	-6.682
10.170	3.190	-6.999	-7.228	14.503	-7.429	-6.330	-6.249	2.397	-7.450
1.166	2.536	-7.283	-6.996	10.786	-5.955	-6.021	-6.371	4.739	-5.870
6.859	8.316	-7.540	-6.267	19.940	-7.904	-7.924	-6.792	1.842	-7.914
17.451	7.067	-6.032	-6.572	13.748	-6.159	-7.482	-7.852	0.396	-8.150
5.458	2.128	-6.472	-7.135	13.685	-5.929	-6.235	-7.413	4.097	-6.947
14.049	9.126	-5.947	-8.009	13.384	-8.075	-6.107	-6.139	0.987	-6.427
5.235	4.359	-7.625	-6.642	13.788	-8.485	-6.810	-4.300	3.410	-5.986
12.746	1.055	-9.268	-7.618	15.332	-7.259	-6.965	-6.159	1.814	-7.372
5.273	2.175	-5.951	-8.225	7.797	-6.796	-5.250	-7.101	3.349	-6.331
2.673	3.437	-8.952	-7.358	13.396	-7.087	-6.289	-7.209	0.452	-8.276
13.702	1.819	-5.749	-8.435	6.943	-5.287	-8.349	-7.830	0.824	-6.436
14.085	1.944	-5.637	-6.754	18.681	-6.283	-6.880	-6.567	1.169	-8.401
6.112	9.367	-7.751	-6.023	7.875	-5.605	-6.263	-5.669	2.584	-8.504
11.725	0.637	-8.424	-9.574	16.157	-6.260	-8.310	-9.077	3.933	-5.812
18.765	3.754	-8.256	-5.776	18.539	-4.677	-6.765	-6.574	2.554	-7.168
0.867	1.972	-7.866	-6.340	1.359	-7.035	-5.669	-6.488	3.177	-7.591
9.327	2.344	-6.951	-6.460	18.303	-6.217	-5.156	-6.915	4.601	-5.561
8.126	0.287	-6.711	-7.985	16.585	-5.907	-6.821	-5.665	2.715	-6.063
14.484	2.177	-7.609	-7.417	12.609	-6.414	-7.948	-5.677	2.582	-6.642
12.424	6.891	-6.650	-4.209	1.603	-8.537	-7.549	-5.432	2.123	-5.806
10.333	0.723	-6.374	-7.632	3.203	-5.357	-7.807	-7.149	1.253	-6.160
5.586	5.973	-5.471	-4.869	14.242	-6.726	-7.325	-6.973	4.616	-6.724
5.395	8.946	-7.180	-7.709	7.319	-7.271	-6.293	-7.172	1.981	-6.891
6.353	6.059	-6.983	-7.118	16.523	-7.082	-7.317	-8.534	2.371	-6.637
9.755	5.499	-7.687	-8.817	16.243	-7.732	-7.118	-8.195	3.622	-7.352
15.265	3.937	-7.380	-6.766	17.807	-6.039	-7.597	-6.953	4.000	-6.720
1.978	3.282	-6.731	-6.486	15.532	-7.255	-6.745	-6.707	1.024	-7.127
18.993	6.190	-8.312	-6.142	19.140	-6.753	-7.153	-7.121	3.162	-5.820
4.313	9.240	-7.045	-7.073	4.538	-6.198	-7.844	-3.249	1.805	-7.177
17.258	9.626	-7.283	-7.707	7.234	-7.179	-6.007	-9.540	1.212	-5.891
5.249	5.528	-8.405	-7.247	11.107	-7.813	-7.476	-5.536	3.523	-6.806
4.638	5.405	-6.810	-5.799	5.513	-6.064	-5.638	-6.715	3.780	-6.483
7.850	3.988	-6.745	-6.427	1.795	-7.644	-7.995	-6.231	0.750	-6.696
3.358	9.071	-5.491	-5.194	16.628	-6.999	-5.464	-7.815	0.573	-6.772
0.089	8.547	-6.876	-7.383	1.413	-6.355	-6.683	-7.718	1.320	-4.410
3.066	2.307	-7.611	-6.191	17.592	-6.216	-5.057	-7.166	2.147	-6.517
15.423	0.828	-7.687	-8.159	5.604	-6.548	-6.460	-6.638	1.265	-8.206
10.029	7.487	-8.114	-5.756	2.979	-5.771	-8.659	-4.959	4.958	-7.165
14.750	3.591	-6.321	-5.958	18.434	-5.892	-8.383	-7.940	0.397	-6.540
5.973	8.965	-8.309	-6.581	7.089	-6.371	-5.796	-7.937	3.688	-7.920
16.268	0.699	-8.634	-7.489	19.786	-6.669	-7.520	-5.474	4.826	-8.369
16.979	9.158	-6.876	-8.168	1.398	-8.061	-6.695	-7.654	2.825	-5.619
18.307	0.290	-5.998	-6.473	5.520	-6.954	-7.389	-7.333	1.058	-6.811
17.889	1.278	-7.551	-6.579	9.425	-7.593	-6.365	-5.544	0.846	-6.946
12.641	0.975	-6.255	-8.597	13.014	-8.212	-7.213	-7.377	1.199	-8.596
15.771	0.338	-7.183	-7.328	1.261	-6.207	-7.193	-7.757	0.896	-8.501
18.165	7.562	-6.003	-7.711	8.159	-8.578	-8.742	-7.038	4.322	-5.043
12.950	6.116	-6.190	-6.571	17.765	-7.060	-7.103	-5.372	1.991	-7.652
18.128	6.935	-7.142	-6.264	4.006	-8.102	-6.767	-7.699	3.872	-6.270
2.715	1.855	-6.337	-7.947	4.332	-8.071	-6.537	-7.573	3.937	-6.782
12.602	3.353	-5.570	-7.239	5.125	-7.122	-7.567	-6.703	3.626	-7.053
13.055	1.446	-4.750	-7.897	15.881	-5.435	-5.818	-6.639	3.399	-7.223
1.065	2.779	-6.900	-8.013	16.988	-7.651	-7.694	-7.111	0.599	-5.623
2.537	5.676	-4.267	-5.932	12.617	-7.455	-7.419	-5.040	1.422	-5.405
19.988	9.580	-6.111	-7.061	18.582	-6.709	-7.576	-7.192	3.434	-7.541
10.033	5.422	-7.149	-7.612	17.909	-6.647	-6.868	-6.009	4.528	-7.716
11.265	7.922	-8.397	-6.552	6.407	-7.657	-6.316	-9.156	0.099	-6.157
2.232	0.656	-7.120	-6.912	8.888	-6.751	-6.613	-6.997	0.254	-5.990
8.451	5.534	-6.587	-7.528	8.393	-6.821	-5.822	-5.253	2.012	-7.966
14.222	5.063	-6.486	-6.203	0.666	-7.433	-6.553	-7.819	0.106	-6.988
19.512	1.545	-5.612	-5.912	13.002	-7.399	-8.113	-8.882	1.589	-7.037
12.062	6.050	-8.146	-8.503	13.493	-6.590	-8.214	-5.035	4.866	-6.762
5.161	6.934	-6.278	-4.576	6.630	-8.134	-6.543	-6.936	1.681	-7.061
16.045	2.417	-6.073	-7.948	7.767	-6.929	-6.361	-5.837	1.395	-6.697
3.892	6.274	-7.362	-6.747	8.150	-7.742	-6.623	-6.082	3.714	-6.428
17.588	3.627	-6.428	-5.610	15.846	-6.340	-7.653	-6.523	0.459	-7.318
9.206	1.714	-6.649	-8.328	8.783	-7.244	-7.126	-8.087	2.416	-5.802
11.488	3.249	-6.162	-7.277	9.451	-7.105	-7.749	-8.810	3.725	-7.065
17.187	9.016	-5.470	-8.321	0.976	-7.114	-7.292	-6.284	1.832	-6.954
12.154	4.392	-6.402	-7.177	11.221	-7.044	-7.784	-7.378	4.249	-7.654
14.829	1.458	-6.554	-7.729	19.292	-6.882	-7.366	-7.781	1.030	-6.928
11.291	8.807	-8.029	-7.416	10.496	-6.750	-9.153	-5.716	2.064	-6.967
4.473	9.747	-7.698	-6.323	4.474	-7.340	-7.341	-6.498	4.774	-7.505
12.716	8.506	-8.089	-6.847	11.376	-7.228	-5.828	-7.218	1.706	-7.213
7.856	4.091	-5.846	-5.640	7.189	-7.723	-6.946	-8.265	2.288	-5.320
10.830	2.251	-7.549	-7.254	1.839	-6.567	-6.033	-4.514	2.157	-8.401
9.238	0.167	-6.939	-6.752	7.181	-6.351	-7.148	-6.469	3.535	-7.587
17.887	0.793	-6.215	-6.001	5.186	-7.224	-6.840	-6.506	3.524	-6.532
3.987	9.280	-6.074	-6.473	13.079	-6.037	-6.949	-6.081	4.363	-6.503
1.393	9.641	-6.490	-7.573	9.373	-7.699	-6.792	-8.133	1.290	-7.304
13.609	8.194	-6.152	-7.862	10.220	-6.064	-8.169	-8.054	4.334	-8.069
7.152	1.366	-7.047	-6.252	6.983	-8.862	-7.418	-7.059	4.440	-7.439
10.637	3.958	-8.495	-7.776	2.158	-5.692	-6.635	-7.997	3.123	-7.827
4.953	4.197	-5.268	-5.610	19.411	-5.535	-6.925	-7.862	0.011	-8.034
2.663	6.346	-7.658	-7.290	3.530	-7.386	-7.306	-6.934	2.062	-4.998
10.626	8.062	-7.712	-6.153	1.411	-5.645	-7.417	-6.352	1.998	-6.495
11.122	4.989	-6.729	-7.385	1.920	-7.402	-8.780	-8.127	4.023	-6.480
14.793	7.357	-7.185	-7.830	16.624	-6.649	-7.957	-6.923	4.149	-7.026
7.178	8.091	-8.915	-6.750	9.006	-6.208	-7.605	-7.223	0.117	-6.635
10.996	6.503	-8.854	-6.485	8.846	-6.582	-8.346	-7.161	2.588	-7.015
15.397	5.977	-8.477	-7.212	14.921	-6.750	-4.617	-6.118	3.240	-7.014
15.309	0.842	-6.017	-8.524	3.192	-7.078	-7.107	-7.177	1.961	-5.551
7.143	2.723	-5.694	-7.566	14.675	-6.915	-7.068	-6.332	3.722	-6.631
16.871	1.056	-6.833	-7.222	2.996	-6.805	-7.621	-4.824	3.612	-7.788
5.903	2.579	-6.595	-6.395	15.977	-6.479	-4.553	-7.527	4.188	-7.497
9.276	0.954	-5.859	-6.815	4.146	-8.722	-6.969	-6.173	3.691	-6.791
11.707	0.591	-7.019	-5.824	0.368	-6.918	-8.250	-7.045	0.824	-7.646
4.106	2.555	-9.798	-6.513	4.147	-6.507	-6.865	-4.622	4.467	-8.043
15.061	4.540	-6.813	-6.745	3.673	-6.284	-7.378	-7.928	3.621	-6.839
11.424	9.148	-6.226	-6.584	12.224	-7.932	-7.501	-5.698	4.072	-7.236
6.633	9.600	-6.562	-8.046	3.994	-7.585	-5.987	-7.695	0.630	-8.496
3.724	5.695	-6.381	-8.566	4.940	-6.806	-6.957	-8.211	0.621	-6.288
8.469	0.320	-5.590	-6.573	9.538	-7.217	-6.049	-6.209	1.832	-7.761
1.871	9.328	-7.602	-5.731	9.172	-6.251	-5.722	-8.138	3.547	-7.711
2.787	9.194	-6.254	-7.342	19.270	-8.777	-7.972	-7.221	4.642	-6.127
17.944	8.567	-7.467	-5.045	3.471	-8.218	-6.750	-6.821	3.218	-6.661
11.009	0.163	-5.160	-5.690	10.318	-8.307	-7.404	-7.469	3.057	-9.485
6.114	4.716	-9.179	-5.733	16.835	-7.294	-6.279	-7.487	3.307	-6.480
4.625	9.719	-7.160	-7.961	18.940	-8.502	-5.413	-5.993	0.801	-7.688
4.761	8.995	-7.726	-9.137	9.104	-6.817	-6.285	-8.178	4.730	-6.862
3.254	5.799	-7.400	-6.441	11.789	-7.514	-7.758	-5.608	0.931	-6.442
14.868	6.117	-8.311	-5.335	7.489	-6.697	-8.506	-6.489	1.940	-7.123
11.693	1.105	-7.604	-5.538	16.002	-7.291	-7.304	-7.335	4.658	-5.590
16.401	5.687	-6.862	-8.450	6.131	-6.070	-7.957	-4.903	2.259	-7.715
12.834	5.495	-7.898	-6.144	3.756	-6.620	-6.702	-6.850	4.620	-8.238
3.533	4.545	-7.635	-7.976	1.020	-5.701	-6.814	-8.919	2.709	-7.366
7.614	2.424	-8.207	-9.272	4.060	-8.177	-7.397	-7.653	0.978	-7.656
15.164	9.378	-5.146	-5.898	14.590	-4.564	-7.248	-5.363	3.017	-9.216
4.501	3.001	-7.425	-6.518	8.481	-7.187	-7.165	-7.156	3.855	-8.790
17.107	0.831	-6.037	-7.142	6.602	-7.171	-7.983	-4.868	4.538	-8.208
14.806	5.824	-3.519	-7.819	6.752	-6.761	-7.760	-7.136	0.926	-7.416
17.580	1.671	-6.749	-6.753	7.474	-5.885	-6.217	-6.701	1.294	-7.090
16.612	1.055	-6.069	-5.531	7.981	-7.068	-6.411	-7.404	3.087	-6.161
7.088	7.242	-6.960	-6.394	7.013	-6.508	-6.104	-7.128	0.575	-6.938
19.994	6.188	-7.694	-6.817	3.351	-7.510	-6.247	-6.299	4.993	-4.843
18.647	8.693	-7.692	-5.885	9.161	-7.576	-7.925	-6.552	3.467	-6.470
12.380	9.182	-7.182	-6.298	12.468	-8.124	-7.473	-6.621	4.849	-8.102
1.847	9.017	-6.412	-5.788	10.012	-7.880	-7.154	-7.782	3.974	-6.073
3.545	1.561	-7.056	-8.242	13.246	-7.215	-7.368	-6.764	3.898	-6.920
1.435	1.462	-7.732	-6.748	7.450	-6.311	-6.108	-7.432	4.132	-7.965
10.096	2.011	-8.069	-6.710	0.398	-8.282	-6.454	-7.412	0.050	-7.772
1.304	9.358	-6.129	-7.607	2.980	-8.870	-5.143	-8.700	3.386	-7.378
18.567	2.249	-7.628	-6.635	3.955	-6.162	-5.247	-6.836	2.035	-6.068
11.456	4.894	-8.389	-7.621	1.004	-7.205	-8.626	-7.627	4.144	-6.636
2.108	2.312	-6.833	-8.400	5.577	-7.422	-6.811	-6.355	0.297	-8.136
0.251	3.766	-6.300	-7.235	18.724	-8.181	-7.472	-7.034	1.571	-6.076
1.254	1.051	-6.279	-6.814	10.591	-6.205	-3.945	-7.157	2.268	-7.316
18.337	8.015	-5.502	-8.019	15.023	-6.276	-6.780	-6.744	1.071	-9.508
11.591	7.902	-7.037	-7.566	11.641	-6.714	-6.803	-7.191	0.396	-6.257
0.282	6.662	-6.043	-6.481	17.953	-8.814	-5.992	-5.592	4.679	-6.022
2.501	5.606	-5.836	-6.098	18.271	-7.050	-7.135	-6.108	3.293	-7.860
5.971	0.485	-8.159	-6.552	19.768	-7.424	-7.555	-6.352	3.678	-6.832
19.889	6.868	-7.958	-6.223	5.601	-5.336	-6.374	-7.716	3.758	-6.905
14.111	2.510	-6.660	-5.536	13.774	-5.174	-7.236	-5.624	4.527	-6.126
6.459	0.069	-6.716	-8.198	10.924	-6.973	-7.269	-6.297	2.056	-5.205
1.882	7.451	-6.507	-7.754	16.196	-7.835	-5.541	-6.149	0.587	-7.825
19.772	7.276	-6.832	-6.327	17.117	-7.322	-7.554	-5.191	1.239	-7.421
5.886	6.773	-7.377	-6.790	12.536	-4.041	-7.176	-5.720	1.854	-5.438
9.634	9.995	-6.535	-6.653	4.217	-6.441	-7.386	-7.289	3.168	-5.908
13.750	0.717	-5.431	-6.907	13.019	-8.373	-7.892	-8.489	4.469	-7.314
6.201	7.021	-6.134	-8.316	5.003	-6.528	-6.145	-6.818	2.988	-7.410
6.502	6.803	-5.674	-6.417	15.791	-6.088	-5.560	-5.116	3.735	-6.529
8.305	7.743	-7.545	-7.034	9.863	-8.084	-6.471	-7.183	0.710	-7.693
15.745	7.390	-7.283	-7.830	10.584	-8.190	-6.105	-8.152	4.122	-7.521
16.309	0.009	-6.534	-8.462	18.278	-7.236	-3.648	-9.905	2.245	-6.051
7.713	6.020	-6.677	-8.880	17.646	-6.603	-7.447	-7.560	3.482	-7.527
3.316	2.165	-4.521	-6.883	8.797	-6.120	-6.819	-6.849	1.499	-8.496
19.570	8.739	-6.274	-6.959	19.448	-7.531	-6.484	-5.838	2.171	-7.141
15.912	3.841	-8.520	-8.990	4.628	-8.551	-5.242	-6.982	3.971	-7.652
7.898	6.446	-7.962	-7.346	2.953	-6.822	-7.606	-6.819	1.151	-7.903
18.431	3.144	-5.955	-5.697	18.041	-7.716	-6.950	-9.051	1.496	-5.955
18.440	2.155	-10.320	-6.785	11.868	-8.607	-6.429	-7.675	4.317	-9.604
9.514	0.658	-6.464	-7.948	15.581	-5.175	-7.329	-5.811	4.193	-5.241
14.235	5.298	-6.059	-8.039	0.860	-4.690	-7.196	-7.967	0.807	-5.698
0.008	0.965	-6.938	-7.296	17.160	-6.370	-6.819	-7.478	2.335	-6.791
13.398	4.965	-6.671	-8.738	18.862	-7.294	-7.292	-5.400	1.272	-6.548
10.816	7.266	-5.898	-5.946	4.332	-7.216	-6.793	-8.512	4.717	-8.616
8.961	4.848	-5.948	-7.467	6.356	-5.017	-7.838	-5.973	0.125	-7.044
14.035	1.740	-6.928	-7.351	14.845	-7.164	-7.832	-5.995	2.867	-6.176
18.599	2.256	-7.064	-7.975	9.131	-6.579	-6.934	-7.404	1.724	-8.157
7.264	1.013	-6.625	-7.162	12.524	-6.963	-8.037	-8.037	3.628	-6.248
18.851	6.515	-6.495	-5.327	18.724	-6.327	-7.971	-7.912	1.079	-5.070
19.696	3.811	-7.838	-6.789	7.426	-5.972	-5.862	-6.427	1.663	-6.975
3.432	2.591	-5.720	-8.379	11.851	-5.734	-6.851	-5.898	2.854	-4.485
11.740	5.288	-7.212	-5.659	1.775	-6.667	-8.278	-6.696	0.892	-8.411
3.762	1.060	-6.977	-7.759	10.660	-7.300	-7.353	-7.272	1.878	-7.423
10.640	5.976	-8.198	-5.969	14.497	-7.588	-6.585	-7.607	3.414	-5.697
14.073	9.009	-6.090	-8.583	19.334	-7.294	-7.563	-7.923	1.399	-7.223
11.885	1.195	-6.562	-5.532	2.236	-7.579	-8.401	-7.386	4.669	-6.903
10.513	7.412	-7.183	-6.741	3.060	-7.468	-5.125	-6.835	2.264	-7.216
14.109	0.720	-7.658	-5.792	6.467	-7.327	-5.994	-7.174	1.517	-8.050
12.889	2.905	-7.410	-7.019	17.270	-7.726	-6.996	-5.856	0.489	-7.054
0.101	8.493	-7.554	-7.172	15.459	-5.841	-6.916	-10.320	0.122	-6.622
6.815	8.520	-7.885	-7.232	13.990	-6.937	-5.622	-7.909	4.980	-7.688
4.331	1.863	-6.850	-7.143	3.112	-6.825	-8.046	-7.643	3.093	-7.149
11.795	0.703	-7.577	-6.873	12.875	-5.191	-6.694	-6.586	4.719	-7.676
19.684	3.279	-6.808	-8.398	4.335	-5.985	-6.690	-6.922	2.728	-7.875
8.937	0.036	-7.687	-6.810	7.128	-8.232	-8.115	-5.683	3.086	-7.088
7.745	4.560	-7.062	-5.840	9.119	-6.525	-5.641	-7.876	2.711	-8.578
4.467	4.004	-5.840	-7.660	0.861	-7.980	-7.716	-5.328	2.422	-6.220
7.479	3.775	-4.394	-7.275	15.818	-6.531	-8.342	-6.150	1.030	-6.342
3.281	9.086	-7.074	-8.061	18.212	-7.353	-7.318	-8.580	4.886	-7.778
19.336	9.120	-5.274	-6.421	8.798	-6.604	-6.921	-6.707	3.273	-7.564
0.202	2.678	-6.773	-6.166	15.569	-6.376	-6.554	-6.895	1.179	-8.144
3.834	0.349	-6.419	-6.159	2.462	-7.148	-5.078	-6.018	2.890	-7.444
8.460	8.012	-6.343	-4.976	14.532	-7.534	-5.545	-7.778	0.884	-8.639
2.293	5.912	-7.099	-8.095	0.849	-7.492	-6.487	-7.165	3.703	-6.852
14.287	9.721	-7.606	-8.450	19.770	-9.702	-7.069	-7.300	3.583	-7.621
19.808	7.279	-6.589	-7.391	7.892	-7.344	-6.842	-7.228	4.080	-7.370
3.562	4.164	-7.034	-7.373	18.113	-7.358	-6.840	-7.816	2.899	-5.979
8.919	7.622	-7.107	-5.064	6.990	-6.335	-6.069	-7.655	0.031	-7.371
4.644	8.687	-7.401	-7.253	4.782	-5.822	-7.823	-7.666	2.264	-7.092
4.894	8.712	-5.715	-8.324	18.681	-6.739	-7.194	-7.672	2.490	-7.080
4.412	8.307	-6.990	-7.172	14.916	-4.517	-8.406	-8.263	4.077	-6.912
12.495	8.825	-8.232	-7.108	12.052	-8.262	-7.247	-7.451	4.663	-8.110
8.304	6.825	-7.760	-7.391	16.480	-8.255	-7.262	-6.217	1.640	-6.733
7.686	0.116	-7.854	-5.897	3.179	-6.949	-7.353	-8.190	3.339	-7.994
18.881	9.726	-8.242	-6.852	0.153	-5.984	-6.463	-7.080	3.753	-6.026
1.577	6.328	-5.596	-6.310	7.930	-6.373	-7.186	-8.435	0.953	-5.391
13.323	9.675	-6.883	-6.394	17.481	-7.219	-6.900	-7.757	1.158	-7.624
8.121	4.578	-7.219	-7.192	17.244	-5.873	-7.113	-7.899	1.005	-7.278
10.691	9.740	-8.282	-8.162	14.774	-7.114	-6.425	-8.093	4.651	-7.607
14.614	4.328	-6.742	-6.572	11.070	-7.635	-6.235	-7.210	3.312	-8.620
3.258	4.932	-8.274	-7.111	10.799	-6.521	-7.209	-6.025	4.633	-8.808
11.206	9.536	-6.251	-7.670	4.819	-7.694	-7.720	-6.972	1.369	-6.978
17.781	7.946	-8.274	-5.357	3.633	-6.874	-7.703	-7.668	2.703	-9.544
13.487	0.030	-5.732	-5.347	17.955	-6.221	-3.521	-5.211	0.292	-7.052
1.989	0.283	-8.273	-6.318	10.231	-7.209	-7.778	-7.337	0.805	-6.146
12.351	9.521	-7.653	-6.413	8.198	-6.038	-9.232	-6.476	4.888	-6.311
18.374	9.919	-5.145	-6.150	12.656	-10.980	-9.139	-6.706	4.171	-6.408
3.363	1.033	-7.295	-6.494	2.404	-6.810	-7.213	-8.282	0.763	-7.872
17.531	5.579	-7.989	-6.642	10.675	-6.730	-7.870	-7.225	0.736	-6.709
6.567	8.604	-8.288	-5.966	0.697	-7.701	-7.222	-8.221	4.359	-7.742
16.086	5.289	-7.116	-5.838	7.756	-7.648	-7.140	-6.105	0.182	-8.000
5.873	6.721	-5.815	-8.210	5.580	-8.106	-6.130	-6.444	2.163	-8.137
1.598	1.371	-7.670	-6.039	10.662	-7.244	-7.630	-6.870	0.200	-6.556
5.755	3.208	-5.392	-7.062	13.543	-8.429	-6.576	-8.849	1.353	-7.002
19.286	2.086	-6.652	-7.677	16.268	-7.459	-7.304	-5.970	4.762	-9.468
4.892	6.400	-5.526	-7.232	2.577	-6.404	-7.488	-5.922	1.392	-6.133
