7.591	0.152	0.306	-0.543	2.808	4.263	12.956	1.537	2.893	1.935	7.929	4.953
4.463	0.883	0.449	0.563	9.632	3.570	11.154	3.803	0.594	10.308	5.538	3.784
4.976	-0.895	-1.451	0.921	4.381	3.093	16.298	1.620	2.210	0.478	4.024	2.904
3.230	0.112	0.698	-0.169	1.058	2.285	2.836	6.126	3.969	7.827	0.963	4.554
12.830	0.051	-0.012	-0.214	6.200	1.435	6.364	1.820	0.903	15.332	7.123	1.572
3.280	0.498	1.324	-0.296	4.102	0.671	4.559	9.312	3.895	10.522	8.668	0.110
16.196	-0.820	0.957	0.164	3.927	3.088	1.628	0.542	4.000	6.926	9.953	3.241
13.930	1.044	1.998	-0.408	1.558	2.070	11.257	4.965	1.132	0.547	8.025	1.621
14.020	0.297	-0.710	0.088	5.654	3.117	15.267	5.450	3.034	10.553	1.771	4.861
8.488	-1.428	-0.251	-1.180	0.441	0.169	18.098	8.706	4.587	14.679	9.682	2.849
4.651	0.179	0.094	-1.225	7.932	3.163	19.263	5.446	1.316	18.782	8.619	3.450
18.990	-1.796	-0.620	-1.436	7.767	3.629	8.818	3.656	4.789	3.171	5.386	2.532
6.125	1.585	-0.283	0.306	8.116	2.695	19.765	3.040	1.314	18.053	2.482	0.689
12.239	-0.385	1.658	-0.414	4.017	3.523	10.230	8.790	2.848	7.212	7.011	1.458
13.939	0.868	1.680	-1.040	4.627	3.132	2.208	2.683	4.939	16.649	7.458	3.832
16.023	-0.682	0.725	0.534	0.654	4.403	0.144	2.150	1.496	16.008	4.564	0.890
4.464	1.746	-2.217	0.259	1.165	0.712	12.527	4.456	3.199	5.419	3.523	0.182
10.087	1.598	0.505	0.145	8.144	2.690	3.369	3.109	2.499	3.152	3.998	0.542
6.576	0.294	0.989	0.269	5.727	2.964	8.076	2.254	0.829	5.230	0.849	3.023
16.475	0.055	0.453	0.014	7.094	3.099	3.238	6.505	3.062	12.091	6.650	1.641
6.204	0.739	0.721	-0.350	5.400	3.212	7.548	4.922	2.924	16.106	0.082	1.124
1.680	-1.255	0.760	1.736	7.318	2.116	0.714	4.958	3.531	18.441	5.418	3.882
19.431	1.577	-1.058	0.367	2.314	1.112	5.099	6.946	4.985	16.798	9.857	2.419
12.525	1.272	-0.283	0.913	7.427	0.520	0.233	2.238	2.264	18.679	7.798	1.243
10.355	0.184	1.168	0.236	5.292	1.980	9.231	1.459	0.129	11.643	4.146	4.871
16.239	1.540	-0.686	1.524	4.792	2.158	5.299	0.239	3.854	15.365	4.706	0.609
14.353	0.476	0.001	-1.637	6.170	3.954	3.277	5.451	2.367	11.397	3.292	0.285
0.959	0.034	-0.870	-0.152	4.748	0.032	10.149	1.714	0.921	7.434	4.687	3.451
5.612	0.460	-0.585	-0.180	4.785	3.289	6.760	0.143	2.152	13.108	9.093	0.838
4.910	0.202	0.616	-0.875	8.585	3.403	1.256	1.575	3.585	4.677	3.705	0.743
3.985	0.522	0.624	0.585	6.933	3.850	9.111	5.649	4.041	9.858	6.220	2.746
0.317	-0.843	0.187	0.742	0.113	3.640	15.170	3.664	4.271	14.169	5.766	2.682
3.317	0.224	-0.474	-1.118	1.795	0.639	15.146	4.901	0.196	14.823	4.400	2.023
14.619	0.199	1.104	-0.158	6.025	3.145	18.332	6.145	4.334	18.886	2.704	1.184
5.119	1.587	-0.523	1.364	8.922	0.833	1.794	2.687	0.848	9.610	3.772	3.702
7.139	-1.333	1.075	0.916	4.377	1.739	10.022	8.784	1.015	3.254	1.090	2.281
15.289	-1.446	-1.855	-0.259	2.448	2.945	14.242	8.568	1.142	16.997	1.216	4.695
14.239	0.316	-0.911	0.657	8.789	2.079	11.996	8.438	2.839	5.384	0.311	4.351
15.182	-2.009	-0.464	-1.384	2.570	3.276	19.682	4.867	4.204	15.402	9.409	0.244
9.595	0.481	-0.983	-0.435	8.339	1.096	1.937	0.804	4.429	3.908	4.971	2.511
16.897	0.733	-0.513	0.732	0.277	0.752	11.688	2.345	1.067	17.589	5.726	3.269
4.717	0.045	-0.585	0.380	4.857	1.021	19.426	2.630	0.928	3.569	9.730	2.043
8.301	-0.971	-0.618	-1.176	2.011	1.540	19.748	9.925	3.957	13.672	5.128	4.620
4.571	-1.088	0.311	0.409	7.965	1.044	13.841	0.814	1.448	15.447	6.990	1.826
15.802	-2.697	-0.322	0.060	4.729	4.979	5.198	3.008	2.097	9.849	3.074	0.159
15.563	-0.560	-1.089	-0.545	6.385	1.406	10.443	5.570	2.315	6.512	2.930	4.755
7.015	0.236	-1.513	-1.571	6.477	2.701	11.617	8.097	3.802	4.715	8.698	3.835
0.867	-0.753	-0.254	-0.831	2.763	1.776	0.865	8.022	4.473	11.230	9.087	1.170
15.176	0.270	0.700	1.231	9.310	0.310	16.092	4.799	4.513	8.063	2.870	3.568
9.086	-0.127	0.073	0.882	3.091	0.149	2.352	0.590	0.958	9.066	9.806	0.908
16.663	-0.090	-0.567	0.961	1.367	0.548	18.098	7.932	1.100	18.101	9.366	4.137
9.397	-0.867	-0.307	-1.549	7.839	4.789	7.168	9.858	4.070	12.593	6.646	4.690
13.770	0.493	1.317	0.612	1.937	2.973	0.712	8.450	1.357	18.120	4.278	0.006
1.902	1.156	0.195	-0.680	9.869	3.277	13.784	1.272	1.919	9.805	9.817	1.522
7.077	0.307	0.215	0.193	1.606	1.518	6.221	3.866	3.537	0.575	9.644	1.796
15.486	2.214	-1.254	0.873	9.646	1.212	15.501	5.156	3.814	8.980	1.821	3.460
14.120	1.528	0.497	1.705	5.031	1.556	4.863	1.949	4.342	5.110	6.180	2.948
13.607	0.513	1.141	-0.230	6.641	2.659	9.623	4.839	3.417	12.466	9.340	4.523
8.811	-0.074	0.799	0.000	2.684	4.061	16.786	7.451	3.362	16.553	2.203	2.124
1.890	-0.090	-1.747	-0.786	0.271	2.574	18.759	7.967	2.676	7.094	7.117	2.331
14.942	-0.249	1.589	0.333	3.257	2.383	14.792	0.810	0.879	8.177	3.307	0.940
8.072	1.159	-0.988	-0.467	5.146	2.714	15.372	0.545	0.772	8.819	0.257	1.614
12.058	-0.952	-1.116	-1.109	1.857	0.079	6.124	1.070	0.523	13.178	1.753	4.608
8.398	-0.832	0.677	0.938	8.724	2.462	8.734	9.306	2.926	19.855	3.643	0.497
7.464	-0.122	-0.203	0.689	1.600	0.779	18.604	0.682	2.840	16.661	5.835	1.296
17.763	0.811	0.229	-0.759	4.032	0.370	19.591	0.158	3.011	0.239	1.337	2.003
4.144	0.150	-0.401	1.316	6.959	3.195	9.346	5.910	0.529	5.692	0.444	1.250
17.844	0.832	-1.201	-1.008	3.486	4.510	10.743	6.902	4.421	11.267	1.409	4.445
14.363	0.119	1.612	-1.032	6.567	4.235	4.066	6.404	0.328	18.723	1.999	4.584
13.742	-0.431	-1.163	0.187	6.905	1.367	9.422	6.016	2.718	16.981	9.499	1.453
6.419	0.149	0.487	-0.170	6.932	3.890	12.440	6.763	4.064	19.141	7.719	1.756
6.650	-0.730	2.934	0.294	6.087	3.613	14.541	1.451	4.102	12.327	2.625	3.268
9.621	0.489	0.076	0.322	0.015	2.399	18.636	2.049	3.535	1.496	6.802	0.818
17.317	0.154	-1.483	1.178	6.742	4.979	19.764	7.848	0.763	13.585	3.836	3.336
7.401	-0.811	0.765	0.066	2.010	4.657	19.999	5.405	4.399	7.994	8.780	1.308
13.949	1.104	-0.290	-0.172	9.977	2.120	12.133	0.410	0.357	13.975	8.538	1.381
16.076	1.125	0.867	0.952	6.981	4.865	8.954	9.961	4.538	4.201	9.794	1.129
5.514	-0.444	-0.353	-0.656	6.242	1.734	10.374	9.005	2.642	9.211	5.294	3.945
8.645	1.332	-0.394	-1.642	0.275	1.548	11.705	9.841	1.144	18.335	3.416	1.729
7.356	0.568	-0.457	0.602	6.887	3.659	10.179	0.735	1.497	18.824	2.943	4.344
9.838	-0.994	1.100	-0.226	9.831	0.444	19.899	2.311	1.295	19.075	4.087	4.046
16.861	1.779	-1.418	0.074	8.742	4.770	6.538	2.160	0.338	0.765	6.937	3.178
11.009	1.007	0.373	0.838	5.446	4.495	13.281	2.527	3.500	17.917	1.978	4.033
4.664	-1.214	-0.105	0.609	0.920	1.889	3.980	0.254	3.005	17.061	3.862	4.633
9.639	-1.129	-0.170	-0.724	1.691	3.302	14.510	0.381	4.052	14.034	2.525	4.846
4.499	-1.235	0.859	-0.750	4.999	2.677	11.464	6.890	2.772	19.142	0.787	1.296
12.396	-0.113	-1.492	0.012	6.174	1.937	11.426	1.043	4.247	10.687	8.563	3.887
15.608	0.473	-0.625	1.043	1.261	1.220	16.194	0.545	2.911	8.373	5.416	3.526
18.063	0.399	-0.015	0.019	3.077	1.925	18.613	3.990	3.694	2.675	4.204	4.657
11.935	0.849	-0.306	0.365	1.572	3.228	15.333	1.767	1.167	9.284	0.714	2.651
14.912	0.316	-1.472	1.237	5.676	3.637	17.118	4.808	0.346	11.455	5.074	0.396
3.901	-0.530	0.216	1.556	8.120	0.963	0.968	1.760	0.902	4.589	9.535	2.984
5.059	0.182	1.713	0.529	4.368	4.017	7.860	3.168	3.697	7.142	3.854	1.311
9.296	0.973	0.892	-0.071	7.584	1.000	19.800	3.681	1.405	6.347	6.022	3.548
13.173	1.547	0.494	-0.449	3.314	1.034	6.195	4.591	0.659	3.334	8.583	0.759
9.190	-0.990	0.385	0.433	1.621	1.777	3.046	2.402	0.746	3.845	0.928	3.189
6.775	0.835	-1.152	-1.168	7.102	2.458	8.639	1.770	1.939	11.419	3.873	4.496
11.100	-0.432	-0.068	-0.974	9.293	1.453	7.730	8.321	0.896	5.171	9.317	0.458
16.975	0.018	-1.080	0.023	2.421	0.990	19.880	4.955	3.755	9.482	1.917	2.690
4.223	0.613	0.044	1.447	1.567	2.273	1.202	1.698	1.347	12.386	4.700	4.118
3.693	0.874	0.327	-0.617	0.865	3.379	2.484	7.440	1.896	17.164	1.343	0.099
6.431	-1.743	0.142	-0.483	8.530	4.814	16.099	7.486	0.010	8.128	2.858	4.120
7.188	-0.280	0.123	-1.654	7.173	4.720	6.512	8.882	4.866	14.292	3.158	1.516
2.277	0.657	-0.354	2.340	6.937	0.863	9.094	6.145	0.784	16.059	7.844	2.491
1.837	0.343	-1.253	-1.945	2.413	1.043	1.992	4.003	1.189	7.202	2.770	0.090
10.102	1.007	0.051	-0.407	1.782	2.519	16.620	8.953	2.561	9.213	6.813	0.996
0.178	1.391	-0.637	-0.468	0.957	1.858	10.587	2.563	2.294	3.299	2.471	1.716
5.909	0.783	1.424	1.233	2.363	3.396	15.001	3.300	4.089	12.278	3.278	0.894
15.136	-0.667	-1.152	-0.352	1.294	4.055	3.318	0.222	3.890	18.950	9.560	2.945
16.605	-2.382	-0.455	-0.257	5.442	0.892	10.160	8.834	3.406	5.513	9.370	1.004
0.665	1.573	0.994	1.448	9.344	1.584	5.004	4.744	1.435	5.712	8.383	1.033
5.231	-1.024	1.171	-0.547	1.459	1.283	4.383	6.363	0.908	18.182	3.940	4.896
3.165	0.440	0.417	1.307	3.053	3.813	6.240	2.178	3.903	11.627	4.205	0.231
11.713	0.879	-1.007	-2.098	3.194	2.756	19.105	3.482	4.454	0.771	0.236	2.811
12.448	0.445	0.345	0.697	2.476	2.293	14.055	7.144	0.697	13.588	3.903	1.072
18.419	0.732	0.236	0.288	4.489	0.768	16.522	7.004	4.673	3.800	4.916	4.134
13.557	1.351	2.157	-0.071	0.887	4.231	16.900	5.246	1.582	16.953	3.373	0.350
7.013	-0.863	-1.732	-0.457	3.420	3.885	14.704	6.480	0.567	2.149	4.243	3.300
19.900	0.555	1.006	-0.779	0.304	2.313	10.250	4.847	0.983	3.461	4.526	3.800
3.399	0.619	0.292	-0.897	8.049	1.278	6.951	8.718	3.608	1.018	0.621	3.963
17.892	0.010	-0.118	-0.637	1.857	3.802	15.684	5.245	2.085	11.306	8.818	1.903
8.006	0.085	0.287	-0.380	3.771	4.275	1.509	4.994	2.635	8.857	0.793	0.873
17.123	1.042	-0.779	0.339	8.974	2.248	11.423	6.888	1.296	12.053	1.808	3.775
12.710	1.402	0.927	0.155	1.090	2.097	0.968	6.524	1.837	4.305	1.033	2.917
9.228	1.359	-0.232	0.157	0.599	1.772	5.471	2.461	0.828	9.556	1.525	2.073
9.439	-0.547	0.131	-0.690	4.117	4.339	15.010	1.951	2.036	5.488	8.392	4.405
5.108	1.460	-0.683	-0.411	5.210	0.762	15.155	8.729	4.382	15.418	9.000	0.661
5.031	0.872	-1.400	-2.734	0.596	3.703	17.314	4.652	0.821	16.813	7.030	0.869
18.645	-1.470	0.881	0.124	6.815	1.972	3.888	7.171	1.203	8.478	3.519	3.252
3.632	-1.355	0.694	-1.526	0.193	2.928	18.621	4.447	1.277	4.960	2.852	1.822
16.882	0.082	0.641	1.333	5.887	1.966	17.106	0.106	2.568	7.211	7.412	0.942
18.199	-0.172	0.065	0.061	5.741	2.392	10.007	5.610	3.808	10.575	9.499	0.133
11.121	-1.103	-0.513	-0.063	8.196	3.857	1.066	3.373	0.969	19.621	1.373	2.225
0.854	-0.808	0.888	0.630	4.571	4.123	14.409	4.868	0.241	15.080	2.441	4.824
15.311	0.286	-0.837	-1.009	0.503	2.923	12.837	7.315	1.138	6.767	7.639	3.404
4.402	2.178	0.869	-0.460	4.082	1.010	7.936	2.587	2.771	0.741	4.174	3.052
5.701	2.398	-1.671	0.638	6.636	3.544	3.451	7.184	2.332	14.551	9.274	0.796
18.182	-0.713	1.016	1.183	8.643	4.354	1.064	6.117	0.603	13.296	3.134	3.919
4.841	0.315	-1.080	0.314	9.827	2.458	14.983	2.476	2.375	16.066	8.587	0.738
1.993	-0.849	0.036	0.252	2.671	3.836	19.468	3.091	4.741	12.527	1.944	1.739
6.303	0.310	-2.282	-0.529	6.007	2.240	16.497	4.747	2.048	16.974	7.516	2.675
19.499	-0.038	1.302	-0.328	2.224	3.184	12.056	4.786	1.014	16.330	8.615	2.573
17.054	1.961	1.594	0.819	5.099	4.019	10.377	0.841	0.266	8.151	2.364	4.118
12.968	0.682	0.005	0.436	2.604	1.673	17.516	3.499	1.332	14.813	8.282	4.613
11.244	-0.663	1.224	1.213	8.726	3.222	3.122	9.863	1.196	12.819	5.755	4.410
5.647	-0.141	-0.700	1.067	3.311	2.657	3.047	5.174	2.310	14.849	4.473	4.801
6.254	-1.090	-1.166	-1.122	2.450	0.247	1.951	5.386	4.171	13.702	3.664	0.763
6.078	-1.428	1.195	-0.602	4.442	0.797	13.143	7.539	3.804	16.134	8.754	4.371
18.576	0.286	-0.679	-0.886	8.896	4.791	5.492	7.184	0.504	1.619	1.379	2.716
18.824	1.170	0.202	-1.438	7.133	4.735	7.486	6.327	0.328	7.020	3.466	2.575
5.659	-0.035	-0.974	0.467	1.140	0.792	15.928	0.806	2.112	1.046	4.354	0.616
18.562	0.052	-0.675	0.843	5.457	0.849	6.473	3.053	4.510	7.116	4.435	4.975
4.544	0.873	0.202	0.176	3.707	4.749	10.138	5.531	1.706	15.326	1.566	3.791
15.467	0.634	0.527	-0.932	0.650	0.200	4.688	6.722	3.573	4.417	4.982	4.870
11.771	-0.444	0.658	-0.050	2.325	4.512	16.570	9.463	3.102	18.090	0.161	1.549
16.075	-0.021	0.361	-1.226	4.993	4.891	16.467	1.903	2.873	4.950	2.170	1.049
0.091	-0.275	-0.406	-0.375	0.130	2.959	6.014	3.658	3.941	15.730	9.982	0.173
4.423	-0.504	-0.243	-0.350	1.559	4.146	3.815	4.066	0.903	4.760	0.680	1.490
5.128	-1.583	-2.337	-2.245	7.104	0.928	7.441	6.426	2.218	8.721	8.827	2.087
13.765	1.809	0.287	1.060	6.272	0.139	10.005	7.558	3.018	4.698	1.533	4.038
16.830	0.361	-0.140	-2.365	1.165	0.519	18.787	7.322	4.505	6.229	6.065	4.647
18.625	-1.207	1.463	-0.766	4.568	4.140	19.347	1.425	4.331	9.315	4.283	0.256
7.786	0.252	-1.466	-0.921	7.431	0.358	19.729	2.615	2.064	7.748	4.318	4.357
3.066	-0.183	-0.474	-0.922	8.100	1.655	16.101	5.564	3.180	10.262	5.440	4.575
6.775	0.320	0.760	-0.493	9.738	0.314	9.523	5.462	0.353	11.542	5.946	4.217
5.636	-0.475	-0.119	0.112	5.705	0.640	0.506	4.722	0.736	15.328	2.499	3.563
8.062	-0.407	0.997	0.462	4.471	4.511	0.670	4.712	4.009	13.399	8.055	4.811
1.045	-0.657	-0.146	-1.266	9.197	1.572	1.864	4.397	3.296	0.061	9.802	4.053
2.410	-0.745	-2.200	-0.722	9.119	0.142	10.166	7.748	1.644	10.817	8.100	1.381
1.359	0.436	-1.189	-1.627	6.689	4.497	1.543	9.671	1.675	15.269	5.485	2.423
2.642	0.042	0.323	-1.414	6.384	1.717	12.487	3.066	1.158	18.605	7.847	4.313
10.658	0.433	-0.433	-0.506	9.377	0.873	13.699	9.099	4.696	0.817	6.138	1.285
16.463	0.298	-1.618	-1.326	5.184	4.894	13.527	5.041	1.561	8.016	4.045	0.124
0.152	1.000	-1.214	0.805	3.510	0.406	12.703	3.876	2.999	14.124	7.703	0.442
17.548	-1.577	0.278	0.663	2.900	0.472	9.362	6.206	0.925	0.140	9.234	3.877
11.981	0.062	0.252	-1.696	0.296	2.945	15.279	0.358	2.537	19.982	2.820	2.096
16.094	-1.028	-0.519	-1.397	4.355	0.908	2.005	9.556	3.902	9.606	2.409	4.240
14.175	-0.768	-1.440	0.772	9.448	2.685	11.373	8.954	0.487	16.108	4.765	0.904
15.868	-1.320	-1.083	-0.620	4.642	0.685	3.938	6.681	0.261	19.673	1.532	1.390
13.069	-1.093	-1.498	1.360	9.800	0.495	12.644	0.184	0.308	17.010	6.651	4.005
2.076	0.043	-0.023	-0.701	7.586	4.977	16.955	6.280	4.700	6.517	0.027	0.128
17.538	0.808	-0.846	0.615	1.843	4.125	2.800	4.596	4.560	5.370	4.551	0.441
0.330	-0.203	-1.501	0.007	5.993	1.582	19.986	3.695	4.025	5.804	3.600	1.279
5.558	0.813	0.886	1.183	5.865	4.981	6.528	5.689	2.085	11.676	3.460	2.985
11.493	-2.441	-1.147	-0.305	1.489	4.286	15.409	0.132	0.813	8.587	6.311	0.586
16.094	0.746	0.960	-0.707	0.482	1.334	12.888	0.888	1.904	6.878	4.127	4.648
17.016	0.994	-1.555	1.012	9.955	3.923	14.082	4.516	1.019	16.516	1.063	4.091
6.683	-0.567	-1.908	-0.583	2.923	1.258	4.549	5.972	3.858	6.829	2.260	4.062
11.681	0.862	0.392	-0.170	0.963	4.332	11.959	9.602	1.196	6.122	4.372	3.956
8.684	-2.104	0.462	-0.317	0.683	0.055	1.150	8.520	1.725	16.085	6.053	2.246
16.632	0.744	0.681	0.944	1.898	3.908	11.648	6.970	3.665	0.274	8.140	2.751
11.957	-0.285	0.354	-0.120	8.923	4.342	0.792	5.062	3.357	10.479	9.941	1.164
8.943	-0.350	-0.705	1.012	7.130	4.936	1.518	8.504	3.445	5.125	2.532	3.085
4.770	-1.732	1.862	1.305	5.940	4.229	8.321	8.955	0.378	5.029	5.920	1.854
1.492	-1.282	1.551	-1.758	8.491	2.792	1.895	6.561	1.957	13.137	4.154	0.158
18.499	0.655	0.518	-1.495	2.570	0.684	0.748	7.872	3.973	7.563	1.309	2.561
6.013	0.948	0.846	1.689	7.061	4.079	0.375	8.140	0.758	16.905	1.983	0.301
0.815	-1.143	0.034	0.383	4.865	4.029	19.031	6.552	3.220	5.718	9.962	2.063
1.330	0.271	0.606	0.826	2.095	2.904	0.865	2.531	0.685	5.549	2.926	3.520
11.519	-0.038	-0.926	0.508	2.126	3.370	4.377	3.539	0.701	13.437	3.240	4.560
13.159	-0.414	-1.475	-0.684	1.215	1.829	2.106	9.254	1.695	1.232	5.030	0.876
8.017	0.740	0.053	-1.108	3.818	0.852	16.383	5.931	4.909	10.398	1.806	1.198
14.296	-2.025	0.984	-1.019	7.628	4.216	14.769	5.963	2.345	1.063	6.122	1.566
16.396	0.844	1.066	0.158	7.980	0.097	9.573	6.544	3.494	12.079	6.893	3.760
9.319	0.959	-0.578	-0.215	8.610	4.831	17.170	5.139	3.185	6.247	0.877	1.591
15.422	0.274	0.029	1.347	4.391	1.798	12.971	9.505	4.292	10.169	1.717	1.468
10.280	-0.506	0.211	1.228	2.393	2.651	0.314	6.271	1.229	19.098	0.519	0.065
17.593	-1.239	1.481	1.200	8.998	1.985	4.319	8.266	3.197	8.116	5.139	2.907
11.451	-1.119	0.753	-0.290	0.847	4.494	8.792	4.410	3.006	15.671	4.226	4.781
10.264	-0.349	0.767	-0.959	6.753	4.087	16.103	9.115	2.991	19.636	7.519	3.038
5.842	-1.890	-0.213	0.598	6.285	2.019	19.949	5.999	4.313	1.708	1.832	4.668
19.203	-0.340	1.380	-1.271	3.400	0.832	7.108	3.580	1.449	13.427	5.761	2.890
5.722	-0.177	0.567	0.757	8.365	2.657	0.721	2.050	3.668	17.285	6.050	1.133
9.242	-1.530	0.663	-0.312	1.137	1.225	0.160	0.214	3.937	18.944	0.263	3.865
18.971	-1.424	0.519	-2.518	9.560	2.477	14.458	6.102	3.604	0.759	1.969	4.587
10.714	-0.700	0.991	-0.439	2.459	4.033	6.874	7.861	4.095	7.767	8.080	1.394
7.597	-0.179	0.814	-1.064	6.424	1.057	7.342	6.269	1.928	3.760	7.262	3.076
8.246	0.099	-0.224	0.959	6.521	2.848	12.596	4.136	4.919	13.739	9.379	3.057
14.968	1.004	-1.812	0.374	1.253	3.462	15.883	6.700	4.642	7.813	8.128	4.200
11.920	1.965	0.684	-0.428	8.514	3.676	18.735	1.649	0.586	17.955	6.691	2.655
18.198	-1.000	-1.042	-0.268	3.944	4.024	1.663	8.260	3.411	2.798	3.299	4.946
3.732	0.198	0.126	-0.254	3.004	0.177	2.230	5.602	4.671	11.306	4.097	1.082
13.904	-0.461	0.646	-0.778	1.478	2.244	8.434	2.921	1.889	6.146	5.125	3.167
16.874	0.675	0.531	1.166	8.626	2.109	9.134	9.271	3.355	13.898	4.640	1.594
13.250	1.258	0.065	0.320	1.249	2.477	0.072	5.139	3.284	7.209	1.593	3.065
18.465	1.178	1.225	-0.799	2.323	4.121	0.176	5.943	1.853	12.278	4.429	1.644
19.489	-1.087	0.124	0.013	6.956	2.559	8.602	8.077	2.683	6.160	9.379	3.910
4.715	-1.327	-0.896	-0.699	2.481	0.864	0.662	4.427	2.927	16.723	9.427	4.995
11.469	-0.442	1.150	2.208	6.118	4.940	11.662	6.459	1.695	2.156	5.249	2.104
6.546	-0.326	1.041	0.754	2.055	2.780	11.834	8.840	0.129	10.100	7.760	4.917
17.679	-1.059	-2.078	-1.233	4.178	3.480	17.819	4.022	2.109	5.204	0.095	3.434
16.204	0.885	-0.098	0.734	8.251	3.466	19.825	4.430	3.553	17.400	8.341	2.281
11.701	-0.197	0.788	0.127	8.905	3.669	10.525	9.526	4.871	19.866	2.075	0.505
10.849	1.200	0.630	2.302	6.120	3.057	0.932	3.265	1.986	16.257	8.906	4.878
17.194	0.827	-0.195	0.467	8.284	2.600	16.932	1.302	1.874	12.739	3.082	4.111
8.459	2.571	-1.082	0.542	4.478	3.172	10.013	3.535	2.870	0.599	1.805	0.644
0.713	-0.044	-1.494	-0.710	1.329	3.396	13.558	6.204	0.172	17.454	1.102	3.423
2.646	-0.224	-1.076	0.700	9.200	4.248	7.582	9.316	1.667	5.161	8.120	4.714
11.254	0.700	0.244	-0.269	9.544	0.009	18.324	2.209	1.409	2.708	8.028	0.406
11.328	-0.726	0.219	-2.211	3.802	4.756	10.023	0.525	2.157	16.721	5.576	0.970
11.536	-0.256	-0.814	0.039	2.764	1.890	15.564	4.352	0.578	6.189	3.511	0.462
0.999	-1.191	1.263	-0.524	7.767	0.876	17.176	3.683	1.843	4.203	9.410	4.626
18.895	2.257	-0.922	0.404	2.910	2.830	2.842	0.447	4.938	14.957	8.915	2.700
8.280	0.396	-0.590	0.194	7.847	0.316	14.817	3.963	0.277	0.017	5.049	0.820
13.473	-0.143	-1.735	0.974	6.056	3.474	5.340	8.068	0.612	9.957	8.800	4.126
14.960	0.515	0.099	-1.488	2.653	4.817	17.660	8.618	0.168	19.979	1.023	4.649
6.831	-0.054	-0.031	-0.088	0.558	2.857	18.830	4.484	1.825	11.054	3.805	1.329
18.268	2.014	1.018	1.715	2.531	2.602	11.531	2.831	2.150	19.084	0.517	1.689
0.544	-0.193	0.204	0.110	8.315	1.628	13.001	1.577	1.556	6.417	0.562	4.459
10.304	1.240	-0.382	0.547	7.929	2.816	13.780	0.295	1.455	13.702	6.755	0.098
17.594	0.818	1.440	-0.697	3.192	1.947	0.133	1.016	3.283	0.443	6.591	4.592
9.905	-1.604	-0.189	1.414	1.114	2.724	16.558	2.535	3.490	17.867	8.378	3.280
5.259	-0.616	-0.825	0.451	9.475	0.648	15.321	4.683	4.152	19.446	4.979	3.616
8.103	2.084	1.140	-0.346	3.617	2.623	14.791	0.643	4.498	12.693	3.477	2.013
18.494	1.564	1.009	0.558	4.995	4.966	14.968	5.558	3.130	12.812	9.052	0.689
16.765	1.114	-0.236	0.177	8.467	1.908	0.295	0.294	2.425	15.932	5.288	3.225
14.353	-1.442	0.547	-0.264	7.401	2.158	14.598	4.539	4.674	14.274	1.517	3.138
7.952	1.465	-0.510	0.636	5.245	0.399	17.140	9.360	3.153	6.516	7.001	3.847
9.169	0.561	-1.285	-0.576	0.954	0.486	16.874	1.903	4.543	11.232	8.150	1.334
9.055	1.024	0.591	-0.400	9.819	3.455	13.871	8.923	1.037	1.227	5.089	1.870
7.668	1.203	-0.200	-0.445	6.285	3.888	0.226	7.065	4.935	6.455	2.955	2.427
10.172	-0.783	-0.422	-1.129	1.547	3.729	4.985	0.091	3.274	6.028	0.535	0.073
17.176	-0.589	0.736	-0.529	0.960	2.631	13.492	6.683	2.842	13.740	4.210	3.969
4.082	0.663	2.125	1.129	6.803	0.319	10.128	1.354	3.035	5.922	5.381	2.520
3.267	-0.335	-1.556	-0.438	7.804	2.139	14.542	3.185	2.139	11.047	1.854	3.963
9.145	0.643	0.631	-1.441	9.906	4.528	2.564	9.561	0.927	8.248	0.672	0.113
2.806	-2.657	-1.058	0.209	7.879	4.283	7.648	5.027	1.197	8.207	4.016	0.669
4.795	0.490	0.842	-0.098	5.413	0.384	3.697	1.041	0.681	12.998	5.579	4.263
17.668	-0.086	-1.026	1.075	1.158	3.310	1.417	1.821	2.646	17.672	0.885	0.899
18.228	0.037	1.513	-1.433	0.997	3.956	16.673	2.018	4.229	0.387	4.604	2.510
16.355	-1.958	-0.083	1.401	9.334	3.822	8.114	4.100	4.994	14.370	0.165	3.650
3.470	0.902	-0.231	-1.773	9.460	2.629	13.849	4.956	3.499	19.848	2.225	3.821
6.844	0.251	-1.270	-0.736	3.279	4.469	13.675	0.533	3.326	8.652	0.462	4.544
0.173	1.214	0.814	0.266	6.562	4.601	15.591	6.966	3.076	3.366	6.023	1.461
2.736	-0.715	1.609	2.196	8.699	0.397	5.122	5.381	0.302	12.536	3.457	4.594
12.928	-0.359	0.179	0.965	7.321	1.985	8.606	3.098	0.739	16.356	5.110	4.503
19.557	1.539	0.186	2.976	3.584	3.287	6.793	8.703	0.391	15.950	4.412	0.789
18.360	0.562	-0.388	1.039	1.613	0.758	16.126	6.184	2.382	16.116	7.677	2.313
16.787	-1.768	0.632	-2.352	8.099	1.186	15.547	8.754	0.699	11.006	0.308	3.727
9.381	-0.762	0.777	0.748	3.872	2.005	8.242	7.227	3.841	3.735	0.082	2.412
11.690	0.860	1.308	-0.045	9.216	0.918	7.142	5.872	0.755	8.192	1.148	1.296
17.771	-0.827	1.180	0.441	8.633	4.405	12.128	5.880	4.535	0.691	6.298	0.504
12.285	0.521	-0.012	-1.280	6.088	4.251	18.247	9.136	4.472	10.580	7.354	4.279
13.581	-0.014	-2.260	0.272	3.378	0.631	1.908	8.772	1.613	18.043	7.168	0.503
5.410	0.099	0.865	-0.047	1.341	3.419	5.755	8.873	1.892	11.853	7.235	3.839
3.162	0.338	0.303	0.630	6.937	2.045	0.974	0.743	2.786	0.533	2.402	2.738
19.758	0.506	-0.080	-1.002	3.524	0.121	2.280	7.834	0.639	9.842	9.090	4.871
0.788	-1.192	-1.801	0.398	2.396	1.143	10.822	3.564	4.135	5.942	1.677	1.387
8.510	-1.040	-0.202	-0.121	1.019	3.997	17.797	1.319	0.856	16.655	0.784	0.810
12.962	0.969	-0.688	-1.621	5.995	2.706	12.438	1.475	1.892	10.170	5.040	2.907
4.692	-0.679	0.437	0.029	8.300	1.750	4.297	8.664	1.125	12.434	1.424	1.550
4.678	1.796	1.357	-0.837	9.830	2.231	0.731	1.548	3.009	8.024	6.486	3.538
18.146	1.607	-2.469	-1.846	5.718	1.567	7.483	3.191	4.143	19.060	0.358	4.366
14.475	1.314	0.808	1.140	2.811	0.586	16.144	4.458	0.603	12.796	0.986	0.037
16.303	-0.718	-0.727	1.478	7.133	2.477	15.523	0.917	2.844	6.382	9.992	0.562
7.025	2.057	0.593	0.952	0.479	3.687	5.755	8.612	0.654	18.705	4.851	0.922
19.292	0.548	0.614	-0.234	1.117	3.123	11.230	5.864	3.643	18.161	8.608	2.983
9.027	-0.717	0.095	-1.103	7.559	0.515	9.946	3.822	4.807	4.634	9.476	4.836
10.507	-0.752	-0.592	-0.312	1.052	1.719	19.507	3.279	2.188	10.819	5.803	2.421
6.338	-1.398	-1.460	2.364	9.976	1.593	7.123	5.452	2.291	6.963	9.056	1.172
6.388	-0.015	0.244	0.722	8.812	0.495	3.906	5.275	4.864	13.849	5.985	2.088
17.174	0.463	0.358	0.809	6.934	2.644	8.817	5.330	1.383	16.071	6.866	0.880
7.868	-0.448	0.654	0.164	4.971	1.123	6.708	0.033	2.663	2.791	1.089	1.570
0.356	0.025	0.890	-0.804	7.137	4.072	19.358	9.793	4.504	0.440	0.889	0.153
10.664	-2.861	-1.441	1.165	8.637	4.609	19.719	2.106	1.554	6.662	9.165	2.464
17.329	1.997	0.436	-0.861	0.791	1.340	14.716	4.128	1.468	0.969	9.719	3.867
4.186	-1.253	-0.385	-1.334	8.175	0.201	4.189	1.966	2.360	2.338	7.899	0.422
6.442	-0.289	-1.317	-0.153	0.121	3.407	6.239	1.467	0.646	15.747	1.173	1.035
15.172	-0.661	0.649	0.671	5.411	0.070	2.892	7.857	4.852	3.291	6.532	1.630
7.149	2.141	-0.664	1.619	7.463	0.444	19.831	1.494	2.777	1.037	7.565	1.060
2.636	0.774	-1.741	-1.771	1.524	0.114	14.154	8.921	3.372	1.720	3.596	1.063
11.813	-0.208	0.586	0.812	6.902	1.079	5.164	7.032	4.428	19.043	2.161	4.902
14.855	0.997	-0.115	-1.109	6.908	1.583	3.078	5.144	4.175	15.370	4.741	0.222
13.261	-0.533	-0.722	0.090	1.277	3.478	11.084	9.011	3.400	18.799	0.794	4.766
16.318	0.861	0.020	1.047	5.950	2.190	16.606	0.795	2.893	14.989	5.136	4.404
6.175	-0.134	0.263	0.020	7.232	0.678	9.110	3.220	2.083	0.083	5.496	4.061
7.537	-0.612	-1.536	-0.660	7.926	2.501	10.275	4.657	1.352	4.051	7.826	2.922
17.452	0.788	-0.471	1.184	0.549	0.208	2.301	1.234	4.358	17.784	0.559	3.958
10.106	0.347	-0.405	-0.070	2.325	2.112	3.347	5.354	0.888	13.174	6.915	1.998
6.706	1.885	0.934	-1.272	6.641	4.501	10.081	4.623	4.907	17.696	7.839	0.090
13.334	0.796	0.485	1.979	1.991	3.484	16.769	7.016	2.289	3.942	4.105	3.853
8.172	0.436	0.766	0.870	6.037	3.517	12.136	1.142	4.237	0.393	5.444	3.237
5.795	-0.502	-0.106	0.774	3.530	1.113	13.144	9.731	1.824	16.671	0.546	3.917
11.741	-0.176	1.823	1.410	1.494	4.936	6.442	9.763	0.561	13.990	3.207	2.292
12.463	-1.683	-1.005	2.247	9.288	3.269	15.161	5.792	0.190	9.764	2.210	4.764
16.132	-0.307	-0.889	-0.570	2.299	2.984	17.925	7.275	4.547	11.622	2.395	0.768
8.663	1.013	0.267	0.037	3.903	0.906	10.281	4.996	3.886	0.959	9.386	3.235
4.746	-0.123	-0.578	-0.422	5.637	3.297	13.779	8.784	4.678	0.978	6.328	0.170
9.286	0.217	-0.254	-2.119	1.731	1.703	14.645	4.149	4.071	3.436	3.245	2.546
14.169	-0.036	-0.623	1.726	7.901	2.470	0.828	7.861	1.764	1.206	8.815	1.885
11.749	0.273	0.868	-0.915	1.445	4.402	7.615	7.092	0.105	17.289	2.381	0.541
13.085	-2.097	-0.873	-0.849	0.090	1.856	5.395	8.184	3.847	14.629	5.721	4.641
19.464	-1.305	1.063	-0.849	1.479	3.720	6.435	7.101	1.365	5.480	3.485	2.483
7.381	4.474	6.403	5.084	8.454	0.624	10.219	5.473	4.663	14.601	0.438	2.606
12.932	4.740	4.169	4.298	3.766	3.454	17.660	9.102	5.649	9.526	8.858	3.910
19.072	4.054	10.944	5.541	7.286	2.324	15.687	0.312	4.047	5.428	1.035	3.703
0.246	5.901	6.023	6.071	6.061	3.888	0.586	2.669	6.445	17.161	6.798	1.513
13.082	4.349	9.772	5.050	1.771	3.609	14.401	2.709	4.965	2.328	3.783	4.543
12.030	5.407	1.100	5.509	4.780	2.232	6.164	9.735	4.816	8.176	7.119	3.406
9.623	2.778	4.038	4.575	6.731	1.804	11.136	3.829	4.618	16.786	3.456	1.214
13.102	3.407	15.318	6.105	8.016	3.534	18.705	6.795	4.529	9.133	0.458	1.188
4.798	6.121	8.246	5.933	9.891	0.996	1.029	2.663	5.582	18.517	5.335	0.406
3.152	3.422	9.958	4.146	9.373	1.028	14.694	0.899	4.105	0.805	7.202	3.488
17.703	4.586	6.443	6.206	5.708	4.307	9.160	5.033	5.242	16.447	9.488	0.671
5.512	6.126	9.632	4.917	4.953	1.032	18.067	1.906	4.297	12.283	9.007	0.586
11.133	4.863	15.081	5.114	1.887	0.596	4.998	6.765	4.895	14.114	2.576	3.708
2.978	5.366	3.566	5.879	1.270	0.077	17.617	9.261	4.983	2.518	4.854	4.508
0.101	6.554	15.230	6.850	2.321	3.018	6.560	9.511	4.411	11.786	8.573	1.585
12.220	6.218	16.071	4.223	8.138	3.646	2.349	1.176	4.679	6.208	3.835	4.410
1.563	4.363	7.232	3.858	5.992	2.101	9.927	7.408	4.679	13.829	1.953	4.289
19.191	6.272	12.796	5.506	6.018	3.769	16.472	5.419	4.516	17.136	8.238	1.705
11.922	2.959	16.592	4.691	7.379	0.849	1.136	4.987	4.324	15.396	1.910	0.653
1.411	3.549	8.605	6.219	4.219	4.664	5.791	6.287	6.142	13.371	6.216	4.570
1.773	4.930	1.961	4.723	9.246	0.082	19.052	3.476	5.827	3.159	6.748	3.704
15.650	2.021	8.640	5.649	5.922	3.981	19.068	8.184	5.168	13.354	5.276	2.441
15.315	4.393	2.564	2.347	3.985	1.247	6.708	6.684	3.490	7.127	0.022	0.272
8.210	4.200	1.760	5.634	5.042	3.823	15.570	3.481	2.883	18.642	4.238	0.173
1.579	6.904	17.679	4.430	3.880	3.616	16.613	9.834	6.606	18.530	5.942	4.900
12.597	3.978	11.211	6.605	9.490	3.836	3.355	3.188	4.702	15.419	3.052	1.713
10.145	5.655	10.960	3.857	5.607	0.237	6.526	7.089	6.599	16.767	8.734	0.698
15.090	5.815	11.916	4.347	8.159	4.714	0.012	4.358	5.219	10.875	6.815	0.346
3.047	6.144	6.401	5.239	4.213	1.629	18.619	9.786	4.433	0.333	3.232	0.619
14.512	7.320	8.252	3.641	0.858	1.682	0.484	8.232	5.972	9.128	7.152	2.062
0.516	4.717	19.976	5.142	9.385	2.687	16.164	3.277	6.871	11.468	7.093	3.336
12.328	4.992	4.768	4.574	7.377	3.418	19.524	3.126	5.141	7.853	9.881	3.085
15.041	4.719	16.690	4.400	1.605	1.373	13.049	8.657	6.428	11.799	5.976	1.492
1.336	6.340	4.500	4.604	2.901	1.927	10.490	2.323	3.169	19.142	6.207	1.651
17.507	5.942	9.452	5.098	1.179	1.081	11.112	2.727	4.193	1.581	1.508	2.138
6.025	4.195	16.962	4.662	2.281	0.906	1.303	1.981	3.745	7.224	8.934	4.790
3.937	6.290	11.094	5.043	6.310	4.330	3.452	2.931	4.544	18.006	3.955	3.884
13.317	4.552	7.820	4.943	4.733	3.759	6.696	3.264	5.576	3.174	4.444	2.065
9.631	5.760	6.620	5.451	6.165	2.649	12.586	9.632	6.045	2.497	2.590	4.784
15.945	3.742	13.305	5.202	3.600	1.614	11.481	9.355	5.560	7.114	0.151	4.266
15.222	4.059	7.935	5.192	6.806	4.366	9.320	1.153	5.156	9.841	2.157	2.360
12.359	6.242	19.559	4.834	3.414	0.999	13.744	3.386	4.085	13.550	1.766	0.478
18.774	3.575	1.168	4.472	6.691	2.889	2.533	3.562	5.046	15.268	3.009	0.734
14.221	7.150	9.333	5.083	6.082	1.656	8.675	3.805	4.631	9.127	0.199	2.380
15.890	4.989	1.299	4.938	8.420	4.307	13.690	3.692	6.434	18.954	7.838	2.261
6.792	5.451	17.586	3.844	7.635	4.821	2.002	1.336	4.197	13.057	5.213	3.838
19.205	5.238	18.401	5.110	2.930	1.688	19.541	4.458	3.491	6.056	3.952	4.605
9.902	3.654	12.496	4.042	5.327	0.401	17.593	5.700	6.631	7.844	4.090	0.764
9.837	4.992	4.292	3.750	8.026	1.869	17.328	1.382	3.920	0.635	1.729	3.534
5.624	4.628	11.436	5.147	0.308	1.964	3.694	9.383	6.134	6.968	1.033	1.672
19.592	4.238	3.896	4.107	3.730	0.925	12.252	8.815	3.872	4.978	8.747	2.939
0.443	5.522	8.064	6.932	9.933	2.571	11.369	0.902	4.415	1.485	1.614	0.464
6.101	5.184	15.321	6.644	1.361	2.735	13.616	8.387	4.740	8.633	8.628	2.333
1.330	5.702	10.225	4.567	1.249	4.526	15.508	2.571	6.230	19.560	0.372	3.456
18.980	5.942	15.464	5.597	1.700	3.993	9.153	1.328	5.570	7.995	2.057	0.874
11.345	4.813	19.165	5.275	8.056	3.578	1.151	6.729	5.575	4.320	4.194	1.245
6.551	5.523	12.052	5.706	8.013	2.944	18.926	0.634	5.883	4.040	9.368	0.279
3.313	6.545	15.217	4.423	6.435	1.141	13.247	9.684	5.976	1.895	8.544	4.284
11.207	4.997	8.103	3.167	4.641	3.697	13.353	0.066	4.399	17.855	5.909	0.001
17.456	5.861	18.550	5.315	7.357	0.272	12.725	1.266	5.400	8.467	7.728	1.626
9.194	6.729	3.369	2.311	3.063	1.816	5.318	6.350	7.305	4.029	8.607	3.987
15.832	5.837	2.801	8.116	0.531	4.247	17.956	8.545	4.397	8.295	1.918	1.024
0.539	4.305	12.343	5.139	4.125	2.485	7.829	9.586	4.286	2.006	6.851	4.567
17.526	5.836	16.829	4.223	1.937	3.627	8.914	4.570	3.635	1.482	0.528	4.826
13.268	6.153	14.083	4.316	6.194	4.967	8.054	8.750	4.077	7.779	0.195	3.839
6.171	4.426	10.202	4.095	2.963	4.956	13.048	2.192	5.887	13.667	6.929	0.615
18.496	5.907	16.889	5.469	3.845	3.147	16.364	5.565	3.225	5.526	4.468	3.557
12.882	3.091	16.659	4.894	8.906	4.028	9.777	5.641	3.891	1.824	5.588	4.197
2.887	4.214	8.373	3.544	3.335	4.088	3.134	7.207	4.739	17.802	9.551	4.639
14.168	6.281	8.715	4.146	6.618	4.923	17.348	9.252	4.850	12.460	4.957	2.066
11.311	4.688	13.694	4.838	2.334	0.970	3.803	8.496	4.587	2.792	1.234	4.039
19.937	3.699	4.672	6.231	6.143	3.715	10.535	4.263	5.906	8.227	4.541	3.321
13.878	4.331	14.632	6.196	9.640	2.799	6.970	2.062	5.950	19.198	9.496	2.507
2.564	4.570	2.908	4.480	3.586	3.010	7.759	5.416	5.861	8.257	5.902	4.911
17.984	4.991	0.442	4.390	9.830	1.458	13.709	3.376	5.704	5.981	2.847	0.243
18.679	7.267	2.576	5.791	4.465	0.083	4.892	5.026	5.862	11.360	0.754	1.485
11.830	3.082	7.768	5.403	0.279	2.932	13.893	9.408	5.212	15.635	0.051	3.300
11.427	4.181	15.497	5.312	5.224	4.264	17.587	7.926	6.367	3.906	8.175	2.051
14.894	4.290	14.395	5.303	1.709	4.190	8.850	2.765	5.460	12.166	9.817	2.803
11.217	4.064	13.426	4.975	2.430	3.643	14.072	8.835	3.580	15.093	8.700	4.690
15.557	5.152	11.892	5.263	3.154	2.965	1.863	1.472	5.967	3.303	2.958	3.239
14.052	6.062	13.645	4.607	8.509	4.573	3.087	3.911	3.779	1.377	9.378	2.741
17.322	4.287	16.302	5.877	0.571	2.642	12.896	3.462	6.747	9.323	6.397	1.433
4.974	4.132	5.535	5.640	5.823	4.517	5.218	8.713	1.490	18.200	4.133	0.238
6.086	5.941	9.504	2.960	3.109	2.138	2.628	4.150	6.580	5.111	0.451	4.917
6.108	4.335	3.129	6.185	5.421	0.899	2.865	7.463	4.793	1.827	5.492	4.346
15.724	3.904	19.730	3.483	0.873	0.959	6.663	2.840	6.235	18.545	6.771	1.910
6.881	4.037	9.076	4.349	3.210	0.520	13.886	5.072	5.883	1.815	5.486	0.051
1.790	3.402	5.527	4.166	5.265	4.586	2.318	1.303	3.777	11.218	8.509	0.692
12.092	5.276	11.103	4.788	2.043	0.647	1.031	5.709	4.379	13.996	0.713	1.428
19.803	5.191	12.459	5.209	9.272	3.422	2.388	7.247	5.989	4.816	4.646	2.546
10.815	5.740	14.865	2.689	8.044	2.413	19.012	9.322	5.185	2.857	6.997	2.651
16.900	5.425	17.240	4.286	4.046	2.403	19.210	6.846	6.058	0.329	6.620	1.270
16.358	4.631	6.411	4.563	5.724	2.187	5.793	5.804	4.789	14.985	5.598	1.490
3.246	4.883	10.566	5.889	4.257	2.737	6.752	7.535	4.891	19.240	0.488	2.139
14.610	6.255	15.276	4.729	2.871	4.398	10.481	6.454	5.331	12.490	5.748	0.073
15.338	6.820	16.703	5.776	3.227	3.231	8.244	9.070	5.581	17.955	3.730	0.043
15.533	4.435	9.229	5.988	6.567	1.559	11.208	1.582	6.135	9.138	7.138	4.892
13.260	2.874	13.441	4.781	4.011	0.364	15.338	5.514	3.865	14.278	2.250	0.005
6.846	4.722	9.217	6.990	5.764	4.499	8.354	5.688	7.395	17.166	3.318	1.821
8.631	5.183	15.020	4.039	1.321	2.751	14.566	9.989	2.484	3.520	9.992	2.152
18.220	6.894	11.515	3.673	4.704	3.080	5.590	4.661	5.588	14.912	8.025	2.829
4.560	3.448	6.351	4.297	0.602	0.594	7.100	0.459	5.772	13.427	0.921	2.082
9.177	4.185	16.929	3.609	2.781	3.684	15.069	6.231	4.419	12.089	5.441	4.141
17.021	5.821	10.758	5.432	2.200	1.849	6.344	7.616	5.467	2.042	3.872	3.493
0.125	6.745	11.916	5.469	8.919	4.384	17.830	4.573	5.091	8.210	3.357	4.559
10.511	4.556	15.027	3.314	0.259	4.328	19.908	6.808	5.695	19.624	2.071	0.842
5.574	4.501	14.809	4.429	0.126	2.550	13.676	2.850	5.220	9.059	3.386	0.177
15.406	3.191	10.225	5.873	7.114	0.702	14.193	7.897	5.133	9.333	6.734	4.073
4.843	4.171	0.844	5.382	0.127	1.489	12.270	0.579	5.245	16.094	8.627	3.289
8.137	5.056	10.763	6.042	7.900	2.487	1.938	2.789	3.287	11.028	2.612	2.443
14.835	4.166	16.491	5.777	8.340	1.698	6.349	3.535	6.013	12.680	3.238	0.574
8.864	5.250	14.988	4.280	2.371	2.064	7.296	7.290	5.771	8.481	9.142	4.232
8.813	5.051	17.785	5.163	7.398	4.273	17.445	2.245	5.250	12.166	9.239	2.479
11.537	4.908	8.336	5.247	9.289	1.095	19.422	9.451	3.697	6.998	8.322	2.790
1.886	5.735	11.345	6.585	0.177	1.548	6.348	3.002	6.172	16.270	7.174	2.346
15.079	3.500	18.663	4.604	4.605	1.182	19.500	9.688	4.913	14.500	0.433	3.872
3.455	4.988	13.582	4.110	7.871	4.120	1.583	6.284	4.841	8.408	9.288	0.441
6.513	6.883	2.069	4.782	3.376	2.628	12.616	1.359	4.183	8.310	6.734	1.364
14.007	4.828	18.927	5.516	8.965	4.599	2.543	4.279	4.660	11.674	9.377	1.472
6.308	5.018	5.242	4.095	0.723	2.505	4.310	9.749	6.131	17.840	5.860	0.507
11.976	6.974	18.409	4.730	7.639	1.665	15.312	9.336	6.596	14.006	3.342	1.539
12.153	4.296	15.448	4.852	3.708	0.693	3.294	9.267	4.650	10.829	4.323	1.883
14.989	4.459	7.437	2.898	8.848	2.677	17.875	8.905	3.169	18.557	9.636	3.391
13.076	3.596	16.919	3.208	0.792	3.026	18.706	9.069	6.498	7.504	0.142	0.994
10.474	5.188	14.238	5.937	4.684	0.939	15.238	7.919	5.153	14.813	3.399	4.492
15.823	4.805	0.925	3.553	9.602	1.385	0.684	0.214	4.198	3.560	7.422	0.164
6.265	6.029	9.730	7.563	8.964	0.458	18.577	9.622	5.063	1.290	7.557	3.742
15.344	5.238	8.768	5.742	8.385	3.881	8.450	0.263	5.256	12.890	1.171	2.704
14.243	5.811	19.764	4.447	0.443	2.972	3.004	5.796	5.159	6.116	4.596	0.730
15.843	4.301	7.278	3.702	2.466	1.064	7.494	2.752	6.443	16.109	9.534	1.776
0.296	4.361	5.914	6.816	9.336	1.675	18.324	3.152	5.041	6.371	6.280	0.239
18.120	4.200	9.369	4.075	3.689	3.915	7.138	2.279	4.548	19.861	3.512	4.868
14.952	5.553	7.057	4.487	5.741	2.013	16.382	8.395	5.240	19.113	2.880	2.544
18.331	5.366	8.612	3.249	3.609	0.061	12.639	5.235	6.893	19.281	8.509	0.250
3.732	5.849	8.431	6.370	9.246	1.416	5.745	7.998	3.825	17.274	4.681	0.097
18.896	5.837	16.630	4.367	8.852	0.058	12.530	9.446	4.110	11.655	9.887	0.531
2.559	5.371	13.255	5.299	5.140	0.588	4.185	3.791	6.391	16.662	0.950	3.192
13.388	4.613	16.258	4.223	8.556	3.176	10.551	1.588	5.643	12.286	0.760	4.355
1.810	5.502	9.383	5.620	8.420	1.251	7.845	9.792	3.218	14.626	0.604	1.921
17.991	3.653	8.482	4.937	7.572	4.640	18.289	4.102	4.964	9.720	1.356	0.688
4.446	5.884	7.830	4.199	0.906	0.993	19.379	3.964	4.714	12.753	5.094	2.187
17.238	5.717	15.003	5.664	8.288	0.832	10.483	7.762	5.231	4.619	3.097	2.697
1.013	3.558	7.966	4.815	1.829	4.389	7.855	0.048	5.807	11.490	0.029	2.998
1.115	5.527	1.806	4.047	7.909	2.774	3.100	3.479	6.120	18.706	3.111	1.560
0.241	4.814	3.460	3.623	6.092	3.904	6.260	2.677	3.926	6.010	4.111	1.599
5.957	6.824	8.761	4.200	0.564	1.890	10.510	9.945	6.461	3.685	7.423	4.944
12.732	4.756	4.252	4.336	9.444	0.400	12.103	6.131	6.257	0.393	5.061	4.340
6.764	3.717	0.392	4.243	8.019	4.744	6.758	7.379	4.354	17.009	0.155	1.901
3.034	4.583	5.914	4.567	3.744	3.375	10.438	1.570	5.573	19.677	6.150	3.992
4.152	4.293	7.535	2.749	3.397	1.723	7.230	0.372	3.364	7.661	1.717	1.778
11.352	5.555	2.878	5.792	9.154	4.598	14.359	5.470	6.740	0.892	6.681	0.879
5.177	4.301	12.358	6.298	5.783	0.488	18.458	2.150	6.218	6.039	4.252	0.228
12.632	4.795	11.215	6.245	4.977	2.741	4.668	7.012	5.999	19.888	1.448	3.886
2.784	6.001	0.824	5.116	3.158	3.700	1.798	1.353	5.253	2.421	4.855	2.254
8.475	5.104	11.411	4.220	5.147	2.699	16.818	4.060	3.779	1.798	1.401	4.900
16.712	4.588	17.490	5.610	5.413	3.995	17.071	5.329	5.141	9.828	3.042	4.748
2.417	6.168	11.503	3.621	9.102	1.516	17.800	4.649	4.586	4.539	3.288	3.575
6.143	4.720	19.191	5.236	1.432	0.232	15.729	6.642	4.946	11.108	5.721	4.053
16.460	5.697	19.351	4.814	4.427	2.215	4.742	4.172	2.904	15.024	0.938	1.297
1.930	7.605	16.922	5.247	7.381	0.737	13.558	9.715	6.019	8.575	6.658	0.515
13.250	4.533	4.373	6.164	4.923	1.291	10.015	4.053	4.739	3.155	5.033	3.288
14.731	4.929	11.100	6.797	9.859	3.583	4.595	5.111	6.706	1.440	0.879	1.664
16.514	5.919	7.996	5.914	2.576	1.663	8.444	4.824	4.253	12.896	7.207	2.053
11.405	5.010	0.187	5.472	1.170	2.070	11.051	7.781	4.152	13.184	6.942	2.023
15.552	4.565	18.180	4.605	1.075	4.171	6.170	6.579	6.095	14.701	9.088	4.213
7.442	5.470	18.323	4.005	3.162	3.865	3.311	8.038	4.589	7.066	6.488	0.626
3.035	5.596	15.040	4.776	9.656	3.733	17.813	4.086	5.459	14.090	1.235	4.168
6.753	6.028	17.514	5.415	6.197	3.727	0.659	0.900	5.289	19.311	3.232	1.120
17.845	4.292	7.612	3.795	6.082	3.248	8.401	4.137	3.988	8.949	1.191	0.149
7.568	4.009	6.010	4.488	2.997	2.979	10.258	0.928	6.009	7.224	0.157	1.821
19.105	4.585	11.994	3.229	4.726	0.041	16.069	6.349	5.523	8.209	0.325	4.123
19.040	5.228	10.556	5.025	7.631	4.714	18.877	4.508	5.133	15.523	1.753	4.387
7.007	5.696	11.813	4.200	2.690	1.918	0.185	2.350	3.508	2.046	4.251	0.745
10.530	5.047	7.630	5.748	0.349	0.028	17.476	7.479	4.931	1.724	4.577	3.099
3.026	4.177	6.216	4.539	2.084	2.017	9.032	2.373	4.931	7.728	6.555	4.851
13.523	6.377	2.872	3.827	6.476	3.429	3.760	4.155	3.679	18.157	9.087	4.714
4.894	6.141	9.922	3.514	1.329	2.603	7.762	9.126	5.760	15.144	8.426	4.966
13.616	7.338	5.601	5.008	0.625	1.770	13.000	4.949	5.596	12.830	2.739	1.965
5.967	4.579	15.871	3.173	9.213	0.320	3.838	3.421	2.332	3.633	5.493	2.760
9.761	5.305	0.181	4.364	0.600	2.898	2.741	9.701	4.985	11.152	2.984	0.473
5.042	3.831	15.807	6.048	7.256	2.451	7.510	2.124	3.848	11.585	9.876	4.264
9.609	5.700	9.705	4.874	9.519	3.624	5.001	6.175	3.748	6.577	1.649	1.667
1.413	5.670	18.772	3.386	3.184	1.122	4.030	5.739	4.811	0.139	7.426	4.897
11.705	6.227	9.871	3.708	4.099	2.894	4.985	7.176	4.893	16.562	8.751	2.932
6.538	5.231	18.425	5.261	5.029	4.813	3.527	0.546	5.469	3.133	7.269	0.129
16.321	5.995	4.317	3.622	1.144	1.323	10.915	7.858	5.832	10.907	5.069	1.801
13.304	4.723	19.008	5.659	8.311	0.985	11.486	2.973	5.311	11.814	7.786	0.211
12.851	4.396	9.064	4.313	7.023	4.365	6.812	3.673	4.362	15.954	6.805	1.245
1.861	3.792	6.735	6.107	0.139	4.908	13.663	7.342	5.701	10.520	8.350	1.723
17.848	5.125	5.850	6.105	2.958	1.117	11.515	1.018	5.099	14.290	4.019	0.502
7.665	5.063	2.483	4.680	2.936	1.365	18.630	9.471	4.682	4.972	6.604	1.823
11.457	6.151	0.197	5.647	9.740	2.872	11.576	6.471	4.235	6.956	9.473	3.145
11.379	5.985	9.501	4.020	5.073	0.660	10.109	9.699	4.524	1.965	0.504	3.536
4.066	5.216	5.722	6.200	2.013	2.892	7.453	0.545	4.567	13.444	5.643	3.864
1.777	7.451	4.630	4.808	3.409	0.387	13.238	7.324	6.445	10.181	5.136	3.459
0.138	5.420	3.498	5.714	7.847	1.413	1.603	6.504	4.290	8.687	0.074	3.618
5.823	4.523	4.562	5.335	6.005	4.580	19.373	6.259	5.565	4.164	9.119	0.488
14.866	5.680	3.701	4.545	2.836	4.654	16.916	3.857	3.512	18.067	7.952	1.753
15.828	5.275	9.571	6.156	2.724	0.330	19.876	3.585	5.023	6.638	2.477	1.383
2.615	3.942	7.981	4.995	9.464	0.020	7.530	6.073	4.150	5.927	1.709	0.201
2.629	4.947	8.478	5.959	5.587	1.533	9.261	0.296	5.801	4.174	2.370	1.645
0.225	4.773	6.273	3.251	0.225	2.757	15.255	9.109	7.364	5.414	0.186	4.690
14.265	4.695	18.439	6.125	3.669	1.227	15.954	1.487	5.080	11.189	1.789	0.347
0.942	6.539	15.004	3.710	0.479	2.693	10.528	7.730	4.533	5.968	8.555	4.498
13.063	5.259	8.852	5.705	6.264	2.001	3.320	0.014	6.200	12.162	2.496	2.321
1.896	4.561	19.190	5.809	0.313	0.874	2.792	9.598	4.396	0.080	1.808	3.765
1.794	3.601	0.792	4.705	4.455	4.291	0.429	4.983	3.315	19.287	9.184	1.563
8.302	4.483	15.959	5.123	2.710	2.364	16.223	9.318	4.563	3.923	9.370	4.448
16.174	2.487	15.300	6.005	9.029	4.415	11.808	3.897	4.383	2.237	9.850	3.998
8.376	4.316	5.855	4.869	6.248	4.110	6.975	0.302	4.681	2.118	0.790	0.251
12.146	4.327	10.083	4.922	7.045	2.762	15.297	2.667	4.588	5.568	5.056	2.174
5.575	5.758	10.990	4.499	1.894	4.458	6.021	7.603	4.254	5.399	9.088	2.022
6.974	3.871	4.503	4.919	1.555	3.633	19.351	0.412	6.090	8.733	5.013	0.600
5.651	5.015	19.105	5.041	3.944	1.468	12.748	0.409	3.413	17.449	4.576	1.014
12.514	5.180	13.923	5.503	8.986	4.819	9.986	2.449	6.716	2.057	1.027	4.366
18.202	4.425	1.313	2.989	2.157	0.585	11.751	7.321	5.609	9.521	3.523	1.661
14.329	6.128	3.086	3.228	5.216	0.830	13.623	5.854	6.696	12.394	2.504	0.357
15.074	5.317	17.643	6.687	3.485	3.417	13.916	3.262	3.923	12.856	6.458	1.757
16.545	7.869	9.298	4.692	3.118	1.515	6.196	6.534	5.389	1.355	3.036	0.925
6.408	5.709	19.672	5.361	9.537	2.374	19.179	2.740	4.235	19.372	1.080	1.838
2.708	6.114	16.227	6.402	7.539	1.446	3.339	9.218	6.825	7.150	6.369	2.994
13.563	6.363	18.008	5.840	7.237	4.036	18.630	4.135	4.869	16.790	7.829	2.584
19.597	4.843	10.992	4.754	1.404	4.487	3.996	7.837	4.393	13.282	4.988	1.497
6.905	5.416	16.866	3.042	0.314	4.341	14.949	9.904	4.866	3.524	5.000	1.083
3.761	4.934	12.254	4.336	7.898	4.839	5.936	0.080	3.776	9.903	1.286	2.234
5.442	4.265	16.842	4.896	8.922	2.935	14.450	1.294	4.818	14.889	0.622	0.262
18.878	5.382	16.854	6.398	2.937	1.333	3.241	8.511	5.600	18.594	2.938	3.455
4.052	5.787	1.459	6.747	2.882	1.786	6.554	0.479	5.321	10.990	2.065	2.235
12.760	6.322	1.441	3.202	4.022	2.741	8.914	9.902	4.596	14.984	8.577	1.729
0.120	6.045	7.997	7.696	5.232	4.524	5.101	3.463	6.317	1.143	4.641	2.276
10.773	5.603	13.195	5.843	6.239	2.475	18.217	2.023	5.270	9.477	8.230	4.428
13.512	5.194	4.058	6.248	3.702	3.198	18.651	8.729	5.681	2.798	6.886	1.675
8.787	3.435	5.772	6.841	4.690	2.168	0.979	5.058	4.158	11.470	5.269	4.140
12.243	3.964	0.649	3.344	6.343	0.539	15.467	1.635	5.972	9.544	0.889	1.532
10.331	5.522	0.029	3.374	6.256	4.201	4.893	5.325	5.959	16.162	6.937	3.099
19.140	4.797	5.377	6.619	1.851	0.579	12.817	5.724	5.450	15.832	3.232	3.405
6.906	3.695	11.383	5.903	2.063	4.767	15.468	5.415	6.169	12.304	7.502	4.106
18.526	3.820	14.991	3.435	5.811	0.201	14.253	1.076	3.289	5.568	8.388	3.181
6.991	4.915	1.268	4.210	1.543	4.047	19.971	9.395	4.150	17.819	3.867	0.544
5.160	5.388	6.675	3.060	8.803	1.599	8.929	3.848	3.329	19.003	1.186	4.547
16.363	4.663	3.053	5.492	3.362	1.441	5.821	5.324	4.256	9.818	0.341	1.620
14.933	4.529	15.513	6.005	4.441	2.991	2.780	0.823	3.643	9.945	0.865	3.661
1.591	4.133	6.181	5.381	4.680	4.279	4.183	0.550	5.716	6.889	3.266	1.612
1.647	4.165	0.071	5.983	0.019	2.636	9.357	7.486	6.147	18.663	9.812	4.539
2.630	5.756	4.067	4.659	0.991	4.770	8.700	6.138	5.429	6.627	9.736	0.068
1.199	6.364	14.979	5.844	9.213	0.668	18.079	6.306	5.436	18.927	6.116	3.971
11.316	5.190	8.683	3.972	9.914	2.707	0.776	0.037	6.214	18.407	3.957	2.360
2.658	4.153	19.039	4.557	0.748	3.551	6.302	7.063	5.919	9.071	4.948	1.057
6.736	3.570	14.124	4.682	3.812	2.625	11.549	2.159	5.254	12.381	7.716	2.427
11.210	5.523	0.041	4.314	3.362	0.772	11.830	3.006	4.619	13.920	7.859	4.859
18.894	4.974	19.312	4.513	0.714	2.312	2.622	9.559	1.620	15.617	2.724	0.241
14.872	5.384	14.743	5.402	9.769	2.158	12.208	6.054	4.600	16.204	8.495	4.185
11.883	3.661	7.267	5.398	0.005	2.139	15.685	3.369	3.912	14.046	7.867	1.683
3.865	3.571	9.753	3.094	8.004	0.908	14.956	7.628	4.646	10.082	1.130	1.213
0.223	5.182	12.380	5.499	2.791	1.902	16.307	6.188	6.198	4.961	8.540	2.919
3.908	4.889	14.712	5.097	3.825	0.865	10.887	7.663	5.261	18.600	0.391	1.503
3.793	4.541	18.189	4.501	8.884	3.178	9.644	8.400	5.441	8.055	6.166	3.833
3.381	5.689	14.149	6.240	5.497	4.534	12.620	8.670	4.951	16.312	9.907	3.128
10.090	4.790	9.468	3.634	9.754	3.220	0.162	9.890	4.550	16.096	1.616	4.040
3.024	4.908	6.284	3.346	5.849	4.921	5.990	1.703	5.225	3.472	6.675	1.914
15.411	4.263	8.081	4.659	3.222	4.955	2.058	2.412	4.468	4.424	5.213	2.802
14.381	4.155	16.290	4.659	1.864	3.808	19.294	8.065	2.997	0.759	7.272	4.084
19.581	3.342	0.883	5.585	4.780	4.841	8.465	5.575	4.815	19.343	9.754	2.124
3.887	4.781	3.818	7.901	0.492	0.022	11.619	1.128	5.308	9.895	0.634	4.054
14.449	5.447	3.519	3.086	3.365	0.430	15.627	6.444	3.461	14.860	9.292	2.762
1.391	3.745	18.896	2.928	9.813	0.033	16.405	3.661	3.188	11.327	0.304	2.124
11.960	5.054	17.539	4.838	4.905	1.221	18.008	7.948	4.511	14.330	7.624	2.000
2.934	5.350	13.419	5.530	1.555	1.781	16.575	2.012	5.965	4.394	0.834	2.307
1.940	5.750	5.985	6.689	5.108	2.992	12.454	7.336	3.817	19.771	9.081	4.339
12.745	3.343	5.489	4.237	2.505	1.660	14.034	5.566	5.248	18.331	0.672	0.268
6.177	6.038	3.720	3.690	8.708	4.100	13.306	6.982	5.052	10.319	7.230	4.786
13.722	6.756	2.056	5.762	2.871	3.265	9.599	9.355	6.160	12.752	6.988	4.156
13.309	4.571	9.990	3.841	7.788	0.416	9.559	9.787	3.983	5.051	5.191	2.404
14.451	4.603	19.208	5.066	4.350	2.468	10.750	4.255	3.336	4.262	8.054	0.044
13.637	4.402	0.314	3.212	2.228	2.650	1.643	9.205	5.580	9.522	7.900	3.374
13.988	5.252	2.426	4.838	0.902	2.262	11.540	5.620	4.462	10.607	0.052	3.631
10.645	4.834	9.484	4.966	8.467	1.671	0.209	6.111	5.996	10.106	6.542	1.396
11.186	5.776	8.393	5.381	5.645	3.424	16.017	7.545	3.612	18.446	1.193	1.335
3.276	5.164	7.391	3.821	1.234	1.863	3.984	4.889	4.870	14.663	6.852	4.700
19.273	6.361	2.728	4.970	8.596	1.215	15.065	3.360	5.417	16.883	0.066	0.647
0.824	2.752	12.029	5.415	4.566	2.014	17.770	0.922	3.265	19.592	1.443	1.944
11.764	3.346	4.554	3.207	9.075	2.535	13.084	7.317	5.027	11.306	5.353	0.008
13.291	6.110	3.502	7.755	7.866	1.380	13.190	0.731	5.735	5.656	6.637	3.137
8.143	4.159	5.835	4.362	7.858	0.532	14.528	3.203	2.968	14.642	4.981	3.105
0.003	4.884	14.237	5.444	6.555	3.441	14.848	8.782	3.711	11.546	2.893	2.936
14.920	4.054	1.255	3.413	0.112	3.613	12.869	3.662	6.532	11.968	3.926	3.945
0.543	5.501	15.683	5.638	1.718	0.706	3.849	6.173	3.689	8.015	4.678	2.322
9.555	5.005	15.530	4.433	4.358	2.913	0.329	5.892	3.943	1.269	3.486	1.856
6.801	5.406	13.599	5.836	9.801	3.947	14.976	2.138	5.586	18.356	9.871	2.944
3.433	5.100	10.396	5.698	3.354	4.620	15.282	1.298	3.573	7.808	5.619	2.236
5.443	4.135	17.657	4.962	4.863	2.151	7.419	3.852	3.188	11.628	3.435	0.962
16.558	4.835	12.755	4.836	2.679	3.026	18.692	9.350	5.751	7.745	3.780	4.577
4.355	5.935	15.313	4.899	0.576	0.515	19.080	0.955	4.304	3.278	7.743	1.961
7.365	5.073	14.669	2.008	5.266	4.091	8.297	4.279	5.454	3.544	2.941	4.905
10.043	4.566	3.298	5.503	4.646	4.716	4.671	4.020	4.611	7.759	9.099	1.922
1.903	4.724	5.988	4.865	1.340	2.941	16.567	1.000	5.005	14.296	1.483	4.691
12.919	5.197	6.354	5.316	6.858	1.628	16.156	3.759	4.663	14.742	1.750	2.646
1.290	5.580	13.029	6.564	1.988	4.065	9.468	3.131	4.576	4.698	3.045	4.622
12.094	5.345	10.706	3.548	4.112	0.954	12.752	5.003	4.865	10.461	0.721	3.508
7.697	6.274	14.630	5.597	0.463	3.093	4.217	8.346	4.851	13.543	2.217	2.763
18.694	4.299	5.853	4.290	9.555	4.316	8.559	5.801	3.206	0.863	0.828	0.021
4.406	5.935	12.757	3.754	9.314	1.936	0.728	2.818	4.658	13.830	3.330	3.767
15.262	4.316	8.604	4.452	9.347	1.651	16.678	1.020	4.453	14.674	0.627	4.202
2.640	5.617	12.212	4.730	5.721	2.435	5.813	7.866	4.187	15.304	7.180	0.058
2.695	5.193	13.900	4.902	4.026	2.365	5.765	5.478	5.719	3.666	9.582	3.708
7.060	4.020	17.157	2.956	3.902	3.590	18.474	2.563	6.154	6.865	7.427	2.648
2.842	6.644	11.081	2.804	7.535	4.490	12.732	3.442	4.726	15.063	8.166	2.393
18.764	5.275	17.389	3.009	0.326	2.510	16.985	2.953	4.887	9.987	7.163	0.644
18.350	5.691	7.710	5.035	3.534	1.839	6.847	5.733	4.426	10.964	3.073	3.741
10.946	5.272	17.257	5.261	2.926	0.995	18.608	3.026	3.798	7.013	9.831	1.886
9.715	6.663	10.924	4.591	1.460	0.350	13.199	9.904	3.447	10.624	8.001	0.920
12.969	6.980	0.900	5.556	9.398	1.917	7.191	0.246	4.521	2.092	3.258	3.483
2.753	4.098	6.775	6.678	9.989	2.509	11.379	4.300	5.250	2.864	5.476	1.611
8.253	4.409	16.945	4.670	5.457	2.982	3.271	3.325	5.608	1.231	2.346	0.632
5.130	6.071	17.744	5.445	9.570	3.431	12.958	1.480	6.951	17.855	0.212	4.362
0.326	6.459	10.759	4.782	8.985	0.818	10.878	8.180	6.064	10.485	8.929	0.910
1.733	4.354	8.784	4.621	1.732	0.738	19.217	1.853	6.532	19.689	0.166	2.790
7.837	4.290	11.757	5.287	4.631	1.698	3.274	7.550	4.696	9.433	5.779	2.496
18.125	4.124	1.180	4.332	5.236	2.959	4.569	1.936	4.687	1.815	9.893	4.765
0.981	6.125	2.866	4.846	8.612	2.577	16.317	0.644	4.541	16.344	1.096	1.924
13.383	6.690	4.905	4.884	4.281	2.150	6.755	3.438	5.911	6.041	2.468	0.634
14.286	5.018	15.829	5.626	5.060	4.174	13.170	1.364	3.971	19.910	4.876	4.544
13.448	4.415	13.218	4.545	9.312	1.914	12.322	7.988	5.167	0.574	1.424	3.510
13.320	6.307	6.015	5.005	4.403	2.707	11.492	4.121	6.080	0.842	3.659	4.782
17.485	5.140	11.786	4.843	9.183	2.282	2.699	6.323	5.847	16.651	0.284	4.379
3.438	6.066	2.821	5.127	7.869	2.845	18.558	9.045	5.104	1.011	7.171	1.020
3.113	4.594	13.451	6.660	2.032	0.522	17.951	9.841	4.967	16.791	4.824	3.902
10.625	3.436	19.509	6.343	0.305	2.244	10.167	2.652	4.367	12.594	8.408	1.330
6.368	6.373	8.176	5.755	6.986	1.701	2.595	2.768	5.109	6.305	9.467	2.402
2.105	5.774	0.027	5.119	9.610	2.032	2.392	7.623	5.131	5.496	7.220	0.713
1.111	3.599	10.915	3.221	0.447	3.694	15.877	4.625	4.909	4.810	7.853	4.662
17.725	4.523	9.813	5.699	1.950	1.897	5.714	7.850	3.284	2.918	3.716	0.829
2.975	7.044	2.145	4.186	0.708	-6.756	-7.902	-7.500	2.177	2.553	5.772	3.199
14.149	4.314	8.567	2.251	2.776	-6.502	-6.825	-7.790	4.619	10.547	7.322	0.711
0.618	5.049	16.035	2.668	0.060	-6.304	-5.428	-6.525	0.839	18.547	4.619	1.573
19.455	7.444	7.123	1.775	6.594	-5.269	-7.308	-8.670	0.107	11.716	2.532	1.649
9.621	8.616	1.458	3.216	0.617	-7.620	-7.649	-6.264	0.962	19.736	9.663	2.981
7.751	3.891	1.351	0.126	5.194	-8.398	-7.025	-6.543	3.301	19.537	7.638	4.103
17.254	9.423	9.449	2.539	6.664	-6.015	-9.050	-6.494	4.419	19.655	2.065	4.218
18.382	4.143	14.672	0.472	6.094	-6.366	-6.892	-7.334	4.926	8.941	0.968	1.987
16.280	7.112	1.274	3.977	9.049	-8.091	-6.826	-7.342	3.899	16.520	1.953	3.091
2.131	3.558	8.738	3.174	4.857	-6.081	-8.021	-8.008	1.710	9.830	9.192	2.866
0.107	1.482	6.693	0.709	0.193	-7.255	-6.290	-6.680	0.388	17.334	5.335	0.740
16.820	9.855	14.935	1.921	0.578	-6.433	-7.696	-5.544	1.253	0.728	0.854	3.459
9.639	1.062	0.228	2.120	3.634	-8.472	-6.572	-6.683	1.934	18.531	7.902	1.608
18.287	6.240	14.091	0.714	3.588	-7.143	-9.346	-5.978	3.728	13.410	1.858	3.993
6.578	4.327	0.722	0.450	5.157	-7.303	-5.938	-7.028	0.185	6.098	1.020	0.619
9.204	4.990	5.600	3.718	7.129	-6.537	-8.169	-5.711	4.726	1.199	8.696	0.940
11.159	4.301	19.845	4.323	2.980	-7.301	-5.792	-5.172	2.216	3.284	3.881	2.394
9.868	6.178	19.880	3.750	2.977	-10.111	-7.236	-7.842	3.017	10.174	0.466	0.388
3.901	0.457	12.792	4.650	9.533	-7.266	-7.373	-6.037	2.672	18.447	7.959	2.451
3.015	8.740	8.420	0.992	4.993	-6.511	-6.368	-8.492	1.063	16.422	1.481	0.427
7.374	3.990	10.777	0.686	1.568	-7.562	-6.418	-7.824	2.466	7.965	8.364	0.682
6.849	3.591	18.635	3.325	1.685	-6.982	-6.701	-6.674	3.761	1.682	3.755	2.488
3.569	6.451	14.156	1.401	0.961	-7.696	-7.029	-7.802	2.025	7.897	8.616	3.917
1.934	0.593	0.635	3.256	4.818	-5.414	-6.425	-8.816	1.664	16.462	9.242	2.378
5.944	1.577	19.816	2.491	7.525	-7.920	-6.405	-8.711	2.666	10.611	8.147	4.584
8.481	7.932	16.689	1.400	4.324	-6.845	-6.803	-7.823	2.004	19.136	4.017	2.657
10.251	8.622	3.207	3.163	7.210	-7.539	-6.499	-7.893	4.675	19.164	6.710	3.806
3.069	9.304	1.382	1.262	7.069	-7.212	-7.487	-7.805	3.687	5.810	4.407	1.540
12.542	3.642	16.075	0.309	6.829	-7.312	-5.657	-6.747	4.689	2.096	2.477	4.730
12.679	7.158	17.311	3.758	5.311	-5.207	-6.249	-7.985	2.023	10.086	5.297	3.793
1.277	2.221	18.943	2.098	6.217	-6.819	-6.605	-5.953	4.717	4.265	4.179	1.449
8.344	8.048	12.142	1.230	3.294	-7.074	-7.894	-7.516	2.125	13.370	6.347	2.792
1.259	4.167	0.302	3.203	2.701	-7.734	-6.780	-7.447	0.442	18.473	8.714	1.056
13.888	6.081	6.534	0.857	9.852	-7.923	-8.273	-6.060	0.234	15.526	6.757	0.967
8.730	4.284	11.774	4.515	4.539	-6.976	-6.817	-3.626	3.622	18.430	5.383	0.595
9.406	9.067	7.637	0.690	8.291	-5.381	-5.946	-7.472	0.436	19.555	7.591	0.051
1.326	8.140	6.948	2.200	4.489	-7.706	-7.245	-6.683	0.058	12.829	6.718	2.065
15.463	6.985	15.810	4.177	1.301	-6.678	-6.927	-7.836	4.235	19.408	8.794	2.734
2.831	3.356	17.612	4.079	2.633	-8.125	-6.028	-7.923	0.550	5.907	6.885	4.848
9.976	9.131	10.771	3.253	2.322	-7.664	-6.006	-6.784	4.114	12.655	6.299	0.080
19.439	4.693	5.704	1.330	0.386	-5.161	-6.168	-6.736	3.630	4.838	6.956	3.368
6.891	7.494	4.324	1.674	0.859	-7.841	-7.144	-7.714	4.888	3.774	9.933	0.832
10.275	6.506	17.340	1.849	5.298	-7.009	-6.665	-5.769	1.770	10.561	1.601	0.242
3.091	9.996	3.842	3.501	7.411	-6.238	-6.740	-8.836	3.661	19.420	6.907	0.312
15.054	3.246	7.328	2.237	9.151	-6.025	-5.890	-7.716	1.378	13.628	5.531	0.418
3.434	9.600	8.786	2.379	3.130	-5.905	-5.702	-5.582	1.101	11.173	2.072	3.671
8.718	1.764	15.651	3.392	9.120	-5.833	-7.657	-6.468	3.815	8.689	6.771	3.054
2.682	0.669	19.091	2.965	2.877	-7.318	-6.640	-6.373	4.151	18.555	3.687	3.104
8.381	3.638	11.303	4.442	6.403	-6.151	-7.371	-7.316	3.311	4.529	5.819	4.642
13.684	0.224	0.945	4.739	8.706	-6.454	-6.990	-5.860	1.530	18.342	2.370	2.095
11.666	9.932	16.097	2.932	6.022	-7.044	-6.254	-7.308	1.845	10.833	9.967	2.591
5.114	3.750	1.385	0.387	2.799	-6.836	-6.478	-6.903	0.013	6.639	1.413	4.890
16.990	0.673	8.339	2.903	3.649	-6.099	-7.759	-6.850	4.112	14.271	9.110	4.995
5.477	1.652	17.798	4.482	7.997	-7.545	-8.618	-7.060	0.501	0.279	7.487	4.689
17.033	5.725	7.957	1.152	8.668	-8.240	-7.574	-6.787	3.977	12.179	5.664	0.413
1.756	6.012	13.889	0.946	1.799	-5.009	-8.970	-7.442	0.523	0.477	0.241	4.931
13.636	7.303	18.573	1.313	8.629	-7.108	-7.895	-6.602	2.786	16.848	5.861	3.839
12.913	6.195	12.863	4.467	8.333	-6.350	-7.586	-7.922	2.789	13.132	3.304	1.647
8.156	1.217	7.620	3.455	3.909	-6.367	-6.439	-8.131	0.764	0.567	7.469	1.371
14.025	5.361	12.680	2.725	0.097	-7.791	-6.988	-6.579	2.298	17.701	9.942	0.660
19.200	8.496	6.722	1.130	9.224	-6.870	-8.121	-7.105	3.119	4.623	8.941	3.633
4.320	7.499	14.502	0.106	0.521	-7.643	-7.958	-6.751	0.760	1.440	7.590	2.892
6.983	1.623	3.101	3.574	0.416	-7.921	-8.249	-7.387	2.711	5.065	0.023	0.143
4.275	3.270	5.484	3.402	6.585	-8.327	-8.227	-5.769	0.294	6.230	3.369	4.019
16.031	2.368	15.310	1.051	9.544	-7.346	-6.658	-5.174	2.979	8.931	9.325	1.692
5.010	4.960	0.070	1.790	5.409	-7.946	-6.398	-6.491	4.739	5.882	6.444	4.992
0.263	2.416	3.432	2.104	8.681	-6.996	-7.398	-7.339	1.318	8.875	5.909	2.552
2.247	5.389	12.090	1.318	7.699	-7.026	-5.631	-6.802	1.854	3.824	3.069	3.379
9.986	7.689	2.547	4.850	4.638	-6.117	-7.194	-7.453	3.484	8.091	4.965	1.930
10.774	7.024	8.580	2.378	1.845	-7.210	-6.589	-8.458	1.886	15.288	3.869	2.012
5.999	3.744	2.760	4.237	4.828	-6.325	-5.903	-6.933	4.637	3.993	4.782	0.473
17.252	6.020	19.735	4.837	5.342	-7.993	-8.127	-8.063	2.917	0.387	0.586	1.389
14.037	8.393	15.896	4.351	1.314	-5.080	-6.472	-7.033	2.273	4.658	7.071	1.697
9.250	4.909	6.578	2.044	9.680	-5.626	-7.132	-7.161	0.824	2.707	9.105	0.734
8.137	2.105	8.167	1.368	2.636	-6.868	-6.456	-6.809	3.933	15.018	6.661	2.512
3.690	5.080	13.141	1.875	5.356	-9.336	-7.457	-7.375	0.402	9.598	1.667	1.675
6.030	4.693	19.357	0.634	1.206	-6.452	-7.501	-7.639	3.521	19.317	1.939	4.229
1.663	7.925	9.426	0.205	4.844	-7.322	-6.556	-6.773	1.880	11.147	7.059	3.639
3.845	3.691	4.675	2.942	8.721	-6.570	-7.765	-7.608	0.541	2.412	1.561	0.021
5.151	7.031	8.775	0.767	8.020	-7.190	-4.928	-8.479	4.398	18.835	8.001	0.011
0.247	4.310	9.788	2.665	5.711	-8.087	-6.763	-8.296	3.377	9.780	9.738	1.806
16.376	9.667	16.160	0.169	2.256	-6.384	-6.815	-6.901	3.213	16.714	4.455	2.979
13.522	6.200	11.520	3.004	6.871	-7.888	-5.473	-6.177	1.541	8.870	5.433	0.110
18.306	3.749	5.301	3.208	6.436	-5.810	-5.962	-5.769	1.060	5.520	0.717	4.465
14.113	4.160	16.625	0.749	9.220	-5.576	-6.776	-6.725	3.563	0.073	2.972	3.886
1.108	6.184	3.586	1.264	4.192	-6.681	-7.968	-7.631	3.591	8.284	7.605	1.622
15.378	3.283	7.057	0.857	0.773	-6.819	-6.350	-6.100	1.146	10.461	3.434	1.467
17.970	4.262	8.349	0.130	0.244	-8.152	-7.443	-7.103	3.562	11.653	7.598	4.214
9.560	9.095	5.493	0.022	2.671	-6.746	-6.005	-8.864	1.852	5.259	6.076	4.089
7.170	9.945	15.556	2.241	8.311	-8.019	-6.283	-6.908	0.859	14.805	1.148	1.652
17.548	5.990	2.200	0.723	0.510	-6.100	-7.663	-6.896	1.863	3.077	4.066	1.120
17.220	8.712	5.080	2.120	8.459	-7.357	-8.830	-7.382	2.981	13.079	2.860	0.384
6.661	7.392	3.507	3.737	6.601	-7.196	-8.175	-7.424	2.070	0.850	2.428	0.498
19.360	8.295	15.683	1.911	6.670	-8.131	-7.357	-5.581	1.335	11.229	9.263	1.994
14.353	1.965	5.502	1.611	3.607	-8.388	-6.847	-7.499	3.607	15.108	9.080	1.603
8.305	3.873	17.498	3.424	1.068	-5.572	-8.767	-8.793	1.733	7.203	3.423	3.818
13.204	1.579	13.859	4.408	3.313	-6.689	-6.392	-7.388	2.214	1.339	2.329	1.714
7.142	9.956	9.952	0.250	7.150	-7.373	-5.994	-6.384	2.264	1.006	4.998	0.930
3.519	9.482	18.715	3.753	6.738	-6.927	-6.194	-6.559	1.005	8.553	0.084	3.445
13.445	4.922	16.220	3.048	7.789	-5.432	-6.876	-9.046	3.737	16.788	4.261	0.870
7.168	8.996	3.347	1.852	1.891	-5.752	-5.845	-8.517	0.876	1.164	2.063	2.834
3.178	5.029	1.154	2.185	1.474	-6.756	-5.116	-7.091	3.508	13.736	3.851	4.179
9.667	9.080	17.647	1.976	3.645	-7.363	-6.130	-7.066	4.935	8.563	1.613	1.130
4.466	1.665	17.759	4.201	6.566	-7.912	-6.885	-6.097	1.864	3.938	7.925	1.875
8.482	7.556	17.003	3.362	4.439	-7.586	-7.589	-5.931	1.625	9.950	1.700	4.664
17.924	5.671	11.510	4.866	8.763	-7.889	-6.931	-6.385	0.724	2.716	8.810	0.309
3.509	1.351	15.236	2.189	1.080	-7.609	-6.046	-6.139	0.893	10.459	2.467	0.354
6.518	4.684	13.590	4.264	6.901	-5.547	-6.803	-7.531	4.622	12.766	9.236	4.420
5.311	3.157	3.622	2.859	4.924	-7.203	-6.068	-8.336	3.380	5.261	0.088	2.995
6.553	6.583	0.558	0.345	7.890	-7.332	-7.799	-6.880	3.664	0.605	1.031	1.322
14.590	7.890	5.355	0.167	6.220	-6.933	-7.417	-6.929	0.874	7.520	5.722	4.971
15.589	0.163	10.081	3.739	0.179	-4.714	-5.547	-7.507	1.318	17.263	3.293	2.698
6.234	0.828	4.109	1.236	2.345	-8.428	-7.306	-6.228	2.934	12.714	1.398	0.834
9.468	7.684	4.286	3.494	8.959	-5.977	-6.694	-6.368	3.563	14.709	4.992	2.002
1.681	5.254	0.585	2.568	9.159	-8.313	-8.018	-7.179	1.868	12.743	7.378	3.056
1.600	4.214	14.455	4.059	2.356	-5.964	-7.892	-7.399	4.145	5.739	2.179	3.990
3.687	9.017	4.479	2.499	1.600	-5.137	-7.305	-5.500	2.256	19.176	9.940	1.014
14.136	1.797	10.927	3.160	2.379	-6.400	-6.428	-7.395	2.507	1.476	4.430	0.959
11.035	0.680	16.376	3.674	9.544	-7.094	-6.515	-8.431	2.366	13.949	7.417	2.210
14.611	9.797	5.999	1.926	5.340	-7.624	-6.405	-6.402	0.499	7.390	6.251	3.857
14.191	6.948	18.160	1.016	4.574	-5.832	-7.161	-8.321	3.100	0.375	7.012	4.834
0.745	6.953	1.622	2.615	9.874	-8.048	-7.888	-6.381	1.217	5.768	3.938	1.208
3.351	2.567	10.263	2.812	1.270	-7.420	-7.279	-8.320	2.788	3.035	6.899	1.672
11.873	0.179	5.025	1.428	7.749	-7.862	-5.093	-5.580	4.148	18.898	5.525	0.433
7.627	5.943	19.632	1.434	5.019	-7.767	-9.364	-6.728	1.211	14.333	3.231	1.449
1.880	2.672	12.774	2.804	6.418	-6.426	-6.430	-6.579	1.619	13.153	0.937	4.693
9.309	5.439	10.161	1.500	9.484	-5.814	-5.570	-5.982	4.669	10.204	9.789	0.338
7.700	0.233	2.241	3.964	0.352	-7.897	-6.693	-6.269	2.704	4.726	3.801	1.002
18.547	5.424	11.667	2.686	5.587	-10.645	-8.254	-5.733	0.760	2.666	7.638	2.094
13.757	5.604	17.873	0.864	7.299	-8.356	-6.200	-6.805	2.261	15.058	5.099	0.473
2.936	2.382	13.447	3.740	2.611	-8.677	-8.368	-8.792	4.364	8.598	5.829	1.273
5.417	7.268	5.624	3.688	3.429	-8.210	-7.656	-4.889	4.465	6.165	3.665	0.611
1.950	3.120	1.786	4.797	9.107	-8.371	-7.163	-9.419	4.483	19.958	9.650	3.889
13.107	7.038	1.427	0.707	9.356	-5.705	-7.738	-7.855	0.914	4.036	6.922	1.574
9.314	3.459	15.660	0.997	4.173	-7.598	-5.869	-7.073	0.065	12.454	0.288	4.685
4.823	5.625	1.244	1.035	2.943	-7.721	-7.066	-5.478	1.471	16.283	8.339	4.450
13.695	2.562	0.574	0.232	3.678	-5.041	-7.161	-9.620	3.077	1.433	3.480	4.026
9.385	0.886	5.944	3.872	9.148	-5.837	-6.640	-6.355	0.696	10.848	7.977	1.656
12.838	0.500	6.625	1.564	4.735	-7.016	-5.998	-6.405	2.599	11.783	4.640	2.256
5.203	5.997	2.252	4.336	3.831	-6.551	-7.600	-5.422	1.596	17.892	8.857	3.341
8.001	3.511	10.193	2.336	8.558	-7.817	-6.840	-6.317	4.563	15.815	6.613	2.491
17.299	4.878	12.943	0.730	5.058	-5.962	-7.045	-8.330	1.895	10.080	6.375	3.606
0.967	5.142	11.147	4.066	3.707	-6.925	-5.409	-8.401	3.048	13.989	9.266	3.562
1.710	0.459	3.865	2.699	7.788	-7.069	-7.172	-6.291	2.851	2.553	1.083	1.617
16.406	4.255	17.042	4.618	1.422	-7.383	-7.219	-6.727	1.591	3.252	3.541	1.700
5.181	6.512	7.528	0.742	6.576	-4.947	-6.541	-7.269	1.276	4.006	7.043	3.609
7.600	9.696	13.101	1.940	6.173	-6.999	-5.776	-6.510	0.484	16.930	5.175	1.759
11.872	2.780	10.963	0.375	4.882	-7.160	-6.146	-5.224	0.814	6.238	3.787	1.946
14.030	6.332	7.632	0.799	5.737	-9.003	-6.822	-9.188	4.100	0.540	3.258	3.923
8.841	9.104	5.643	4.789	7.482	-8.391	-6.216	-6.575	2.511	19.823	8.190	4.127
16.703	9.624	17.654	1.153	8.561	-6.738	-7.275	-6.180	4.104	11.338	9.949	0.600
1.405	1.320	1.002	2.809	3.299	-7.208	-7.592	-7.421	4.221	4.614	9.802	4.409
5.980	2.446	4.744	2.166	4.769	-7.443	-6.469	-6.770	3.537	19.930	9.328	3.843
19.481	5.552	7.482	3.022	4.403	-8.946	-6.805	-6.075	2.150	17.394	3.177	4.372
6.306	6.383	9.256	2.617	0.457	-6.420	-7.561	-7.913	4.748	4.166	3.895	2.645
1.153	8.528	15.321	2.694	4.313	-6.455	-6.685	-7.067	1.286	7.670	5.267	3.481
11.387	0.305	5.473	4.980	4.842	-7.075	-6.497	-7.535	0.564	14.510	8.070	0.459
0.948	2.319	15.592	3.921	2.405	-7.942	-7.527	-7.216	2.208	19.741	1.882	0.606
14.220	6.029	1.793	2.219	1.285	-5.249	-7.148	-6.104	1.025	14.794	6.476	3.162
9.948	6.492	7.138	1.612	6.690	-7.938	-5.348	-6.833	1.228	19.533	0.325	1.807
9.504	9.796	14.812	3.900	9.171	-7.856	-6.059	-7.023	2.350	7.969	6.296	0.555
10.131	2.285	15.635	0.106	5.873	-8.091	-7.222	-6.575	2.418	9.257	2.042	3.228
11.494	3.705	6.839	1.179	6.830	-6.405	-6.823	-5.486	4.338	15.022	4.502	4.596
8.627	9.698	8.672	3.373	3.859	-6.395	-6.366	-6.210	1.999	12.820	3.005	3.615
15.719	9.924	12.249	4.414	9.806	-5.478	-7.758	-7.782	0.736	4.111	7.725	0.877
3.320	1.033	4.767	3.022	6.461	-6.962	-7.876	-6.889	3.913	5.450	9.170	2.174
3.901	1.701	7.766	3.336	6.434	-5.878	-6.551	-7.408	2.819	15.748	0.155	3.876
1.465	1.644	2.713	4.604	4.480	-7.828	-7.300	-8.436	2.864	14.832	5.595	0.341
3.710	2.792	12.190	2.222	8.122	-9.191	-6.219	-7.061	4.577	3.393	3.843	4.600
7.232	4.639	0.778	4.549	0.963	-4.116	-8.492	-7.055	2.782	13.827	3.461	4.808
9.213	7.802	0.660	4.942	8.086	-6.874	-8.271	-7.969	0.361	9.098	4.953	3.621
7.494	6.363	0.175	1.897	5.827	-7.422	-8.064	-8.587	3.558	12.820	0.027	0.413
9.453	4.160	17.899	2.179	3.679	-7.492	-7.428	-7.010	4.580	0.105	2.670	3.233
11.576	1.683	16.920	1.485	0.607	-6.044	-5.550	-8.294	3.412	8.740	2.856	2.980
8.888	8.151	14.211	4.468	6.386	-5.883	-7.847	-6.673	0.875	14.956	6.420	4.323
14.346	3.012	11.340	2.321	0.623	-6.394	-7.692	-6.930	3.431	16.072	1.945	3.759
16.289	2.659	15.059	4.914	9.710	-7.921	-5.921	-6.741	4.237	9.521	7.606	4.619
7.359	1.365	10.965	2.963	2.161	-7.203	-7.348	-7.766	3.929	2.566	6.251	3.002
10.855	0.638	15.015	2.795	2.821	-7.427	-9.430	-6.206	3.204	15.853	9.635	2.679
19.524	9.048	12.444	2.580	1.937	-7.448	-6.588	-9.592	3.426	5.321	2.973	4.719
17.671	0.139	12.126	4.230	5.173	-7.953	-5.602	-7.414	3.694	0.969	8.268	1.126
7.436	6.084	10.728	3.888	2.755	-8.111	-7.578	-5.536	4.831	16.315	8.765	0.371
1.009	7.330	18.531	4.729	4.585	-9.235	-4.536	-5.234	1.440	8.472	6.317	3.685
14.883	0.799	1.467	3.081	0.082	-6.649	-8.176	-7.784	1.585	18.915	4.303	1.085
10.702	0.086	6.564	3.210	3.593	-6.848	-7.855	-7.360	4.227	17.317	9.984	2.568
16.966	4.724	1.961	2.303	5.842	-6.024	-8.219	-7.093	1.077	9.062	4.061	3.389
19.340	7.537	13.037	2.473	0.891	-6.698	-7.172	-6.280	4.040	19.007	4.077	0.278
7.726	3.286	16.100	3.468	1.619	-5.233	-7.434	-6.860	1.624	10.738	6.511	2.351
11.231	3.708	10.342	4.583	3.579	-7.253	-5.868	-7.793	3.408	17.678	9.438	0.128
15.982	0.860	1.605	1.662	9.045	-5.598	-7.983	-5.693	0.367	4.483	3.638	1.898
7.002	3.707	11.879	1.612	3.728	-6.623	-4.962	-6.892	1.377	19.792	7.636	4.287
18.884	0.439	7.443	0.982	4.728	-7.394	-6.906	-5.943	4.694	12.757	6.602	2.724
7.586	5.749	2.926	1.837	7.828	-7.543	-6.443	-5.347	1.415	0.541	9.216	0.231
13.828	9.305	16.395	2.198	5.340	-7.069	-6.438	-4.433	1.692	8.353	5.982	2.196
18.575	6.781	12.172	1.868	2.295	-7.795	-7.842	-7.363	2.023	0.139	1.480	0.792
18.824	5.634	19.255	0.363	4.417	-7.969	-5.700	-7.059	4.682	2.238	9.455	4.031
14.581	3.406	11.380	1.496	9.250	-6.930	-6.243	-6.428	4.215	0.310	2.976	1.553
5.143	7.871	14.422	3.400	1.643	-6.605	-6.529	-6.877	3.385	16.253	6.591	0.685
18.185	4.057	19.137	1.271	1.508	-6.009	-7.887	-7.506	2.512	11.961	4.887	0.983
11.130	0.254	15.428	2.561	9.655	-7.777	-7.453	-7.707	0.210	10.182	9.001	3.427
11.445	3.091	13.489	1.707	2.832	-6.971	-6.973	-5.755	0.424	9.797	1.484	2.912
7.714	9.544	5.373	0.788	9.871	-5.478	-7.009	-7.050	3.480	7.840	2.505	4.025
13.705	5.516	5.468	3.720	3.694	-6.393	-6.685	-5.086	0.477	8.509	4.404	1.133
2.471	5.877	15.800	0.004	2.911	-7.413	-8.163	-4.825	1.753	15.434	3.448	2.306
4.612	2.685	7.786	4.075	8.606	-5.606	-8.049	-7.694	1.262	10.665	1.275	3.453
7.925	7.747	2.130	2.676	0.372	-6.492	-6.240	-6.382	2.659	4.572	6.533	0.771
12.512	2.371	0.553	0.103	1.839	-6.321	-6.509	-6.895	4.817	10.932	9.561	1.400
7.975	4.555	18.447	2.332	6.090	-7.450	-7.930	-7.719	2.353	4.614	9.454	4.545
8.488	3.328	0.544	0.035	6.847	-6.284	-8.358	-6.654	0.825	3.098	9.875	3.127
9.054	1.320	11.943	4.776	2.872	-6.400	-8.314	-8.381	2.324	17.307	7.068	1.468
17.156	7.052	19.295	0.647	3.770	-7.457	-7.254	-8.060	0.382	12.548	2.909	0.930
14.901	0.685	14.646	3.614	2.246	-5.728	-5.254	-8.527	2.526	1.133	2.836	3.942
7.163	0.707	3.998	1.356	9.562	-9.594	-7.850	-7.846	1.713	11.148	3.410	0.191
6.901	4.937	2.986	1.726	9.965	-6.152	-5.619	-8.052	4.678	2.360	4.139	1.413
17.805	1.580	1.513	2.149	9.669	-7.276	-7.592	-7.725	2.449	18.019	4.190	3.018
5.250	2.406	9.107	3.748	1.012	-7.710	-7.716	-6.252	3.752	8.062	1.717	1.884
3.486	8.379	2.708	2.245	9.285	-6.450	-7.117	-6.470	2.138	10.939	9.943	0.194
17.385	3.421	8.689	3.301	8.616	-6.417	-8.294	-7.029	4.187	14.543	2.861	4.108
19.426	4.281	6.838	0.143	3.431	-6.647	-7.027	-7.876	3.445	13.676	4.341	0.704
0.223	6.750	13.212	1.521	0.903	-8.124	-8.678	-10.082	3.994	14.365	7.233	2.375
1.831	9.546	11.518	4.069	0.500	-5.530	-7.537	-5.619	0.308	13.628	4.349	1.477
14.538	8.749	16.771	0.777	8.150	-8.778	-6.448	-6.270	0.256	7.088	7.678	3.538
17.430	8.762	11.321	0.092	2.801	-7.975	-7.532	-7.136	4.467	4.127	0.487	1.805
14.254	7.816	11.148	2.984	8.076	-7.208	-8.678	-8.274	4.695	12.746	9.106	0.358
10.003	5.388	6.065	2.258	0.261	-6.183	-6.335	-7.163	4.352	15.515	8.319	2.362
14.636	1.298	10.104	1.679	6.544	-6.732	-7.333	-9.092	4.430	10.567	3.837	2.803
10.659	6.690	18.839	3.080	0.572	-5.196	-7.514	-7.563	0.195	2.103	8.580	0.855
18.437	5.668	16.325	3.228	6.350	-5.813	-6.179	-6.072	0.653	19.954	0.649	4.662
6.294	0.386	2.150	1.325	3.488	-8.682	-3.947	-6.659	2.038	7.220	7.676	1.180
2.313	5.219	8.341	4.675	6.866	-9.364	-6.002	-5.899	2.306	15.433	5.015	3.917
13.234	8.591	15.042	1.882	0.230	-6.130	-7.246	-3.446	3.260	5.668	7.147	2.559
1.893	5.058	5.164	1.090	1.921	-6.198	-7.013	-5.383	1.885	11.126	4.973	2.973
17.781	1.572	13.998	3.405	1.193	-7.343	-6.746	-7.933	0.562	18.701	0.027	3.208
10.992	1.036	13.139	0.144	9.895	-7.303	-7.561	-6.256	1.005	14.633	4.347	0.631
18.248	2.752	0.588	4.908	5.728	-7.547	-7.113	-5.866	3.500	6.089	7.908	1.692
13.529	4.398	10.688	1.012	4.312	-8.435	-7.734	-6.587	3.802	13.566	2.758	0.422
13.773	0.155	13.785	3.338	5.021	-7.437	-6.461	-6.683	1.705	2.237	9.839	3.258
11.863	9.445	5.627	4.457	9.592	-6.663	-9.616	-7.915	1.855	3.452	2.170	3.037
16.541	8.601	11.446	2.033	0.985	-6.136	-5.641	-6.012	2.262	19.507	9.955	2.349
14.466	8.901	18.216	0.339	7.002	-7.559	-8.023	-6.405	0.432	18.418	6.696	1.645
10.465	0.850	11.435	4.523	9.664	-5.784	-6.381	-8.594	3.070	18.008	1.439	2.173
7.682	8.312	7.764	0.038	3.290	-6.278	-6.517	-5.754	4.415	2.920	3.117	2.597
12.743	2.252	16.608	3.593	5.687	-6.869	-7.537	-6.296	4.264	15.074	5.083	2.990
2.557	3.097	18.544	4.654	6.196	-6.509	-7.157	-6.276	0.506	19.004	5.770	1.101
17.032	4.019	18.096	4.063	1.355	-6.388	-8.048	-8.269	3.667	11.014	0.416	2.057
4.188	0.972	17.287	2.166	5.260	-7.828	-6.631	-6.161	2.866	19.071	4.704	4.839
12.041	0.648	7.386	1.500	6.262	-6.377	-6.163	-8.213	3.033	6.519	6.349	0.908
2.841	4.873	0.462	4.948	6.286	-5.446	-6.842	-8.346	3.819	13.908	6.819	4.607
4.621	5.239	6.015	3.577	0.442	-7.124	-7.787	-5.288	2.870	8.472	0.302	2.601
16.150	5.531	10.411	3.750	7.588	-6.155	-4.471	-6.872	0.311	13.953	1.209	1.166
4.789	4.727	17.464	1.349	8.318	-7.478	-6.477	-9.002	0.041	2.293	5.872	3.302
14.117	2.711	13.604	4.552	0.300	-4.916	-8.090	-8.331	0.616	5.320	6.848	2.824
17.756	2.898	12.368	3.101	1.343	-7.099	-6.937	-7.512	0.409	9.988	9.508	1.965
6.895	2.234	14.445	2.194	3.071	-6.773	-8.426	-6.607	1.748	4.759	2.083	3.461
15.061	3.469	16.723	2.394	8.248	-5.004	-7.700	-6.397	3.923	15.004	7.662	0.497
3.872	0.721	7.140	1.988	9.818	-6.418	-9.423	-6.047	4.175	7.514	2.447	3.825
18.141	9.324	16.414	3.158	7.855	-8.139	-7.654	-6.127	2.414	15.282	3.140	3.412
16.571	2.347	9.978	2.354	8.614	-6.959	-6.808	-8.464	0.766	7.863	0.758	0.102
2.051	7.666	6.159	3.077	4.309	-7.546	-7.671	-5.277	1.488	7.549	1.247	2.907
7.910	7.943	9.041	0.211	5.391	-6.563	-6.659	-4.037	0.440	17.241	9.384	4.178
3.571	1.022	14.344	2.720	3.674	-6.277	-7.082	-7.982	0.247	3.857	1.901	3.663
18.623	8.880	19.054	4.250	7.043	-7.427	-7.447	-7.167	3.408	7.960	9.253	4.436
15.300	6.140	0.640	1.669	1.653	-5.998	-7.343	-4.953	1.559	1.049	8.422	0.165
16.733	9.533	14.768	2.206	9.523	-7.548	-7.646	-6.439	0.993	4.805	2.941	2.428
17.927	2.898	1.692	0.314	0.690	-7.112	-5.303	-8.242	3.503	8.692	9.620	1.966
18.462	6.262	11.789	4.822	3.712	-7.683	-7.153	-7.528	0.488	2.036	5.757	3.323
6.940	1.788	18.984	4.652	8.120	-6.715	-6.818	-6.244	3.649	6.958	7.896	1.238
13.250	5.698	4.030	3.920	0.371	-7.665	-5.925	-6.047	1.990	15.222	9.571	3.913
6.267	2.964	3.295	3.881	3.827	-8.451	-7.718	-6.779	2.837	11.169	3.267	1.701
13.471	6.237	13.420	0.612	7.485	-8.035	-7.420	-8.744	0.981	6.333	8.550	4.140
10.821	4.788	10.449	3.922	2.257	-6.068	-8.623	-6.476	2.480	15.373	3.871	3.031
5.347	1.666	8.905	4.247	7.474	-9.104	-6.638	-5.101	3.220	17.970	6.094	2.684
4.206	5.697	14.191	3.353	7.275	-6.039	-9.275	-6.365	1.259	13.442	4.261	1.315
10.545	2.953	8.934	0.574	1.218	-6.790	-8.618	-4.650	4.539	3.263	8.731	1.421
7.877	4.061	1.663	4.285	9.528	-6.867	-5.939	-7.938	0.647	3.694	5.774	0.728
12.977	7.965	9.882	3.730	7.896	-5.555	-7.655	-7.270	4.757	1.986	5.151	2.899
13.399	5.515	4.503	4.332	2.977	-7.142	-7.543	-7.455	3.413	14.143	2.375	1.962
17.064	1.363	19.619	4.077	7.441	-7.259	-5.936	-6.485	4.023	14.925	5.085	3.922
19.625	0.524	5.114	3.601	1.415	-5.446	-6.034	-4.479	0.205	19.959	5.976	0.571
8.425	0.582	9.515	4.754	2.352	-7.172	-7.990	-8.187	4.048	17.884	4.932	4.470
19.617	8.822	2.061	0.549	3.410	-5.824	-5.644	-5.393	1.304	13.298	8.790	3.190
18.803	1.762	3.258	2.834	0.354	-6.345	-6.929	-7.479	4.597	16.576	6.258	4.278
8.378	4.448	4.300	3.571	9.376	-6.943	-7.417	-7.633	0.024	0.169	7.875	1.178
7.624	5.251	4.268	3.597	8.626	-7.925	-5.658	-5.697	4.444	11.278	4.106	0.984
18.227	1.866	13.308	2.714	0.734	-7.332	-5.905	-5.342	4.254	11.563	2.080	4.565
2.243	9.988	4.413	3.788	9.472	-8.023	-8.340	-6.967	4.752	8.582	4.261	4.038
6.263	0.897	19.534	2.982	3.608	-5.946	-6.810	-7.667	1.006	5.215	3.178	4.709
0.186	8.078	0.334	1.278	4.695	-8.538	-7.950	-7.476	3.943	15.976	4.299	4.807
9.750	3.961	17.707	0.257	5.583	-7.033	-6.837	-7.504	2.270	6.637	6.300	2.936
7.049	9.672	1.621	3.388	9.464	-9.622	-6.416	-6.968	0.861	8.500	2.451	3.789
6.631	4.334	4.625	3.397	4.753	-5.657	-7.307	-6.118	2.417	9.492	2.195	0.347
16.652	7.184	8.697	2.328	7.320	-7.488	-6.490	-7.649	3.602	17.685	0.209	3.933
10.748	6.141	18.463	3.772	5.317	-6.052	-5.300	-6.428	1.974	13.398	3.202	3.345
13.023	8.965	18.018	0.170	1.739	-7.123	-6.523	-8.443	1.662	12.673	7.369	1.211
4.445	6.950	0.001	3.976	4.949	-7.469	-5.844	-5.933	0.588	18.852	0.440	3.618
10.771	1.329	14.161	0.753	1.652	-6.864	-6.193	-6.000	0.399	18.889	8.640	4.190
5.740	7.546	16.775	1.629	5.938	-8.312	-7.804	-6.639	1.475	3.383	4.389	3.683
8.665	0.595	4.712	1.286	6.658	-7.837	-9.023	-6.364	0.220	5.668	7.266	4.305
7.351	3.682	11.799	2.508	9.938	-6.385	-6.514	-4.452	3.654	5.260	1.136	1.654
3.477	3.169	4.751	3.749	8.494	-6.786	-7.588	-5.794	2.325	5.679	6.157	4.674
7.594	6.639	1.630	3.861	3.671	-6.627	-6.902	-6.048	3.565	9.308	0.689	0.664
1.192	0.807	0.052	4.269	1.614	-7.450	-6.853	-7.478	4.544	19.373	0.779	4.552
15.314	7.772	15.152	4.272	9.278	-7.219	-5.035	-6.731	4.202	5.903	5.816	4.214
16.123	2.921	12.648	3.865	2.640	-8.801	-7.091	-8.426	1.959	1.643	1.194	4.607
16.743	5.623	14.918	0.159	2.562	-7.041	-8.572	-6.976	1.016	4.916	3.057	2.252
1.702	9.357	9.196	2.246	2.763	-6.671	-6.793	-7.071	2.768	5.658	5.463	0.647
13.265	7.147	18.856	3.751	3.527	-7.166	-6.575	-6.964	2.947	6.350	7.454	2.492
8.682	0.352	0.067	1.069	0.734	-6.130	-5.803	-6.587	4.574	17.526	8.095	1.592
0.802	2.841	1.679	1.507	2.484	-7.422	-4.813	-8.101	2.962	10.334	2.441	0.089
9.179	6.601	14.585	2.787	8.566	-7.251	-4.622	-8.926	3.998	1.751	4.786	2.298
17.741	6.956	9.140	3.784	4.380	-6.094	-5.948	-6.442	0.690	12.026	5.053	3.178
17.892	4.274	10.036	1.026	8.494	-6.998	-6.861	-4.924	3.378	1.596	7.718	4.244
11.809	2.606	1.136	2.538	6.294	-6.507	-8.480	-6.343	0.431	10.648	0.784	4.817
2.942	8.203	2.029	0.245	0.817	-7.433	-6.940	-8.171	3.866	8.632	1.673	2.636
16.489	9.601	19.169	3.212	5.109	-8.776	-6.197	-8.255	1.406	4.879	7.158	1.733
15.983	8.628	17.919	2.260	0.110	-6.263	-6.942	-8.291	3.135	17.130	1.703	2.104
12.763	8.715	0.237	4.877	3.463	-7.215	-4.706	-6.667	0.445	9.516	8.658	3.708
14.547	5.095	7.727	3.845	3.333	-6.594	-7.088	-6.631	4.644	11.865	1.466	2.115
11.318	4.672	1.452	4.296	9.964	-5.546	-6.825	-7.555	0.902	10.834	4.663	0.994
3.218	4.021	15.819	4.351	3.056	-7.166	-6.298	-7.176	3.711	15.524	8.292	3.639
16.249	9.112	0.910	4.027	4.510	-7.587	-6.028	-6.451	3.105	15.756	8.279	4.705
15.463	7.179	12.776	3.551	8.076	-7.146	-8.338	-8.515	2.543	12.830	7.857	2.767
4.762	5.016	9.115	4.867	1.114	-7.174	-8.132	-6.278	3.145	19.954	0.885	1.087
18.065	5.110	17.491	2.008	2.286	-7.358	-8.122	-7.663	3.526	1.157	6.577	1.952
14.484	8.378	5.546	2.980	2.872	-7.015	-8.283	-6.539	1.413	19.562	5.028	4.841
17.686	9.732	10.056	4.456	8.555	-7.025	-8.586	-7.807	2.975	11.614	1.351	1.463
15.512	5.291	17.513	2.757	0.666	-7.140	-7.249	-6.804	3.261	4.523	4.437	2.894
11.360	6.385	11.576	3.485	6.100	-8.213	-7.783	-6.056	1.589	9.019	1.560	0.185
11.886	7.688	11.650	3.289	7.765	-4.993	-7.197	-7.024	0.117	5.107	3.161	1.050
11.108	0.408	3.223	0.472	7.923	-7.127	-8.645	-7.169	3.740	9.754	4.974	4.777
9.605	7.061	18.764	0.869	7.599	-8.469	-6.797	-6.640	1.082	1.155	4.928	4.061
5.452	8.238	11.037	4.792	5.547	-7.408	-5.235	-8.535	4.394	7.987	1.247	2.029
8.423	9.433	9.202	2.969	8.317	-7.610	-5.861	-7.109	0.967	12.630	2.587	1.524
15.678	3.525	7.310	3.193	9.574	-6.072	-6.485	-5.476	4.002	16.906	9.921	0.818
