-0.146	-1.066	-0.370	10.429
0.192	-0.395	-0.428	18.519
-1.474	0.616	1.464	16.064
1.087	0.300	-0.732	2.996
0.330	-1.125	0.709	2.566
0.343	-2.383	-1.577	6.543
-1.073	-0.664	-0.246	16.879
-0.461	1.119	-1.353	19.053
-1.058	0.387	0.738	13.819
0.646	0.305	-1.007	10.064
-1.924	-0.526	-0.576	9.504
0.498	0.398	-0.816	3.370
-0.262	0.961	1.302	6.334
0.397	0.984	1.738	16.217
-0.049	-0.718	-0.042	2.008
1.046	-0.457	-0.078	17.775
0.666	-0.008	-0.755	6.357
-0.531	-1.194	1.796	2.917
-0.117	-0.255	1.689	1.001
1.001	1.248	0.310	1.325
-0.074	-1.467	0.080	4.721
0.486	0.033	0.435	10.925
-0.422	-0.545	1.160	2.159
0.083	1.444	-0.035	9.158
-2.009	1.070	0.600	3.297
-0.137	0.288	-0.342	2.240
-0.091	0.520	0.419	11.962
0.656	1.091	0.444	0.433
0.180	-0.200	-0.401	19.065
-0.945	0.813	-1.095	12.006
-0.609	0.469	-0.675	0.359
0.757	-1.393	-0.773	14.510
-0.158	-0.758	0.008	16.542
-0.252	-1.215	-0.476	5.099
-1.038	-0.821	0.383	10.163
-0.944	0.345	1.463	9.422
0.673	0.253	-0.239	2.623
-1.185	0.704	-0.642	2.475
-0.864	-2.166	-0.989	12.502
-0.874	0.355	0.886	1.342
0.655	0.605	1.189	17.315
-0.872	-0.308	-2.038	18.223
1.228	0.910	1.074	12.848
-2.031	-0.371	0.523	6.950
-0.251	1.578	-0.740	6.109
1.733	-0.474	1.118	1.104
0.312	-1.585	1.841	18.409
0.977	-0.647	-0.418	15.438
-0.252	-1.783	-1.601	10.591
0.104	-0.663	-0.846	15.779
0.648	0.650	-0.597	11.696
0.051	0.771	-0.757	7.990
0.436	1.704	1.588	0.381
-0.622	1.669	-0.245	6.954
-0.876	-0.467	-1.089	18.783
-1.211	1.343	1.526	18.834
-0.244	-0.134	1.161	11.117
1.618	-0.494	-1.048	19.996
-1.380	-0.638	0.220	17.034
-1.305	1.317	0.014	5.961
-1.545	0.833	0.005	16.449
0.059	0.998	0.629	1.999
-0.359	0.182	0.571	1.016
0.793	0.554	-0.372	11.507
0.363	0.279	0.759	2.022
-0.764	-1.739	0.993	5.113
-0.014	1.012	-0.233	7.177
4.912	0.997	5.040	3.006
5.569	1.583	4.423	3.697
5.026	6.746	4.406	5.570
5.590	1.732	5.555	6.188
4.217	1.377	5.357	5.040
5.025	5.233	3.962	5.071
4.457	6.182	6.788	5.522
6.964	4.234	6.609	6.738
3.552	8.110	5.269	4.947
6.202	1.802	7.502	5.111
5.936	1.129	4.775	4.603
3.263	0.058	2.966	4.740
6.734	8.824	5.651	5.923
4.608	7.601	5.564	4.328
6.601	0.177	5.741	6.188
3.995	3.740	4.363	5.605
5.065	3.709	4.476	4.641
6.111	0.563	5.472	5.262
3.336	3.966	2.537	4.553
7.472	5.572	6.077	5.713
5.312	8.447	5.127	3.621
5.683	2.745	4.772	3.564
3.203	5.485	4.619	3.737
5.483	8.798	6.503	3.310
3.177	0.509	6.911	3.764
6.578	0.272	6.554	5.648
4.896	2.502	5.352	6.695
5.595	7.461	3.868	6.187
4.887	1.867	5.142	5.883
4.816	3.413	6.671	7.535
5.920	8.144	6.331	5.509
3.192	1.323	6.350	4.499
4.096	2.284	6.415	6.257
5.042	9.339	5.751	4.411
4.801	1.675	6.450	3.638
4.939	9.352	5.584	5.567
4.633	9.960	5.991	3.699
5.357	2.072	4.387	5.621
5.735	4.308	4.856	4.683
5.710	5.716	5.297	3.576
6.047	0.537	3.990	4.284
5.978	0.327	5.227	5.886
4.536	5.493	4.842	6.231
6.199	5.697	4.382	5.540
4.445	1.376	2.873	5.211
4.693	6.994	6.500	5.488
3.940	2.004	5.468	5.295
5.655	0.714	5.472	4.410
4.690	0.595	4.313	5.393
3.786	9.778	5.241	6.761
5.098	7.914	5.589	5.524
4.766	9.496	6.024	5.378
4.664	2.049	5.407	5.404
4.618	3.747	3.175	4.960
6.329	9.130	5.645	2.554
4.962	2.032	2.686	5.994
5.420	2.619	6.249	4.344
4.356	3.132	5.585	2.483
5.107	4.765	5.114	3.392
4.060	8.985	4.367	5.272
6.221	1.099	4.806	4.602
5.318	3.755	5.035	5.454
2.945	2.198	6.917	3.746
5.296	5.850	5.079	3.422
6.701	3.399	4.898	5.552
6.816	9.607	4.938	5.584
5.379	0.929	4.163	4.536
1.075	-7.234	-7.168	-6.417
0.860	-8.442	-5.579	-7.289
1.264	-6.172	-8.425	-5.957
2.246	-7.568	-6.179	-6.480
4.760	-8.608	-8.759	-5.618
3.703	-7.161	-6.363	-4.673
0.866	-7.473	-8.521	-5.530
0.496	-7.619	-7.455	-6.526
1.980	-7.299	-5.220	-8.044
1.602	-6.417	-7.400	-7.379
2.762	-7.717	-6.547	-6.189
3.842	-7.911	-7.381	-6.604
3.772	-5.888	-7.452	-8.039
2.058	-6.169	-6.359	-6.060
2.402	-7.183	-9.320	-8.155
2.203	-6.367	-6.627	-6.658
4.215	-7.077	-6.373	-6.064
2.629	-7.051	-6.877	-7.394
2.562	-4.513	-5.769	-7.881
2.746	-4.646	-5.886	-7.188
1.738	-8.176	-7.605	-7.253
3.602	-8.133	-7.001	-7.026
1.718	-6.798	-5.287	-5.618
1.445	-6.716	-7.593	-7.436
0.913	-6.788	-8.003	-6.278
4.130	-6.665	-6.448	-7.439
1.982	-6.801	-7.389	-6.612
0.578	-6.824	-9.488	-5.435
4.849	-5.651	-6.876	-5.890
2.817	-7.582	-7.542	-6.558
3.256	-7.707	-8.577	-8.424
4.578	-6.164	-7.393	-5.366
2.070	-7.081	-7.504	-7.690
3.332	-7.816	-8.830	-8.019
2.564	-7.354	-7.711	-7.095
3.786	-7.853	-7.442	-6.782
0.212	-7.812	-9.013	-5.337
2.029	-5.725	-6.635	-8.268
4.845	-7.419	-5.951	-8.520
3.818	-6.237	-7.077	-6.465
4.923	-8.197	-7.259	-7.598
0.997	-6.834	-7.518	-7.820
2.147	-6.054	-8.147	-6.502
0.102	-5.749	-6.711	-6.274
0.165	-5.901	-6.098	-6.548
0.928	-7.167	-7.237	-7.499
2.324	-7.175	-6.170	-7.946
2.651	-6.875	-6.757	-7.113
3.492	-7.668	-5.646	-6.943
3.394	-5.262	-8.554	-5.833
1.257	-8.393	-7.291	-6.767
3.337	-7.294	-7.139	-6.971
4.650	-6.388	-10.472	-4.293
4.346	-5.988	-6.244	-7.839
4.573	-6.587	-6.174	-7.812
4.739	-8.288	-7.232	-7.952
3.591	-7.955	-6.560	-6.275
2.570	-6.972	-7.635	-7.891
1.670	-8.631	-6.891	-7.435
3.139	-6.517	-7.331	-7.437
2.054	-6.914	-8.503	-6.327
4.259	-6.240	-7.300	-5.785
4.385	-6.598	-6.885	-6.209
4.336	-7.444	-8.001	-8.098
2.951	-6.998	-7.821	-6.702
0.762	-6.155	-7.595	-6.668
