9.835	2.620	0.149	0.551	4.232	0.750	3.390	-1.680	0.837	0.051	3.958	0.415
13.012	12.991	1.102	0.115	0.290	7.326	-0.483	1.573	4.100	0.087	3.499	0.198
16.811	8.530	-1.015	0.667	3.578	1.311	-1.707	-0.411	3.883	-2.345	0.196	-0.198
12.163	7.392	-0.064	0.479	3.666	4.009	-1.533	-0.895	2.807	0.596	0.277	0.557
19.868	16.487	-0.200	-0.647	3.260	5.472	1.168	-1.549	2.476	-0.213	0.912	0.459
14.278	17.742	-0.056	1.263	0.789	5.245	0.655	-0.863	0.933	1.933	3.859	0.132
18.153	17.685	0.927	-0.115	7.474	9.269	0.314	0.406	3.703	0.756	1.870	2.139
10.274	14.417	0.295	-1.804	3.555	1.369	1.756	-0.801	4.322	1.151	3.436	0.003
12.727	7.832	0.365	-0.179	6.602	0.833	-0.153	0.682	1.190	-0.112	3.282	0.633
17.032	14.666	-1.009	0.209	0.512	5.650	-2.049	0.188	1.700	-0.596	3.586	0.327
7.454	7.920	0.693	1.198	5.431	6.290	-0.968	-1.071	1.146	1.165	0.576	0.225
1.881	6.736	-2.079	2.468	1.505	4.721	0.598	-0.449	3.093	3.211	0.009	0.179
19.499	13.471	0.015	0.540	6.622	6.167	-0.100	1.048	2.707	0.447	3.819	-2.057
4.097	9.003	0.171	-0.593	9.405	7.176	-0.858	1.691	3.225	0.185	0.663	1.131
12.202	16.221	-0.606	-1.882	9.262	1.759	0.685	-0.338	4.115	-0.596	4.504	1.852
12.026	4.546	0.510	-0.488	1.535	6.332	0.399	-0.667	4.216	0.411	3.704	0.037
14.995	5.639	1.367	-1.646	6.331	9.039	-1.621	0.735	1.848	0.314	4.918	-0.465
9.727	4.477	-1.309	0.030	5.940	3.710	0.733	0.105	0.260	0.499	2.200	-0.434
2.400	15.506	-0.416	0.522	9.135	6.686	-0.245	0.144	2.222	1.212	1.413	-2.517
5.968	4.420	-0.609	0.409	1.847	7.127	-0.269	-0.137	2.649	1.001	0.279	1.738
10.376	11.754	1.790	0.207	4.284	4.291	-1.835	-0.059	2.416	0.969	1.660	1.408
18.278	11.068	0.268	0.198	0.080	1.759	-0.442	0.400	0.878	-0.587	4.885	0.233
4.078	0.986	0.209	-0.171	8.714	8.650	-2.347	-0.301	4.125	1.226	0.621	-0.104
19.895	2.811	-0.484	0.479	8.021	1.319	1.969	0.834	1.955	0.830	2.678	1.287
12.729	16.413	0.656	-1.114	5.209	6.726	0.265	1.916	3.846	0.575	3.770	-0.711
8.646	7.941	1.323	0.888	7.468	9.161	0.565	-1.108	1.114	-0.746	4.860	0.944
13.847	8.272	-1.359	0.492	1.696	9.178	0.175	0.837	3.600	0.875	1.732	1.389
9.628	8.795	-0.840	-0.262	6.350	9.174	-0.784	-0.160	4.212	0.582	2.888	0.582
10.090	8.697	-0.500	-0.718	5.111	1.751	0.061	2.301	1.356	1.344	1.425	0.461
14.037	19.992	0.377	-0.028	4.520	8.830	1.273	-1.675	2.667	-0.176	1.327	-0.089
10.973	8.535	1.144	0.974	8.119	2.533	2.467	0.265	3.032	-1.030	3.456	-0.235
15.186	12.060	0.151	0.151	7.504	9.543	-1.447	-0.432	3.133	0.605	0.032	-0.574
3.946	13.217	-0.584	0.711	4.561	5.800	-0.171	1.468	4.593	-0.534	2.549	-1.239
1.118	6.364	-0.221	-0.521	4.740	0.633	1.046	-0.037	0.036	0.804	0.658	2.054
2.175	2.121	0.259	1.016	5.964	0.392	0.466	0.531	1.488	0.868	1.206	-0.061
12.219	18.225	-0.684	-0.437	6.139	4.457	-0.979	0.724	0.529	-0.795	4.980	0.471
3.934	5.039	-0.975	0.729	5.452	2.853	0.281	0.143	3.804	0.977	4.549	1.375
1.756	9.807	-0.510	-0.268	6.119	3.987	1.226	-0.495	4.865	0.128	2.639	0.897
5.992	8.093	1.619	0.387	8.615	8.499	-1.560	-0.418	2.387	-0.795	4.389	0.427
2.374	2.609	-0.724	-0.345	2.283	2.597	0.488	1.684	4.457	-0.004	1.730	-0.769
19.282	18.826	-0.784	1.065	4.596	2.866	0.276	1.299	4.059	0.173	0.571	-1.464
13.959	15.244	-1.681	-0.375	3.023	1.367	0.314	0.254	1.350	-1.556	1.130	-0.799
17.330	7.228	-0.172	0.253	9.867	3.433	0.280	1.570	1.757	1.208	1.267	1.659
11.148	1.814	0.774	-0.919	2.242	7.107	1.527	0.689	1.612	0.548	2.621	1.643
15.552	12.107	0.063	-0.490	1.151	7.356	-0.825	-0.269	3.195	0.512	1.771	0.068
15.660	5.154	1.329	-1.504	9.867	9.948	-0.127	1.229	3.320	0.551	2.098	-1.103
8.643	17.910	0.233	-0.976	8.600	9.672	-1.176	-0.943	0.637	0.943	3.913	-0.747
10.152	6.941	0.634	-1.293	3.445	7.739	1.541	0.414	0.592	0.612	0.820	-0.165
4.901	3.867	0.433	-0.708	5.110	9.633	1.795	-1.050	3.188	-1.373	2.044	-0.942
16.741	1.951	-0.223	-0.967	4.061	1.956	-0.550	0.975	1.781	-0.551	3.137	-0.966
18.015	15.774	0.034	0.333	6.840	7.951	0.434	0.055	0.975	0.347	1.539	-1.568
7.468	1.609	1.065	-0.194	1.186	1.645	0.466	-1.028	0.451	0.100	1.411	1.557
6.790	12.391	-0.441	0.333	6.516	3.180	0.046	-0.094	1.751	-1.258	3.555	0.010
12.914	16.014	0.253	-0.239	4.888	7.678	-1.987	-0.780	0.345	-1.258	1.831	0.044
1.858	7.902	1.130	0.529	2.983	9.095	0.582	0.410	1.456	0.505	4.752	0.361
13.333	19.739	-0.440	-1.294	0.511	9.624	0.874	1.190	2.761	0.662	3.872	1.344
7.096	11.167	-0.024	0.138	0.027	4.648	-0.784	-1.171	2.563	-0.435	4.773	-0.838
14.517	1.649	-0.880	0.798	8.633	4.911	-0.403	1.215	2.279	-0.466	3.013	-0.955
6.922	2.086	-1.038	-0.592	5.571	3.680	0.463	0.701	3.996	2.287	0.878	1.920
9.806	0.319	-0.585	0.632	7.277	8.044	0.703	1.308	2.240	0.096	2.402	0.852
5.918	13.726	0.840	1.537	3.984	2.986	-0.142	2.064	4.100	0.191	0.435	1.219
6.759	4.716	-0.483	0.820	9.510	1.158	-0.781	0.115	2.846	-0.307	3.186	0.054
4.540	14.245	0.633	0.736	4.293	7.442	0.109	3.049	0.822	-1.690	0.113	0.379
10.007	13.118	0.212	-0.682	3.656	1.483	-0.979	-0.824	2.266	-0.531	1.182	0.085
15.216	12.216	0.399	-0.250	5.771	4.102	-1.264	1.395	3.531	-1.279	0.030	0.212
3.905	13.489	-0.109	-0.272	0.151	2.594	-0.183	-0.278	4.860	-1.570	0.132	0.112
10.542	0.192	1.920	-1.833	0.673	3.097	-0.888	-0.025	3.644	1.752	0.448	-1.401
4.962	8.047	-0.957	-0.032	5.526	2.845	-0.279	0.568	3.137	-0.791	3.189	-0.931
15.580	3.562	0.826	-1.108	2.553	6.487	-0.271	-0.041	1.135	-0.296	2.850	0.002
13.432	3.547	-0.479	0.173	9.419	7.914	-1.096	-0.761	4.956	0.537	3.432	-1.027
13.086	11.540	0.971	-1.100	4.235	3.714	-0.426	-0.110	2.142	1.266	3.271	-0.248
17.352	4.153	-0.474	-0.311	8.785	1.421	0.608	0.605	3.375	-0.701	0.380	-1.129
17.014	1.713	-0.674	0.212	4.562	8.674	-0.054	0.291	2.022	1.213	3.565	0.060
11.479	1.166	-2.985	-1.550	8.383	4.120	-0.081	0.777	2.947	-0.869	3.628	-1.065
17.675	4.492	-1.174	1.297	9.018	9.487	1.783	1.158	2.892	-1.636	1.828	-0.997
6.985	4.590	-0.147	-1.786	2.384	4.061	0.253	0.046	1.811	0.601	4.044	-0.288
9.233	3.709	-1.748	0.101	4.117	3.018	-0.605	0.168	2.654	2.010	1.122	0.805
13.224	5.264	0.185	0.195	9.063	2.912	-0.945	-1.758	3.293	-1.027	0.890	-1.089
1.340	5.986	0.026	0.174	1.231	0.711	0.261	-0.679	4.071	2.076	4.095	-0.172
3.399	7.966	0.373	-1.272	5.750	9.580	0.652	-1.180	4.448	0.225	3.841	0.621
12.532	3.234	0.729	-0.629	3.087	6.853	1.383	0.236	2.995	-0.574	3.941	0.069
2.828	5.525	0.141	-1.202	8.832	3.325	0.091	-0.408	2.490	0.730	0.908	0.344
7.061	7.313	-0.523	1.299	2.577	6.017	-1.030	1.633	1.571	1.677	2.299	1.065
14.301	16.876	-0.129	0.137	6.103	5.817	0.408	-0.336	0.260	-0.495	4.795	0.445
12.106	12.608	0.122	0.385	1.788	2.188	0.485	-1.954	3.567	0.769	2.251	0.450
16.069	0.358	-1.035	0.644	0.337	8.712	0.793	-0.464	3.218	-0.578	2.228	0.544
19.744	6.292	-1.801	-2.327	0.434	6.272	-0.618	0.022	3.252	0.931	1.264	-0.457
1.685	12.406	0.464	0.462	7.081	2.329	0.251	0.653	4.880	-0.698	1.392	0.006
7.825	3.431	-0.931	1.105	8.118	2.998	0.477	-0.632	0.398	-1.990	2.478	0.359
7.894	4.926	0.324	-0.376	0.938	7.900	-1.059	-0.300	3.548	-0.603	2.856	2.591
10.825	9.388	-1.472	0.350	3.941	3.337	1.041	1.292	0.653	-0.196	1.541	-0.923
3.545	12.139	1.082	-0.805	3.580	8.701	0.407	0.882	0.447	-1.945	0.991	-4.029
7.080	7.145	-0.297	-0.611	1.912	6.993	1.213	-1.210	4.399	-0.924	0.782	0.640
15.815	13.573	0.450	0.569	3.329	0.775	-0.850	0.318	0.786	-0.047	1.438	-0.672
15.969	14.619	0.155	-0.734	7.031	7.383	0.450	-0.851	3.142	0.396	4.385	0.681
13.099	16.232	-0.463	-2.191	9.615	7.041	2.295	-0.304	3.625	0.145	1.137	-1.468
16.969	2.945	-2.492	-0.861	3.672	0.122	0.113	-0.059	1.291	-1.659	4.217	2.186
3.020	7.634	0.247	-0.370	6.673	9.447	1.286	0.536	0.685	0.685	0.953	-0.012
9.144	13.749	0.045	-1.207	5.328	8.747	0.816	0.272	2.690	0.565	3.019	0.073
3.354	1.415	-2.245	1.320	8.577	4.626	-0.730	-0.619	3.516	0.738	0.521	1.346
18.749	9.054	-1.188	-0.307	9.806	8.502	1.048	1.330	3.649	-0.067	3.051	0.286
1.826	4.027	-0.166	1.527	9.532	8.344	-1.569	-2.333	3.464	-1.022	0.335	-1.100
14.834	14.009	-0.030	0.228	2.615	2.897	-0.518	-1.557	2.756	-0.401	4.185	1.577
19.734	11.462	-0.158	0.970	5.704	4.615	-0.129	-0.683	4.461	-0.163	3.904	0.258
12.801	18.495	-1.883	-0.461	1.795	7.182	0.569	1.242	2.501	-0.385	1.234	-0.724
16.498	5.932	-0.416	0.337	4.538	9.408	0.684	0.233	4.872	-0.328	1.496	0.438
4.294	6.190	0.868	-0.768	3.400	0.876	-1.892	0.003	4.746	1.184	3.424	-0.960
19.365	14.408	-1.252	1.902	6.170	4.348	-0.148	-0.021	4.145	-0.654	4.805	0.511
5.648	13.538	0.062	1.015	1.510	7.084	-1.014	-0.429	0.273	-0.815	0.143	0.561
15.023	13.410	-0.884	-0.335	4.398	2.991	1.906	-2.152	4.597	1.451	4.549	0.731
15.321	14.150	1.063	0.391	7.185	8.439	1.442	0.163	4.836	0.015	4.407	2.627
6.447	19.676	0.576	0.264	0.627	5.381	-1.100	1.329	4.608	0.708	2.397	0.467
18.599	7.183	0.465	1.396	0.829	0.858	-0.631	0.131	0.957	0.371	3.943	0.081
3.455	0.273	-2.114	-0.289	3.455	6.662	0.132	-1.283	3.688	0.263	4.905	-0.475
7.729	13.095	-1.405	-2.422	8.393	0.534	0.339	-0.413	2.409	1.024	0.235	0.586
13.344	13.451	1.630	0.575	8.529	3.234	0.106	-1.278	2.827	-0.489	1.404	-0.570
6.999	8.540	-0.361	-0.960	7.040	6.024	0.336	0.290	3.642	1.167	4.547	0.088
13.862	9.874	1.389	2.522	2.367	7.167	-1.157	-0.600	3.079	0.043	0.930	0.317
16.537	3.839	-1.149	-0.917	0.771	1.442	-1.968	0.621	1.819	-1.301	1.457	-0.211
0.624	17.688	0.877	-0.634	5.732	4.244	-1.424	-0.614	1.318	0.073	4.140	-0.294
19.496	18.720	0.645	1.158	5.028	6.358	0.487	-0.660	3.643	-1.189	0.404	1.165
2.672	15.777	1.918	0.564	6.084	2.737	0.295	-2.167	0.090	1.673	3.212	1.682
18.465	14.075	-0.366	-1.307	9.532	7.689	-0.767	0.702	4.183	1.234	1.919	0.222
18.014	0.623	-0.757	0.818	3.035	2.850	-0.560	-0.906	4.873	-2.252	2.376	-1.138
9.881	7.982	0.574	0.190	9.813	9.256	-0.849	-0.826	0.682	-0.316	2.267	1.063
0.890	13.190	-0.636	2.778	0.304	7.653	1.237	-0.296	4.713	0.667	2.003	1.193
14.562	5.234	-0.352	-0.374	2.206	8.789	0.313	0.073	1.448	0.542	2.142	-0.482
14.392	0.474	0.680	0.640	7.002	7.983	-1.236	0.488	3.789	-0.393	1.882	0.750
12.297	0.356	0.218	-1.374	7.745	2.749	0.432	0.125	3.389	-1.257	4.705	0.332
8.870	17.730	-1.228	-0.728	2.421	7.432	0.029	-0.033	0.205	0.786	3.798	-1.044
16.738	18.029	-0.707	-0.215	7.092	5.421	-0.871	-1.571	4.837	0.325	3.717	1.097
6.148	4.845	-2.452	-0.119	8.454	4.426	-0.160	1.143	3.084	-0.597	2.838	-0.459
13.997	2.019	1.027	-0.444	0.216	7.667	-1.132	1.265	4.221	-2.055	0.746	-0.159
8.138	7.506	1.584	-1.221	1.146	5.044	-0.178	-0.533	3.190	0.431	1.346	-1.988
2.685	10.687	-0.987	-0.788	5.880	2.757	-1.720	-1.083	3.042	-0.371	1.038	-1.477
9.581	2.078	0.507	-0.544	1.345	5.870	0.174	-1.208	0.720	0.518	3.999	-1.442
17.186	7.904	0.724	0.959	9.709	8.657	-1.234	-2.334	4.307	-0.327	3.694	0.598
14.633	9.105	-1.153	-0.159	8.564	2.222	0.679	0.995	0.915	-1.641	0.611	0.416
3.898	4.515	1.320	0.280	2.940	8.262	-0.697	-0.067	2.427	1.348	2.418	2.076
6.225	9.235	0.607	-0.689	3.867	8.333	-0.838	0.381	4.897	1.457	0.931	0.094
19.421	10.187	-2.240	-0.855	7.728	2.351	-1.853	-0.588	2.621	-0.357	1.440	-2.493
1.969	11.228	-0.297	-0.877	2.475	1.820	-1.972	-0.750	0.740	0.129	3.424	0.079
14.541	5.195	1.241	-1.331	5.407	6.034	-0.672	-0.654	3.039	-2.056	1.098	-1.614
1.385	4.501	-0.206	0.656	3.656	2.029	-1.558	-0.830	0.768	-0.790	0.259	-0.875
18.269	16.346	-0.734	-1.072	6.022	5.766	-1.444	1.834	4.864	-1.613	2.121	-1.217
19.725	16.922	0.012	-1.894	9.651	4.842	0.449	-2.360	0.747	-0.846	2.082	-0.216
18.363	18.336	-0.013	1.584	4.014	4.351	-1.301	0.363	2.788	-2.830	2.463	0.290
0.456	16.288	-0.788	-0.899	4.218	4.515	-0.749	-0.697	3.216	-1.349	0.051	-3.093
19.288	2.486	0.920	-0.886	1.042	2.677	1.411	-0.148	0.091	0.133	3.234	0.581
3.565	5.079	-0.258	-0.166	1.121	0.865	1.084	1.899	1.806	1.127	2.481	0.728
1.772	16.296	-0.591	0.043	3.112	1.551	-2.557	1.532	4.736	-0.518	0.906	2.215
3.013	15.534	0.818	2.086	2.763	3.700	-0.597	-1.060	2.606	0.798	4.595	-0.141
3.905	16.573	-0.329	-0.363	7.827	2.011	-1.384	-1.154	3.466	-0.866	1.592	0.532
12.517	19.643	-1.690	-0.493	1.351	8.815	-1.940	-1.398	3.609	0.883	3.654	-1.030
19.375	12.570	0.403	-2.160	0.521	8.063	1.151	0.897	0.235	-0.189	1.060	-0.065
12.739	10.685	1.282	1.252	2.371	2.323	-0.346	0.969	4.116	-0.116	0.261	-0.306
0.754	14.619	-0.968	1.060	6.648	8.034	-1.456	-0.201	3.543	-0.257	1.784	-0.529
2.563	4.065	-1.383	-0.117	4.620	1.141	1.271	1.367	4.923	-0.242	0.608	-0.067
15.230	14.930	0.481	0.296	5.292	2.623	1.970	0.045	2.608	0.330	1.299	-1.246
16.159	2.388	0.273	-1.136	8.115	9.155	-0.872	0.693	1.808	-0.245	1.188	-0.024
1.169	16.908	0.266	-0.514	3.977	9.286	1.390	-1.457	4.453	-0.598	1.463	0.052
19.695	12.590	-1.477	1.616	4.063	3.758	0.881	-2.360	0.495	0.017	2.032	-0.281
14.878	1.252	1.714	1.477	9.901	9.970	-0.303	0.469	4.733	-0.075	2.576	-0.107
10.495	10.475	0.087	0.709	4.387	9.930	0.118	-1.740	3.247	-0.605	2.287	1.559
11.811	5.705	-1.020	-0.299	8.652	4.194	1.062	0.574	0.812	-0.463	4.823	-0.171
12.325	13.877	-1.149	-1.459	9.284	8.724	-0.592	1.133	3.404	-0.279	4.535	1.011
5.912	17.114	0.847	-0.147	0.384	6.936	0.313	0.509	1.444	-0.004	1.572	-1.907
11.750	18.568	0.410	0.132	5.928	3.212	1.967	-0.895	4.465	-0.789	0.237	0.325
10.383	8.930	-0.012	0.491	8.900	0.728	0.014	2.485	1.925	-0.543	4.192	0.185
12.466	10.462	0.856	0.013	6.579	2.486	-0.419	2.962	2.607	-0.863	4.427	1.040
1.691	15.836	0.779	0.611	8.443	2.619	0.359	-0.161	2.849	-1.141	0.665	-1.640
0.184	8.393	0.559	-0.030	0.146	6.504	0.586	-0.735	3.826	0.798	3.009	1.485
6.964	17.871	0.082	0.599	4.296	7.525	1.554	-0.260	1.950	-0.246	1.800	0.936
18.922	16.909	0.909	1.108	8.436	9.240	1.881	1.175	4.734	-0.562	1.762	-1.785
9.918	16.917	2.159	0.158	9.075	7.990	-1.041	1.276	1.895	-1.099	4.880	-0.159
15.164	10.810	-0.221	-0.641	6.946	2.489	0.802	0.773	3.605	1.618	2.265	-0.708
1.716	18.961	-0.653	-0.649	8.058	9.873	-0.694	-0.614	0.813	0.060	2.630	1.402
4.754	18.684	1.546	0.881	6.908	1.611	0.929	1.989	1.337	-0.044	0.400	1.209
3.186	1.401	0.879	-1.998	6.514	3.498	-0.611	0.280	4.419	0.963	0.391	0.871
13.247	19.610	-0.313	0.033	4.409	9.386	1.147	0.199	4.182	1.289	3.030	0.841
10.378	2.488	1.097	0.306	9.144	5.788	-0.491	-0.503	2.514	-0.798	2.264	0.654
4.511	0.152	0.707	0.478	1.770	1.336	-2.103	1.132	4.162	-0.582	2.017	0.390
4.556	7.542	-1.682	-0.577	3.804	0.567	-0.921	0.460	3.341	-0.978	2.438	1.521
14.484	14.775	0.700	-0.472	6.830	5.614	0.809	-1.676	2.535	-0.695	2.399	0.848
12.856	18.443	-0.901	1.428	5.548	0.548	-1.251	-2.353	3.348	0.230	3.560	-0.292
8.040	9.377	-0.329	-0.533	7.250	7.107	1.746	2.190	4.809	-0.592	4.023	1.957
14.562	13.197	-1.207	-0.589	9.938	6.124	-0.324	0.001	1.265	-0.250	2.994	-1.338
1.336	7.272	-0.432	-0.697	7.746	3.130	-0.408	0.767	3.995	-1.141	0.137	-0.190
16.384	18.323	0.238	0.419	3.873	4.455	0.924	-0.152	3.693	0.400	2.695	-0.711
13.106	16.692	-0.805	-0.745	0.189	8.875	-0.519	0.062	1.127	0.367	4.485	1.533
16.152	12.986	-0.826	-0.107	0.144	0.600	-2.648	0.034	0.527	-0.064	3.952	-0.071
1.744	1.330	1.184	0.477	7.390	6.685	0.580	1.667	2.930	1.091	2.149	0.553
12.559	8.431	-0.397	1.833	7.853	1.014	-1.302	0.342	1.199	-0.905	3.607	-0.855
9.983	16.014	0.656	0.874	2.039	5.344	0.604	-1.454	0.553	-0.751	4.469	1.125
16.621	8.786	-0.650	-0.858	6.869	7.714	-0.185	0.592	2.335	0.923	4.271	-0.034
14.587	19.223	-0.778	-1.198	6.541	0.299	-0.038	0.170	3.509	0.644	0.749	0.319
19.829	5.016	-2.385	0.369	7.347	6.822	1.234	0.720	0.465	0.743	2.667	-0.562
12.040	2.188	1.353	1.514	5.970	0.952	-0.314	0.302	4.295	0.273	0.249	-0.063
13.493	16.180	-0.976	1.352	7.432	2.225	-0.283	1.544	0.002	0.741	2.056	0.656
8.885	18.585	-0.502	0.031	7.323	6.248	0.033	-1.136	2.080	-1.129	3.812	-0.460
7.765	5.366	-1.584	0.923	8.670	1.201	0.246	-1.937	2.315	-0.736	2.335	0.141
12.828	12.208	-1.006	0.392	5.916	3.097	1.164	-0.179	4.855	0.351	3.532	2.187
8.034	7.380	1.899	0.009	8.792	4.642	-0.451	1.426	1.124	-0.029	1.636	0.451
14.703	16.183	0.580	-0.957	6.552	10.000	1.151	0.614	1.174	-1.870	2.543	-1.140
1.750	4.735	0.326	-1.020	4.899	4.769	0.243	0.402	3.287	-0.402	0.214	-1.308
9.540	11.151	-0.307	-0.692	0.590	3.169	1.550	0.513	2.611	-0.635	3.693	-0.048
13.810	0.767	0.831	-0.921	5.904	1.786	-0.736	0.770	3.644	-0.339	2.504	-1.338
11.222	12.045	-0.969	-0.416	3.540	9.461	0.199	-0.529	1.859	0.884	2.912	-0.012
2.901	15.217	0.287	-0.745	6.862	1.732	-1.522	0.071	3.929	0.807	0.364	-1.041
1.692	5.011	-0.727	0.629	5.999	0.318	1.257	-0.160	2.256	0.350	2.319	2.005
5.097	5.587	-0.132	0.591	7.407	1.428	0.803	2.637	3.457	1.059	0.659	0.755
5.821	15.535	-0.398	-0.004	8.949	4.953	-1.159	0.129	0.638	-0.099	1.029	-0.966
1.972	10.568	0.059	-0.725	8.214	4.308	1.372	2.390	0.302	-1.292	2.497	-1.818
5.524	13.537	0.927	0.081	4.202	6.612	-0.573	-0.331	4.090	0.928	4.278	0.529
10.515	11.240	-1.065	-0.127	0.590	4.309	-0.342	-0.055	2.718	-0.539	0.521	1.149
0.227	3.213	-0.419	-0.039	7.005	6.635	-0.865	-1.133	0.968	-0.107	4.998	-0.913
17.355	12.002	-0.749	-1.411	3.572	3.414	1.582	-0.089	0.474	-0.512	3.874	2.191
11.737	10.378	1.396	-0.108	5.162	6.948	-0.283	0.787	2.151	-0.183	1.303	0.301
0.044	1.688	-0.821	0.531	4.777	6.918	-0.828	2.006	1.068	-0.162	4.400	0.311
14.034	4.999	-0.462	0.643	9.873	8.433	1.111	2.021	0.654	1.257	4.773	1.343
11.544	4.579	-0.212	-1.306	6.527	9.638	1.678	-1.399	1.931	1.447	2.869	-0.859
9.766	15.918	0.078	0.092	0.707	8.920	0.697	1.151	0.516	0.068	3.009	-2.373
1.578	11.113	-0.705	0.780	4.173	4.521	1.167	0.393	2.099	-0.327	3.799	-0.704
4.631	16.257	-0.593	-0.024	8.393	2.110	-0.052	-0.658	3.793	-0.531	2.896	-1.812
17.339	5.340	-0.552	-1.508	3.187	9.012	-0.647	-1.951	3.448	2.316	3.421	-1.392
6.172	17.088	0.027	-0.372	1.634	9.026	0.594	-2.026	3.671	-0.511	3.028	0.188
13.911	9.881	1.110	0.288	9.515	2.686	0.006	1.102	2.282	0.346	4.323	-2.845
1.392	18.183	0.390	-0.409	4.167	7.745	0.288	0.007	1.155	0.476	2.249	0.953
2.593	3.156	1.560	-0.047	1.585	9.062	0.465	1.023	2.192	-0.740	0.623	-1.501
7.334	0.258	-0.500	-2.116	0.134	2.286	-0.298	-0.975	0.920	-0.085	2.674	-0.201
1.432	3.041	0.931	0.037	1.223	4.748	0.877	0.124	4.721	0.985	3.607	-1.109
6.530	5.994	1.701	0.549	3.795	9.329	0.394	1.191	0.280	0.009	3.011	-1.449
18.821	2.592	0.120	-0.008	9.109	1.270	-0.190	-0.858	1.391	-0.053	1.966	-0.561
13.930	2.040	-0.751	1.069	4.671	0.682	-2.444	-0.612	0.524	-0.882	1.984	-0.666
10.708	1.236	2.190	0.096	5.293	0.570	-0.982	1.889	4.083	0.857	2.273	1.048
16.190	17.320	-1.635	0.412	4.285	6.436	-0.148	0.239	2.093	-0.709	3.407	-0.878
11.980	15.301	1.224	-0.581	2.722	5.548	0.657	0.030	1.274	0.035	1.938	0.672
3.625	1.864	0.919	0.894	9.553	9.673	0.212	0.162	3.023	0.206	3.088	3.170
15.246	1.047	0.251	1.619	0.204	0.528	0.266	-0.933	4.269	-1.183	1.030	0.180
2.392	6.246	-0.366	0.054	3.140	1.422	0.289	-0.593	4.289	1.425	2.034	-0.460
1.659	6.006	-1.070	0.560	5.135	3.505	0.126	-0.348	3.819	0.962	1.158	0.990
12.451	11.996	-0.514	0.096	2.123	9.722	0.822	-0.591	0.605	0.840	0.661	1.179
2.235	10.701	0.268	0.081	3.421	4.820	0.932	-0.137	4.190	-1.534	1.335	0.611
0.426	11.238	-0.348	0.932	0.713	8.033	1.227	-0.463	0.699	-1.259	4.595	0.444
7.850	7.268	1.837	0.869	4.236	5.003	0.225	1.479	2.683	0.155	4.193	2.110
8.155	4.088	0.104	0.019	0.344	2.735	-1.316	1.227	1.282	-2.261	4.534	-0.574
12.752	3.993	-0.609	1.062	0.282	5.719	-0.658	0.942	4.601	0.520	4.804	-0.851
5.076	9.182	-0.212	-0.808	2.288	3.507	0.034	0.340	0.331	-1.709	3.461	-1.161
9.352	9.348	-1.385	0.764	9.438	5.003	1.052	-0.495	3.728	-0.258	2.646	0.479
10.339	10.701	-0.038	0.075	7.280	9.057	-0.222	0.205	3.854	0.921	1.033	-0.786
10.840	1.974	0.767	-0.455	6.088	5.333	-0.895	-2.009	0.058	0.304	2.767	1.056
11.937	15.100	0.319	-0.576	9.229	3.705	0.211	-0.907	2.665	0.176	2.123	-0.759
7.135	18.455	-1.378	-0.197	8.453	3.472	-0.910	-1.615	0.767	-0.012	0.414	0.212
18.302	14.811	-1.301	-1.291	7.668	1.851	-0.412	1.140	3.316	0.242	3.098	-1.507
18.793	0.116	0.027	-0.899	8.955	7.420	0.420	0.826	4.492	-0.765	3.229	0.408
16.153	9.589	0.122	-1.053	2.753	0.725	-0.851	-1.262	4.094	-0.655	4.512	0.508
12.195	17.431	-0.809	0.518	3.544	3.388	0.166	0.479	0.471	-1.449	3.626	0.694
1.479	0.928	1.658	-0.453	9.315	3.415	-0.064	-2.140	4.916	-1.097	0.005	-0.774
12.717	19.474	0.679	-2.326	3.662	2.925	-0.750	-0.292	3.497	-0.398	2.936	-0.286
2.919	11.550	-0.977	-0.914	5.146	5.329	0.431	0.379	2.760	1.972	1.503	-0.191
5.942	16.848	0.873	-1.012	9.206	6.243	0.269	0.060	0.684	0.672	0.941	-0.145
13.283	4.908	2.302	-1.716	9.109	0.026	0.775	-1.868	2.683	-0.251	4.592	-0.754
18.841	2.934	1.131	-1.178	4.373	7.477	0.405	-1.078	0.512	-0.427	4.971	-0.992
11.984	10.535	-0.141	0.621	5.188	3.811	0.715	-0.705	4.181	-2.368	1.332	-1.272
14.080	0.709	-1.216	0.073	6.562	8.437	0.519	1.072	3.191	1.516	3.589	-0.838
15.563	16.047	2.092	-0.441	3.023	2.837	-0.839	-0.479	3.777	-0.524	4.055	0.445
13.886	19.614	-1.443	-0.592	9.562	6.661	0.471	-1.604	3.548	-0.516	2.608	-1.359
17.325	13.220	-1.647	-0.051	5.487	8.978	-0.186	0.266	3.073	-0.641	3.366	0.334
17.054	11.111	-2.482	0.234	7.495	6.596	0.939	-0.715	0.712	-0.325	1.239	-1.025
17.684	18.168	-0.983	0.671	6.381	7.932	0.697	0.995	1.088	-0.037	2.955	1.372
9.508	13.358	0.410	0.136	9.510	1.305	0.792	-1.450	0.292	1.308	4.242	1.917
19.663	2.031	0.939	0.823	3.709	0.474	0.571	-0.896	2.878	-0.192	3.687	0.638
12.727	17.948	-0.371	-0.218	0.739	6.820	-0.117	0.633	3.848	0.079	0.301	1.546
10.997	2.666	-0.204	0.607	7.665	1.548	0.199	-0.662	2.417	-1.072	1.307	0.165
17.523	12.388	-0.521	-2.651	3.529	4.424	0.664	1.323	0.939	0.500	0.327	1.023
4.127	3.572	1.102	-0.226	8.518	0.020	1.305	-0.187	1.573	-0.770	3.956	0.575
12.164	5.636	-0.257	-2.634	3.947	1.427	1.234	-1.146	3.055	-0.142	4.386	-0.843
7.677	12.162	0.373	-1.077	8.382	7.120	0.041	-0.006	0.068	-0.509	1.540	0.031
1.954	16.510	-0.519	-1.534	1.176	1.903	1.584	0.410	4.316	0.846	0.882	-1.076
7.677	17.172	-1.497	1.519	0.834	8.775	0.225	-1.815	4.735	1.037	3.015	0.138
3.377	14.737	0.200	0.059	3.902	7.916	-0.631	2.020	1.718	-0.966	0.745	0.127
4.577	16.148	1.639	-1.314	6.555	7.318	-0.358	0.181	4.595	-0.513	1.306	-0.693
5.351	17.453	1.322	1.265	6.223	5.060	-1.330	-0.350	0.664	-0.936	2.902	0.904
0.576	8.933	-0.133	-1.196	1.844	2.748	-0.497	-0.826	0.617	1.406	3.741	0.020
15.551	7.916	-0.204	1.408	3.568	5.165	-0.703	0.089	0.386	0.427	2.406	-0.029
2.308	10.795	0.071	-0.884	1.104	4.477	0.485	-0.352	3.043	0.596	4.501	1.463
14.359	15.721	0.331	0.932	2.053	4.613	1.024	-0.469	2.637	0.080	1.727	0.293
2.622	1.258	0.030	0.973	2.473	5.332	-0.367	-0.684	4.345	0.385	2.761	1.519
1.946	7.713	1.520	0.569	1.123	0.372	0.096	1.768	4.259	0.138	4.360	1.278
12.703	16.231	0.109	0.850	8.772	7.991	0.372	-0.430	4.396	0.612	1.953	0.775
10.160	14.561	1.301	2.145	0.166	5.033	0.431	0.903	2.099	-0.350	1.008	-0.614
7.065	17.861	-0.541	-0.421	1.834	5.835	0.348	0.118	1.717	1.374	1.529	0.048
4.952	19.374	-0.465	0.636	0.422	1.098	-0.476	0.190	3.697	-0.052	0.578	0.300
13.316	19.707	0.220	2.525	3.440	6.531	-0.477	-1.205	3.832	1.030	3.908	-0.928
6.569	16.264	-1.043	-1.737	4.113	2.696	-1.375	-0.587	0.249	1.137	0.190	-0.579
3.130	2.682	1.019	-0.157	0.816	5.746	-0.701	1.302	4.088	0.397	3.043	0.154
6.739	11.738	-0.074	-1.372	6.836	7.523	0.938	-1.062	1.308	-0.549	1.494	-0.292
1.516	10.002	0.151	0.582	7.482	8.152	-0.430	1.546	1.827	1.512	2.525	0.689
1.316	1.494	2.635	-0.547	4.566	6.423	0.592	0.381	3.520	1.180	1.065	1.264
19.447	12.653	-0.786	1.655	6.217	4.965	-2.024	-0.047	3.766	-1.052	2.805	0.077
19.462	11.658	0.675	0.397	6.860	2.351	-2.217	0.579	2.167	1.093	1.749	2.326
16.203	19.929	0.410	-0.002	2.998	3.251	0.038	1.040	1.129	1.151	0.140	0.472
5.897	10.388	-1.719	1.019	7.884	6.599	1.212	-0.916	3.739	-0.767	0.652	-1.471
0.741	16.112	-2.693	0.241	7.976	3.485	-1.287	0.620	1.939	1.651	0.262	-1.448
3.990	16.284	0.037	2.851	2.708	9.645	0.041	-2.004	1.783	-0.324	1.935	0.856
8.086	10.276	0.794	0.107	4.730	5.994	-1.910	1.383	1.015	-0.556	0.807	-1.150
3.510	5.418	2.206	-0.146	8.220	8.454	-0.690	-0.567	4.285	1.452	3.871	0.271
7.775	1.262	-1.131	-1.402	3.470	8.386	0.040	0.914	3.570	-0.463	2.201	1.221
14.187	13.748	-0.768	-1.666	7.932	1.447	-0.120	-0.273	4.216	-1.222	2.303	-1.229
13.183	11.564	-0.061	-0.725	4.523	0.032	0.125	0.410	3.360	0.188	4.731	-0.078
0.484	13.866	-1.958	-0.136	7.102	5.400	-0.306	0.745	0.278	1.470	1.804	0.735
18.092	11.163	0.392	0.708	1.256	5.112	-0.474	-0.867	2.324	-1.398	0.701	-0.022
3.674	0.177	0.510	0.431	6.436	6.033	0.275	-0.326	1.067	-1.281	1.882	0.557
6.181	11.614	-0.983	-1.878	7.828	1.845	-0.753	2.359	4.442	0.460	4.394	0.046
0.880	5.727	-0.177	-0.076	3.208	6.634	-1.538	0.004	1.044	-0.676	0.066	-1.225
10.260	10.741	-0.814	0.174	3.319	5.058	-0.964	-0.314	1.256	1.752	2.448	0.803
19.472	6.287	0.786	-1.239	3.803	1.852	-1.562	-0.925	0.322	0.343	2.869	0.210
3.181	18.791	0.242	-0.232	1.273	5.137	-0.055	1.639	0.790	0.140	2.295	0.123
10.344	5.411	-0.589	1.479	8.607	8.635	2.957	1.914	0.733	-1.078	2.976	0.248
6.917	13.248	-0.621	-1.283	7.718	1.917	-1.066	-0.934	1.484	0.771	4.690	2.212
3.788	18.447	1.604	1.100	8.172	8.875	1.096	0.305	4.011	-0.674	3.669	-1.108
1.829	12.903	-1.130	0.162	1.425	0.613	-1.050	-0.418	4.630	1.309	2.826	0.470
4.654	3.762	-0.033	0.437	8.630	7.243	-0.248	-0.390	2.015	-1.192	4.275	0.574
2.619	3.544	-0.588	0.385	1.021	6.240	0.083	0.592	3.549	-0.970	1.270	1.812
6.285	6.970	2.018	-0.122	3.627	7.381	-0.844	-1.066	2.555	0.004	1.145	0.422
12.081	4.485	-0.388	-0.075	8.201	6.501	-0.082	-1.302	4.000	1.130	4.934	0.487
8.607	12.534	-1.544	0.639	6.663	9.719	-1.137	-0.813	2.326	-0.559	0.389	-3.008
1.460	10.704	-0.017	0.314	6.310	2.950	-0.237	0.691	1.989	-0.390	3.266	0.363
1.563	18.550	-0.092	1.300	0.366	3.050	-0.770	1.999	4.351	-2.382	2.812	0.663
13.082	16.823	-1.352	1.570	8.245	1.251	-0.335	0.477	0.814	0.796	1.440	-0.297
12.457	19.302	-0.403	0.250	6.859	3.616	1.624	0.799	4.009	-0.719	3.725	-0.934
14.554	19.556	-0.593	1.313	3.123	2.808	3.807	-1.704	4.906	2.395	4.596	0.988
4.683	2.774	-2.625	0.427	2.928	8.181	0.527	-0.073	0.665	-0.868	4.030	-0.215
8.159	8.370	-0.438	0.371	4.700	5.590	-0.263	0.904	3.549	1.750	0.837	-1.183
11.594	8.570	0.974	1.231	8.204	9.244	0.623	0.146	1.547	0.041	2.896	-0.614
11.753	17.763	-0.295	-1.633	7.225	5.169	0.269	0.191	2.001	-0.032	4.664	0.778
14.992	3.626	1.181	0.516	0.589	6.984	-0.451	-0.031	4.023	0.493	4.372	-0.040
3.217	19.473	0.146	0.018	7.125	9.762	1.038	-0.098	2.905	0.655	0.238	-0.441
7.451	19.217	1.320	-0.381	9.889	4.806	-0.193	-0.505	2.227	0.682	0.954	0.148
7.335	4.930	0.503	0.508	7.257	2.877	-1.350	-0.295	4.524	1.689	2.628	-0.269
18.144	7.497	-1.476	1.329	1.441	6.517	-0.673	-1.095	0.063	-1.113	4.272	-2.173
5.768	14.732	1.174	0.111	4.152	3.091	1.681	1.244	2.316	-0.846	1.639	2.817
0.240	14.270	-0.470	0.764	3.106	0.678	1.194	-0.331	0.719	-1.336	2.325	-0.899
9.297	2.620	0.550	0.500	0.739	4.000	1.109	0.387	0.646	-0.636	3.634	1.836
4.416	18.924	-0.831	-0.934	7.163	3.582	-1.978	0.101	3.094	-0.769	3.837	0.200
3.829	12.818	-2.308	0.223	9.497	4.214	1.213	1.322	4.199	-0.313	3.576	1.004
0.526	7.185	-0.465	-0.651	9.521	3.814	0.338	0.756	2.888	1.235	2.839	-1.281
3.911	1.337	-0.309	0.425	4.332	9.940	0.611	-0.688	3.310	-1.203	4.228	-0.328
19.798	4.758	0.963	-1.049	3.745	0.298	-0.483	-1.741	4.855	-0.252	2.464	-1.699
17.814	19.795	0.579	-0.593	2.413	1.683	-1.452	0.729	1.518	-0.419	4.524	-1.544
10.292	16.565	-1.104	-1.983	3.270	7.933	-0.728	-0.156	3.418	-1.153	1.786	0.221
2.845	8.311	0.148	-1.354	8.488	8.246	-0.657	-0.128	4.883	-1.179	4.257	-1.891
11.132	13.157	0.675	0.419	0.610	7.449	1.629	0.649	4.216	2.076	0.571	-1.339
0.333	19.426	0.099	-0.836	1.899	6.277	-1.351	-0.920	3.765	0.141	1.532	-0.082
1.059	13.353	0.392	-0.313	1.924	5.191	-1.987	-0.311	0.616	-0.278	3.143	0.925
10.310	11.190	-1.352	0.670	8.512	8.122	-1.872	-0.066	4.006	-0.130	4.152	-1.758
1.015	14.621	1.328	0.420	2.111	5.315	-1.228	-1.212	1.326	-0.096	0.323	0.442
6.366	15.933	1.085	0.694	2.682	9.472	-3.402	-0.276	3.940	1.088	2.672	1.508
9.454	16.547	1.106	0.797	8.837	5.310	-2.008	-0.128	2.525	0.286	1.453	-0.366
16.417	17.069	0.199	-0.732	0.158	4.301	-0.686	0.436	2.655	-0.295	2.833	-0.788
16.655	10.406	3.221	-1.456	0.285	9.204	1.115	1.090	2.642	1.186	4.143	0.732
11.054	3.981	1.616	1.234	5.275	7.142	-1.764	-1.501	0.730	-0.549	1.799	-1.505
18.518	13.640	-1.171	1.069	5.822	6.256	0.942	-1.569	0.037	0.081	2.397	-0.260
19.467	4.210	2.943	-1.080	7.847	4.015	-0.538	0.655	0.533	0.498	4.492	0.056
3.198	5.303	-1.400	0.230	1.250	0.760	0.287	-0.075	2.642	-0.161	4.985	0.725
4.271	15.553	0.264	-1.860	0.573	7.307	0.782	0.787	2.324	1.363	0.926	0.231
2.266	14.183	0.991	-1.101	2.947	8.334	1.295	0.344	4.121	0.797	1.396	0.600
3.633	16.004	1.252	1.016	0.252	3.715	-1.174	-0.545	1.808	1.683	3.299	-0.327
19.933	15.693	-1.580	-0.150	5.445	4.632	-0.948	-2.039	2.357	-0.645	1.615	-0.222
1.383	2.929	0.028	0.726	0.350	5.662	0.092	0.854	4.146	-1.462	2.945	-0.519
2.328	9.948	1.685	0.197	0.569	1.547	-1.140	-0.762	2.066	0.521	2.355	1.348
11.939	2.677	0.027	0.329	9.385	7.745	1.423	0.241	0.131	0.139	4.879	0.557
3.950	3.484	-0.511	0.199	7.150	1.262	0.594	0.481	0.223	-0.291	3.551	0.021
10.575	11.914	0.777	0.790	1.916	6.468	-0.231	-0.511	1.030	-1.252	3.421	-1.258
16.281	17.723	1.648	-1.190	5.923	9.801	0.311	-1.935	4.144	1.004	4.529	-0.994
8.940	9.306	-0.760	0.770	9.178	9.424	-0.112	1.500	3.337	1.201	0.513	0.717
17.441	1.355	1.255	-0.154	2.554	6.770	0.340	-0.080	0.248	1.019	3.995	0.337
9.798	5.325	0.511	0.881	5.388	9.828	0.633	0.360	0.888	-0.667	0.374	0.347
1.564	17.052	-1.019	-0.951	5.012	9.305	-2.634	-0.505	4.125	-0.458	1.751	-0.982
16.328	6.750	-0.829	2.591	2.924	4.151	-1.450	-0.479	2.803	-1.291	3.987	0.849
16.893	2.786	-0.560	0.369	7.544	1.290	0.245	-0.980	1.935	-0.707	3.559	-2.217
4.517	3.286	0.275	0.186	0.784	0.738	-0.938	-0.299	1.344	-0.485	2.378	-0.277
15.986	4.778	0.842	0.700	8.108	2.078	-0.078	-0.012	0.178	0.318	4.965	-0.419
2.008	2.662	-0.236	0.425	8.627	5.224	0.052	-0.457	3.398	-1.605	2.135	1.523
2.003	9.121	-0.636	-0.281	5.654	7.422	0.622	1.597	2.018	-1.405	2.247	-0.104
4.439	1.901	-1.487	-0.885	5.016	5.761	0.178	-0.860	1.012	0.764	2.100	0.019
1.655	13.435	0.691	-0.064	9.694	4.587	-0.895	1.664	4.864	-1.491	4.660	0.317
6.895	0.973	0.968	0.591	2.738	8.473	1.859	0.762	0.296	0.461	4.754	-0.121
8.801	8.130	0.692	0.392	2.263	5.848	0.515	2.351	4.575	-0.078	0.784	0.804
19.590	9.097	-0.713	0.894	2.887	2.645	-0.010	0.046	3.086	-0.195	4.697	0.709
11.831	13.363	-0.819	-1.180	7.393	2.234	-2.151	-1.250	2.828	0.937	1.575	-1.180
3.025	16.782	1.766	-0.540	0.968	4.906	0.014	1.047	0.941	0.470	1.059	-0.113
15.348	3.529	-0.307	-0.082	7.500	9.156	-0.626	-0.521	4.479	0.501	3.651	1.414
15.937	12.142	0.743	-0.552	4.111	6.539	-0.511	0.215	2.840	-0.786	4.705	-1.108
9.128	9.496	-2.408	1.801	5.434	1.421	0.474	1.534	2.301	0.274	2.799	0.934
18.246	16.827	0.675	0.737	3.346	4.457	-1.185	0.170	1.148	0.876	2.137	1.053
18.015	2.337	-0.187	-0.324	2.052	1.701	-1.134	1.334	3.757	-0.128	2.542	0.268
14.837	11.874	0.764	-0.874	6.148	1.227	-0.083	0.122	1.628	0.648	0.581	2.077
6.469	6.852	-1.210	-2.552	3.558	9.973	0.225	0.257	0.061	-0.581	2.376	1.154
7.368	14.317	0.287	-0.408	4.133	2.643	0.025	-3.191	4.846	0.120	0.625	0.372
5.782	9.278	0.882	0.950	3.993	3.719	-1.565	0.194	0.440	1.964	2.337	-0.324
7.567	17.722	1.785	0.653	9.679	0.223	-0.501	-1.736	3.191	0.897	0.390	0.580
2.823	1.610	0.148	1.286	7.924	9.757	1.377	0.859	1.961	0.075	4.305	-0.456
12.925	2.492	1.253	2.382	5.632	0.843	0.812	1.428	2.889	1.042	3.081	-0.435
3.905	9.618	-0.056	0.352	9.667	9.113	0.966	-2.142	0.507	-0.251	0.585	1.283
12.513	9.130	0.648	-0.658	5.985	9.624	-0.569	0.921	3.315	-0.340	2.172	0.105
2.138	17.906	-0.440	0.434	2.249	7.983	0.849	0.973	1.693	-0.362	2.006	-1.799
11.728	6.543	1.289	0.013	1.089	9.236	-0.903	-0.526	2.924	-0.810	3.780	0.434
5.862	14.435	1.028	-1.521	3.458	2.214	2.025	-0.900	0.958	0.009	0.384	-0.234
9.148	17.629	0.084	0.220	6.314	7.972	0.462	1.435	2.982	-2.580	0.802	0.331
15.349	18.133	0.710	0.541	0.370	3.648	0.061	-1.524	1.249	-1.532	2.189	-0.055
11.018	17.224	0.625	0.013	7.721	7.074	-1.109	-0.697	2.115	0.074	4.322	0.730
6.101	10.287	-1.046	0.139	6.319	5.043	0.575	0.958	3.152	-1.642	1.859	-1.317
13.959	12.923	-2.246	-2.241	9.600	5.823	-0.838	-0.992	0.527	0.912	1.090	-1.461
15.817	5.708	-0.428	-0.550	5.917	1.896	0.174	1.498	4.011	0.251	4.433	-0.414
3.345	13.907	1.207	-0.065	2.606	6.602	-0.222	-0.340	0.345	-0.984	1.848	-0.096
9.244	12.027	-0.233	-1.283	4.001	1.500	-3.031	-0.989	0.920	0.412	2.530	1.500
10.924	13.855	1.412	-1.472	3.504	6.506	0.127	-0.392	4.151	0.478	4.828	-1.071
19.623	12.727	1.086	0.725	0.575	7.730	-0.735	-1.098	2.646	-0.419	4.480	0.971
3.327	10.604	1.403	1.568	9.238	3.893	1.454	-2.226	1.761	0.074	3.833	0.556
12.659	17.511	-0.828	-0.589	3.344	4.628	-1.376	0.610	1.285	-0.395	4.506	0.799
18.203	5.547	-0.768	0.554	3.223	6.352	-0.220	1.782	1.635	-0.635	3.713	-0.958
4.669	14.635	0.340	-0.353	4.659	9.437	1.726	-0.619	1.264	-0.514	3.074	0.802
13.599	18.260	-0.109	1.278	7.038	2.604	-0.945	0.437	3.246	0.490	3.133	0.406
12.206	14.102	1.210	0.478	7.272	5.043	-1.651	-0.887	4.104	0.894	2.944	0.423
2.599	10.204	-0.555	-0.238	2.109	0.517	1.568	0.858	4.439	-0.374	2.605	0.606
7.768	1.270	0.141	-0.648	8.297	8.323	0.161	0.608	3.660	-1.583	0.902	-0.549
0.735	4.053	-1.115	-0.647	0.580	2.778	1.527	-0.843	2.551	0.327	1.786	-1.070
2.585	1.902	-1.380	0.257	9.298	0.966	1.416	1.021	2.610	0.426	4.093	0.624
4.334	1.191	1.167	-0.203	1.991	9.945	-0.583	-1.666	0.873	-2.485	2.185	-0.232
17.511	7.388	-2.564	-0.845	8.483	2.282	0.558	-0.191	3.568	2.529	4.998	-0.032
15.071	5.606	0.554	-0.579	6.626	6.651	-0.749	0.834	3.260	0.336	1.201	-0.825
10.172	3.546	-0.411	0.515	6.451	5.966	1.705	0.261	4.068	-1.936	3.185	-0.012
3.454	12.962	1.366	-2.340	5.593	9.184	0.136	1.096	0.876	1.793	2.595	0.056
1.899	19.381	0.219	0.354	9.012	7.705	-1.082	0.932	4.061	1.057	0.200	-0.140
15.758	1.617	-0.724	1.825	7.505	7.006	0.183	-1.029	0.778	0.300	1.283	0.943
1.579	11.539	-0.447	-1.303	3.233	8.934	-0.297	-0.894	0.889	-0.525	3.995	-1.086
13.665	16.669	1.074	-1.098	6.965	7.149	-0.539	-0.620	1.574	0.175	4.821	-0.488
5.482	9.386	1.333	-1.220	3.624	0.146	-0.432	-0.994	4.962	1.676	4.293	0.141
10.959	11.261	-0.162	1.023	1.544	7.750	-2.179	-0.654	0.258	0.282	1.923	-0.962
0.369	2.774	-1.221	-1.777	1.380	9.975	0.271	0.760	3.603	1.294	4.553	0.174
18.326	1.176	1.255	0.623	5.640	5.717	-2.040	-0.209	2.691	1.728	3.828	0.618
17.914	11.742	-1.911	0.470	3.480	1.689	-0.366	-0.652	0.550	-0.968	0.853	0.146
12.321	19.964	1.043	-3.477	1.369	4.394	0.710	-1.076	3.646	0.242	0.576	-1.260
0.564	6.313	0.549	-2.505	5.932	7.380	1.801	-1.205	2.678	-0.878	1.786	-0.448
13.191	19.086	-1.065	0.277	7.788	8.815	-0.680	0.396	3.693	0.278	4.803	0.184
13.239	4.323	-0.747	0.487	0.643	2.719	0.731	2.185	2.464	0.381	0.653	1.047
18.971	3.842	-0.693	0.239	7.089	3.639	0.954	1.440	4.654	0.564	2.007	0.179
5.926	13.532	-0.723	-0.194	0.961	1.908	0.616	1.291	2.480	0.104	4.263	-0.365
1.880	19.893	-2.424	-1.215	6.327	0.970	0.747	-1.872	4.407	1.326	1.507	-0.652
3.241	8.504	0.338	-0.237	7.931	7.309	-0.011	-0.197	0.974	1.848	0.580	-0.135
14.606	3.766	0.449	0.861	6.150	3.954	-1.353	0.371	0.304	0.254	1.729	0.744
3.357	15.969	1.157	-0.765	1.659	6.258	-0.665	0.176	1.732	-0.226	2.594	0.596
5.537	3.583	2.069	0.945	8.824	3.700	-0.799	1.535	4.218	-0.343	1.519	0.028
2.072	5.044	-1.120	0.713	4.310	9.225	0.703	-0.175	4.841	1.375	3.034	-1.283
10.411	4.290	0.397	1.997	0.495	5.820	0.317	1.169	0.504	0.155	4.876	1.150
12.804	5.087	-0.286	0.617	5.702	7.836	2.730	-0.816	2.795	2.144	4.870	-1.212
7.584	5.521	1.037	1.957	2.885	1.879	0.068	-0.389	2.978	-0.602	2.383	-0.674
0.647	4.324	1.388	-0.758	1.564	6.243	0.769	-0.370	1.791	-1.218	4.608	1.783
17.465	4.862	0.010	0.967	9.402	7.508	1.344	-0.601	1.072	-0.500	3.989	-0.985
6.595	12.225	1.302	1.069	6.301	4.873	-1.479	1.524	0.969	-0.973	3.396	0.861
15.553	0.066	-1.500	0.025	4.198	2.575	-0.789	-0.818	4.749	0.880	0.069	0.700
15.595	5.116	-0.057	-0.680	5.540	4.183	-0.620	-0.014	3.019	0.254	1.572	1.133
15.077	9.788	1.011	0.874	9.546	4.049	-0.399	0.273	4.063	0.853	2.564	1.265
7.988	17.399	-0.990	1.342	4.544	9.229	1.380	0.456	3.353	-0.355	0.991	-0.200
4.837	1.005	-0.852	0.745	9.876	8.148	0.042	1.659	0.842	-0.128	4.108	-1.129
6.772	4.522	-1.901	-0.421	8.049	4.924	-0.013	1.657	0.804	1.707	0.301	-0.345
18.806	0.987	0.356	-2.274	0.609	0.344	-0.034	-1.027	1.392	1.259	2.855	0.740
13.040	11.317	-0.768	0.177	6.958	8.123	-0.201	0.380	3.629	-0.228	1.924	-1.133
12.075	16.752	-0.279	-1.572	7.669	9.672	-0.669	-0.121	2.684	-0.588	1.927	-2.504
3.792	11.746	-0.126	-0.068	3.582	5.095	-1.584	-0.341	3.649	0.137	3.008	0.397
10.401	19.430	2.396	0.096	5.475	6.767	-1.882	0.379	1.056	-2.042	4.321	0.777
3.828	13.567	-1.183	0.194	1.524	3.280	-0.330	0.214	4.023	1.089	1.496	-0.830
5.190	10.934	-0.238	0.525	9.671	9.961	2.215	-0.776	2.622	-1.441	4.872	0.424
0.704	8.256	0.367	-0.867	3.266	5.284	-0.544	1.889	3.972	0.417	3.840	-0.294
1.230	16.387	-1.256	0.599	2.334	1.287	0.599	-0.442	4.811	-1.081	2.684	0.479
2.336	5.520	0.915	0.587	5.117	6.145	0.159	0.212	4.986	0.875	2.558	-1.212
4.857	17.123	-0.693	1.399	9.182	2.247	0.244	-0.407	4.581	-1.440	3.272	0.195
16.030	0.442	-0.242	-0.986	1.770	3.399	-0.384	0.917	3.654	0.172	3.925	-0.264
15.185	15.197	-0.209	-0.663	4.872	0.535	0.657	-0.993	1.774	0.987	4.801	-0.546
8.312	16.950	-1.880	-1.589	7.712	7.510	-0.865	0.700	1.077	-0.233	3.206	-2.389
10.809	2.974	0.267	-0.572	3.617	5.697	-0.329	2.626	2.836	-0.406	3.502	0.449
15.151	1.664	0.152	-0.355	4.153	6.563	0.755	-0.447	0.971	0.371	2.018	0.992
4.762	9.462	-0.550	0.345	10.000	6.321	-0.955	-0.139	1.576	0.296	4.981	0.213
19.996	1.477	0.418	-0.485	2.596	0.265	-3.695	1.827	4.017	-0.843	1.778	0.713
16.496	6.945	-0.366	-0.209	3.719	0.847	0.843	0.294	0.634	-1.168	3.493	1.384
4.345	5.074	-0.565	-1.551	8.125	9.419	-1.829	-0.723	1.769	1.204	0.044	-0.075
7.107	7.738	-1.501	-1.394	7.882	6.321	-0.786	-0.037	3.475	-1.708	2.582	-0.125
5.034	3.137	-0.590	-0.133	5.506	1.933	1.308	0.272	2.846	0.959	0.239	-0.556
4.183	15.711	0.939	0.277	9.245	4.608	-1.734	-1.518	4.812	-0.805	3.547	-0.408
16.812	4.069	-0.690	1.129	1.087	2.857	0.328	-1.694	0.087	-0.107	2.546	-0.285
13.011	15.087	-2.360	0.001	2.792	3.011	-0.013	-0.672	1.130	2.014	3.884	0.583
11.486	16.016	-0.433	0.436	2.662	6.917	0.776	0.002	4.240	-0.226	3.895	-0.621
3.483	10.683	0.433	0.640	2.214	4.457	0.738	-1.520	3.989	1.619	0.869	0.823
16.632	8.318	-0.572	-0.720	5.195	2.065	0.011	0.975	3.492	-0.571	2.336	-1.426
19.238	9.489	-0.059	1.371	2.151	0.343	-0.529	1.086	1.090	0.228	2.792	0.075
10.026	19.860	0.140	0.844	5.582	7.321	-0.365	1.345	0.260	-0.099	0.141	1.020
7.565	4.027	-1.068	-1.469	6.854	0.699	0.677	0.401	3.768	-0.777	4.918	-1.007
8.876	5.883	-0.164	0.174	6.361	9.921	0.435	-0.308	4.041	-1.221	3.955	-0.464
3.981	0.007	-0.585	-0.073	8.724	4.174	-0.976	-2.152	0.252	0.768	0.278	0.546
11.867	5.257	0.507	5.877	3.747	5.431	2.612	5.407	3.674	4.848	4.018	0.098
7.155	5.321	13.711	5.646	5.007	5.702	0.846	3.441	3.604	4.299	6.217	3.943
14.690	4.501	2.792	4.405	3.863	5.452	7.820	6.246	3.283	5.072	5.513	0.923
13.134	4.659	6.284	4.770	4.896	6.220	9.040	5.963	1.431	3.602	7.464	0.818
7.591	5.194	7.361	5.965	4.781	5.474	5.459	5.391	4.575	4.234	3.587	2.472
9.625	4.900	8.149	5.753	4.676	3.005	4.344	6.550	1.097	6.613	4.576	1.684
11.585	5.514	2.237	4.477	6.023	8.669	2.751	4.419	1.974	3.170	4.631	2.796
6.561	4.065	10.727	4.509	3.593	5.434	6.800	4.921	2.463	6.076	4.667	3.759
3.408	6.584	2.691	3.879	5.473	7.320	4.794	4.116	0.037	4.120	4.116	3.995
16.816	5.520	17.036	6.684	6.094	4.058	4.774	5.635	1.365	4.884	3.163	3.286
15.756	5.623	1.286	6.440	4.278	9.192	9.135	2.477	4.273	4.853	5.242	4.477
6.767	2.804	15.816	4.709	4.254	3.628	4.227	5.409	4.992	2.541	4.306	3.181
0.743	6.596	11.089	6.476	6.090	0.417	2.482	4.620	2.799	6.187	5.285	0.981
15.988	6.200	15.438	5.482	5.509	1.461	4.062	5.664	1.644	6.001	4.573	0.391
15.788	4.624	18.671	6.339	5.441	4.671	8.599	5.431	4.951	5.201	4.810	4.259
5.248	5.926	8.155	4.649	5.029	1.296	6.943	4.925	2.355	5.836	4.230	4.226
3.049	4.207	18.565	7.067	5.856	3.811	1.407	5.803	3.514	6.162	4.888	2.887
11.848	2.889	16.022	4.598	5.503	0.944	6.707	4.080	3.405	4.269	4.863	2.530
14.622	6.147	9.075	4.555	4.546	3.516	6.523	5.671	0.852	5.957	3.549	0.433
14.337	5.188	12.188	4.698	5.109	2.143	3.983	5.014	0.253	6.505	3.631	1.786
19.764	4.698	9.387	5.108	3.211	6.160	0.942	5.398	3.308	4.906	4.488	0.355
0.378	2.576	13.935	5.639	2.864	8.133	3.993	4.106	1.070	4.516	4.249	0.538
7.148	5.316	16.863	4.920	5.077	0.159	8.286	7.244	0.459	5.815	5.379	3.791
19.232	5.329	5.943	5.276	5.347	2.325	8.841	4.872	1.808	5.902	3.843	0.059
1.606	4.685	9.000	4.480	6.413	4.160	3.248	3.926	4.918	6.590	5.496	0.236
10.060	3.528	18.365	5.281	4.195	6.004	6.253	5.644	1.499	4.109	4.487	4.366
16.765	6.946	13.735	3.177	5.263	8.995	7.003	6.644	0.807	4.843	5.717	2.885
5.936	4.715	5.810	3.501	5.847	6.289	1.827	3.909	0.739	3.503	4.856	0.670
13.937	4.937	11.260	4.980	5.765	8.809	1.925	4.390	1.816	5.770	6.526	0.586
19.529	3.537	15.727	5.539	4.940	0.863	4.723	5.168	2.414	3.579	5.598	2.965
5.575	3.638	5.743	3.155	5.332	3.901	0.715	4.681	1.883	5.229	5.026	4.416
19.499	4.580	2.218	3.872	3.409	0.087	5.460	6.472	3.326	4.010	4.112	1.243
19.091	6.994	17.322	5.966	5.926	2.567	4.867	4.832	1.711	4.327	3.846	4.031
18.222	5.247	12.505	4.480	6.245	6.371	3.612	5.523	2.544	6.211	3.641	0.193
10.525	4.589	1.063	4.685	4.104	0.040	1.631	4.052	1.714	5.314	4.152	2.249
7.530	4.005	13.254	4.446	6.125	5.421	8.491	3.482	3.220	3.319	4.752	1.928
13.726	4.012	14.593	5.347	3.561	7.583	8.047	5.836	1.166	4.040	3.648	4.506
0.412	5.997	16.105	4.887	6.412	5.805	8.418	6.012	1.775	5.675	4.390	1.934
18.905	5.312	2.907	4.717	3.856	6.898	2.533	4.450	0.677	5.229	6.093	3.023
3.341	4.630	7.666	5.863	4.802	7.396	7.480	6.691	1.534	4.397	3.791	4.675
5.614	5.779	2.820	4.720	4.661	8.042	1.647	4.216	0.887	4.111	4.862	4.931
16.345	4.219	15.866	3.381	7.114	1.444	1.089	6.602	0.670	5.799	5.939	3.734
16.364	4.360	19.281	4.835	6.277	1.204	9.863	3.335	3.792	5.476	4.709	0.441
15.332	4.929	7.200	6.483	4.057	7.475	7.390	4.860	4.054	5.495	5.040	0.209
14.116	3.788	19.720	4.587	4.426	3.704	5.777	3.792	0.090	3.535	3.549	2.598
15.213	5.262	5.576	4.009	3.877	8.324	5.394	4.594	4.442	6.029	5.567	1.110
15.196	5.034	5.658	5.758	4.788	9.684	1.851	6.463	2.598	5.640	6.416	1.880
8.163	4.458	11.665	5.945	3.156	2.791	6.937	4.108	4.156	5.813	3.087	1.609
0.886	3.644	15.458	4.812	4.256	3.692	9.677	5.669	1.570	5.199	7.336	0.508
8.079	5.347	6.166	4.155	7.064	1.461	3.916	4.629	1.276	5.327	4.833	2.429
8.413	5.264	7.318	6.062	5.075	9.594	1.852	5.620	4.409	4.246	6.061	4.864
5.616	6.979	19.141	5.671	4.196	6.270	1.711	3.724	3.111	4.894	6.288	0.436
12.647	3.742	13.287	3.005	5.737	2.570	0.489	7.161	0.095	5.023	5.486	2.135
8.786	6.405	6.610	3.093	4.173	5.133	1.594	5.954	4.387	5.577	5.912	0.328
3.300	6.582	9.341	4.478	5.137	4.577	6.241	5.032	1.195	4.787	3.786	0.494
18.395	6.668	5.175	3.597	6.309	0.727	7.900	4.258	4.037	4.846	6.224	1.490
2.067	6.480	10.175	4.298	5.383	7.038	9.049	5.552	3.741	4.169	4.642	0.025
4.489	5.356	17.792	6.429	7.068	5.466	2.009	5.602	1.446	5.528	5.076	4.481
9.763	3.889	19.054	4.834	5.821	2.760	0.360	6.467	0.964	3.733	4.645	3.523
11.635	5.285	9.616	5.281	4.451	3.538	1.857	3.679	0.875	6.010	4.650	2.823
0.718	5.592	16.401	4.891	6.714	8.467	7.029	5.990	4.907	5.308	3.152	0.395
0.167	3.762	1.410	4.577	6.735	7.452	7.856	4.139	0.154	4.463	5.446	1.055
11.827	5.299	11.744	3.473	4.262	8.482	8.513	2.649	2.152	3.655	5.580	2.324
0.915	4.434	7.839	5.031	5.403	2.909	5.330	6.161	1.618	4.056	5.836	2.166
5.084	4.896	18.037	6.957	5.629	4.822	9.905	5.491	3.006	5.682	5.193	1.204
16.382	4.778	4.789	4.475	5.002	8.932	8.765	5.999	4.937	4.027	4.625	0.598
1.110	5.771	13.787	5.362	3.737	8.700	1.470	5.913	1.255	6.572	5.628	0.988
11.981	3.344	1.947	5.072	3.780	2.309	3.446	4.987	2.435	4.619	4.074	1.908
8.752	2.936	4.418	5.728	5.056	8.604	4.486	4.433	2.537	6.410	4.805	2.706
0.968	5.607	19.401	4.960	5.423	4.639	0.477	5.628	2.051	7.664	5.258	3.180
10.222	5.460	7.909	4.527	4.027	9.401	7.052	6.266	4.463	3.584	5.677	4.156
16.473	3.308	4.801	6.948	6.414	5.810	9.597	5.672	3.530	4.852	4.963	3.635
6.118	6.424	8.491	5.562	4.415	9.067	6.251	4.774	1.905	4.414	4.086	0.821
2.318	4.787	9.174	5.941	3.649	2.904	1.537	4.302	2.080	4.609	4.810	4.265
7.464	4.888	18.087	6.193	6.790	8.606	7.022	5.745	0.797	6.695	4.593	1.829
15.387	5.229	19.743	5.050	4.798	7.952	1.782	3.988	0.454	3.135	5.620	2.617
6.765	4.042	12.335	4.588	5.042	8.473	8.693	4.211	3.115	7.215	5.032	2.312
11.705	6.371	17.624	3.678	3.313	4.386	2.141	3.913	1.945	5.045	5.581	2.925
7.551	4.492	2.417	6.555	8.056	3.520	5.983	4.676	2.230	5.824	5.129	3.218
7.984	5.166	18.438	3.950	4.697	4.030	3.756	4.041	1.975	3.261	4.516	4.493
0.361	4.874	10.314	5.320	6.299	0.708	2.757	5.583	4.549	4.879	4.546	1.307
5.549	4.393	10.461	4.163	5.388	7.451	4.297	3.971	3.943	4.656	4.136	2.524
15.391	4.200	7.924	4.905	3.945	8.509	7.142	3.904	4.126	3.903	6.278	0.204
6.887	4.214	19.544	4.327	6.066	2.849	3.808	5.079	1.500	5.322	3.736	4.446
9.168	5.648	13.983	5.425	4.207	6.161	3.938	5.365	3.470	4.195	4.108	4.301
10.900	5.029	19.448	5.651	6.002	9.658	6.938	3.167	2.962	5.214	3.940	0.385
2.622	5.474	13.418	5.383	5.146	1.795	0.166	4.073	4.623	3.987	4.576	1.298
13.113	5.493	11.790	6.574	5.004	1.948	9.157	5.880	3.116	5.291	4.603	4.159
16.961	5.475	11.685	4.281	4.880	3.115	4.951	5.159	2.481	6.475	4.440	3.697
15.168	2.879	8.794	4.722	6.720	1.336	3.189	4.120	3.933	4.265	3.831	1.724
4.931	5.588	15.060	5.034	4.759	6.294	1.822	5.066	2.135	5.169	6.631	3.353
17.357	4.216	7.857	4.573	5.664	1.435	0.018	5.695	3.121	4.634	4.585	3.915
7.960	2.338	14.947	5.754	4.201	1.033	0.610	6.499	2.438	4.716	3.812	3.038
10.157	4.328	4.275	4.170	3.661	2.935	1.778	5.671	2.501	6.204	5.345	4.702
16.234	4.951	8.389	5.018	6.102	9.870	9.735	5.899	1.709	5.142	4.391	1.229
12.550	5.689	17.926	2.779	4.542	1.080	8.035	4.179	3.135	4.812	5.390	3.145
12.343	4.415	7.487	4.811	6.306	0.644	4.334	3.233	4.018	3.417	5.677	1.495
4.271	4.228	5.637	3.680	3.917	0.059	9.407	3.173	2.148	5.722	5.186	1.461
5.580	4.294	15.305	3.996	4.156	6.672	7.946	6.341	2.636	5.004	3.346	2.344
7.588	6.747	14.445	5.071	4.506	7.584	3.437	3.320	0.609	4.694	4.158	2.082
0.865	3.548	2.983	2.497	5.029	1.488	6.401	7.025	3.145	6.240	5.872	2.759
7.213	4.531	1.002	5.366	5.770	9.204	9.565	6.652	1.906	4.152	5.182	1.698
1.301	4.388	11.949	3.513	6.214	8.994	8.564	4.675	3.148	2.310	5.441	1.229
0.737	5.595	14.190	4.497	4.983	8.800	1.215	6.500	3.481	6.614	6.952	1.976
11.544	4.314	3.366	6.062	3.440	1.220	2.535	3.263	3.524	4.212	5.997	4.546
9.192	4.097	18.298	5.313	5.157	6.581	3.755	5.505	2.835	5.291	6.027	0.016
15.222	3.508	19.029	5.710	5.550	4.055	9.405	4.915	1.208	4.434	4.243	2.005
14.189	5.211	12.991	3.694	4.420	7.443	1.721	4.688	1.883	6.824	6.356	1.936
6.996	5.764	15.986	3.254	3.719	1.105	3.242	6.039	1.726	3.887	4.192	4.846
14.262	4.876	15.932	4.672	5.910	7.606	9.991	6.826	4.664	4.667	4.590	1.850
12.440	4.475	1.089	6.342	3.911	5.521	4.501	5.188	0.782	5.609	5.522	0.165
9.262	5.211	17.042	3.803	3.532	0.772	2.528	6.644	2.426	4.852	5.064	2.180
14.585	5.120	6.601	5.296	6.374	3.142	8.242	4.962	3.992	5.350	4.776	0.858
1.713	5.268	1.902	5.698	5.941	6.029	5.232	4.105	0.435	3.170	5.286	4.625
4.145	4.153	7.706	4.944	4.760	6.017	7.267	6.717	0.514	4.407	2.692	0.028
13.064	3.700	17.859	4.495	5.881	9.312	2.732	4.945	0.887	5.891	5.456	4.808
18.164	5.644	6.985	4.820	4.714	9.883	3.265	6.285	2.431	4.315	5.768	0.707
4.513	7.034	18.339	4.412	5.105	3.257	8.227	6.140	2.081	5.722	4.999	0.552
17.256	5.858	19.424	4.249	4.230	0.857	6.347	3.974	4.467	4.335	4.315	2.674
14.295	6.567	5.472	6.219	5.720	8.722	1.113	5.139	0.042	5.918	3.391	2.855
6.513	6.362	2.686	6.046	3.404	5.680	0.378	4.899	0.098	4.543	5.658	2.667
0.334	4.967	13.899	4.186	5.994	2.560	5.267	5.393	4.046	6.002	4.123	4.086
12.920	4.674	12.761	5.669	5.090	1.979	2.227	4.534	0.577	3.830	4.269	3.369
13.325	3.679	11.457	4.506	7.378	7.712	4.733	3.784	1.557	5.050	3.904	1.588
1.197	3.191	19.428	4.471	5.948	4.192	0.193	5.480	2.676	6.575	4.129	0.226
14.032	4.881	7.640	4.862	4.367	4.849	9.234	3.885	4.492	4.913	6.861	2.435
18.771	5.063	16.427	5.736	5.019	3.457	3.753	6.370	4.277	4.655	4.889	4.701
11.324	6.028	17.417	3.472	4.856	5.805	7.355	4.895	3.225	3.153	3.878	4.824
10.029	5.072	9.088	4.835	4.199	7.763	6.682	4.533	1.776	6.021	4.138	2.946
13.577	4.664	4.408	2.862	4.457	2.770	2.798	4.335	1.739	5.034	3.194	2.153
11.374	3.602	9.362	6.266	6.089	4.369	6.960	3.878	2.999	4.912	6.340	4.027
18.501	5.237	7.553	5.548	3.439	0.568	6.496	3.468	3.561	4.895	6.405	0.468
6.676	4.746	17.133	5.904	6.373	0.359	1.031	3.248	3.969	4.655	5.529	0.439
0.579	4.610	3.691	4.789	5.380	3.097	8.826	6.357	3.063	5.669	7.206	0.833
0.635	4.935	6.981	5.196	7.222	9.237	6.243	5.265	1.754	3.917	6.156	0.664
1.905	6.583	1.825	6.271	5.267	0.974	0.109	5.339	1.919	6.106	4.326	0.007
11.407	3.811	18.401	4.354	4.691	5.019	5.441	5.280	4.506	6.505	3.464	3.437
10.855	4.033	6.427	3.587	5.651	9.486	4.105	6.192	1.352	4.553	5.737	3.456
17.688	5.122	13.365	5.422	5.022	8.565	8.225	5.642	4.579	3.517	5.863	3.300
16.598	3.354	16.849	6.980	6.357	5.827	0.566	5.545	4.380	6.216	5.359	3.493
18.420	4.922	11.663	4.782	4.762	2.146	7.010	6.624	4.660	5.205	6.050	2.891
8.222	3.108	15.929	5.475	4.341	8.990	3.125	4.025	0.887	4.329	3.016	3.914
10.039	4.820	1.653	3.763	5.552	4.494	8.168	5.789	4.638	5.116	5.325	1.796
15.843	4.811	10.558	4.735	5.279	7.505	7.595	5.437	3.487	3.772	5.677	1.969
14.990	3.920	2.016	3.947	5.972	4.972	6.973	5.174	2.055	6.210	3.343	3.987
7.056	5.958	7.146	3.785	5.820	0.812	9.844	5.782	3.254	4.589	4.623	3.729
17.956	7.196	18.746	4.970	2.494	8.875	4.755	3.367	4.377	4.471	3.981	0.044
2.073	7.534	7.606	6.248	3.329	3.441	2.636	3.756	4.637	4.608	4.577	3.217
14.173	4.728	0.214	6.684	4.591	2.616	9.939	5.816	3.125	5.766	6.571	0.051
15.854	2.753	5.811	5.757	6.036	8.990	0.806	3.623	0.207	5.048	5.231	0.615
2.061	5.145	0.706	5.774	3.935	4.902	1.411	6.012	0.554	3.749	5.404	4.952
9.007	3.023	18.351	5.170	5.579	6.673	9.364	4.140	1.719	4.903	4.552	4.974
19.512	5.015	19.786	6.442	5.570	9.269	8.786	4.905	3.227	5.659	4.146	0.340
16.114	4.104	11.020	4.549	5.566	2.038	7.935	6.501	3.274	5.936	5.314	4.355
9.367	4.586	11.612	4.148	4.079	3.965	8.231	4.887	2.648	5.565	5.351	0.068
3.643	4.295	5.089	4.231	5.977	5.212	4.709	5.197	4.529	3.103	6.085	0.215
19.856	5.858	7.779	3.797	5.741	5.750	6.392	5.238	4.385	4.257	4.405	0.617
9.400	3.627	5.899	4.222	5.035	5.332	7.720	4.687	3.091	2.868	6.685	3.907
17.540	5.028	7.120	4.758	4.324	6.400	0.928	6.707	2.964	3.885	3.556	0.520
11.181	3.981	3.618	5.913	4.428	0.197	9.016	5.777	2.460	6.419	4.266	1.692
16.584	3.744	1.877	4.934	3.261	9.343	0.648	3.884	4.237	5.496	3.901	1.669
4.475	5.004	1.108	3.258	4.916	3.977	5.409	4.704	3.139	5.871	4.319	2.244
6.752	6.163	11.574	3.903	6.315	8.022	7.068	4.544	4.657	4.213	6.680	0.573
9.034	6.080	11.362	4.978	4.937	8.092	7.447	4.497	4.282	7.198	5.841	2.606
14.417	4.310	1.738	6.173	6.860	1.705	9.568	5.697	2.214	4.636	6.141	2.529
5.040	3.246	7.761	5.751	5.552	3.394	3.071	7.552	2.799	4.090	4.783	4.625
9.339	2.939	9.027	7.110	4.027	3.146	4.821	3.904	2.561	3.708	3.784	3.534
18.999	4.544	3.677	5.924	6.266	3.717	8.151	5.799	0.029	4.503	6.269	0.632
9.508	5.231	4.228	3.596	5.233	5.730	1.645	4.456	0.198	6.754	4.771	1.192
0.204	4.549	2.728	5.156	4.847	4.231	1.931	4.183	0.887	6.206	5.033	2.184
14.597	3.734	15.472	3.971	4.205	9.815	2.343	5.088	2.158	4.798	5.298	2.295
17.013	3.369	10.759	6.676	4.779	3.064	0.419	5.080	0.615	5.071	4.518	0.588
7.197	4.057	19.841	6.170	6.119	7.789	2.805	6.570	3.383	5.924	4.053	1.485
3.043	5.470	10.013	6.210	5.441	1.239	1.138	4.206	1.723	2.868	3.306	3.195
8.237	3.889	15.785	5.392	5.141	5.704	7.634	7.838	4.024	6.024	4.942	4.690
6.288	4.194	16.687	4.522	7.124	0.769	6.650	4.064	1.794	5.371	6.531	1.170
17.490	5.541	9.019	4.901	3.256	3.517	1.732	6.500	1.931	5.455	4.578	2.924
9.399	3.790	9.312	5.942	2.867	2.906	5.690	5.810	2.471	4.652	5.541	0.854
14.236	5.038	2.339	5.414	5.395	1.441	3.866	5.462	4.994	4.470	4.696	0.819
13.679	4.924	7.359	4.086	6.740	7.479	6.936	4.469	1.607	5.754	5.965	2.396
5.449	4.147	15.814	4.023	5.013	6.073	1.605	2.465	2.691	5.625	6.704	3.785
15.340	3.652	1.120	7.063	3.662	8.579	5.419	5.601	1.947	5.090	4.683	0.410
6.202	6.205	0.551	6.663	6.366	0.555	7.904	4.288	0.794	6.319	4.931	3.268
15.864	5.349	10.668	4.637	5.068	7.739	5.458	4.333	0.960	3.892	5.309	1.535
16.181	7.490	7.195	5.305	5.859	1.168	0.280	4.600	4.233	4.940	4.858	2.546
12.041	5.644	9.751	3.802	5.273	4.095	4.355	6.668	0.427	4.934	5.406	4.033
18.827	5.655	16.332	6.685	4.699	1.683	8.622	3.573	1.689	6.718	5.574	3.911
1.252	5.458	3.800	5.342	6.053	6.817	1.590	6.381	3.202	5.899	5.115	0.232
18.480	3.919	14.726	6.293	4.208	4.210	6.778	4.849	2.798	4.386	6.664	2.474
4.176	5.549	8.977	4.585	3.091	8.747	6.580	3.996	2.043	5.320	5.866	4.310
12.328	3.765	5.854	3.233	4.926	8.237	6.199	2.388	4.273	3.694	4.692	3.971
10.746	5.105	16.334	4.967	4.825	0.447	2.732	3.479	3.657	5.373	4.923	1.686
5.101	7.471	8.065	4.899	4.934	4.228	4.055	7.199	2.975	4.392	3.672	4.917
9.812	5.277	0.969	4.596	5.363	2.478	5.315	4.328	4.879	5.663	4.565	2.630
3.264	6.362	14.096	3.547	4.037	5.451	0.664	4.666	2.334	3.913	5.140	0.269
14.956	4.152	19.871	5.450	6.480	4.429	9.650	5.468	1.773	4.716	5.188	2.360
2.738	4.775	16.103	5.570	5.309	4.063	6.996	7.531	1.053	4.682	6.366	0.183
0.699	3.727	16.053	4.676	5.645	4.834	9.765	4.732	0.079	5.736	5.358	0.833
3.955	3.751	8.093	5.213	4.740	8.968	9.803	4.876	4.179	3.825	4.502	3.003
15.101	5.258	3.656	3.943	4.690	0.759	2.549	3.917	0.586	5.758	5.998	0.616
0.865	7.387	2.851	6.288	4.871	8.148	5.505	5.536	4.834	4.149	4.255	4.401
8.210	3.525	1.689	5.361	4.345	0.180	1.378	4.440	1.989	5.819	3.334	3.585
13.758	5.363	15.494	4.352	3.846	6.510	8.044	5.439	1.251	3.204	4.718	0.574
11.910	6.161	14.777	5.364	4.712	5.191	6.385	6.697	0.899	5.489	7.252	3.261
7.848	4.011	10.817	3.644	5.507	8.057	7.740	4.434	3.600	4.488	5.743	0.105
18.683	4.005	9.718	5.361	5.646	4.501	0.482	5.855	2.180	3.510	5.089	4.471
5.128	5.835	1.737	4.264	4.812	5.812	1.348	5.180	1.199	5.149	3.709	2.506
4.430	4.501	6.938	7.634	5.462	9.697	5.767	4.168	2.211	4.616	6.794	2.470
8.693	3.760	3.551	2.334	4.206	9.753	8.110	4.635	2.700	5.936	4.107	2.910
17.232	4.739	19.242	5.904	4.535	1.494	1.267	5.649	3.422	5.641	6.411	2.472
7.490	5.777	1.814	4.049	4.272	5.676	7.793	5.409	2.177	3.116	4.803	0.171
9.076	4.124	6.009	5.810	5.419	4.846	5.765	5.012	4.391	5.127	5.209	0.629
7.945	6.654	4.775	2.593	6.841	7.202	8.546	5.734	2.831	3.399	5.468	4.289
4.624	5.757	2.840	6.130	4.651	6.387	1.157	2.952	3.393	4.723	4.344	3.415
12.747	3.319	10.417	5.609	5.568	8.327	8.728	5.518	0.813	4.623	5.541	3.025
8.182	5.578	12.288	5.894	4.568	0.912	6.570	4.558	3.561	4.655	4.999	4.668
10.308	5.463	10.804	3.524	5.279	2.603	4.259	5.757	0.009	4.060	5.479	3.599
4.404	6.009	10.523	6.924	2.898	3.842	9.251	2.885	3.210	5.919	4.599	4.462
10.560	5.924	12.773	5.479	3.457	3.118	3.414	3.802	4.162	6.378	4.396	2.386
3.160	4.713	17.564	3.654	4.297	4.441	3.587	6.528	0.100	6.514	3.697	4.473
19.191	4.184	3.208	4.731	4.594	5.947	1.638	6.598	1.433	4.625	5.839	4.733
18.262	3.838	0.492	5.441	4.602	5.617	3.599	3.015	3.791	4.953	4.047	1.007
7.451	5.757	13.318	4.279	4.392	8.785	0.560	3.779	1.773	6.717	4.412	0.074
19.025	5.003	9.461	3.562	3.629	9.171	4.227	5.087	4.619	5.639	6.448	3.963
1.424	5.794	13.641	4.531	5.176	9.017	0.922	4.831	2.063	3.981	5.074	1.272
2.888	5.199	11.088	3.693	7.386	2.955	1.623	5.918	4.388	3.542	4.726	1.841
3.870	4.334	15.704	5.029	5.404	4.619	9.374	2.094	2.630	4.851	5.575	2.717
2.352	4.929	9.597	3.243	6.749	9.712	4.901	3.701	4.609	3.685	5.078	1.811
8.059	3.955	1.654	5.067	4.788	9.701	6.469	5.375	1.065	4.291	3.496	3.792
4.735	5.594	17.533	5.410	5.685	2.531	5.806	5.488	2.832	4.543	5.071	1.612
0.502	5.378	14.887	5.983	4.513	3.402	7.902	6.685	0.175	4.119	4.904	4.410
3.682	5.089	3.802	4.148	6.840	4.042	5.574	5.825	2.952	5.728	4.866	3.849
18.198	5.438	14.842	5.279	4.953	6.417	8.200	7.760	3.191	5.859	5.505	1.445
8.484	3.895	7.686	4.789	5.079	5.495	9.974	3.830	3.366	5.087	5.455	1.568
4.825	5.129	10.306	5.994	5.784	2.842	1.266	3.530	4.727	4.843	5.507	1.725
19.544	5.061	18.293	5.061	7.251	3.623	5.467	4.131	0.637	5.413	3.342	1.386
7.381	6.328	10.821	3.596	3.717	8.876	8.327	4.455	1.819	3.654	5.545	1.608
10.853	6.860	0.174	4.964	6.230	9.006	8.182	5.992	4.964	4.338	5.669	2.291
13.630	5.156	0.293	5.869	8.012	7.992	5.903	4.117	1.502	6.047	5.597	1.832
11.861	4.928	18.245	4.801	4.995	6.214	7.577	5.540	0.973	5.602	5.023	2.054
11.234	2.247	18.475	5.603	4.968	7.839	4.595	4.902	2.818	3.951	4.592	1.506
12.039	4.816	2.375	4.206	5.549	9.089	9.690	7.455	3.747	5.231	5.381	1.716
18.795	5.232	13.568	5.445	4.568	5.040	6.580	5.811	1.852	4.815	4.794	0.970
15.629	5.759	14.324	4.980	4.561	8.541	5.092	6.356	0.723	4.708	5.517	1.233
3.795	5.055	6.380	5.308	5.343	3.746	3.701	4.954	0.891	4.811	4.904	3.153
15.500	5.012	1.157	5.495	5.273	4.906	4.570	6.274	2.922	6.156	6.112	4.605
11.173	4.008	18.035	5.169	5.167	3.208	6.622	4.277	2.501	4.946	5.428	3.325
15.206	5.276	18.127	4.867	6.257	9.430	9.928	4.890	2.237	5.101	5.444	2.611
11.788	4.381	7.138	3.832	5.804	4.834	5.331	5.378	3.736	4.376	4.333	4.245
16.765	5.337	14.943	3.658	2.633	2.140	8.722	4.271	3.072	4.115	5.014	0.111
0.215	3.038	3.744	4.054	6.866	3.687	0.993	4.421	4.773	5.064	6.049	1.909
3.225	4.370	3.052	5.793	4.713	4.976	9.772	4.904	0.960	6.219	6.335	0.664
1.822	4.023	14.134	4.717	4.918	7.496	2.925	5.531	2.974	5.449	5.709	4.421
0.221	4.061	17.360	6.773	4.980	3.109	7.170	5.746	0.212	4.658	4.356	3.509
0.137	3.866	13.321	5.843	5.046	4.557	0.641	5.398	2.463	3.297	4.822	4.501
18.410	4.474	16.171	5.458	4.999	6.783	3.425	5.473	3.965	5.326	6.552	4.898
1.651	3.918	16.915	4.895	2.918	2.292	9.148	7.071	2.998	5.038	4.904	4.976
11.430	4.179	19.445	6.576	4.304	9.166	6.708	7.548	2.088	3.758	4.418	2.059
4.714	4.774	8.219	5.728	4.034	0.628	5.949	5.164	0.065	4.016	4.920	3.614
15.617	4.246	18.374	4.904	3.369	3.304	2.917	5.823	0.143	5.302	5.975	4.885
2.961	5.718	4.240	4.848	4.938	5.762	1.393	4.861	3.263	5.300	5.622	2.494
12.876	5.218	5.299	5.364	3.778	2.128	2.540	6.248	0.437	7.116	5.558	3.024
18.105	5.416	4.693	4.872	4.005	6.438	4.108	6.349	3.731	6.043	6.973	4.353
17.896	5.628	5.187	5.569	4.895	0.666	9.429	5.473	2.856	5.548	6.121	0.972
1.492	4.381	0.109	4.294	3.907	4.359	3.477	5.483	1.305	5.236	5.625	0.025
19.741	5.515	6.240	3.868	7.072	7.862	7.409	4.461	4.852	5.546	4.555	2.144
11.195	4.944	7.998	5.913	5.928	2.822	9.334	4.807	2.046	4.716	6.896	0.349
14.999	5.946	17.009	5.934	4.732	0.275	8.687	3.969	4.040	5.346	4.693	1.591
17.781	5.479	8.953	5.603	4.186	7.922	2.721	5.373	4.932	4.180	3.925	4.437
7.018	6.010	4.224	5.904	6.033	2.833	4.257	5.921	0.308	5.666	4.565	3.781
2.850	5.015	3.151	5.229	4.546	5.051	9.624	5.531	1.880	4.243	5.443	2.783
5.424	3.783	17.709	2.817	3.503	6.086	4.202	6.688	0.136	4.018	4.309	3.137
0.234	5.719	1.518	4.109	5.132	4.210	6.910	5.842	0.845	4.020	5.071	3.668
9.778	7.220	10.172	4.724	4.677	5.689	4.709	3.363	4.382	4.689	5.830	2.773
16.621	4.629	7.891	5.352	5.349	6.727	5.535	6.044	2.239	5.509	4.581	4.357
18.999	5.106	14.300	4.974	4.491	4.955	9.329	4.817	0.577	3.879	6.037	2.815
10.406	5.275	0.589	4.308	5.127	3.161	9.668	4.711	3.427	4.041	4.614	0.490
9.874	3.846	1.577	6.352	4.695	6.684	2.513	5.257	3.231	4.555	4.258	4.414
17.459	5.702	10.625	6.205	3.891	1.928	9.971	5.567	0.959	2.304	5.132	2.670
10.649	4.366	8.767	4.756	5.741	5.731	5.862	5.358	0.631	5.661	5.425	2.949
0.186	4.803	16.482	2.555	7.042	9.141	2.872	4.447	2.103	4.798	5.049	0.539
17.829	4.461	15.428	4.542	7.655	1.602	0.810	4.812	0.232	4.169	6.591	3.697
9.436	4.796	13.241	4.924	6.787	4.638	0.205	3.987	4.861	5.508	4.491	1.766
9.752	4.044	3.113	4.807	5.898	5.217	8.065	5.048	4.415	5.678	4.645	0.597
15.985	5.181	9.802	4.663	3.292	2.895	3.461	5.390	4.461	5.481	2.690	0.150
2.172	7.983	7.237	4.416	7.432	6.413	2.494	2.724	0.363	4.150	2.052	0.821
1.326	3.519	3.406	4.516	4.393	2.606	1.856	5.205	2.118	5.708	6.049	3.161
14.413	7.180	9.711	4.939	3.623	6.844	0.683	4.100	4.069	4.854	3.554	2.942
4.336	5.254	19.918	6.197	4.439	1.342	9.254	5.347	3.575	5.500	4.868	2.942
18.284	6.216	0.243	5.298	3.137	6.155	8.561	6.097	3.525	5.240	7.340	2.099
1.645	5.812	3.263	5.043	4.631	1.109	1.308	4.144	2.437	4.954	3.200	2.139
6.779	3.857	15.514	4.073	4.471	3.049	8.168	3.884	4.613	5.394	5.114	2.636
15.973	3.466	1.319	4.986	5.613	7.107	6.842	3.379	2.041	5.012	6.157	1.383
7.612	5.939	9.772	6.269	3.795	4.003	4.251	4.849	4.477	4.812	4.006	2.465
19.449	7.436	10.795	5.479	5.198	6.350	7.835	4.910	0.946	4.622	5.760	4.196
18.372	5.205	2.621	5.554	4.720	5.888	9.291	5.019	0.885	3.250	5.520	1.825
6.049	5.940	7.311	4.315	5.255	1.951	5.026	4.148	2.021	5.890	4.332	0.214
8.512	6.499	3.506	5.085	5.595	2.478	2.870	6.328	1.954	6.684	4.305	4.398
13.790	5.082	6.250	5.359	6.354	7.989	8.757	6.182	0.679	3.733	3.857	2.504
7.608	5.537	13.833	4.980	3.700	9.764	8.522	8.142	4.987	7.141	5.345	3.465
16.679	5.779	19.326	5.316	4.934	2.723	4.434	4.134	2.134	6.167	5.206	4.749
8.456	3.992	16.126	5.365	6.201	5.175	9.286	6.697	4.235	4.416	4.119	0.800
16.871	3.915	14.308	6.971	6.052	4.319	5.690	4.923	3.467	3.050	3.268	2.630
13.825	5.787	11.513	4.112	4.813	1.738	4.573	5.750	0.562	5.192	5.751	2.852
1.023	3.933	4.773	4.411	3.910	8.262	8.847	7.551	1.333	4.512	5.555	0.128
16.016	4.718	19.128	4.278	4.980	9.533	0.096	5.123	0.091	5.966	3.810	2.475
4.143	4.230	2.865	5.915	4.879	1.973	5.443	3.267	2.466	4.063	4.628	4.437
7.627	5.155	9.793	5.327	4.142	0.152	3.503	5.043	4.652	5.205	5.408	2.964
1.867	4.524	11.149	2.894	4.770	5.925	4.044	4.359	1.988	4.624	5.155	1.779
0.533	4.808	14.939	5.475	2.896	1.662	8.693	4.234	0.794	4.852	5.707	1.325
1.609	6.252	1.509	3.571	5.515	2.751	8.631	5.911	4.227	2.639	4.533	4.162
15.836	3.506	12.336	3.723	3.357	3.789	6.659	5.765	1.870	5.620	5.609	2.711
7.600	3.819	2.621	4.124	5.109	1.226	6.190	4.046	0.447	5.191	3.293	4.250
7.803	2.806	4.564	4.687	3.776	4.519	1.868	5.431	2.518	3.950	3.490	1.713
0.072	5.114	12.860	4.373	4.231	5.755	2.380	5.711	0.310	5.484	4.573	2.883
16.728	3.011	4.650	4.281	5.646	8.199	5.751	3.613	2.867	7.046	5.870	2.017
19.575	4.537	11.503	5.050	6.472	5.467	4.863	6.682	3.688	5.194	5.558	0.789
13.581	6.475	12.763	5.107	5.521	8.015	4.405	7.141	0.164	5.189	6.716	0.576
17.572	5.533	3.606	4.424	6.155	1.324	3.277	5.194	4.432	5.053	4.446	4.823
19.296	4.976	10.688	3.384	4.909	1.876	2.730	5.457	4.271	4.558	4.812	2.490
12.929	5.120	15.474	4.742	4.270	9.078	6.404	5.648	0.672	5.160	6.414	4.374
17.696	4.897	12.616	4.599	4.497	6.310	1.430	6.002	4.494	6.627	4.809	3.177
2.064	2.878	5.554	6.814	5.779	4.810	5.912	5.325	1.051	4.327	7.372	0.231
6.377	5.098	11.558	6.143	5.057	7.136	7.171	4.277	1.637	6.110	4.637	1.664
0.909	4.925	19.957	4.485	5.056	6.302	9.141	5.801	2.323	5.506	3.987	4.173
13.579	5.510	19.521	4.891	4.889	2.561	7.195	4.520	3.408	6.295	3.831	4.866
13.225	6.603	10.431	5.468	5.625	9.934	6.304	5.460	0.129	3.859	5.562	4.886
9.982	4.963	10.389	5.135	4.814	9.842	0.820	5.064	0.738	6.134	4.705	1.554
2.963	5.409	9.224	3.923	4.897	0.095	2.808	5.125	1.986	5.060	4.607	2.185
0.707	2.854	4.425	5.941	4.521	4.510	8.559	3.344	1.760	5.649	4.913	3.654
19.456	5.688	14.435	4.544	3.921	9.253	9.499	6.126	4.292	4.609	5.073	3.135
3.365	7.314	0.362	5.383	3.168	1.933	8.862	5.426	4.420	4.278	5.811	3.283
4.083	3.900	8.323	5.139	5.499	9.523	3.080	4.078	0.751	6.230	4.719	2.742
5.707	3.955	14.821	5.256	2.453	1.649	5.449	4.213	1.857	4.100	4.663	4.502
7.249	4.161	0.008	5.357	4.556	0.331	6.274	4.404	0.698	3.947	3.894	0.660
11.180	5.483	7.611	5.126	5.621	0.405	3.652	5.686	4.173	4.197	5.505	0.851
4.122	2.921	12.497	5.864	5.099	9.639	6.780	4.429	4.880	4.771	3.506	2.382
12.417	4.845	5.375	7.345	5.275	8.489	5.751	6.004	2.028	5.577	3.637	1.194
13.478	4.247	8.658	4.399	6.092	6.860	7.922	6.578	3.925	4.948	7.077	4.615
16.589	4.996	7.473	4.928	5.770	5.850	6.334	4.103	1.759	3.991	5.560	0.811
9.184	5.231	5.970	4.280	5.590	0.633	0.656	5.713	4.706	5.097	4.457	4.338
10.001	5.317	11.082	5.909	4.801	3.570	0.419	4.330	4.150	5.916	3.838	0.800
10.782	6.026	3.856	6.032	4.300	6.553	6.110	4.054	2.528	4.605	5.528	3.115
11.023	6.414	12.071	5.320	2.216	6.542	7.081	4.106	0.488	3.362	3.741	2.658
1.354	5.091	6.988	6.453	4.817	1.918	0.674	6.280	0.094	5.894	4.379	0.356
17.911	5.711	13.413	4.386	4.148	1.552	8.146	3.496	2.754	4.569	6.279	3.259
16.440	3.336	18.846	5.605	6.213	7.146	8.546	5.916	2.098	4.145	5.353	3.709
16.836	3.938	19.526	5.002	4.187	7.216	2.550	3.650	0.516	5.783	4.314	4.162
0.971	5.867	12.974	6.197	3.359	7.273	2.857	5.510	2.292	6.449	4.247	1.997
14.976	5.322	3.093	5.787	2.877	3.565	7.708	4.528	1.152	5.962	3.208	4.268
0.673	4.965	19.314	4.292	4.659	0.049	9.424	5.729	1.113	3.737	6.049	3.396
17.562	6.054	6.837	4.540	3.276	8.343	4.731	6.135	4.660	3.776	4.321	2.526
4.465	4.222	19.004	3.731	4.138	9.984	1.540	5.426	1.333	4.499	6.495	1.054
7.660	4.698	1.351	4.386	3.920	7.326	5.104	4.459	2.712	4.930	5.456	4.576
10.272	4.687	2.011	5.005	5.607	3.680	2.949	7.025	4.512	6.131	4.570	4.731
9.799	5.327	16.371	4.809	6.324	1.855	2.279	7.739	0.104	4.488	3.471	2.628
15.554	5.935	18.161	4.207	4.304	6.140	6.923	5.300	0.693	4.573	4.780	3.165
13.833	4.818	15.430	5.877	6.464	7.699	0.244	4.332	3.682	4.732	4.327	4.759
18.822	6.018	5.221	4.562	4.844	4.168	0.484	5.606	2.708	4.263	5.501	0.611
3.314	5.465	15.095	5.578	4.505	4.884	1.492	5.091	3.256	3.760	5.023	0.952
1.376	4.034	8.184	4.605	4.401	1.711	7.674	3.485	3.251	5.313	4.801	2.483
7.409	5.769	19.695	5.074	2.890	4.633	3.602	6.399	2.748	4.694	6.862	1.297
6.268	5.183	12.520	4.618	4.090	9.893	4.928	3.829	4.121	4.393	5.274	1.790
6.607	5.411	15.918	4.783	5.397	9.703	8.543	4.523	2.091	4.699	4.047	3.552
3.051	4.979	4.141	4.073	3.756	3.472	7.934	4.732	0.854	4.674	3.988	4.316
16.401	4.773	9.635	5.314	4.936	4.553	2.244	5.772	4.976	3.922	4.836	2.987
10.378	5.113	4.926	4.020	4.040	8.360	8.812	4.985	2.874	5.203	3.705	1.648
12.198	6.427	4.176	5.511	2.944	5.521	9.741	5.240	0.769	3.373	5.772	3.374
13.866	5.358	5.596	4.442	4.432	4.015	5.955	5.799	2.465	5.401	6.243	0.633
8.287	3.649	14.394	5.390	6.360	3.601	7.456	4.735	0.145	6.269	4.974	0.872
11.868	6.461	0.734	3.870	4.182	3.224	8.167	5.458	1.904	5.521	3.637	0.610
0.969	4.833	6.933	5.369	6.421	6.079	8.338	5.009	0.236	4.833	3.897	3.894
1.812	4.148	15.080	4.651	3.496	2.770	8.349	5.100	0.621	5.148	4.228	2.999
7.816	5.102	0.970	6.000	4.461	1.081	3.247	3.553	2.698	4.121	5.228	1.580
9.008	5.862	4.133	3.496	6.095	4.681	7.479	3.478	2.002	4.701	5.174	0.542
11.846	7.597	7.436	4.164	5.411	1.661	1.119	6.883	0.944	4.257	6.178	4.980
11.464	3.996	6.947	3.355	5.476	2.312	6.412	5.945	4.495	6.034	6.573	2.841
6.911	5.743	7.884	4.917	5.818	8.094	8.558	5.402	1.468	3.732	5.742	2.289
4.578	5.757	9.808	4.149	6.549	4.727	8.079	4.871	1.537	5.027	7.160	2.130
0.341	4.198	17.949	5.428	4.791	5.775	9.218	5.018	0.696	4.331	5.303	4.750
3.952	4.681	12.553	5.014	6.559	2.764	0.685	4.315	1.432	4.259	5.567	1.974
4.485	3.296	14.261	3.477	5.005	9.058	7.637	5.009	3.888	3.956	2.919	2.372
1.560	4.830	1.940	4.124	5.863	1.091	7.794	5.277	3.241	6.013	5.037	4.980
9.357	4.089	14.878	4.540	5.419	9.921	4.794	5.593	4.954	5.279	5.898	2.566
9.936	3.838	1.697	4.831	4.826	7.734	3.608	6.816	2.462	2.835	4.815	3.166
3.404	3.364	5.412	3.259	4.940	2.240	5.686	4.861	0.812	4.825	3.819	2.808
18.743	4.132	5.760	4.466	4.333	5.268	0.014	5.105	4.304	5.271	4.737	4.960
8.992	5.275	13.627	4.076	4.735	2.305	3.911	5.565	3.235	4.185	5.043	2.357
0.256	5.359	12.661	5.878	4.426	8.737	4.460	4.406	2.676	5.863	4.885	0.289
10.536	4.796	8.510	3.589	6.236	2.097	9.512	3.926	2.661	5.602	4.862	4.504
13.152	4.797	4.819	6.164	5.067	2.367	6.091	4.351	1.990	5.221	5.443	2.564
10.989	3.458	4.368	3.964	3.418	4.039	1.719	3.684	1.659	5.022	4.077	0.169
4.734	4.682	12.876	5.386	6.945	9.435	0.682	4.731	3.828	3.866	3.870	0.468
6.421	4.880	19.425	5.585	4.674	2.807	0.385	5.324	3.668	4.708	3.868	2.897
9.690	5.228	13.610	5.798	6.350	2.158	4.022	3.271	0.894	4.276	6.522	2.114
4.313	5.556	13.300	5.510	6.247	1.569	8.936	4.949	1.520	4.718	5.585	3.181
10.412	4.033	19.121	5.935	4.741	2.206	1.692	5.314	0.901	4.341	5.867	3.862
15.412	3.238	5.923	3.601	5.640	0.882	9.108	4.526	3.930	4.765	6.278	1.242
6.693	5.062	14.409	4.983	3.986	5.987	1.144	5.411	2.837	5.691	4.205	1.394
16.021	4.578	19.877	4.394	4.313	8.823	9.886	5.950	1.207	6.848	5.473	1.011
18.532	5.564	15.900	3.472	5.364	9.148	2.631	5.087	0.713	6.035	5.096	4.506
4.751	4.277	10.365	3.178	4.829	2.769	5.236	4.363	2.443	5.154	5.087	2.414
0.479	4.781	4.666	4.776	5.568	0.896	9.264	7.672	1.162	4.946	3.731	1.079
13.228	6.288	7.460	3.498	6.001	2.838	5.975	4.418	3.115	7.183	3.521	2.846
15.002	5.520	2.103	3.643	5.668	3.850	5.012	4.976	4.047	4.931	4.627	1.525
9.682	4.009	18.389	3.423	5.012	7.737	8.535	5.445	4.481	6.907	4.622	0.653
18.125	4.467	0.622	3.850	4.594	6.297	7.391	6.024	2.257	5.537	5.207	1.290
2.582	3.846	6.890	6.276	4.896	0.748	2.267	5.357	3.284	6.483	4.534	1.740
9.150	4.716	17.136	5.589	6.110	8.272	4.841	3.649	2.383	6.970	4.138	4.922
19.915	5.235	8.894	5.113	5.374	3.445	1.641	5.183	1.987	6.330	5.214	0.152
15.718	2.811	13.295	5.752	5.684	8.981	8.449	4.934	3.040	1.984	4.677	2.928
17.808	5.455	8.993	3.548	5.813	4.519	0.175	4.816	2.134	4.731	4.666	2.947
19.700	6.363	9.604	3.721	5.832	2.119	6.185	3.832	1.898	4.932	4.898	2.483
13.597	5.335	12.217	3.768	3.851	8.210	1.164	4.688	2.527	6.042	3.591	1.500
6.792	5.202	15.057	4.822	5.491	3.669	0.069	4.671	3.223	4.935	5.433	0.587
8.586	4.872	17.555	4.433	5.079	1.016	9.888	6.389	3.861	4.909	3.794	0.988
10.516	4.418	2.947	5.713	4.838	1.915	5.639	6.309	0.153	5.432	5.246	3.848
3.913	4.514	9.230	7.670	3.830	7.737	3.332	3.501	2.798	7.369	4.234	0.008
17.842	6.846	15.898	3.052	4.610	1.259	2.669	4.627	3.187	5.093	5.702	4.120
0.610	5.467	19.824	3.984	4.830	1.137	6.965	4.214	3.093	5.035	6.531	4.483
16.208	4.603	11.171	3.329	4.893	0.132	4.467	4.361	4.305	4.869	6.046	4.985
13.054	4.321	0.328	4.267	5.709	5.782	2.468	3.282	3.399	3.536	3.682	1.654
11.040	6.284	16.532	3.576	3.040	0.563	5.091	3.686	4.435	6.820	3.692	4.338
5.363	5.011	5.146	5.318	3.961	4.407	0.772	6.366	0.581	6.572	5.064	3.584
14.295	4.305	5.529	6.260	4.848	3.538	9.576	8.129	4.371	4.433	5.143	3.487
15.538	3.603	1.972	6.034	5.705	6.193	0.136	4.905	1.433	4.886	5.819	4.070
15.001	5.002	4.952	6.392	3.607	1.918	4.575	2.350	3.490	4.998	5.807	4.882
18.740	5.277	10.704	3.699	6.505	4.781	2.900	2.694	1.313	4.214	6.662	0.873
15.174	4.638	5.086	5.125	4.468	7.893	6.071	5.590	4.665	6.227	5.556	4.120
2.905	4.847	15.042	6.457	5.389	0.044	1.255	4.917	4.494	5.609	4.923	1.757
4.636	3.881	15.588	4.625	2.818	0.514	3.465	6.764	0.639	5.813	4.125	1.761
13.486	3.407	16.531	5.253	6.205	9.403	8.868	5.576	3.890	6.181	4.079	2.777
3.853	4.352	17.728	4.617	5.315	8.983	9.545	2.696	3.158	4.779	6.713	3.141
5.980	5.215	12.337	6.546	5.970	2.415	5.919	7.133	2.186	5.369	5.481	2.783
5.564	3.614	17.976	3.905	4.801	8.937	2.663	6.072	2.361	4.310	7.346	2.367
1.305	4.971	4.834	6.279	3.857	0.356	0.801	3.763	0.231	6.464	4.506	3.231
0.939	5.846	10.110	4.500	3.889	6.752	8.822	5.875	2.638	5.116	3.899	3.276
0.350	4.927	2.732	4.902	5.689	1.225	2.690	4.984	4.742	5.349	5.065	0.685
6.467	6.654	9.446	3.797	4.402	9.838	6.280	5.294	2.171	5.936	4.953	3.867
13.860	4.065	4.487	5.305	4.015	6.549	9.658	4.135	4.070	4.040	4.952	0.213
19.468	4.778	2.868	4.669	5.967	4.084	2.857	5.202	4.114	4.771	3.736	3.599
16.877	4.994	19.346	3.939	4.678	5.403	9.546	5.115	3.826	4.517	4.472	3.833
11.571	5.087	6.367	5.689	4.810	6.398	5.171	2.807	1.442	6.070	3.506	0.695
15.342	5.628	7.621	6.761	4.639	2.534	1.847	4.545	3.194	4.721	4.498	1.294
11.920	4.985	19.990	6.288	5.833	3.670	9.727	4.541	3.187	5.348	3.086	2.042
13.945	6.117	5.925	5.268	6.261	6.133	1.756	4.839	4.386	6.130	5.461	2.522
19.376	3.584	4.374	4.796	5.944	1.101	7.629	4.310	3.240	5.773	6.654	0.893
15.001	5.319	16.097	6.207	4.866	9.335	3.975	4.886	0.804	3.518	5.623	1.775
18.078	6.026	4.306	5.506	5.303	3.839	8.576	4.891	4.044	7.177	3.620	4.203
14.480	5.043	3.838	5.786	4.909	6.522	7.126	5.265	3.745	5.339	4.842	0.230
12.862	6.512	14.247	5.902	5.970	6.289	6.020	5.717	0.251	5.700	5.762	3.776
4.312	3.192	4.788	3.885	3.821	2.381	5.000	4.085	4.496	5.546	4.508	2.549
5.375	3.847	16.897	4.242	5.917	6.361	2.464	3.770	4.814	6.218	4.374	2.200
2.414	5.702	6.192	4.730	5.380	9.332	8.769	5.839	0.014	6.577	5.087	0.424
12.868	7.187	0.378	4.377	4.492	5.530	5.070	4.713	3.907	5.213	5.514	1.463
14.152	5.399	10.251	2.969	4.409	8.464	1.610	5.239	0.680	3.861	7.174	4.961
9.746	4.041	15.672	4.462	5.057	0.119	6.222	4.221	0.030	3.861	5.602	3.633
12.064	6.395	11.584	4.453	5.066	3.300	7.655	3.507	1.211	7.743	5.859	0.926
9.781	5.178	14.968	4.932	2.898	3.112	5.856	4.811	4.998	5.032	3.320	2.182
1.378	6.299	12.750	4.842	4.938	1.415	1.810	5.997	3.236	5.335	6.462	4.620
18.500	5.120	3.682	3.338	4.041	0.362	4.494	3.808	0.972	6.628	4.100	1.600
2.546	5.010	5.450	4.562	6.872	5.437	2.744	6.467	4.576	5.534	4.394	1.288
0.536	5.293	1.084	3.824	4.485	2.895	2.879	7.160	0.224	3.015	4.473	2.116
1.735	4.039	17.080	5.621	7.017	3.195	2.978	4.772	0.297	4.282	5.730	4.881
16.935	7.021	7.997	5.534	5.227	4.645	1.060	4.841	2.933	4.938	4.467	1.923
10.499	5.187	4.727	6.520	4.461	9.397	6.539	4.879	2.913	5.924	5.288	1.412
3.866	4.331	5.970	6.495	5.223	5.483	7.842	5.484	2.751	5.862	5.760	0.008
7.251	3.567	19.082	5.099	6.168	9.452	3.835	2.424	0.555	4.984	5.784	4.865
12.292	4.816	10.464	3.349	4.680	8.966	3.813	5.206	0.218	4.655	4.321	3.616
3.148	3.785	10.896	5.878	5.935	3.887	9.889	5.052	1.751	1.908	5.651	4.842
19.981	5.245	15.185	5.153	4.613	6.750	9.600	7.660	3.021	5.248	5.192	0.459
16.296	3.782	2.298	5.965	5.849	1.956	2.805	4.859	2.084	5.212	3.895	2.916
10.141	3.367	15.379	6.343	4.604	1.729	5.547	4.668	4.472	4.301	4.633	0.144
12.061	7.364	18.748	2.332	3.296	0.168	3.079	3.527	1.329	5.925	5.474	0.928
1.788	4.923	16.682	5.253	5.716	5.983	6.144	3.166	0.622	3.474	5.896	2.989
7.432	6.425	11.902	4.737	2.838	6.755	2.729	3.407	2.064	6.006	3.867	0.429
13.210	4.329	3.073	3.863	5.491	2.267	6.518	6.527	3.185	5.389	4.739	0.814
4.020	4.493	13.028	4.818	5.631	1.328	5.400	3.082	1.862	4.453	5.789	3.345
10.242	5.275	11.513	5.963	3.473	0.119	6.818	4.089	4.714	5.383	4.703	2.522
7.746	3.651	11.747	5.186	7.215	1.656	1.716	3.565	1.012	6.859	4.967	2.971
9.375	5.728	11.204	5.255	4.631	6.236	2.704	4.163	4.739	2.288	4.766	0.957
8.815	5.484	10.968	4.184	6.769	1.836	7.888	3.225	3.068	5.225	6.104	4.452
3.959	5.288	17.005	5.522	5.719	0.846	5.332	5.943	4.276	4.223	6.395	4.992
2.890	3.624	6.506	4.944	6.168	1.878	5.963	4.994	3.284	5.257	4.911	1.709
17.214	4.306	2.287	5.311	4.614	9.205	3.143	4.337	2.288	5.572	2.792	0.778
14.838	5.208	1.809	3.305	6.232	9.790	1.014	3.887	0.927	4.955	4.525	0.234
14.077	4.864	6.626	6.238	5.600	8.406	9.098	4.285	1.014	7.239	4.608	3.211
8.278	3.570	11.898	4.270	3.695	9.901	7.355	5.099	4.530	6.733	3.190	2.688
3.447	5.162	5.762	3.242	4.873	3.847	7.591	5.139	2.518	5.624	3.547	2.907
12.670	5.268	3.877	6.519	4.926	1.621	8.966	3.760	0.410	6.081	5.272	1.427
12.891	5.128	16.591	6.576	3.560	8.825	2.797	6.417	0.298	4.477	4.641	0.225
6.428	5.823	9.324	4.804	4.792	4.709	0.268	5.695	4.062	4.349	5.343	3.313
0.745	5.257	13.022	5.210	5.503	0.403	1.096	4.006	1.429	4.876	4.291	3.159
12.123	4.170	3.940	5.199	5.579	6.209	1.020	5.999	0.073	4.046	7.833	3.674
9.662	5.807	5.510	3.907	4.982	3.724	2.320	6.006	3.908	4.318	4.070	4.770
9.985	4.799	3.664	2.953	4.780	8.693	7.178	5.267	4.788	4.298	5.758	1.532
1.627	4.009	18.833	5.630	6.550	5.045	6.421	4.345	3.518	6.116	3.784	0.935
7.828	5.842	14.717	4.012	5.093	4.968	2.999	5.096	0.434	5.238	5.318	3.263
1.415	5.530	17.111	5.421	5.431	2.412	7.500	5.792	4.880	5.854	3.875	3.055
0.578	5.170	16.637	4.134	5.710	7.287	1.328	4.456	1.026	5.118	5.606	2.701
