4.810	0.718	15.574	2.106	-0.342
4.746	-0.015	13.659	0.798	-0.429
4.822	0.902	2.688	0.149	-0.138
0.229	-0.169	1.488	9.373	0.174
1.137	0.421	16.467	1.034	2.203
4.340	0.076	7.585	2.128	-0.463
0.379	0.360	1.351	0.404	1.651
1.293	1.266	1.791	9.035	0.896
2.620	-1.310	4.727	3.705	3.194
1.662	-1.646	6.929	7.948	0.875
3.941	-0.371	16.955	0.245	-0.264
4.218	-1.245	17.263	1.378	-1.723
4.128	-0.035	0.364	2.055	2.331
2.545	0.303	10.987	2.797	-1.569
2.600	1.568	18.674	4.518	-0.314
0.892	0.972	6.529	5.011	-1.281
0.764	0.939	14.545	7.482	0.052
4.246	-1.525	4.845	3.401	0.558
0.925	-0.242	2.105	2.727	-1.485
0.657	-0.052	19.231	0.944	-0.985
0.450	1.384	10.377	3.061	0.657
1.409	-0.049	5.106	8.069	0.450
0.413	-0.230	18.626	7.679	0.242
0.368	-1.184	9.126	0.107	0.934
4.315	0.089	19.436	2.010	-0.807
2.679	-0.899	3.975	0.642	-1.800
1.213	0.078	4.804	1.740	-1.046
0.144	-0.887	11.874	4.808	-0.215
3.288	-0.008	13.024	5.187	0.548
3.936	-0.815	18.232	1.530	-2.232
4.252	-0.379	7.258	0.903	0.999
0.370	1.407	11.356	0.269	-2.020
4.043	-0.639	0.105	9.735	0.747
0.689	0.223	2.195	3.943	1.670
0.898	0.146	9.264	2.132	-0.554
1.984	-0.593	17.941	3.035	-0.741
0.388	-0.228	17.566	9.449	1.463
2.185	-1.266	2.283	6.014	-0.924
4.744	-1.406	4.923	4.664	-0.695
4.406	0.362	16.242	0.970	-0.398
4.991	0.799	17.806	6.273	-0.836
2.074	-0.362	2.032	4.244	-0.950
0.826	1.992	5.718	2.798	0.742
1.616	0.101	1.116	3.463	0.874
1.705	-0.773	1.808	2.670	-1.466
1.839	0.889	5.642	5.598	1.502
2.751	-0.976	19.122	8.519	1.775
2.427	-0.228	14.673	3.380	-0.481
3.558	0.172	15.657	4.450	0.456
4.462	0.266	1.278	4.637	0.405
2.856	0.003	7.273	6.498	-0.891
3.346	-1.173	17.023	9.552	0.740
0.490	0.249	7.428	0.133	-0.963
2.609	-0.600	12.327	5.428	-0.280
1.434	0.359	7.560	1.958	0.551
2.643	-0.727	12.821	4.087	-1.222
4.870	-1.097	6.354	0.067	-0.507
3.483	1.151	7.301	4.616	0.330
3.676	0.243	8.185	9.607	-0.625
4.550	2.878	18.514	6.647	0.017
2.915	1.166	12.352	8.462	0.181
2.260	2.147	8.260	5.298	-0.515
3.652	0.233	0.335	6.856	-0.009
4.663	2.997	14.120	3.237	0.356
3.829	-0.240	4.422	4.891	-1.231
1.057	0.746	13.596	3.385	-0.685
3.359	0.528	19.351	8.065	0.998
1.281	0.437	4.576	0.489	-0.888
3.690	-0.347	10.444	1.250	-1.780
0.785	-0.529	15.437	8.673	-1.608
1.344	0.165	9.051	6.676	0.674
1.523	0.829	18.820	0.888	0.433
0.750	0.125	2.328	4.163	1.309
3.415	0.839	14.782	3.632	-0.212
0.402	-2.056	17.496	0.392	-0.125
4.976	0.166	17.490	6.171	-0.518
2.003	-0.738	2.598	8.280	-0.864
1.814	1.441	14.228	4.899	-1.370
1.127	-0.046	8.238	4.530	-1.633
3.768	-0.188	14.048	4.799	1.422
4.537	1.305	8.457	2.891	-0.749
2.636	0.300	13.753	8.225	-0.602
3.200	0.450	12.044	5.893	-0.302
4.321	-0.787	13.986	2.372	0.928
1.116	-0.297	4.336	2.348	0.662
1.074	1.316	18.357	4.420	-0.786
2.925	-0.189	11.551	6.542	-1.993
2.995	-0.317	8.153	8.696	0.267
0.028	-1.712	1.214	5.402	0.250
0.043	0.826	2.986	4.412	0.957
0.137	-1.772	10.908	4.773	0.167
2.694	0.543	4.444	0.133	-2.447
1.261	1.371	15.238	7.115	-1.155
3.378	1.398	13.352	7.319	-0.159
2.936	0.048	7.434	4.015	0.519
2.300	-0.401	12.396	8.709	0.107
3.829	0.745	9.632	9.557	-1.704
4.337	-1.584	11.607	4.241	-0.297
0.433	0.944	5.470	7.500	1.041
4.166	-0.454	17.567	3.157	2.846
1.750	-1.110	16.448	3.151	1.182
0.252	-0.328	15.509	8.756	2.233
2.817	1.922	16.716	1.239	-0.512
4.293	-1.291	0.768	0.636	-1.496
1.808	1.475	12.371	0.143	-0.022
1.267	1.203	4.520	1.538	-3.635
0.472	-0.950	14.070	6.045	2.550
0.481	0.419	5.162	6.686	1.049
1.435	0.787	0.418	3.105	1.551
2.323	-0.766	15.491	8.134	-0.003
4.293	-0.500	8.364	9.742	1.143
1.907	-0.150	1.044	1.534	0.675
0.728	-0.526	15.774	7.235	-1.428
1.224	0.253	16.954	8.194	0.475
3.690	1.741	6.713	8.999	0.527
1.639	-0.693	15.035	7.370	-0.275
1.377	-2.324	10.919	2.843	1.359
3.461	0.230	5.532	5.704	-0.224
2.238	1.277	2.354	3.557	-0.112
4.961	-1.289	7.123	3.229	-0.058
3.108	-1.084	4.523	2.897	0.394
4.263	0.609	2.237	1.102	0.634
1.558	-0.514	4.185	0.570	0.815
4.931	0.202	13.429	8.668	0.090
3.563	0.523	16.199	6.263	-0.396
1.828	-0.312	1.702	4.301	-0.486
0.308	-0.555	5.442	9.769	0.631
1.526	-1.052	13.823	9.858	1.184
1.481	0.467	14.355	8.526	1.182
0.876	0.735	0.846	2.550	0.320
1.888	-0.408	18.623	9.600	0.468
0.102	0.090	0.906	8.721	-2.240
0.342	-0.109	15.099	6.620	-0.011
3.642	0.870	6.699	6.742	-0.406
2.650	0.477	7.497	9.641	-0.332
1.578	0.301	4.328	6.956	0.850
3.730	1.523	1.650	6.538	-0.501
3.410	1.597	16.134	7.696	-0.780
2.051	0.812	9.730	3.308	-1.320
3.458	-1.845	14.640	2.665	-0.005
4.725	-2.448	12.633	9.896	-1.085
1.907	-0.039	17.551	5.157	-0.529
3.983	-0.229	0.608	6.736	-2.095
1.682	1.489	5.112	8.408	0.437
0.242	1.110	7.459	4.423	-0.649
0.518	0.670	6.347	1.032	1.792
0.045	0.947	11.041	0.860	-0.366
3.096	0.100	15.590	8.427	-1.389
3.592	-2.132	8.154	3.302	0.052
0.552	-0.669	18.062	4.752	1.003
4.364	0.145	17.052	5.317	0.012
4.561	-0.563	7.056	9.822	-0.405
1.617	2.363	1.867	5.199	-0.656
4.101	1.043	5.776	0.174	-0.988
1.370	0.895	16.130	6.456	1.430
3.324	0.726	12.059	2.940	-1.247
0.678	-0.091	1.894	5.619	0.364
0.963	0.560	0.543	6.686	-1.168
3.550	-2.288	10.175	2.017	0.416
1.423	-0.005	7.075	6.281	-0.668
3.381	-0.395	16.852	7.448	-0.783
3.231	-0.408	4.615	4.992	0.636
1.603	-0.027	9.644	9.201	-0.015
1.315	0.358	10.511	9.583	0.287
4.690	0.889	0.153	8.691	1.509
1.122	-1.716	12.765	8.308	-1.548
1.017	0.773	3.886	1.240	0.312
3.250	0.460	2.436	4.255	0.284
1.138	-1.275	5.143	7.905	-2.126
0.508	1.468	17.853	5.519	-0.080
1.711	-1.661	16.705	1.830	-0.727
2.358	-1.170	16.515	7.197	0.755
3.825	0.165	3.141	0.453	0.382
1.363	0.213	1.918	0.871	-1.258
0.323	-0.649	1.425	7.541	0.804
0.085	1.360	16.962	1.107	0.000
2.596	-0.651	2.471	1.971	1.526
2.451	0.014	18.863	5.046	-0.380
4.905	0.021	18.861	1.909	0.703
3.500	-2.445	3.192	4.823	1.036
1.750	-0.105	4.396	5.785	-0.428
2.139	-1.105	3.392	3.241	1.476
2.644	-1.046	5.268	8.396	1.399
1.886	0.302	15.099	4.934	1.214
0.121	-0.910	8.764	2.579	0.431
1.387	0.221	0.432	9.638	-0.793
3.785	1.933	13.492	2.910	1.078
0.586	1.162	18.683	0.830	0.208
4.749	-0.107	1.236	4.112	-0.273
4.885	-1.192	5.024	0.738	-0.419
4.763	-0.657	0.106	4.641	0.049
1.236	-1.058	8.123	5.702	-1.026
4.837	-0.698	4.255	8.758	-1.142
0.504	1.291	11.706	9.766	-0.780
1.050	0.519	0.591	3.759	-0.602
3.639	-1.998	17.495	6.414	0.446
2.077	0.283	3.182	0.218	0.054
3.460	-1.085	16.416	7.010	0.165
4.006	-0.933	1.592	6.619	0.477
2.777	-1.941	19.428	6.349	1.440
1.431	0.682	0.280	0.094	0.222
3.505	-0.047	0.748	6.792	1.139
3.219	1.022	4.357	0.120	2.266
1.651	1.286	10.986	9.050	-1.198
1.601	1.499	6.590	9.797	-0.954
0.322	-1.477	10.463	1.310	-1.692
4.650	-0.197	6.236	4.300	0.148
0.903	-0.944	11.883	5.603	0.085
0.355	1.505	17.962	7.360	0.278
0.528	-0.314	4.448	5.224	0.257
3.494	-1.031	5.094	7.558	-2.175
3.679	-0.969	19.431	3.358	-0.539
4.078	0.236	6.418	0.438	1.437
3.501	-0.786	17.754	3.605	-1.127
2.743	-0.943	0.885	3.971	-0.094
1.087	0.052	7.929	8.756	0.344
3.003	-1.354	16.446	7.689	0.310
4.223	0.414	12.706	8.554	-0.828
3.371	-0.321	9.297	1.935	-0.756
2.279	0.308	10.509	3.458	0.649
3.097	-0.479	19.519	2.355	-1.323
1.700	0.981	4.300	3.147	0.359
1.526	0.488	11.858	2.309	-0.861
2.608	1.137	17.465	5.750	-0.113
0.184	-2.878	6.907	9.735	0.118
0.577	0.847	12.399	5.004	0.736
1.207	0.383	1.630	0.656	-0.029
4.926	-0.181	1.840	7.016	0.894
3.622	1.968	2.946	8.356	0.573
2.769	1.291	2.836	7.374	-0.103
4.790	0.223	13.238	9.364	1.018
3.416	0.932	7.741	2.614	0.453
3.756	-0.839	16.410	9.305	-0.498
0.107	1.055	17.650	1.005	-0.885
2.114	-0.060	15.059	4.443	-0.678
2.521	1.320	15.272	5.470	1.579
1.689	0.078	13.212	5.006	0.906
0.762	-2.116	6.620	1.828	0.580
3.836	-0.842	14.585	0.409	-1.734
3.969	1.371	11.213	8.125	-0.423
0.396	-0.810	3.110	3.044	0.224
4.557	-1.051	11.797	7.151	0.457
3.362	-1.107	0.918	4.012	-0.053
3.571	1.702	11.791	4.084	-0.539
4.784	-0.433	3.882	1.891	-0.862
0.522	0.541	3.299	7.726	0.288
2.564	0.682	11.303	7.502	-0.087
0.940	-1.194	7.708	5.222	-0.821
4.454	1.598	7.231	7.486	0.619
0.111	0.055	9.558	9.553	1.347
2.083	-1.419	7.290	2.638	-1.077
2.298	-0.693	19.063	3.157	-0.383
3.223	1.788	17.932	4.935	1.085
2.921	0.844	13.972	9.884	0.648
3.459	-0.753	17.803	6.967	-0.731
1.917	-1.252	13.966	7.745	-0.518
1.583	0.109	12.942	5.418	1.299
2.539	-0.361	6.311	9.954	-0.405
0.958	-0.736	11.017	7.904	-0.428
4.527	0.670	13.790	8.471	0.447
1.140	-0.906	2.286	5.196	-0.188
0.078	-0.360	10.539	6.052	-0.833
4.329	0.545	2.351	6.790	0.990
0.623	-0.595	12.415	6.239	1.953
2.572	-1.690	15.934	8.859	1.808
4.108	0.820	2.463	9.367	1.439
0.404	-0.413	7.168	0.609	0.174
0.841	1.080	17.252	6.881	0.749
4.603	-0.844	17.779	3.023	-1.529
3.405	1.597	7.499	0.155	-1.360
0.539	0.167	16.215	0.210	-1.691
0.506	0.530	13.142	4.086	-1.981
3.924	0.949	8.994	6.113	0.357
4.860	0.743	6.373	0.576	-0.923
2.293	-0.375	18.871	9.368	0.537
4.011	-0.535	13.311	2.448	-0.498
0.051	0.320	3.115	4.760	0.795
1.236	-0.763	19.114	0.370	1.400
0.033	-0.106	13.020	2.702	0.912
0.037	-0.930	5.436	0.812	0.167
4.298	1.202	17.621	0.977	-0.069
2.896	-1.832	13.643	0.143	1.448
3.229	0.555	8.387	2.652	-1.192
1.128	-0.958	0.677	3.004	-1.079
2.469	-0.962	2.965	1.723	0.843
1.591	-1.457	16.648	5.110	0.766
4.856	-1.287	11.172	0.079	0.475
1.907	-0.129	11.737	5.860	1.388
0.964	-0.998	5.450	1.342	-1.229
0.455	-1.858	7.402	9.817	-0.548
4.751	1.508	16.513	7.193	-0.461
2.933	-0.274	19.291	6.924	-0.130
3.121	0.722	5.320	5.190	-0.540
4.952	0.968	12.177	1.916	-2.948
4.792	-0.702	15.372	1.823	1.224
2.403	0.915	18.473	4.613	1.414
4.180	0.106	1.733	9.991	-0.121
3.656	0.519	0.571	2.709	-0.435
1.237	1.053	7.130	6.098	0.942
1.971	0.155	6.954	0.205	0.107
0.534	0.298	1.166	7.421	-1.393
1.908	1.992	6.482	4.362	1.625
2.053	-0.740	19.287	1.238	-1.062
1.400	0.125	1.855	4.956	-0.014
3.102	-0.930	4.501	4.193	0.150
4.040	-0.896	2.011	6.037	0.712
0.048	0.203	13.326	6.889	-0.747
1.553	-0.964	16.361	2.564	-0.115
3.467	-0.994	9.975	9.401	-1.689
1.696	-1.599	9.064	2.530	0.220
2.642	-0.015	19.810	6.946	2.164
2.442	-0.634	7.511	5.970	1.928
1.568	0.810	19.248	3.028	-0.033
1.682	-0.354	14.456	0.104	0.336
3.869	0.046	15.803	6.607	0.748
0.270	-0.836	15.217	6.004	1.609
3.773	-1.005	16.332	6.925	0.370
1.535	-0.210	12.972	9.556	-0.508
3.896	-1.658	13.037	9.348	0.925
3.142	-1.720	15.776	8.620	2.105
3.612	-0.843	0.394	5.206	-0.717
2.232	0.879	14.260	2.924	-1.563
4.624	-0.153	0.798	7.512	0.204
1.119	-1.262	9.572	3.110	1.954
2.837	-0.216	7.611	1.271	-0.142
4.835	0.907	2.277	4.332	0.950
3.839	0.070	5.817	5.470	0.460
0.495	-0.972	1.509	9.325	0.257
0.655	-1.352	13.355	6.588	-0.612
0.351	0.871	13.057	6.839	-0.675
2.466	-0.123	19.483	0.888	-1.732
2.293	-1.472	2.262	4.651	0.210
0.268	-1.352	19.809	2.482	0.678
6.508	0.388	0.222	4.926	4.315
4.005	3.337	15.473	4.072	3.075
5.390	4.604	18.534	5.532	8.131
4.749	0.161	5.601	3.255	0.607
4.576	2.569	1.229	4.027	1.112
6.296	0.014	6.165	4.300	6.326
3.700	3.498	18.005	3.820	7.771
4.338	1.301	6.128	3.560	6.146
5.691	3.665	19.399	4.980	2.796
5.396	2.600	15.054	3.873	8.785
3.260	1.163	10.814	2.827	9.010
5.380	2.644	13.648	2.961	6.214
6.419	4.431	12.498	5.253	1.266
6.511	4.440	8.336	4.230	0.385
4.192	0.121	12.855	3.108	9.861
6.054	2.147	4.435	7.410	0.350
4.639	4.960	14.503	6.913	9.469
4.590	2.038	13.217	4.744	7.004
5.352	0.345	4.209	6.260	0.897
6.736	2.564	7.858	4.235	8.576
5.931	2.549	3.857	5.105	2.228
2.257	1.515	15.017	5.922	6.809
5.298	2.025	18.656	3.701	3.625
5.530	3.946	8.469	3.975	7.746
4.749	0.129	5.263	4.609	3.941
6.987	0.340	11.777	3.803	8.044
6.115	2.606	18.611	3.033	0.841
3.335	4.562	12.759	5.401	4.109
4.267	3.539	0.433	5.092	5.356
4.422	1.437	18.196	4.353	6.907
5.596	3.409	12.012	5.065	8.241
5.342	4.986	2.551	6.387	4.032
5.965	1.553	4.283	5.856	5.973
3.937	1.649	11.892	2.942	5.162
3.922	4.636	12.149	5.645	8.118
6.080	2.532	4.171	4.594	7.296
5.924	3.186	8.609	5.571	7.245
3.809	4.565	13.987	6.099	3.265
5.868	4.767	14.177	4.409	8.238
4.342	4.928	14.886	5.742	9.403
5.274	4.617	19.033	6.271	7.821
4.817	0.193	1.267	3.397	1.479
5.070	1.061	13.202	5.315	2.139
1.739	4.368	2.287	4.056	0.660
6.107	4.178	18.617	5.191	3.507
5.905	1.825	11.667	5.560	9.583
6.392	0.611	3.481	5.379	6.067
5.234	0.150	18.076	5.183	6.556
3.661	3.088	0.753	4.705	1.828
5.390	2.850	12.296	6.325	7.201
5.827	3.043	0.833	5.859	8.888
5.339	0.568	4.079	3.867	9.129
3.333	4.424	17.823	3.435	1.941
4.472	1.123	13.363	5.808	4.066
4.850	3.762	19.521	4.947	1.232
3.093	2.390	15.788	5.338	6.830
4.721	1.010	6.764	5.207	7.056
5.285	4.998	6.960	6.168	3.634
4.749	2.725	14.612	4.318	6.116
5.206	4.604	1.836	4.247	3.195
5.370	3.115	2.693	4.537	5.511
4.772	1.908	2.962	5.266	7.171
6.756	2.168	0.070	4.221	1.755
4.904	0.916	5.440	4.709	9.492
3.658	1.070	9.359	6.178	3.437
6.111	1.462	15.827	4.505	2.602
4.902	2.006	3.634	4.810	9.308
4.875	0.370	11.234	4.376	2.161
4.852	4.887	17.150	5.253	0.403
5.024	0.117	5.864	3.901	9.302
3.913	2.434	7.911	4.047	5.804
4.138	0.302	4.611	6.349	7.721
3.944	4.445	0.522	4.881	4.279
5.788	3.434	0.294	2.105	8.133
6.546	0.829	10.776	5.334	0.314
6.148	4.115	16.733	5.148	3.944
5.466	2.545	14.064	4.353	1.891
4.572	4.875	10.719	3.505	7.819
5.888	2.464	15.973	3.069	4.105
5.708	2.137	15.863	6.311	5.074
5.213	2.126	9.065	4.692	0.599
4.452	2.361	16.340	4.630	1.517
6.463	2.795	12.125	3.329	2.009
5.727	3.032	16.191	4.124	8.039
6.565	2.968	16.676	3.233	5.710
6.216	3.955	11.643	4.652	2.865
6.893	3.978	12.010	3.754	2.515
4.042	4.328	6.420	4.878	5.438
4.343	0.717	16.740	6.443	7.398
5.963	2.100	9.546	3.987	3.896
4.198	1.702	4.551	6.489	0.806
5.796	2.635	10.379	4.398	2.238
5.912	3.709	0.827	5.467	8.209
5.166	1.113	6.936	6.135	2.338
4.105	4.117	14.438	5.002	2.386
5.106	3.960	7.970	6.172	0.162
4.686	1.405	3.799	6.478	8.821
5.633	2.596	17.302	4.136	3.349
4.878	4.782	10.644	5.659	7.710
3.904	2.871	7.553	4.495	6.803
4.119	2.768	2.550	4.406	0.488
6.032	2.975	0.111	5.641	7.179
3.763	0.295	15.405	4.462	1.954
4.451	4.370	10.846	3.804	2.079
5.116	0.814	8.163	5.472	6.252
4.621	4.138	1.814	5.645	3.389
4.057	4.414	10.174	2.145	8.284
5.740	4.770	1.963	4.020	7.491
3.961	4.177	12.391	6.181	6.403
5.625	0.684	17.068	6.675	9.934
4.072	3.487	8.673	5.191	5.039
6.134	4.895	6.215	3.957	4.963
4.399	4.161	19.725	5.508	3.919
4.723	3.943	10.217	6.293	5.769
5.369	2.651	10.271	5.942	6.576
4.911	4.738	15.823	3.903	9.799
5.458	4.547	6.654	5.975	8.699
4.915	0.143	7.878	5.299	0.611
5.567	0.036	8.124	5.244	2.933
5.678	2.636	12.741	5.715	2.959
4.869	0.591	15.500	4.860	6.959
3.746	0.837	3.985	4.879	8.602
5.067	3.561	12.531	6.070	5.584
3.089	3.388	7.600	4.930	8.093
3.670	2.827	19.969	4.553	3.083
3.947	3.779	14.450	6.527	4.548
6.085	3.217	2.341	6.183	6.847
3.950	2.289	5.162	4.572	6.018
5.293	1.299	3.332	4.265	6.992
6.464	2.668	16.380	3.871	6.510
4.006	3.207	14.762	3.860	7.897
5.855	4.445	4.670	6.112	7.678
4.534	1.540	18.016	3.080	5.284
4.793	0.893	0.951	5.712	8.727
4.311	4.034	9.743	5.135	8.811
5.625	4.593	18.838	4.452	1.995
4.553	4.313	9.743	6.770	7.286
6.092	0.628	9.559	3.971	0.867
5.074	1.371	11.252	6.087	9.806
4.209	2.467	2.419	4.272	3.441
3.927	3.181	12.133	4.335	2.567
4.676	3.629	9.326	3.372	7.899
3.948	2.801	11.045	4.915	9.617
4.502	0.624	9.370	4.429	0.795
3.917	3.175	9.974	5.382	8.005
4.449	1.090	7.970	4.987	4.448
4.105	1.703	10.053	4.630	6.273
5.900	1.340	2.933	5.336	6.536
6.477	4.723	0.819	2.892	1.371
3.425	2.505	17.957	4.364	2.966
3.719	4.485	9.056	2.546	0.925
4.482	0.286	5.576	4.058	8.094
6.862	2.382	5.642	4.889	6.806
4.955	1.379	11.106	4.340	9.305
3.128	3.009	1.255	5.092	0.265
4.855	1.870	10.203	5.127	5.984
5.254	2.856	8.106	4.264	4.540
5.123	1.114	17.876	5.218	8.005
4.619	4.439	7.528	6.452	4.733
5.119	3.503	7.950	4.505	2.012
5.611	2.901	10.357	2.651	5.400
4.160	0.244	18.300	7.606	5.966
6.230	4.723	4.741	3.731	7.380
4.785	1.190	1.357	6.166	2.117
6.106	2.568	0.210	5.028	2.439
3.834	3.195	14.812	5.824	1.577
4.397	0.057	4.673	5.992	6.664
6.054	3.652	13.369	3.257	4.804
5.589	0.461	2.755	5.816	4.708
7.421	4.334	4.925	3.643	0.407
3.969	2.613	19.208	4.614	5.744
6.358	0.575	10.104	5.657	7.446
4.084	0.917	2.520	6.283	7.283
4.637	0.249	8.881	5.628	4.188
4.658	4.086	6.895	6.320	7.750
5.124	0.038	4.476	3.645	3.067
6.122	0.738	6.566	4.224	3.365
2.998	3.547	5.705	3.589	2.536
4.030	4.039	4.655	6.467	9.551
4.317	2.499	11.538	5.299	4.736
5.524	3.693	8.427	6.084	8.909
5.317	3.936	0.806	5.339	2.197
4.411	0.880	6.265	5.588	5.534
3.330	2.907	13.856	6.086	8.529
5.871	0.423	7.658	5.127	5.976
6.399	0.060	7.526	6.071	4.838
5.162	1.393	19.652	4.266	1.987
3.663	4.060	1.651	4.319	7.934
5.122	1.282	16.965	4.709	3.034
5.669	4.762	5.433	5.631	0.910
5.439	3.549	17.808	4.402	1.913
3.255	0.936	18.567	8.163	6.917
6.597	0.221	1.907	4.540	3.418
5.317	3.924	0.838	6.055	1.977
4.320	0.024	5.152	4.862	7.780
3.115	1.128	13.372	6.295	7.347
6.979	0.090	15.057	8.004	7.522
5.873	1.886	17.567	4.572	1.687
6.096	4.328	18.510	4.360	0.249
4.903	1.028	16.908	5.884	4.718
5.725	0.651	4.605	4.157	8.417
4.166	4.855	3.806	4.303	4.118
6.145	2.327	8.156	5.377	9.333
6.436	4.300	4.690	4.794	5.999
3.339	0.691	12.035	5.354	0.729
4.031	2.318	19.750	5.832	8.807
5.528	1.027	4.803	4.881	3.255
4.532	3.923	12.305	3.049	3.516
4.754	4.727	16.155	6.174	6.569
4.749	2.156	3.066	3.504	1.743
5.417	1.252	4.486	6.712	2.175
4.583	1.676	8.301	4.738	2.354
6.394	0.918	15.303	4.384	8.169
5.803	0.062	7.387	5.373	9.199
4.017	2.542	15.720	5.658	8.216
5.763	4.787	14.621	4.312	4.421
3.528	2.398	15.187	4.643	1.892
4.397	3.541	4.573	3.570	8.796
5.169	0.373	9.641	3.128	3.728
4.061	1.349	13.212	4.431	0.121
6.134	4.762	9.410	4.822	2.599
5.130	1.170	5.236	6.307	0.955
5.994	3.933	19.788	4.539	1.067
5.524	2.806	3.853	6.019	2.271
4.682	1.912	14.945	5.273	1.880
4.639	2.298	11.896	3.790	8.001
5.723	1.888	9.214	5.738	8.793
6.843	0.937	9.328	5.293	7.279
4.994	1.380	5.453	4.280	4.213
5.873	1.376	14.944	5.468	2.636
4.952	4.721	3.365	6.042	8.995
5.049	0.765	12.757	6.637	1.939
3.415	1.889	5.614	4.814	2.254
4.123	1.575	6.283	5.302	6.277
4.995	3.222	0.266	4.103	8.151
6.539	3.126	16.546	5.065	9.017
5.583	1.047	2.010	4.209	1.048
3.745	3.442	2.259	4.883	0.979
6.492	2.270	14.347	1.696	6.489
6.724	2.863	17.882	5.274	0.669
6.212	0.664	0.364	5.127	1.894
5.217	0.825	0.447	4.036	9.095
3.601	4.985	3.336	5.505	4.197
3.525	2.749	5.627	6.662	9.089
6.833	2.843	18.862	4.906	6.391
4.328	2.684	15.074	4.943	4.882
3.734	3.513	10.813	5.097	6.758
5.731	4.775	8.296	4.610	1.087
6.331	3.344	15.822	6.443	0.355
5.762	1.146	6.518	6.164	8.818
6.395	2.911	9.808	5.062	3.921
7.166	3.645	10.813	4.891	9.980
3.498	1.419	13.104	4.479	0.853
4.308	3.919	18.841	4.388	6.098
5.976	3.561	11.866	6.460	7.570
5.866	1.240	18.293	5.375	1.856
3.699	2.470	14.752	3.841	2.541
5.430	1.521	11.972	4.722	0.716
4.107	0.430	10.985	2.435	6.512
4.868	3.924	0.168	5.434	4.988
3.557	2.295	1.488	6.553	3.333
6.278	3.638	17.389	1.820	5.589
5.642	4.196	16.860	6.205	9.511
5.569	3.837	3.205	6.266	0.027
3.997	2.686	15.949	3.335	5.843
5.144	4.339	3.648	6.262	6.894
5.123	2.503	17.167	5.599	5.566
4.737	1.580	6.675	5.353	8.277
6.953	3.874	12.066	4.053	5.871
4.051	4.343	19.147	4.574	7.091
3.718	0.832	8.776	4.771	4.113
6.271	0.462	5.582	5.950	3.256
4.444	0.439	14.190	4.843	4.200
4.569	2.729	14.476	4.419	4.240
6.583	1.746	16.906	4.538	7.803
3.715	0.992	16.174	7.242	6.253
5.103	3.162	12.829	5.128	3.399
4.487	2.902	2.018	5.608	2.468
5.633	1.061	12.548	5.556	1.016
5.210	3.668	0.178	7.102	0.157
5.253	1.049	8.425	4.390	8.608
5.623	1.352	13.358	5.807	4.355
3.799	2.335	8.514	6.142	4.790
6.528	4.529	6.965	5.600	5.193
5.614	0.467	12.084	4.926	3.581
3.514	3.649	14.186	3.917	2.932
5.694	0.959	10.580	3.867	6.721
4.412	2.879	8.458	4.569	2.934
4.042	1.488	2.728	5.015	7.617
5.627	3.197	18.089	3.518	4.349
4.771	2.962	12.290	3.769	9.299
2.426	2.169	10.529	6.584	6.400
5.847	1.344	3.203	5.553	3.219
4.255	4.531	14.508	4.842	9.712
4.145	0.530	19.629	5.429	4.662
6.236	2.032	8.274	3.946	0.634
6.409	3.342	8.261	4.435	2.049
3.671	4.085	11.795	4.914	3.968
6.387	0.307	18.144	6.291	1.633
3.971	4.717	15.128	5.533	4.270
4.796	1.851	12.885	4.047	6.543
3.465	4.993	13.959	5.329	5.317
5.759	3.487	0.332	4.908	1.424
4.237	1.137	9.060	5.498	0.993
4.925	1.066	15.488	7.166	2.076
5.685	3.818	8.482	4.721	7.356
5.061	3.516	18.284	5.566	9.927
3.975	1.303	12.680	4.174	9.036
6.231	0.169	11.148	5.319	2.473
4.693	3.900	8.403	3.904	9.043
4.674	1.152	14.828	4.406	6.835
5.036	2.258	11.115	3.330	8.199
5.721	2.188	3.333	5.158	5.958
4.295	3.722	19.360	4.630	5.809
7.446	2.140	15.218	3.339	4.006
5.460	4.224	3.276	4.172	3.427
4.016	1.124	13.671	5.961	5.812
4.729	3.142	1.852	7.131	5.486
3.495	0.950	6.869	4.372	6.293
5.088	0.854	11.886	4.490	6.866
4.814	2.025	15.446	3.941	1.230
3.952	3.099	5.550	4.246	0.140
4.429	2.449	12.076	5.523	7.349
5.654	3.423	4.050	4.501	1.196
5.204	0.854	1.611	5.426	3.975
4.427	1.522	16.682	3.510	9.540
4.572	4.478	17.977	6.415	8.943
6.483	1.794	17.772	4.793	7.006
3.618	1.981	6.429	5.449	8.134
6.261	4.890	13.976	4.853	3.235
5.374	4.716	5.666	4.453	9.653
6.164	0.352	3.839	3.987	9.862
3.415	2.608	4.048	4.497	9.806
2.087	3.925	-9.017	-7.328	8.175
0.659	15.281	-7.337	-7.269	7.888
1.055	15.111	-7.476	-7.320	0.913
1.352	18.070	-7.006	-6.512	3.977
4.189	6.103	-6.232	-6.715	1.080
2.563	6.746	-6.040	-4.852	7.342
0.825	11.688	-7.003	-7.448	5.747
1.617	17.843	-7.093	-6.724	9.391
2.069	11.632	-6.660	-7.350	9.560
4.615	14.808	-6.644	-8.814	3.386
4.492	16.891	-6.855	-7.209	4.180
0.161	0.712	-5.296	-8.698	4.623
4.239	12.479	-5.400	-6.249	6.986
4.213	6.035	-7.782	-7.711	5.948
4.438	10.440	-8.589	-7.253	7.876
0.139	15.144	-6.885	-7.696	0.535
4.879	8.977	-7.884	-8.838	2.428
4.603	13.489	-6.055	-8.659	9.167
4.586	10.135	-7.990	-8.483	6.831
2.297	10.233	-6.336	-5.684	8.159
2.849	5.446	-8.374	-8.166	7.003
3.875	12.086	-6.093	-6.924	4.813
3.547	9.657	-6.912	-7.416	3.007
3.763	11.129	-7.185	-6.459	6.093
0.624	5.000	-8.469	-6.045	9.029
2.188	17.217	-6.547	-5.216	5.337
3.177	8.797	-7.067	-6.651	9.714
0.320	19.398	-6.583	-6.839	1.604
3.532	1.453	-8.170	-6.975	0.771
0.941	19.421	-7.150	-6.150	4.277
0.474	2.530	-6.677	-6.007	5.404
1.084	2.634	-7.306	-7.600	9.201
1.198	10.042	-8.249	-8.806	7.434
1.192	16.856	-7.431	-6.307	7.018
1.073	18.319	-5.389	-7.448	8.224
2.022	13.237	-6.418	-7.131	0.324
1.214	12.382	-6.389	-7.534	5.912
1.938	19.207	-5.675	-9.223	4.028
2.498	5.228	-6.508	-5.531	9.294
2.057	4.940	-7.398	-7.087	1.892
4.632	2.919	-6.197	-7.416	6.929
4.661	8.329	-5.948	-7.526	6.577
3.827	4.728	-6.927	-6.060	7.585
2.172	14.836	-6.128	-6.043	6.073
4.791	9.931	-7.651	-9.776	0.782
1.473	8.122	-8.794	-8.956	1.046
1.212	5.242	-7.194	-8.344	8.768
2.589	18.107	-6.203	-8.211	3.283
2.542	10.075	-7.648	-8.376	7.782
0.826	10.462	-7.704	-5.056	9.974
3.634	0.753	-7.844	-6.517	2.855
2.886	19.532	-7.737	-7.856	1.640
1.170	1.757	-6.066	-5.950	4.319
2.053	17.049	-6.221	-7.817	9.565
4.479	6.176	-7.052	-6.515	5.172
3.997	7.464	-6.905	-7.261	8.408
3.976	14.839	-6.578	-7.396	4.006
3.079	4.354	-6.628	-5.786	2.006
2.356	9.422	-5.990	-7.222	4.434
0.604	14.540	-5.404	-7.057	1.612
1.859	8.629	-6.427	-7.834	3.551
3.956	17.073	-7.910	-7.030	1.935
0.212	5.779	-8.189	-7.886	6.711
4.312	15.569	-5.593	-7.519	7.759
1.022	17.912	-6.574	-7.080	6.182
0.741	17.608	-6.216	-9.233	0.483
0.746	5.477	-7.097	-6.039	6.807
1.809	12.281	-6.762	-8.072	9.594
0.355	18.461	-7.243	-6.255	5.842
4.687	9.563	-7.071	-7.190	5.413
1.520	3.359	-7.881	-6.455	4.743
2.023	4.558	-7.005	-7.243	6.734
1.804	8.153	-8.152	-6.506	4.071
3.067	12.049	-8.847	-7.459	1.700
0.838	14.324	-5.697	-6.027	3.826
2.092	16.023	-6.363	-7.254	1.028
2.694	0.642	-8.641	-6.547	6.775
0.828	7.270	-7.636	-7.499	3.228
2.583	6.567	-6.881	-6.290	2.506
2.561	16.197	-4.912	-6.789	8.086
4.077	9.897	-7.827	-5.846	8.268
3.878	6.957	-6.776	-5.936	7.780
2.874	18.078	-5.380	-5.219	0.445
3.228	19.664	-6.182	-8.471	7.721
1.802	15.068	-5.274	-6.720	9.631
3.106	11.425	-7.237	-8.378	0.031
3.360	15.595	-6.451	-7.124	1.030
3.440	6.284	-7.651	-5.452	6.125
3.962	0.260	-7.199	-8.308	3.037
0.445	5.854	-7.403	-5.403	7.244
4.614	15.045	-6.503	-4.501	1.376
3.689	13.655	-6.632	-6.987	7.370
0.086	5.152	-7.880	-7.474	9.054
4.888	9.735	-5.946	-7.422	6.921
3.746	7.435	-7.989	-6.420	0.386
3.883	8.508	-7.489	-5.473	0.818
4.207	8.171	-6.964	-8.317	7.274
0.290	13.303	-6.532	-7.405	6.639
2.291	6.663	-8.583	-5.990	4.216
3.629	9.566	-6.018	-7.523	1.441
3.853	5.568	-8.175	-6.912	0.210
2.783	18.849	-8.683	-6.144	3.722
4.459	19.407	-7.756	-8.586	7.045
2.185	11.514	-7.311	-7.704	0.037
3.473	15.660	-7.433	-6.806	1.973
3.955	3.153	-8.180	-8.845	8.813
0.880	3.347	-6.679	-6.425	2.166
0.923	15.041	-6.603	-4.797	6.932
1.460	14.005	-6.705	-6.912	5.963
3.506	11.233	-6.773	-5.809	4.606
0.033	12.601	-5.942	-7.796	6.139
4.499	3.943	-7.446	-7.503	2.429
1.339	0.377	-6.962	-7.827	3.506
4.246	16.977	-7.789	-7.457	4.147
1.840	19.438	-6.994	-8.190	8.410
1.130	0.301	-6.265	-7.620	0.222
4.039	1.027	-6.309	-7.209	9.704
1.716	19.224	-6.623	-8.395	5.051
4.916	9.507	-6.476	-7.729	1.092
4.398	7.322	-6.294	-6.260	4.444
2.399	14.014	-6.540	-6.920	9.646
4.732	10.870	-6.793	-6.277	2.266
4.054	6.234	-7.634	-8.464	1.509
2.171	13.907	-5.881	-7.468	1.217
0.654	11.894	-6.768	-7.494	1.779
1.728	1.287	-9.522	-7.489	9.365
4.516	15.716	-6.508	-5.481	8.598
2.378	9.864	-6.852	-8.076	5.010
3.842	14.647	-7.144	-5.913	8.845
3.984	2.631	-6.720	-8.870	0.504
1.416	10.809	-7.064	-4.071	6.627
1.662	16.210	-6.189	-6.762	2.069
4.887	5.154	-5.462	-4.053	4.269
1.529	5.604	-6.039	-6.684	0.219
1.804	16.805	-7.358	-7.767	8.359
1.613	0.983	-4.877	-6.435	4.722
2.943	6.376	-5.009	-6.170	8.101
4.173	7.276	-6.651	-7.443	6.297
3.018	8.691	-6.396	-8.076	5.359
0.604	18.583	-6.981	-6.421	0.124
1.586	8.002	-7.532	-6.669	7.847
1.816	12.990	-9.363	-7.137	5.411
4.140	15.428	-7.675	-5.963	0.401
2.730	1.740	-5.874	-8.604	7.728
1.582	14.693	-7.887	-7.256	6.097
1.998	8.476	-7.932	-7.208	8.282
1.417	5.813	-6.856	-7.057	0.699
3.762	14.959	-5.173	-8.241	1.178
4.589	0.644	-5.837	-9.012	7.331
1.433	5.071	-6.943	-5.547	2.295
4.859	17.562	-6.962	-7.671	2.527
0.142	6.360	-7.125	-5.543	2.487
4.508	9.715	-8.089	-8.389	5.697
3.736	0.628	-7.670	-8.697	8.293
4.476	5.935	-6.395	-6.238	3.494
4.990	16.286	-6.446	-6.272	3.378
2.300	14.591	-6.068	-6.073	6.528
2.624	0.120	-7.068	-6.037	2.183
4.505	12.708	-5.375	-7.281	0.542
4.571	13.765	-6.551	-5.112	4.106
1.669	12.839	-6.230	-5.990	1.296
4.988	16.401	-6.896	-5.772	4.314
2.398	1.472	-6.815	-7.860	8.469
0.887	15.898	-6.113	-9.136	0.145
0.751	19.654	-5.756	-7.880	7.063
4.361	16.293	-7.426	-7.145	0.957
2.642	7.561	-6.021	-6.852	2.726
4.539	7.566	-7.139	-5.119	8.018
3.024	11.802	-7.911	-6.293	0.736
1.828	5.203	-7.274	-5.166	4.916
4.928	3.697	-8.110	-6.492	5.331
1.039	7.645	-8.056	-6.848	4.055
3.259	14.114	-8.197	-9.473	8.094
0.051	18.227	-7.242	-6.023	8.697
3.686	8.272	-5.653	-5.829	7.046
3.214	15.233	-5.746	-8.231	9.053
0.649	4.131	-6.880	-6.889	7.685
1.535	12.812	-5.356	-6.713	2.949
0.989	4.369	-5.599	-4.461	5.479
1.686	17.100	-5.277	-5.823	7.065
4.349	6.418	-7.958	-6.920	0.676
0.433	19.722	-7.710	-6.942	4.748
3.742	3.459	-7.507	-7.325	3.139
0.615	13.502	-7.443	-8.588	3.240
4.281	17.748	-8.496	-6.266	7.491
4.886	7.310	-5.732	-6.386	1.824
3.780	16.660	-7.351	-6.956	5.756
2.648	10.618	-6.607	-7.832	0.189
2.773	8.317	-6.762	-6.802	1.128
1.641	14.998	-6.261	-7.603	9.069
1.587	1.187	-7.497	-7.417	7.704
2.250	16.055	-6.758	-6.859	7.930
3.649	7.516	-6.535	-7.101	6.741
3.500	7.199	-7.966	-7.651	2.930
1.799	12.142	-5.340	-5.832	4.132
0.591	3.034	-7.964	-7.129	1.815
3.992	17.420	-6.280	-5.889	3.390
2.919	2.825	-8.382	-6.636	5.864
0.217	18.540	-8.776	-6.597	4.409
0.943	18.377	-6.940	-8.048	8.874
2.187	8.106	-6.158	-6.228	5.773
2.395	5.924	-6.803	-6.802	1.190
0.715	1.445	-5.824	-5.525	1.498
0.779	4.874	-7.928	-7.220	3.920
0.143	6.364	-7.446	-7.780	9.330
3.131	6.158	-8.479	-9.680	9.594
4.088	12.840	-6.827	-8.036	8.756
2.230	7.672	-7.431	-6.204	2.463
4.247	19.750	-6.416	-8.566	1.659
1.497	16.519	-7.981	-7.689	7.282
3.069	4.398	-5.260	-7.604	1.323
4.124	15.033	-8.033	-7.202	3.467
3.952	13.088	-5.977	-7.121	8.472
1.369	12.529	-6.762	-7.623	5.461
1.844	9.136	-6.526	-6.274	7.377
2.189	14.438	-6.995	-7.805	2.973
1.210	6.489	-6.832	-6.910	2.302
0.160	9.387	-6.454	-5.837	7.180
0.190	5.362	-6.752	-5.262	8.942
1.586	3.065	-6.717	-7.441	3.583
0.685	17.509	-7.854	-7.658	3.312
1.832	10.713	-8.052	-6.466	8.847
1.861	11.186	-7.928	-6.781	2.849
4.442	17.092	-7.042	-7.202	7.456
3.933	6.052	-6.139	-6.557	9.834
3.630	5.071	-7.391	-6.261	3.037
2.979	12.145	-8.192	-8.703	5.750
3.134	12.352	-5.728	-7.335	8.022
1.084	6.079	-5.835	-7.534	2.666
2.101	3.663	-7.074	-7.396	4.300
1.224	7.037	-7.337	-8.008	2.232
3.961	14.344	-6.949	-7.305	0.592
2.283	13.684	-6.248	-6.606	2.070
4.386	2.609	-7.114	-7.103	0.036
0.120	4.231	-7.159	-6.400	5.316
2.937	17.186	-9.290	-7.943	7.639
0.098	6.400	-5.240	-7.823	0.017
0.435	12.073	-6.756	-7.804	0.564
3.253	6.951	-7.185	-7.140	2.661
0.401	7.692	-5.822	-6.002	2.026
4.274	4.119	-6.425	-7.337	5.100
3.277	5.645	-8.922	-5.576	8.053
2.960	8.971	-8.729	-7.999	0.717
0.825	18.366	-8.338	-6.017	7.118
1.817	16.619	-6.398	-5.842	1.061
0.034	16.179	-7.513	-5.495	6.840
2.620	5.512	-7.783	-7.507	5.298
1.241	4.008	-6.979	-7.300	2.911
3.463	17.181	-5.952	-8.955	7.446
4.184	1.948	-5.965	-6.966	6.206
4.854	10.102	-6.890	-5.411	1.824
0.251	17.854	-8.683	-7.553	3.656
0.089	10.130	-8.034	-8.198	2.253
2.562	12.842	-7.695	-5.686	3.056
1.651	0.089	-6.438	-7.039	0.812
4.292	18.734	-7.568	-6.232	7.895
1.197	1.818	-7.604	-8.663	2.341
2.528	14.878	-6.661	-6.595	9.430
3.689	7.365	-7.555	-6.532	5.400
3.544	12.265	-7.738	-6.032	7.155
0.283	5.723	-8.374	-5.438	8.193
3.949	19.134	-4.998	-7.126	1.716
2.462	2.851	-5.083	-8.095	0.164
4.037	0.898	-9.711	-8.248	5.471
1.089	17.727	-7.828	-6.301	3.468
3.685	12.842	-7.477	-4.809	4.357
2.724	19.006	-7.495	-5.475	5.038
4.298	3.160	-6.650	-6.427	2.218
3.863	1.451	-7.263	-7.234	7.178
1.001	12.151	-6.820	-3.699	8.210
3.273	12.437	-7.229	-7.334	6.747
1.201	8.699	-8.646	-7.377	6.443
0.158	9.207	-7.214	-6.847	3.651
4.406	18.553	-8.033	-6.076	6.952
2.170	9.174	-6.987	-5.979	9.954
3.619	1.093	-7.463	-7.129	6.371
0.414	8.429	-6.401	-7.150	5.343
4.999	12.655	-5.588	-8.480	5.488
0.714	10.149	-6.621	-7.184	1.603
0.723	10.514	-7.820	-7.583	7.788
2.556	8.802	-7.622	-4.591	0.343
4.565	19.096	-6.108	-8.525	9.787
2.046	15.014	-7.325	-7.712	8.018
3.983	3.003	-8.799	-8.224	4.934
4.487	19.227	-7.517	-8.171	8.956
0.626	12.213	-6.964	-6.494	3.100
4.995	9.663	-7.726	-7.520	2.660
2.450	9.014	-8.004	-8.693	0.687
1.449	7.878	-7.406	-6.969	4.665
0.825	17.152	-6.574	-7.437	6.077
0.002	0.976	-7.114	-7.561	1.565
2.047	9.755	-5.785	-7.425	0.644
1.103	14.872	-5.989	-6.526	0.378
1.009	6.084	-6.965	-6.342	2.054
3.779	16.192	-7.753	-7.321	3.890
1.092	18.188	-6.469	-8.648	6.114
2.154	10.735	-4.731	-6.940	1.162
1.119	14.531	-6.718	-8.605	0.539
4.937	12.543	-6.982	-9.569	7.570
3.534	15.177	-7.119	-6.018	4.925
3.408	16.782	-4.787	-7.475	7.177
0.813	9.988	-7.326	-5.694	3.794
3.070	19.266	-7.528	-6.525	8.239
1.345	19.979	-8.133	-6.590	5.432
3.132	19.060	-7.151	-6.960	2.435
1.437	16.177	-8.974	-6.213	1.345
3.145	17.868	-5.647	-8.806	1.635
3.753	8.635	-5.459	-7.130	9.975
2.746	2.218	-5.361	-7.840	8.200
2.391	15.619	-8.788	-5.735	1.096
4.053	10.763	-7.794	-8.367	6.575
0.882	2.050	-5.505	-7.078	0.800
1.492	18.414	-7.514	-6.021	3.084
0.873	18.302	-8.974	-8.027	1.780
3.471	19.581	-8.133	-8.962	9.131
1.758	2.567	-10.187	-7.092	2.217
4.628	10.195	-7.535	-5.932	4.008
0.621	4.405	-7.280	-8.110	0.243
0.919	1.186	-6.830	-6.637	9.110
4.518	12.257	-7.270	-5.821	4.250
3.408	19.956	-7.856	-8.453	0.352
0.357	16.783	-6.319	-5.157	0.967
0.153	16.482	-7.477	-6.011	8.207
4.985	1.925	-6.397	-7.635	0.854
4.025	4.799	-7.800	-7.331	9.729
3.413	18.794	-7.590	-7.954	9.832
2.765	16.756	-6.950	-8.605	4.013
3.992	3.120	-7.516	-9.302	7.358
3.597	6.571	-6.557	-7.628	9.566
4.846	5.654	-6.845	-6.865	1.689
0.152	4.057	-6.263	-6.256	3.883
2.808	3.369	-6.493	-7.415	4.234
1.562	19.621	-7.005	-7.741	4.071
0.503	11.710	-8.391	-6.391	4.077
