4.813	17.252	0.783	2.066	4.243	0.313	-0.783	9.917
1.276	2.489	-0.334	0.312	10.853	-0.733	-0.053	6.327
1.159	15.443	-1.304	-0.020	11.879	0.149	0.500	1.130
0.145	9.059	-0.086	2.082	14.958	1.609	0.257	1.021
0.307	15.780	-1.693	-0.436	0.550	-0.150	1.023	2.518
4.159	18.771	-0.681	-0.098	15.177	-0.082	0.234	9.092
3.534	1.654	-0.627	-0.827	10.280	2.548	0.236	6.777
1.249	3.942	2.354	1.586	0.741	0.314	0.730	9.978
2.566	0.039	1.487	0.627	19.407	-0.479	0.053	3.718
0.101	16.792	-0.768	-1.899	14.238	3.302	-0.206	4.353
2.144	4.659	1.351	-0.067	14.230	0.772	-2.018	9.312
1.733	17.446	-0.156	0.458	13.581	0.848	0.885	6.025
3.842	15.568	0.933	-0.170	10.229	-2.376	0.417	9.057
4.512	7.086	0.153	-0.281	11.992	-0.463	-2.794	6.978
0.180	14.147	1.121	-1.600	9.754	0.889	0.065	1.191
0.729	13.431	-0.003	-0.361	3.690	-0.139	-0.023	4.775
3.750	12.530	2.537	-0.521	19.063	0.782	-1.799	8.762
1.905	8.804	-1.176	-0.330	12.333	1.176	0.088	5.942
2.629	13.595	0.496	0.730	12.795	0.798	0.121	3.972
3.773	6.650	-0.772	0.591	15.819	-1.054	-0.520	1.946
4.780	19.033	0.613	-0.409	17.707	-1.045	0.199	8.713
2.733	5.482	-0.590	0.795	1.570	1.547	0.733	7.042
0.247	4.468	-1.330	-1.035	17.135	0.798	0.316	9.215
3.812	1.100	1.393	0.289	14.913	2.379	-0.278	9.603
3.537	2.203	1.086	0.674	14.027	1.597	-0.653	5.340
0.090	15.036	-1.657	0.239	0.390	0.209	0.614	9.505
0.125	10.468	-2.644	-2.024	3.224	-1.422	-1.837	5.893
1.064	10.251	0.323	-0.668	14.755	-0.369	2.010	7.098
2.247	17.346	-0.833	-0.595	7.345	0.151	-0.304	0.571
0.973	0.456	0.264	0.044	6.230	-1.867	0.834	0.134
1.224	6.437	0.754	-0.132	5.489	0.478	0.338	7.640
0.319	9.952	-0.921	0.769	2.363	-1.099	0.182	4.298
1.231	13.997	0.915	0.300	19.848	1.083	-1.427	6.277
1.357	16.620	-0.340	-1.479	5.830	-0.506	-0.387	2.428
0.760	16.408	0.371	-0.568	1.050	-1.827	1.512	8.374
4.597	8.907	-0.539	-2.558	0.214	-0.643	-0.159	4.442
0.729	14.280	-0.543	0.491	1.253	-1.389	1.498	0.809
3.726	11.744	-0.471	0.240	16.634	0.342	-0.239	7.121
4.204	18.465	-1.562	-0.125	19.831	0.282	1.538	7.027
4.912	12.803	1.120	1.198	17.063	-0.392	-1.176	4.657
4.048	6.733	-0.532	-0.271	5.116	-2.875	0.919	8.474
3.707	15.848	2.263	-0.694	9.293	-0.198	0.172	8.427
3.643	5.325	0.784	0.040	14.671	1.386	1.555	4.640
3.180	19.432	0.939	-1.523	2.994	0.855	0.779	7.896
1.131	4.752	-0.553	1.221	16.896	0.266	0.417	5.442
0.251	4.520	0.655	0.160	11.089	2.506	-0.550	7.035
1.642	14.950	0.376	0.253	1.306	-1.183	-0.457	2.650
0.099	12.788	1.102	0.750	8.945	0.025	-1.036	0.859
4.583	15.574	0.105	-1.307	9.302	0.271	0.133	2.110
4.156	16.491	0.445	0.183	4.375	0.944	1.170	0.306
2.861	4.275	1.808	0.361	9.019	-0.248	0.904	3.279
2.064	0.222	0.958	-1.174	12.073	-0.456	-1.975	1.556
2.126	13.892	-0.232	0.280	12.581	-0.080	-0.106	9.516
3.344	2.100	1.179	-0.636	0.271	1.319	-0.548	6.428
3.501	11.410	0.918	2.271	14.331	1.531	-0.070	3.227
4.247	3.785	-0.152	-0.843	7.243	1.231	0.401	2.504
4.676	2.207	1.147	0.197	5.589	0.474	1.186	9.553
2.577	4.634	0.164	1.092	3.557	0.452	-0.381	9.734
2.129	17.673	-1.537	0.642	19.685	0.966	0.863	4.226
4.701	14.530	0.616	0.397	7.998	0.813	-0.158	9.799
2.766	8.677	1.027	1.647	17.186	0.599	0.275	5.500
0.712	6.636	-0.416	0.827	1.467	-0.132	-0.151	4.807
4.666	7.509	-1.025	-0.348	17.142	-1.630	0.253	4.861
2.335	12.393	-1.270	-1.783	7.026	0.530	-0.961	1.375
1.833	4.565	0.012	0.688	2.244	-1.888	0.465	1.278
0.727	4.741	-0.808	0.322	12.236	-1.961	-2.376	9.863
1.014	7.416	-1.826	1.922	4.543	1.126	0.126	7.582
1.817	14.726	-0.041	-0.318	15.272	-0.710	-1.173	2.890
3.042	5.860	0.635	-0.052	8.565	0.254	0.437	8.633
4.857	12.467	1.117	-1.052	5.420	1.938	1.143	8.302
3.894	19.145	-3.167	-1.610	19.935	-0.544	-2.560	6.181
1.811	17.495	0.985	0.303	2.924	-0.433	0.162	7.260
0.098	10.753	0.388	1.199	12.016	-1.142	-0.877	3.626
2.171	12.292	0.443	-0.681	16.558	-2.355	0.575	2.412
4.989	19.436	0.795	1.194	13.293	-0.586	1.253	4.558
3.944	11.598	-0.169	-2.255	17.422	-1.489	0.238	9.711
4.290	18.649	-1.354	-0.926	14.998	-0.816	-0.347	0.053
3.754	4.337	0.073	0.498	19.312	0.082	0.456	4.394
0.258	2.206	0.317	1.675	7.576	-0.565	1.931	1.137
1.613	11.635	1.722	-0.509	5.710	-0.619	0.894	0.736
2.311	8.637	-0.023	0.531	7.634	0.292	0.442	9.314
4.598	5.097	0.329	-0.408	13.717	0.770	0.632	4.650
4.678	12.683	-0.942	1.293	18.204	-1.947	0.112	4.634
3.184	18.636	1.987	0.497	18.880	0.871	-0.256	2.692
4.406	12.438	0.791	-0.897	0.857	1.347	0.000	0.113
0.512	12.584	-1.374	-1.861	7.730	0.174	0.674	4.997
0.891	2.388	0.526	0.537	10.465	0.868	0.620	6.999
0.070	8.546	1.069	-2.423	12.114	0.414	-2.053	0.034
2.490	10.138	0.220	-0.280	6.289	-0.706	0.497	7.270
3.935	17.343	0.114	1.917	5.017	-0.308	-0.551	3.653
0.438	12.228	-1.217	0.583	9.786	-0.508	-1.770	6.526
1.946	12.048	1.009	0.160	9.337	0.739	-2.127	7.100
0.058	8.815	0.638	-1.029	4.787	-0.098	-0.088	9.093
1.799	5.940	-0.132	1.380	0.690	1.571	0.451	4.577
2.384	16.461	-1.079	-0.661	16.665	0.218	-1.749	4.506
4.219	17.384	-1.340	0.229	1.513	1.401	-0.813	1.368
0.288	12.638	0.347	-0.122	1.266	-1.032	-0.091	2.987
3.924	10.086	0.717	-1.427	2.956	1.369	-0.884	7.366
3.482	5.114	1.371	1.427	19.172	2.069	0.487	1.423
0.813	12.601	-0.595	0.881	1.395	1.048	0.101	2.529
4.690	11.947	-0.558	-1.330	1.019	-1.261	-0.350	5.648
4.448	19.365	-1.975	-0.240	5.103	0.711	-1.575	2.353
0.831	2.822	0.266	-0.783	17.604	1.925	1.389	4.860
2.250	19.424	1.303	0.281	16.376	-1.066	-0.539	4.382
2.750	13.957	-0.566	-1.016	9.761	-0.179	-0.876	9.008
1.304	15.323	0.013	-1.353	14.841	-1.302	-0.575	2.023
3.168	9.456	0.042	-0.131	2.747	-1.991	0.388	4.288
4.918	16.155	-0.940	-0.088	6.684	4.060	-0.154	0.948
4.132	8.286	0.164	-0.439	7.856	0.666	1.533	1.583
4.846	15.758	0.612	0.070	12.397	-0.197	-1.319	5.921
4.435	12.315	0.511	0.063	2.471	-0.131	2.298	4.049
0.062	19.970	-1.054	0.161	15.767	1.377	-0.968	3.833
3.248	0.786	-1.636	-1.251	3.960	-0.771	0.211	6.958
4.741	8.044	-0.627	0.376	7.107	1.001	-0.495	8.572
1.794	8.996	-0.913	-1.122	17.090	0.153	-0.308	3.498
0.418	4.209	0.481	0.293	5.960	0.104	2.184	5.807
4.869	14.473	-0.206	-0.184	13.569	0.395	0.530	6.293
0.419	17.570	-0.767	-0.028	17.414	0.311	0.505	6.924
4.227	16.876	0.107	-1.031	7.924	0.825	-1.008	8.116
4.892	6.763	0.868	-0.879	16.601	0.067	-0.518	9.219
3.021	6.368	-0.057	1.312	1.999	-1.113	-0.981	1.876
3.607	8.880	0.867	-1.832	9.300	1.346	0.501	2.802
0.875	3.535	0.582	-1.619	15.073	-0.703	1.425	1.600
0.822	17.388	0.820	0.613	7.798	-1.411	-1.350	5.532
0.894	17.331	-0.308	2.031	14.244	0.019	-0.787	7.054
2.899	15.311	0.644	1.134	17.856	1.211	-0.025	3.677
2.435	4.152	0.383	0.450	13.510	1.681	-0.833	6.394
3.438	18.461	-0.073	1.793	5.115	-0.639	0.695	7.960
3.035	16.792	-1.917	0.457	5.943	-0.139	-1.293	7.137
0.393	11.944	0.262	1.468	15.577	0.379	2.068	0.867
1.100	18.600	-1.380	-0.089	10.103	-0.573	0.720	1.467
0.829	6.329	0.191	0.476	12.337	0.840	0.794	1.830
2.797	19.418	0.766	-0.908	18.474	-1.488	-0.339	8.459
1.016	19.640	-1.827	-0.511	17.774	1.830	0.404	2.578
0.301	8.117	-1.541	1.999	3.387	0.850	1.178	7.019
4.026	3.096	0.742	-1.081	5.781	0.303	-1.021	1.211
3.397	5.005	-0.450	2.015	3.373	-1.803	-0.416	0.477
3.650	1.373	0.214	-1.592	11.391	-0.198	0.976	8.076
4.690	6.454	-0.189	-0.763	5.972	-1.233	-0.340	2.969
1.394	3.057	-0.027	-0.200	19.055	-0.235	1.542	9.660
4.690	19.860	-0.336	0.327	1.150	-1.016	0.890	8.775
0.464	14.778	-1.431	-0.690	12.627	-0.219	0.120	9.193
1.808	12.592	1.467	-0.866	15.766	-2.911	1.915	5.330
4.739	9.111	0.594	1.282	3.839	0.588	-0.385	3.585
2.666	3.255	-0.056	-1.159	7.376	1.212	0.157	8.014
0.039	8.797	1.091	1.443	5.002	2.407	-0.575	5.992
4.999	4.517	-0.127	-0.192	17.893	1.347	2.144	6.377
2.604	11.231	-0.172	-0.960	9.480	-1.289	0.029	2.174
1.084	6.596	1.477	1.568	4.395	0.032	0.681	6.953
2.262	19.737	-0.719	0.118	10.801	0.564	-0.163	9.204
1.195	1.271	-0.542	0.669	4.839	-0.906	-0.946	6.925
1.040	11.166	0.603	0.546	1.036	0.195	1.204	4.105
3.410	18.440	-0.320	-0.898	7.789	-0.037	0.135	9.463
0.324	19.379	-0.096	0.852	0.695	-1.318	1.583	0.643
2.735	3.393	0.681	1.094	12.780	-0.643	-1.631	7.319
1.005	0.546	1.823	-0.577	1.061	-0.629	0.867	9.997
0.136	19.481	-1.164	1.138	11.173	1.414	0.016	2.321
2.409	5.010	-0.121	1.495	14.585	0.604	-0.658	6.721
0.784	10.683	1.784	1.554	11.328	-1.296	-0.492	1.122
0.213	0.830	0.327	-0.081	6.413	0.656	0.702	7.976
3.107	12.600	0.368	1.176	13.793	1.307	-0.255	3.841
2.665	17.386	-0.448	-0.130	4.926	0.985	0.766	5.118
1.217	9.808	-0.817	0.461	5.833	0.394	0.671	8.011
4.482	1.002	-0.532	-1.601	7.839	-0.484	-1.098	9.680
0.511	9.769	-1.206	-1.421	4.714	2.398	-0.206	3.255
1.147	9.473	-0.582	1.549	18.110	-1.265	-0.462	5.907
1.514	13.144	-0.659	1.657	17.406	-0.780	-1.288	0.109
1.344	2.758	0.081	-0.015	1.898	-0.284	-0.931	6.334
2.357	19.396	-0.188	0.558	17.521	1.866	0.428	0.374
2.297	1.337	-0.905	0.507	14.355	0.050	0.137	4.090
2.824	12.064	-2.485	0.218	1.045	0.757	1.084	9.576
0.241	8.275	-1.132	-0.259	10.009	-0.076	0.763	1.152
2.805	9.514	-0.763	-0.051	7.513	-1.939	-0.221	8.376
3.507	19.817	-0.900	-0.136	18.602	-0.080	0.189	4.285
3.767	12.394	-0.386	-1.498	1.630	0.227	-0.076	0.309
1.574	3.068	1.361	0.600	14.594	0.258	0.527	1.463
2.697	14.182	0.611	-0.239	12.277	1.015	-0.048	7.408
4.104	3.036	-0.990	0.319	12.251	-1.604	0.964	1.075
4.844	15.426	0.182	1.109	2.833	0.613	0.680	6.711
1.075	9.175	2.039	-0.508	6.989	-1.182	-0.699	7.939
2.789	4.964	-1.233	-1.158	13.956	0.107	0.920	7.817
1.658	4.749	-1.162	1.427	13.150	-0.164	1.668	0.477
2.954	13.765	1.062	2.299	1.813	-0.152	0.561	9.897
0.480	15.023	-0.181	-1.185	15.066	1.195	0.598	2.258
0.020	8.162	0.064	-0.422	10.883	-0.676	-0.734	9.871
0.550	12.212	0.199	-2.079	14.818	-1.152	-0.747	6.328
2.201	4.546	-0.446	-0.236	18.553	-0.563	-1.201	6.383
0.841	0.752	-0.680	2.261	7.599	0.741	0.242	3.861
3.938	17.548	0.925	0.695	4.930	-0.194	0.906	6.779
3.779	2.695	-0.590	-1.347	2.121	-1.649	1.043	8.050
2.836	14.525	1.098	-0.170	15.089	1.767	-0.272	6.954
2.049	10.978	-0.853	-0.542	7.075	-1.979	0.528	2.222
1.983	17.076	0.332	0.399	15.585	0.371	1.591	4.536
3.126	2.771	-0.874	0.301	6.156	-0.642	1.124	5.390
0.877	17.272	-0.955	0.450	18.766	0.334	0.405	0.610
2.874	6.147	0.361	-1.809	16.052	0.909	-0.047	7.442
4.144	11.813	1.088	0.715	0.005	-0.992	1.232	6.468
3.131	19.668	0.683	-0.613	11.626	-1.264	-1.299	3.335
0.605	2.891	0.469	2.577	11.872	1.588	-0.536	2.282
3.292	17.268	0.028	1.096	15.191	-0.554	-0.691	7.621
2.935	3.709	1.392	0.062	14.876	-0.291	0.235	0.379
3.672	11.102	-1.265	0.156	11.869	0.121	0.042	7.977
4.570	5.391	-1.806	1.102	6.590	0.660	0.113	9.268
0.027	0.353	0.466	-2.115	14.890	-1.292	0.538	1.967
4.786	2.457	-0.152	0.004	1.608	0.612	-1.602	9.464
1.402	6.753	-0.857	-0.462	18.465	-0.901	-0.772	8.492
2.070	11.266	1.115	0.653	7.109	0.281	-0.805	9.502
4.755	18.066	-1.445	2.339	10.631	-0.108	0.440	8.811
4.584	0.703	0.297	2.026	3.332	0.426	0.585	2.807
4.524	8.169	-0.912	0.108	12.824	-0.818	-0.369	4.154
2.185	19.931	-0.534	1.452	11.510	0.408	0.397	8.386
4.493	16.624	0.035	0.813	18.856	0.997	-0.545	7.010
0.803	2.528	-0.812	-1.067	9.320	0.263	-0.499	6.765
4.427	19.387	-0.254	-0.685	10.699	0.668	2.086	5.987
2.174	0.601	0.190	0.623	14.509	0.282	-0.388	9.894
2.231	6.331	-0.457	-2.034	16.144	-0.176	0.543	2.478
2.658	7.746	-0.583	0.116	10.018	0.508	-1.396	5.078
0.725	3.696	-2.884	-0.358	17.448	-0.529	1.488	7.570
4.436	19.189	-1.004	0.232	3.215	-0.556	0.517	1.543
2.718	2.236	-0.380	-1.985	4.690	0.337	-0.414	6.102
2.710	19.922	1.847	-0.176	6.076	-0.945	0.909	1.382
2.162	17.228	-1.536	-0.030	7.000	2.003	-1.397	7.707
0.618	0.520	0.895	0.170	2.512	0.168	-1.891	8.273
4.334	19.166	-0.808	-0.811	9.594	-1.249	-0.599	2.235
0.721	19.791	0.326	0.712	15.837	1.291	0.166	6.339
4.491	5.175	-0.416	1.338	14.249	-1.504	-2.142	0.483
3.415	12.890	-1.237	-0.782	8.212	0.072	-0.219	0.409
1.099	5.945	-0.917	-0.112	1.106	-1.256	1.880	7.328
2.940	14.024	2.332	1.857	19.224	1.626	1.068	8.100
3.830	4.399	-0.869	0.920	7.643	-0.634	-1.064	0.684
3.884	18.495	-1.605	0.579	16.974	1.827	-0.939	9.687
3.515	14.318	-1.212	1.065	13.836	-0.036	1.193	6.650
2.338	12.259	1.966	0.071	11.274	1.172	-1.055	0.549
4.751	11.599	-0.525	-0.846	4.356	-0.943	-0.313	1.699
0.898	2.936	0.998	-0.564	13.384	0.605	1.000	7.265
2.982	4.487	-0.818	0.915	17.359	0.456	0.665	8.679
1.176	18.890	-0.705	1.197	19.716	0.634	-1.770	4.005
0.287	11.510	-1.991	1.007	16.447	-0.924	1.371	8.521
3.075	14.121	0.943	0.944	18.780	1.484	-0.087	5.079
4.166	6.876	1.081	1.259	14.002	0.008	0.047	8.786
1.094	0.384	-0.188	-1.639	19.740	1.675	-0.063	3.701
3.327	10.163	-0.652	-0.923	9.528	-0.589	-0.296	8.019
1.603	0.323	0.227	0.729	15.953	0.439	0.545	2.475
1.623	13.872	-0.244	1.150	6.663	0.414	-0.207	3.232
2.639	0.283	-1.035	0.531	5.511	0.536	-0.662	5.198
3.656	14.911	-0.752	0.357	1.077	-0.097	0.203	5.094
4.705	0.393	-2.324	-0.773	15.355	-0.773	-0.655	1.978
4.548	11.224	-0.321	0.953	11.956	-0.164	0.756	9.887
1.803	5.511	-0.298	-0.229	19.265	0.529	-1.391	1.594
0.297	6.164	-0.677	-0.213	11.185	0.610	-0.552	1.161
4.575	19.535	-0.966	-0.487	0.705	2.442	-0.028	4.175
4.282	3.995	1.564	-1.063	8.774	-1.062	0.732	4.126
2.417	15.282	-1.300	0.030	3.537	1.037	-0.990	9.175
0.427	9.260	1.572	-0.760	10.794	-0.326	1.366	2.462
3.480	12.438	0.947	-0.194	9.733	0.690	-1.851	6.331
1.566	1.531	0.102	0.126	3.640	2.587	-1.231	0.622
0.709	12.543	0.712	-0.186	12.520	0.294	-0.780	1.686
4.885	17.657	-1.165	0.290	7.041	1.202	0.029	5.975
1.170	6.039	-0.114	0.179	0.578	0.967	-0.788	1.770
2.970	11.650	-1.600	-0.393	9.261	-1.313	0.612	1.871
1.453	3.193	0.291	-1.392	12.848	-0.076	-1.066	8.793
4.405	9.760	-1.052	-0.755	15.104	-0.243	0.343	6.449
2.227	16.270	0.188	-0.153	15.436	-1.805	-0.174	3.176
2.488	9.631	-1.021	-0.548	19.433	0.250	0.574	9.462
3.858	1.580	-0.956	-0.516	15.437	0.773	-0.865	6.477
2.529	6.401	0.121	1.908	16.938	0.399	0.635	4.248
0.895	1.653	0.824	-1.803	7.934	-0.813	1.218	5.792
4.686	12.749	0.193	-0.588	3.909	0.663	0.525	2.181
0.769	2.061	-0.337	2.001	11.794	0.877	-0.803	5.470
4.905	18.113	0.915	1.206	11.467	-1.787	1.611	0.268
3.145	13.602	-0.402	-0.477	8.091	2.255	-0.538	9.871
3.976	4.021	-0.800	-1.999	6.799	-0.712	1.296	5.761
0.159	19.448	0.608	1.041	2.255	1.315	-0.300	8.443
4.869	1.316	1.647	-0.299	18.485	-0.498	-0.325	9.621
3.608	19.106	0.583	-0.880	10.916	0.385	-0.182	1.743
0.064	12.754	-0.790	0.836	17.654	0.790	-0.223	5.450
4.473	2.355	0.589	-0.462	16.022	-0.253	-1.650	1.217
2.592	0.565	-0.866	0.848	14.007	-0.834	-1.045	9.993
0.258	16.220	0.657	0.126	12.247	0.348	0.916	3.396
0.176	9.817	1.290	1.355	4.326	0.473	-0.511	6.773
2.319	14.762	-0.165	0.649	0.768	0.089	-0.305	4.859
3.616	13.137	-0.479	1.105	6.674	-1.395	0.219	9.574
3.684	19.455	0.724	-1.726	0.559	-1.540	0.335	8.113
4.119	3.325	-1.363	-0.453	18.117	1.086	-0.561	5.922
1.383	8.913	0.441	-1.049	3.491	0.038	0.904	9.903
0.846	4.056	1.256	-1.332	5.090	1.316	-1.503	7.580
2.655	18.971	0.250	2.397	11.338	1.162	-0.355	5.745
2.684	15.373	-0.586	-0.497	4.309	0.587	0.833	8.971
0.474	2.743	-0.840	-0.394	2.058	-0.061	-0.487	5.250
0.983	16.298	0.186	0.393	13.701	-0.132	-0.088	6.910
1.120	14.680	1.989	0.016	1.393	0.021	-0.435	8.763
4.608	11.250	1.215	-0.428	8.459	1.323	-0.466	1.281
3.681	0.093	-0.075	0.041	11.444	-1.080	2.023	3.192
4.854	6.256	-1.108	-0.829	16.968	-0.530	-0.963	2.306
2.656	13.232	1.250	-1.120	14.318	-0.566	-0.337	8.132
1.046	4.039	0.957	-1.091	8.643	-0.609	1.150	7.511
2.996	6.726	-0.317	1.176	15.892	1.732	1.180	4.352
3.129	14.655	-1.020	0.536	19.295	0.413	-0.868	4.345
4.539	2.669	0.359	-1.069	5.455	1.388	1.759	2.079
1.851	19.302	-0.541	-0.221	12.828	0.352	0.262	7.004
0.264	4.765	0.142	-2.566	9.223	1.220	-0.849	9.306
0.054	12.592	0.246	-0.101	6.857	1.092	-0.084	7.517
4.959	15.334	0.499	0.134	3.914	-1.526	-0.451	8.699
2.526	8.433	-0.022	0.487	2.415	-0.357	-0.937	0.449
3.190	5.130	-0.239	1.407	6.174	0.825	1.245	3.205
3.035	15.451	-0.392	0.103	7.288	0.217	-0.860	8.662
0.638	0.256	0.055	-0.513	7.623	-0.784	-0.228	2.621
2.613	13.675	1.035	0.939	7.591	-0.396	-1.861	7.872
4.990	19.334	1.285	-0.169	15.481	-0.465	-0.534	2.867
2.168	14.382	2.554	-0.532	16.925	1.049	-1.494	8.294
2.447	0.288	-0.940	-0.141	19.668	-0.582	-1.144	3.754
4.396	15.508	-0.120	-0.529	10.148	-2.481	0.385	2.256
4.591	11.529	-0.681	-0.952	8.315	1.348	-1.948	6.793
1.822	6.720	-0.873	0.276	4.976	-2.174	0.231	1.864
0.085	1.250	-0.481	0.540	18.770	0.073	-0.983	2.019
1.851	13.335	0.470	-0.948	16.526	-0.295	-0.114	7.764
0.268	7.966	0.781	-0.295	7.389	0.236	0.395	2.177
4.357	2.217	0.243	0.230	0.245	1.296	0.642	3.951
3.626	16.157	1.091	0.461	12.852	-1.145	-0.791	9.591
0.940	16.414	0.111	0.319	6.702	-0.099	-0.494	3.113
1.314	14.948	-0.496	1.268	7.970	0.322	-0.222	9.921
0.538	9.447	0.586	2.098	14.985	-0.378	0.075	3.769
1.047	11.093	0.267	-0.487	14.339	0.842	1.218	9.576
1.120	3.535	0.486	-0.131	1.262	0.306	-1.888	1.120
4.455	2.696	-0.929	0.893	5.817	0.681	0.581	0.996
4.661	9.471	0.336	-0.319	15.377	0.229	0.267	7.092
2.049	1.054	-0.175	0.565	3.205	-0.127	-0.520	0.733
0.739	16.910	1.940	1.453	14.837	0.123	-0.753	9.231
2.361	17.759	0.514	2.249	9.545	-0.754	-0.418	1.657
3.644	10.570	-0.186	0.449	11.870	0.109	0.575	1.076
2.279	9.852	-0.827	-0.140	5.561	-0.529	-0.661	8.815
3.937	8.742	0.360	0.771	13.635	0.549	0.532	9.499
1.666	3.113	1.478	0.565	17.943	-0.225	-0.310	0.086
1.994	3.220	-0.488	1.607	2.291	-1.793	-0.761	2.098
4.391	8.107	0.036	0.416	2.284	-1.126	0.716	5.134
2.942	16.404	-3.221	-1.031	2.210	-0.655	0.901	4.053
4.748	18.776	-1.258	-0.340	0.311	0.242	-1.113	6.371
1.992	18.171	-0.142	0.448	4.185	-0.411	0.233	9.235
4.433	1.824	1.287	-0.662	2.634	0.393	-1.151	6.293
2.043	3.979	0.163	-1.287	12.397	1.388	-0.191	9.345
0.131	6.526	0.847	-1.748	17.802	-0.366	-1.316	1.604
4.766	0.595	0.385	0.075	6.336	0.910	-0.181	1.093
2.113	14.739	-0.540	0.483	16.392	-0.943	0.128	7.481
0.478	3.206	0.314	0.217	20.000	-0.727	-0.098	2.247
1.624	18.342	-0.522	1.314	11.630	-0.967	0.121	9.276
4.451	7.417	0.738	0.051	12.832	0.232	0.960	9.912
0.431	18.134	-1.653	-0.918	17.507	1.840	0.235	8.674
4.054	5.271	-1.738	0.375	11.342	1.174	1.676	1.683
2.863	10.190	0.931	-0.920	6.110	1.246	1.032	3.171
1.245	9.460	-0.688	-0.562	6.217	0.298	-0.620	7.118
0.503	11.973	1.404	1.666	10.499	-0.374	-1.300	5.644
1.450	0.757	2.024	0.643	11.945	-0.398	-1.875	7.639
4.468	15.950	0.055	-0.561	17.809	-0.525	1.962	0.253
3.941	12.048	-0.733	-2.174	5.048	0.213	0.055	9.772
0.673	2.901	1.698	1.383	13.778	-1.150	1.013	9.537
0.365	4.231	0.481	-0.013	3.843	-1.625	0.618	2.767
0.780	16.349	0.052	-2.180	8.431	1.455	1.008	3.936
2.067	2.190	0.069	-0.264	13.501	-0.797	-1.735	6.453
0.867	13.929	-1.613	2.121	2.879	1.268	0.146	0.803
3.879	9.667	1.888	1.140	8.554	1.792	-0.055	9.404
2.837	5.544	-0.149	-0.647	10.595	-1.830	-1.255	6.301
4.610	14.527	-1.464	-0.009	14.698	-0.074	1.634	9.892
0.425	4.414	0.126	0.289	19.008	-0.131	0.109	0.119
2.711	16.633	0.081	0.429	0.919	-0.662	-1.040	8.527
0.296	16.199	-0.405	0.840	5.638	-0.532	-0.109	1.943
0.674	18.516	1.887	0.983	17.531	-0.462	0.229	8.602
2.042	19.458	1.752	0.558	7.563	-1.230	0.377	5.458
4.816	1.913	0.063	-2.446	9.644	0.978	-0.045	3.115
3.588	9.830	-0.142	-0.595	5.092	-0.841	-0.755	5.142
0.336	17.454	-1.311	-0.733	14.194	0.825	-1.582	6.655
4.893	8.357	-1.038	1.229	17.714	0.207	0.626	5.071
1.876	10.074	-0.583	-2.515	15.952	-0.919	-0.586	6.467
0.523	6.499	-1.075	1.921	5.734	-1.202	0.708	4.399
0.773	18.339	0.767	2.177	10.608	2.819	-0.218	9.186
0.558	5.969	-2.642	-0.365	18.711	0.525	0.221	4.074
0.880	12.956	0.526	0.900	15.354	-0.220	1.334	5.924
2.095	5.269	-0.572	0.351	2.182	0.151	-0.430	8.954
1.302	6.861	1.328	0.920	10.556	-0.781	0.473	4.623
3.861	7.269	-0.037	0.282	1.107	-0.378	0.005	6.144
0.036	17.233	-1.231	-0.588	8.461	0.761	0.811	8.584
1.371	1.733	1.823	0.232	10.581	0.802	-0.507	7.224
2.620	9.478	-0.482	0.146	6.645	-0.014	0.281	5.635
0.633	7.956	0.911	0.734	5.550	-0.682	0.067	5.181
2.123	18.202	-1.579	1.406	0.723	-0.555	0.498	6.378
2.253	1.767	0.827	-0.137	8.708	-0.007	0.338	5.136
0.063	1.020	-0.375	-0.723	14.093	1.609	1.167	8.099
2.202	0.150	0.308	-1.083	18.893	-1.037	-0.677	4.057
1.660	10.238	-0.466	-0.775	6.003	0.427	1.699	6.508
2.368	16.143	0.171	-0.976	8.653	-1.522	0.239	7.018
2.295	13.144	0.296	-1.853	14.387	0.737	-0.128	3.067
4.875	3.741	0.874	0.082	8.792	-1.009	0.028	1.392
1.205	13.861	-0.201	0.971	7.283	-1.345	-0.217	2.641
1.642	12.513	0.337	1.187	13.780	0.186	1.061	5.215
3.447	14.293	-0.872	0.605	0.261	-1.589	0.401	9.686
2.120	7.736	-0.323	1.972	9.720	0.671	-0.127	8.874
2.772	11.937	-0.307	0.342	7.584	1.421	1.358	6.664
3.847	4.883	0.619	-2.109	17.904	-0.072	1.827	9.294
0.338	14.979	0.256	-0.058	1.639	-0.811	0.808	9.916
0.694	11.357	1.131	-0.595	5.672	-0.320	0.887	7.182
4.330	11.631	-0.652	-0.120	14.959	0.720	0.255	7.516
2.837	8.682	-0.086	0.213	14.622	-1.126	-0.571	8.800
0.112	3.705	1.188	0.027	9.158	0.477	0.529	6.973
3.065	10.589	1.780	-0.179	15.397	0.800	0.514	2.639
1.611	5.210	-0.175	-1.113	10.196	0.288	0.754	5.155
1.508	15.332	0.169	1.081	16.337	1.431	-1.745	5.086
2.304	16.821	-0.020	-0.721	9.518	0.492	0.830	6.355
2.068	14.120	0.266	-0.306	3.283	-0.217	1.689	8.179
3.487	13.768	-3.027	-1.207	18.070	-0.369	0.694	1.356
1.833	6.919	-0.133	0.311	9.631	0.253	-0.414	1.147
1.806	7.395	-0.168	0.901	3.554	-0.518	0.205	7.450
1.138	18.098	-1.165	0.063	1.945	0.557	0.032	2.359
4.169	1.015	-0.168	0.531	9.336	-0.446	0.145	3.460
1.855	17.370	0.466	1.945	11.415	-0.452	0.960	3.986
2.648	5.680	-0.972	-0.178	11.198	0.303	0.543	1.165
3.096	13.218	0.345	-1.638	1.726	1.723	0.214	3.191
4.686	17.352	-1.380	-0.076	11.340	-0.523	-0.106	0.906
2.482	9.889	-0.596	-1.068	14.482	0.426	-0.157	9.679
4.976	15.029	0.151	0.350	14.072	-0.508	-0.149	6.556
3.429	13.009	1.295	-0.300	6.086	-1.535	0.282	3.882
4.000	12.351	-1.369	0.074	17.284	0.507	0.456	2.290
4.075	18.290	0.045	-0.878	5.398	1.573	0.012	2.593
1.610	13.934	0.359	0.023	14.207	-0.611	-1.707	2.060
2.425	13.578	1.111	1.498	15.021	0.640	-2.074	1.606
0.540	3.332	-0.922	0.780	13.184	0.973	-0.304	5.025
1.007	4.136	1.439	-0.239	18.717	-1.659	-1.638	2.115
0.443	14.672	-2.145	-0.062	10.312	0.583	0.641	4.572
3.654	17.801	-0.691	-0.169	5.302	-0.819	1.606	6.091
2.297	8.818	0.571	1.623	0.080	-0.046	0.793	7.385
1.945	0.897	-1.911	-0.412	13.276	0.853	-2.085	8.252
0.307	17.383	-0.420	-1.196	16.617	0.271	-1.738	5.295
4.678	3.709	-1.017	0.762	15.556	-1.025	0.473	5.158
1.746	14.032	-1.581	-0.500	12.950	-0.981	0.038	8.976
2.485	11.903	-2.034	-0.215	8.543	1.297	-2.064	3.716
2.981	5.769	0.119	1.420	2.346	1.680	0.160	4.924
1.143	14.366	0.174	-0.645	2.867	-1.618	0.400	9.856
3.460	15.780	2.096	1.249	1.430	0.027	-0.860	7.521
4.628	6.603	-0.717	-0.115	3.817	-0.878	-0.279	9.210
3.998	7.236	-0.892	0.646	11.380	-0.814	-0.821	6.478
3.083	15.393	0.054	-0.488	9.961	-1.019	-1.723	9.667
1.337	5.724	-1.034	-0.411	3.148	1.258	-1.615	8.550
4.881	14.147	1.002	0.869	6.673	0.730	1.931	3.231
4.806	7.036	1.145	-0.409	4.585	-0.496	0.581	4.760
2.667	13.585	0.295	1.027	16.543	-0.838	0.412	9.655
3.578	5.256	0.188	-1.558	0.882	2.259	0.874	4.840
0.477	8.137	-0.321	0.204	9.522	-0.503	-0.747	8.769
0.210	4.856	-0.324	-0.761	7.491	-0.631	0.403	5.656
1.680	13.767	0.454	0.036	18.504	-0.904	-0.336	1.082
4.328	9.710	2.259	1.160	11.131	0.611	-0.279	5.274
4.692	13.008	0.398	-0.047	6.720	0.853	1.954	3.563
0.928	11.784	-0.668	-2.019	11.581	-1.069	0.545	9.810
0.605	13.900	-0.934	-0.374	0.896	0.371	0.675	9.104
0.004	1.549	0.749	0.577	19.787	1.616	-0.920	9.321
0.859	8.163	0.182	0.104	13.936	0.844	-0.447	1.021
0.198	14.676	-0.560	-0.282	2.435	-1.811	1.666	5.483
4.693	10.395	0.721	-0.193	10.999	0.196	0.837	6.322
1.707	2.833	0.219	-2.015	2.276	-0.401	-0.470	8.866
0.292	13.947	-0.524	-0.882	5.200	0.231	0.780	1.403
3.898	10.456	-0.572	-0.285	1.781	-0.175	0.759	0.627
0.217	9.452	-0.970	-0.588	15.794	0.857	-1.253	3.361
3.528	1.031	1.104	0.336	6.178	2.481	0.027	7.951
0.363	3.832	0.354	-0.604	2.276	-0.433	0.464	9.524
2.515	19.518	0.766	-0.462	11.035	-1.620	1.873	2.248
4.013	3.445	0.006	0.611	2.315	-0.124	0.393	0.077
4.990	19.349	-0.036	1.701	5.729	1.110	-0.070	9.384
2.611	13.938	1.565	-0.193	11.536	-2.160	2.600	1.385
2.861	10.398	-0.160	0.115	0.005	-2.523	0.618	6.251
4.254	11.163	-0.903	1.043	0.909	-0.556	0.090	8.081
2.200	17.018	-1.266	-2.456	16.722	0.653	-0.402	0.249
3.101	17.129	-0.458	0.599	4.334	-1.465	-0.270	4.292
2.131	9.843	1.032	0.660	2.567	-0.137	1.968	1.453
2.590	16.457	-0.713	0.155	7.366	-1.381	0.119	7.985
4.345	3.299	0.083	-1.240	9.895	0.787	1.258	2.108
3.966	16.832	-0.487	0.240	19.715	-1.483	-0.272	3.307
3.167	11.828	0.287	1.409	10.625	1.303	0.108	4.538
2.191	0.485	0.024	-1.093	5.979	0.350	0.825	1.087
4.452	0.007	-0.580	0.745	0.064	0.122	1.356	5.619
3.072	13.814	0.013	-1.254	18.985	0.301	-0.537	4.139
0.961	17.439	-0.764	0.150	12.663	-0.959	-0.874	6.010
3.334	16.544	-0.475	0.517	0.111	-0.530	2.293	7.351
1.820	17.392	-0.116	0.638	13.459	-0.956	0.545	8.001
4.907	2.896	0.343	0.930	5.438	1.292	-0.954	0.330
2.717	15.221	-0.553	-1.925	10.140	-0.380	-0.925	1.068
4.258	7.655	1.453	1.278	13.800	0.286	-1.338	0.197
0.297	3.572	0.955	-0.047	2.608	-1.126	-0.984	5.703
0.400	3.674	0.693	0.133	9.435	0.400	-0.253	5.156
0.851	13.510	-0.260	-0.683	0.369	-0.437	1.525	8.041
1.774	4.503	-0.418	1.194	14.337	1.004	-0.630	7.674
0.568	6.197	0.650	1.672	18.871	1.015	0.969	6.527
2.652	14.009	1.510	-0.681	14.265	-1.102	2.294	1.475
0.814	10.057	-0.571	-0.364	0.635	-0.008	0.337	4.191
0.748	12.982	-0.086	-0.004	1.220	-0.113	-0.238	4.502
1.624	15.470	-0.270	-0.236	13.665	0.581	0.226	4.219
1.535	10.567	-0.459	1.154	10.313	1.313	-0.709	8.444
4.767	11.864	0.799	0.523	0.533	0.036	-0.814	5.417
4.861	1.045	-0.886	-0.198	12.092	-0.141	0.756	3.079
4.012	16.518	1.241	-1.081	3.612	-0.614	1.455	7.995
3.674	16.446	-0.315	1.511	14.676	1.281	0.481	6.012
4.593	19.784	0.626	-1.146	5.005	-1.577	0.210	0.435
0.163	14.036	0.237	0.717	19.755	-1.949	-0.545	2.310
1.752	5.200	-0.272	-0.467	1.438	-1.814	-1.651	7.705
4.069	4.725	3.432	1.736	12.261	5.852	2.917	0.473
5.680	5.693	4.554	1.911	17.049	4.073	5.467	7.334
5.975	5.723	0.401	4.368	8.888	2.698	7.290	1.077
5.568	4.256	0.442	16.448	9.553	5.972	5.048	2.938
6.256	4.773	4.520	6.637	9.538	6.046	4.135	3.311
5.324	5.443	4.485	16.183	0.345	4.822	5.631	0.165
5.230	6.076	3.445	11.576	13.743	5.826	6.572	2.758
5.286	3.763	2.897	16.544	6.301	4.654	6.090	1.357
5.252	5.536	3.516	16.129	4.245	5.555	6.064	4.076
6.667	4.272	2.476	15.993	4.898	4.831	5.498	9.057
3.744	4.231	0.470	4.067	18.566	4.159	4.084	8.601
4.903	5.383	4.935	1.240	12.035	4.426	4.236	5.925
4.199	5.381	3.061	2.677	8.175	4.988	4.391	3.895
3.716	3.814	2.896	3.419	0.471	5.294	4.348	4.127
6.306	5.990	4.933	11.974	5.479	5.733	3.770	9.606
5.688	4.608	0.499	1.711	0.943	4.615	4.096	2.210
4.461	6.762	1.403	0.214	14.170	3.946	4.704	4.334
4.801	4.948	1.295	12.345	9.097	4.520	5.077	2.577
5.507	4.732	1.257	10.782	5.777	3.336	6.070	3.171
5.020	5.373	2.554	8.047	8.279	4.773	5.290	7.823
4.428	4.013	3.534	2.842	10.611	5.494	3.072	9.406
3.656	5.378	3.730	8.031	15.024	4.537	3.535	1.547
3.370	5.313	0.137	17.291	3.571	5.816	6.542	1.065
5.567	4.946	2.097	0.323	3.184	4.893	4.360	8.108
5.804	7.804	2.467	3.185	5.825	6.420	4.784	8.043
5.073	5.992	3.259	10.628	13.769	5.859	5.316	5.052
7.802	3.267	2.710	2.121	0.966	3.555	4.552	9.116
5.204	5.495	0.598	3.931	6.927	3.187	6.236	9.708
3.684	5.281	0.552	13.252	5.950	5.978	4.565	6.269
4.591	4.559	2.495	4.532	8.128	4.760	4.676	4.692
3.784	6.460	3.412	12.942	9.191	4.607	5.452	9.255
5.091	5.383	0.280	11.671	12.120	5.711	6.399	9.922
5.524	5.559	0.699	13.332	19.630	3.488	3.596	4.369
5.766	4.650	0.327	13.611	16.710	6.271	5.741	8.338
5.385	4.904	0.226	18.293	13.333	7.248	4.881	6.053
4.603	4.595	2.047	1.659	1.663	5.210	4.145	3.479
5.295	4.336	2.078	17.947	2.593	5.112	5.442	8.526
4.170	2.993	3.170	12.670	17.563	4.501	4.028	8.529
4.814	3.767	0.090	4.612	0.970	5.860	4.762	3.038
6.742	4.476	1.672	17.443	7.781	5.129	5.024	1.259
5.734	4.746	4.382	14.763	8.035	5.028	6.176	0.767
5.038	5.168	1.382	10.623	9.265	5.651	4.192	2.137
6.083	6.859	2.853	9.238	1.640	5.620	5.242	4.499
4.888	4.802	3.399	11.931	2.094	7.123	6.414	2.815
4.672	4.184	4.281	3.375	3.332	6.485	5.391	4.451
3.469	5.619	1.647	2.457	4.779	4.454	3.313	4.724
5.111	5.498	4.656	6.874	10.219	3.969	4.909	0.610
3.505	4.988	0.784	4.954	15.621	4.548	4.914	7.614
4.765	3.471	3.253	15.192	8.513	5.315	5.781	0.443
5.818	4.995	1.739	16.376	12.776	4.364	4.696	4.532
3.442	5.420	0.784	18.011	10.169	2.863	4.678	7.042
3.865	5.150	2.256	9.696	15.149	4.312	5.847	0.783
5.427	4.075	1.027	5.224	17.272	4.841	5.514	0.304
3.835	6.972	2.262	6.334	5.781	7.235	6.444	2.465
4.305	4.797	0.255	1.071	0.614	4.981	3.333	0.314
3.292	6.521	2.045	19.667	11.706	6.585	6.027	8.007
4.130	4.933	1.220	16.839	4.677	4.879	4.762	3.754
4.619	5.188	0.397	12.834	13.898	3.559	4.250	3.641
5.846	4.568	4.760	5.870	11.118	4.567	4.428	7.760
7.726	6.093	4.848	10.168	4.903	5.307	4.862	8.788
5.154	5.975	0.979	5.823	15.508	6.100	6.824	4.725
5.288	5.163	1.571	2.070	18.875	2.644	6.917	0.295
6.261	6.341	0.145	9.970	15.791	6.017	3.678	0.569
3.783	5.266	4.143	9.965	10.278	4.034	5.391	6.553
6.596	6.069	2.103	5.082	16.063	3.125	4.137	8.730
4.847	6.344	0.920	6.553	8.579	5.997	5.183	6.044
6.447	6.490	0.924	10.509	6.460	3.233	4.166	9.376
5.698	4.350	0.351	17.532	9.020	5.760	6.123	1.764
6.209	3.349	2.860	11.121	9.250	4.787	5.398	0.755
5.328	3.895	1.453	3.518	15.847	3.516	4.199	9.582
4.686	3.545	0.481	13.210	14.751	5.237	4.351	0.048
3.384	4.031	1.900	14.449	8.881	6.961	7.745	4.263
4.920	5.384	3.850	14.527	3.484	5.009	4.589	1.880
6.429	5.047	3.871	18.500	4.299	5.285	4.505	6.266
5.935	3.937	3.654	0.047	11.739	4.454	4.829	4.120
5.149	5.759	2.614	15.466	7.473	5.358	4.988	7.197
4.793	5.271	4.825	18.895	8.626	4.261	4.808	0.589
4.853	5.347	2.012	14.574	19.790	3.523	5.372	8.671
5.483	5.076	0.967	15.836	9.786	4.540	5.300	2.328
5.756	5.125	3.773	19.582	17.024	4.079	5.372	2.575
5.297	4.534	3.658	16.365	16.415	5.191	5.149	9.206
5.925	5.035	3.145	7.858	1.083	5.073	4.848	6.818
4.932	5.691	1.148	8.170	3.823	5.780	4.958	2.712
6.841	6.076	2.833	17.678	16.545	5.261	5.403	3.964
3.922	4.672	3.891	11.488	19.425	6.152	5.609	4.964
7.128	5.842	1.490	11.955	11.655	3.543	4.258	4.235
4.717	4.445	0.812	16.720	16.020	5.079	4.899	3.454
6.253	3.268	2.709	17.577	10.422	4.248	4.823	5.828
5.183	4.496	4.174	7.374	15.068	5.987	6.952	0.247
5.801	4.171	1.704	2.358	17.812	4.685	6.321	6.434
5.641	7.200	3.646	12.167	6.937	6.560	4.585	2.379
3.972	3.631	0.884	2.933	10.350	4.945	5.073	5.490
5.135	4.289	3.211	2.692	17.244	4.344	5.940	8.709
5.632	4.437	2.290	6.954	18.642	4.139	4.553	5.907
5.657	4.179	3.916	7.831	5.368	5.771	4.239	8.958
4.035	4.672	2.236	13.383	3.881	5.302	3.223	9.163
4.233	8.410	2.602	12.529	14.731	3.900	5.564	4.197
4.538	4.575	0.486	11.316	7.357	5.451	5.279	6.599
4.572	6.084	1.651	16.725	0.199	5.597	4.222	7.623
6.432	3.263	4.988	6.847	15.846	6.473	5.172	9.786
5.482	3.388	4.704	6.981	14.153	6.522	5.265	7.782
4.031	5.678	3.479	13.799	1.836	4.869	4.361	9.310
3.508	5.044	3.250	2.860	15.985	4.947	5.394	0.772
6.149	5.811	1.493	10.052	3.854	3.658	4.521	7.203
5.113	5.320	3.971	12.599	17.204	4.233	5.895	2.685
6.266	4.343	1.559	5.434	3.373	4.520	6.206	5.908
4.773	5.351	0.090	2.734	18.073	5.388	3.945	1.890
5.775	5.880	1.827	2.143	2.000	3.045	3.890	9.779
5.047	5.776	4.864	14.369	2.680	6.035	6.202	7.703
4.798	6.072	3.597	7.233	9.822	3.283	3.979	5.756
5.070	3.739	0.387	16.084	3.970	2.480	4.131	2.917
4.839	5.846	1.624	14.801	19.568	5.046	3.884	7.432
3.134	4.758	1.134	11.674	12.905	4.695	4.926	7.377
5.544	4.356	4.379	12.897	4.057	4.148	5.772	1.030
2.508	4.043	3.501	17.991	12.050	5.877	5.249	6.122
4.495	4.728	2.454	9.366	0.908	4.832	5.454	5.373
4.565	6.072	3.425	11.217	19.913	3.724	5.303	6.332
4.509	5.632	4.856	1.822	6.030	4.186	4.204	5.101
6.011	5.150	3.676	15.859	0.079	5.416	4.960	0.766
4.674	5.059	1.785	15.954	6.321	5.913	6.156	5.447
4.652	4.670	3.005	3.299	9.420	5.271	4.380	4.148
3.091	6.040	4.079	5.383	2.170	7.271	5.288	4.582
5.032	5.250	4.369	17.478	0.480	6.625	6.041	7.467
3.583	5.132	3.904	18.622	19.135	5.115	4.721	7.519
3.864	5.193	0.499	2.579	9.856	4.584	4.273	5.240
4.751	5.399	0.431	3.395	19.329	4.073	4.266	3.660
5.029	6.849	1.624	5.258	11.969	4.408	6.815	1.354
6.720	3.496	1.729	14.035	18.729	5.388	4.850	9.277
3.974	4.861	4.896	16.132	3.926	5.416	4.715	1.369
3.875	5.131	3.937	13.701	6.366	3.772	4.408	1.093
4.708	4.500	2.553	6.900	12.741	3.696	5.575	2.098
5.902	5.504	2.238	0.348	2.782	3.973	4.164	7.599
3.218	5.239	2.226	0.297	4.249	6.136	4.482	9.283
4.258	3.933	2.533	14.449	0.069	4.089	5.986	3.541
5.440	5.206	2.026	9.307	10.561	6.665	4.138	6.463
6.808	5.130	2.640	18.729	9.057	4.000	4.747	6.056
5.356	4.791	0.432	16.870	4.726	5.408	5.168	1.416
5.413	5.495	3.047	2.800	11.298	4.528	6.206	6.526
5.720	5.289	3.280	7.795	11.581	4.413	5.161	2.730
5.467	4.177	2.482	18.223	0.482	4.142	3.991	4.873
7.253	4.516	1.291	18.145	9.878	4.856	5.709	0.629
4.751	5.084	0.049	4.148	4.302	3.480	5.053	1.436
4.949	3.970	1.384	4.432	6.467	5.144	4.279	6.130
5.053	4.554	3.013	14.617	4.234	4.836	6.809	6.890
5.625	4.659	0.548	11.798	4.291	3.337	5.528	6.538
5.361	5.206	4.822	19.570	3.977	6.557	3.899	4.873
5.627	5.615	1.304	12.078	14.154	2.611	5.660	6.817
5.627	4.269	3.192	6.919	19.100	5.210	6.809	6.006
4.784	6.123	2.369	7.845	18.904	5.255	6.220	0.027
5.798	4.314	2.494	11.176	5.226	4.420	5.554	8.596
3.217	4.473	1.418	6.503	15.104	3.559	6.371	5.147
4.534	4.534	4.968	1.637	15.721	6.373	4.812	0.927
3.586	4.707	2.046	13.629	12.333	5.488	3.774	2.755
5.174	3.059	3.397	1.235	12.172	5.542	5.277	9.235
4.720	4.675	1.508	3.012	16.443	6.090	6.109	0.096
3.137	4.265	4.654	9.978	16.064	5.340	4.431	7.600
5.307	5.334	0.378	11.170	4.537	4.219	3.637	0.659
5.623	5.814	0.150	0.962	7.568	3.513	6.637	9.660
5.524	4.856	0.017	7.157	8.996	7.317	4.674	7.232
5.263	5.343	4.432	11.153	7.201	4.211	5.143	4.314
5.707	4.177	1.117	0.643	19.460	3.231	5.595	4.250
4.450	4.576	4.341	4.327	0.043	5.146	4.365	4.820
4.558	5.977	2.314	10.870	10.057	4.819	4.842	1.848
4.843	5.650	0.308	2.923	18.571	5.397	4.689	2.740
5.327	5.586	2.514	10.576	11.944	3.216	6.873	4.050
4.045	5.204	1.072	13.650	15.134	5.695	4.628	1.633
4.614	3.978	4.713	6.867	11.679	6.583	4.049	5.207
5.182	6.188	2.701	8.431	11.256	6.567	4.493	5.380
4.580	3.916	1.089	17.193	6.027	6.401	5.691	7.483
4.615	6.052	1.103	3.993	7.104	4.202	4.397	0.126
7.624	5.898	1.050	19.471	12.647	4.787	3.490	0.674
4.910	4.529	2.827	7.697	0.527	4.372	5.647	5.308
3.737	3.451	3.673	13.106	5.455	5.742	4.074	0.895
5.413	5.756	0.851	5.695	10.647	4.803	3.862	6.107
4.970	3.885	0.610	11.167	17.424	4.377	5.620	2.652
5.693	4.624	1.933	11.152	7.145	5.208	3.708	2.243
5.192	4.066	0.487	17.449	12.257	4.934	4.840	7.213
4.910	6.930	2.358	7.573	11.207	4.890	2.424	6.818
6.229	4.050	2.774	5.705	1.109	4.158	5.715	5.305
5.676	4.967	2.265	17.539	4.813	6.006	4.139	6.075
6.031	4.133	4.301	10.464	2.376	4.067	4.866	0.139
5.789	5.521	0.252	14.779	14.205	7.578	3.692	2.819
4.883	4.139	2.325	13.538	18.163	5.577	5.858	6.390
5.702	4.934	3.086	9.313	8.091	5.215	4.347	4.783
3.428	5.093	3.071	8.790	19.846	3.744	4.241	7.895
5.479	3.812	2.834	11.131	6.360	5.698	5.024	8.216
3.533	6.124	3.143	7.967	11.806	5.249	5.335	5.208
3.315	5.268	4.198	17.403	10.084	6.261	6.380	5.709
5.788	4.780	2.492	5.823	6.240	6.421	4.058	5.685
3.891	6.116	4.665	0.996	15.208	4.800	5.435	3.971
6.224	4.277	4.413	8.301	14.308	3.524	5.880	9.258
3.920	5.731	2.981	7.366	16.546	4.252	7.255	8.171
3.429	6.241	0.758	4.513	8.584	4.038	5.247	8.096
5.211	3.823	0.998	16.946	2.577	3.916	6.311	4.802
4.665	6.384	0.129	6.366	7.364	5.425	3.068	6.984
4.115	4.472	1.451	19.958	6.096	5.767	4.062	3.025
3.068	6.440	1.829	5.645	18.478	6.187	3.849	1.955
4.573	4.772	0.313	8.945	4.009	5.148	5.612	8.098
3.215	4.986	1.906	1.000	10.981	4.836	5.370	0.918
5.812	5.887	3.349	9.825	11.445	5.525	5.697	0.196
3.939	4.429	2.187	1.541	0.369	3.899	4.943	5.876
5.779	4.489	3.792	11.229	10.442	3.883	5.588	8.692
4.630	5.823	2.140	16.784	17.389	4.321	3.937	4.244
3.764	4.422	3.792	6.010	10.856	5.303	4.398	5.241
5.427	3.951	2.746	12.736	13.105	5.415	4.990	4.293
4.933	5.148	1.304	4.231	12.432	2.708	4.662	3.541
4.773	4.967	3.610	11.187	14.492	7.252	7.220	6.671
3.617	5.556	4.580	7.129	7.305	5.919	4.254	0.314
5.546	6.174	0.903	2.643	14.820	4.034	2.441	3.207
4.530	7.167	4.384	5.185	15.769	4.765	7.299	6.270
3.933	4.242	3.301	12.391	5.515	4.774	4.358	6.348
5.645	4.641	0.092	4.765	6.950	6.365	5.727	5.107
4.272	5.305	2.567	8.189	3.812	4.383	3.744	0.378
5.097	6.760	3.690	12.518	16.145	4.796	4.157	6.895
4.025	6.297	1.239	15.219	15.935	4.517	5.942	0.915
5.395	4.897	0.736	19.916	15.708	4.942	5.714	3.319
6.367	4.834	1.311	11.227	19.114	5.249	4.486	9.126
5.702	4.601	0.220	6.912	0.581	5.012	5.975	7.699
5.563	5.059	2.303	7.724	19.868	6.740	5.415	7.053
5.326	5.758	0.210	7.340	17.753	5.822	6.397	2.624
2.869	4.819	4.465	4.764	10.511	5.026	3.784	9.557
3.430	4.763	1.197	3.532	8.042	5.310	3.827	0.174
5.532	4.474	4.828	8.615	6.371	6.262	4.294	8.641
4.062	5.685	3.341	6.393	15.037	5.004	4.209	4.408
5.098	4.375	1.289	12.800	0.087	4.699	5.054	7.406
5.084	5.449	0.588	13.447	14.017	4.776	6.128	1.478
3.911	5.713	3.423	0.872	12.177	4.425	4.716	4.177
4.950	5.313	2.227	11.243	1.331	3.861	3.905	7.406
3.459	3.669	2.958	3.080	13.793	5.171	4.455	4.626
3.327	4.939	0.686	16.742	6.318	4.563	6.087	4.094
5.155	5.152	0.362	17.479	2.888	6.339	4.836	9.978
5.340	5.056	0.553	10.917	14.856	4.675	5.224	9.972
5.434	4.427	2.466	12.458	13.207	5.581	5.064	5.473
5.078	4.758	2.077	7.657	14.300	5.153	3.421	6.422
5.547	3.859	1.214	5.944	9.055	3.276	6.257	2.092
3.858	6.567	2.078	10.815	12.680	4.772	5.548	1.355
3.652	5.115	1.081	5.271	13.794	4.565	5.527	2.120
4.719	5.039	2.268	19.304	13.988	5.761	5.757	0.985
5.673	3.954	2.376	11.201	4.503	6.275	4.148	2.065
5.443	5.884	0.355	15.726	0.789	5.899	4.534	1.433
4.553	6.237	1.799	14.005	10.319	5.515	5.603	7.814
4.975	4.893	1.300	16.988	3.607	4.409	4.390	7.269
6.465	3.824	4.211	12.391	10.293	3.511	4.034	3.781
4.760	4.168	1.874	3.864	14.315	6.655	4.560	3.664
4.163	5.831	3.864	19.082	12.855	4.651	4.548	3.605
5.143	3.560	3.615	0.874	15.790	5.787	2.978	8.079
3.692	6.482	1.803	10.568	10.729	4.659	6.581	6.126
5.160	4.202	1.965	14.626	12.981	6.702	3.459	1.223
4.378	6.794	3.673	5.778	3.928	4.568	6.407	7.440
4.826	3.960	3.318	8.957	17.471	5.344	5.237	1.966
4.962	8.251	1.044	2.668	7.900	5.379	4.462	2.089
3.736	4.940	4.723	11.370	8.421	4.293	4.781	6.896
6.992	3.809	2.162	15.625	16.936	5.057	5.647	5.126
5.197	4.571	4.015	12.182	3.963	3.428	3.961	9.237
5.758	4.558	4.897	18.690	0.616	5.731	4.823	2.536
4.722	5.437	1.699	9.725	19.227	5.227	5.348	8.771
5.574	6.075	0.984	11.948	6.704	6.043	4.594	3.480
6.472	4.606	4.335	19.574	10.383	4.110	4.959	4.550
4.347	4.586	4.165	17.174	19.482	5.456	4.528	4.650
4.179	6.403	4.172	1.924	19.617	4.312	3.871	7.985
5.508	2.820	3.754	8.164	0.944	3.359	4.154	7.409
5.872	4.871	3.712	2.124	1.247	4.974	5.654	1.915
6.486	6.825	1.151	7.513	5.183	4.549	4.536	9.375
4.516	5.597	4.895	2.190	4.850	5.795	4.214	4.377
3.753	5.565	0.678	5.519	7.479	5.330	4.842	6.584
4.887	4.813	0.299	12.307	16.605	4.933	4.540	4.152
4.435	3.014	3.194	10.085	4.874	5.343	5.470	7.712
3.258	6.602	2.254	13.367	10.306	4.606	5.202	0.943
5.781	5.420	3.176	6.671	2.275	4.123	5.996	4.912
5.086	4.812	1.090	7.084	8.974	5.059	4.962	0.983
4.061	4.254	2.994	18.693	16.135	5.131	5.603	2.214
3.786	3.928	3.770	8.324	16.257	4.444	5.219	8.233
5.873	5.064	4.698	19.554	2.480	5.987	6.660	7.853
5.967	5.401	1.569	11.186	1.770	3.587	5.510	8.868
4.933	4.361	2.825	0.633	8.239	5.103	5.085	9.532
3.735	5.663	0.416	7.826	0.448	3.521	3.967	4.970
3.151	6.308	3.760	18.096	15.126	5.542	5.694	4.406
3.956	5.018	2.067	17.678	14.986	4.989	5.948	2.085
4.471	2.734	2.865	18.227	18.264	4.852	5.939	4.223
6.206	5.344	1.881	0.714	13.258	5.537	3.570	6.174
3.637	4.473	1.399	6.035	19.903	6.530	4.397	4.413
4.694	5.466	0.884	3.763	18.674	3.646	6.138	3.215
5.082	5.915	2.274	16.773	14.089	5.814	5.453	8.233
4.673	4.961	0.947	14.228	11.736	6.386	5.119	6.816
4.181	4.834	0.980	3.339	7.745	5.322	5.159	9.582
4.838	4.817	2.760	4.151	1.944	2.358	4.062	3.815
4.201	4.097	2.778	18.219	4.283	6.289	5.435	5.733
5.787	4.053	0.558	4.916	6.679	4.737	5.889	6.446
5.031	4.887	0.973	6.069	0.365	6.593	5.448	5.915
5.534	6.099	4.091	12.808	15.043	4.449	5.262	8.480
6.694	3.806	2.455	2.546	12.324	4.859	4.465	6.586
7.871	5.065	0.846	1.842	15.738	4.161	3.371	1.674
5.490	3.888	3.241	19.374	19.376	5.160	4.589	3.635
5.914	5.009	1.687	12.866	17.353	4.299	3.566	7.447
5.601	4.436	2.502	18.117	12.672	4.908	4.078	0.800
5.681	5.366	4.832	18.721	12.296	4.303	2.541	3.314
6.277	3.582	2.331	8.901	17.225	6.270	6.149	7.377
5.793	6.430	0.108	13.316	6.611	4.627	5.176	9.326
6.223	4.488	3.313	17.841	8.998	3.892	4.840	1.101
6.388	4.508	0.413	19.419	11.606	5.037	4.713	5.559
4.606	3.528	0.448	1.390	8.987	6.734	5.906	8.553
5.185	5.281	3.903	4.545	17.147	4.523	4.388	9.852
4.939	4.184	4.167	3.298	5.513	4.006	5.298	3.596
5.469	6.663	4.675	17.724	19.458	4.755	5.189	5.259
4.870	5.834	0.909	13.204	13.236	4.444	3.560	0.504
5.663	5.351	0.876	9.117	3.669	6.044	3.604	7.243
5.084	5.014	3.374	9.169	2.470	4.358	4.686	2.665
4.241	4.608	3.039	2.433	13.996	5.426	5.368	3.404
5.603	4.765	3.034	4.796	12.556	4.041	6.185	7.301
4.583	6.114	0.899	7.483	7.698	3.919	4.616	5.114
4.278	5.268	1.912	17.959	0.413	5.423	5.582	2.112
6.494	5.430	2.968	6.793	3.078	6.628	3.542	5.918
6.404	7.120	4.417	1.969	17.977	7.836	5.908	3.794
7.364	4.650	4.757	17.249	12.991	5.150	5.695	8.225
3.872	2.145	2.000	1.917	4.034	4.990	2.633	8.993
3.504	6.173	4.696	7.709	2.239	3.506	5.885	6.553
5.184	4.482	3.402	13.800	2.900	5.526	6.248	3.757
4.193	3.541	3.774	1.210	5.508	4.388	3.947	3.663
5.917	5.246	2.230	4.764	13.340	4.631	6.150	5.727
3.983	5.960	1.891	18.135	12.831	5.009	6.719	0.455
4.161	4.858	3.223	15.487	17.013	4.160	3.516	3.986
4.811	4.025	3.484	0.512	6.590	2.841	4.278	7.664
4.945	4.063	4.576	6.014	2.082	4.640	6.484	0.610
5.498	6.162	4.758	16.831	7.593	6.024	5.486	2.244
6.538	5.388	0.095	5.584	15.517	5.812	4.752	0.280
5.013	5.606	2.006	16.643	17.261	7.028	4.592	7.583
6.078	6.145	2.447	18.889	16.778	6.801	4.642	9.452
6.532	4.401	3.905	2.911	13.345	4.319	4.413	5.730
3.890	4.802	2.682	10.943	4.743	4.435	6.477	4.585
5.093	5.857	4.940	10.196	19.029	4.846	3.841	1.583
4.037	3.767	4.704	17.636	7.634	4.797	5.462	7.103
4.691	3.497	0.822	19.634	18.272	3.443	5.600	1.015
4.114	6.267	2.855	16.756	12.068	4.680	4.702	4.914
5.572	5.960	3.468	3.185	13.365	4.857	2.959	2.285
4.056	4.764	1.362	5.744	6.726	6.372	5.707	3.284
5.334	5.925	2.553	10.411	11.634	5.540	5.229	6.112
4.601	4.897	2.303	17.703	19.695	3.487	6.362	4.609
4.257	4.372	3.536	18.845	1.185	5.001	6.025	3.102
5.085	5.151	2.446	10.576	10.509	5.193	5.454	6.319
5.452	5.408	3.103	17.156	15.977	3.845	4.498	7.645
2.689	5.580	1.185	8.816	15.516	4.609	3.697	3.385
4.588	7.108	1.146	14.913	2.230	4.263	4.795	2.482
4.092	5.516	0.907	3.435	0.244	5.471	5.158	5.351
5.102	4.475	1.834	4.727	8.619	4.796	5.452	5.337
4.053	4.905	1.458	11.466	3.478	4.818	4.970	5.802
3.837	4.117	2.795	6.376	17.104	3.941	5.470	3.009
4.636	5.394	3.858	12.268	1.288	4.038	5.325	6.166
4.053	4.704	1.635	19.803	2.438	4.250	4.281	4.677
6.268	6.357	1.360	12.134	3.697	3.207	4.696	0.515
5.596	6.731	1.937	1.736	0.092	4.583	4.816	5.047
3.792	5.482	3.296	13.933	11.767	5.665	4.512	3.629
5.152	5.326	0.615	17.953	16.381	5.587	3.988	0.204
5.116	6.399	3.362	8.974	5.100	3.104	3.384	1.840
3.620	5.100	0.506	6.209	1.725	4.859	5.259	0.562
3.186	5.970	1.968	18.171	0.874	4.193	4.078	5.310
5.477	5.450	0.397	15.686	0.882	5.016	5.305	9.322
3.476	4.036	3.232	19.255	0.956	3.479	6.898	1.966
4.333	4.368	3.794	10.743	18.971	3.923	4.288	5.320
5.782	4.508	0.445	5.032	18.364	7.229	5.975	9.243
4.789	4.083	0.182	14.603	9.719	2.804	5.696	8.474
4.012	4.333	0.649	8.656	8.984	5.205	5.315	2.323
6.280	5.883	3.589	19.398	10.703	6.251	3.901	0.244
2.988	3.756	1.449	19.820	7.512	4.678	4.389	3.727
4.342	5.872	0.782	15.652	4.933	3.711	5.522	6.337
5.137	4.229	2.264	13.312	8.169	4.744	4.751	6.710
3.894	5.569	2.800	11.654	15.491	6.495	5.931	0.580
5.138	6.161	1.469	19.954	7.317	3.379	3.494	8.364
5.273	5.577	4.578	11.232	5.350	6.591	4.309	6.897
4.066	5.837	0.786	13.910	11.353	5.957	4.976	4.455
4.723	4.395	4.615	11.280	3.791	2.871	4.829	2.438
3.980	4.383	1.742	9.827	0.602	4.606	4.936	8.349
5.095	3.906	2.864	1.570	16.619	4.694	4.267	8.122
4.210	4.896	0.192	15.841	8.998	4.924	5.344	4.448
6.676	5.108	2.906	8.844	14.070	7.028	5.531	0.177
4.999	4.556	3.285	11.139	13.436	5.990	3.734	9.345
4.319	4.489	0.469	12.325	10.997	4.978	5.112	0.829
5.271	7.182	2.381	8.845	15.267	4.587	5.002	1.430
3.841	4.962	2.860	14.005	11.251	4.615	5.862	8.505
5.590	6.639	1.899	13.664	9.303	6.243	5.263	6.349
6.515	4.979	1.503	5.056	6.885	4.094	4.458	5.609
5.217	6.077	0.924	13.215	4.662	4.929	3.673	6.065
5.278	3.500	2.507	18.592	1.782	5.554	4.695	3.456
5.145	4.834	1.011	16.547	5.167	3.926	4.106	4.992
5.361	5.782	1.133	5.787	9.286	4.590	4.151	7.320
7.024	4.423	1.026	8.227	8.851	6.258	5.075	0.275
5.036	5.981	0.988	14.215	7.358	5.352	5.030	9.417
6.061	5.588	0.789	2.739	19.627	7.012	3.212	5.518
3.378	4.354	1.087	11.338	12.333	4.026	3.692	9.584
5.668	4.220	2.459	18.445	14.660	4.490	7.003	0.906
6.171	5.618	3.842	2.813	11.693	4.215	3.894	3.394
4.435	6.928	2.354	10.124	10.874	5.389	3.644	1.418
5.807	3.425	3.756	13.568	16.451	4.072	3.546	3.606
3.135	5.553	2.993	1.309	17.830	5.399	6.459	4.778
4.659	3.967	2.372	19.460	9.712	4.708	4.990	8.272
4.349	4.701	3.995	18.027	5.393	4.529	5.279	6.324
5.245	5.613	1.692	3.853	4.782	5.862	4.913	3.766
3.343	5.925	3.144	7.799	6.570	6.097	5.307	5.087
3.372	4.435	3.333	5.730	0.249	6.128	6.243	8.942
4.859	4.698	0.278	2.807	4.653	4.815	4.648	8.937
4.569	5.278	1.523	7.422	7.349	5.296	4.437	2.789
6.956	4.603	2.536	5.874	6.554	5.056	6.032	7.085
5.710	5.531	0.102	15.414	15.414	4.928	5.616	2.050
6.503	3.542	0.151	1.213	4.021	3.551	7.349	3.611
5.074	3.503	1.821	7.235	19.875	5.150	3.759	9.044
4.462	4.736	4.923	16.404	0.928	3.201	5.771	7.371
5.472	6.576	3.303	18.040	19.859	2.462	5.559	1.560
3.303	5.361	0.645	12.336	16.181	5.135	5.003	8.594
4.519	4.499	4.314	18.326	8.304	3.806	6.216	5.096
4.012	5.369	2.043	2.654	17.774	4.978	5.544	9.534
5.248	5.527	4.473	6.735	9.196	7.283	5.742	4.659
4.462	5.095	3.348	5.005	1.710	3.840	5.566	6.760
5.286	5.042	1.439	8.198	1.572	5.501	4.939	4.430
4.647	5.231	0.281	17.581	17.517	4.754	5.998	1.493
2.897	6.035	2.178	18.746	8.173	6.275	3.460	7.562
6.778	6.065	0.033	4.249	18.799	5.882	3.831	8.169
5.400	3.891	1.533	6.959	8.415	2.798	5.715	8.359
5.106	5.377	3.527	1.772	17.392	6.989	4.891	9.154
4.664	6.405	4.871	16.984	14.820	6.062	5.006	7.304
6.248	6.067	4.575	1.338	2.902	5.321	6.199	4.902
3.723	6.076	0.227	18.987	6.516	5.285	4.485	3.358
6.003	7.215	4.742	12.897	9.388	5.111	4.850	7.980
5.663	5.190	2.849	11.952	8.600	3.975	5.504	0.622
3.629	5.865	3.641	12.758	19.606	3.199	3.976	1.604
6.060	6.002	2.643	1.385	1.437	4.749	4.806	3.339
4.536	5.910	0.780	3.897	7.949	5.021	6.523	5.058
6.275	6.887	4.382	0.929	18.886	5.931	3.979	4.954
4.826	6.805	0.413	6.690	17.550	5.841	5.051	2.912
7.102	3.755	0.309	7.096	13.734	5.040	3.869	7.361
4.672	5.464	3.631	18.354	0.497	3.527	4.589	6.428
4.333	3.943	0.561	15.651	18.798	6.071	4.058	8.620
4.845	4.518	4.165	5.074	1.009	6.257	3.847	7.512
4.999	4.945	1.493	5.963	1.166	6.063	4.562	3.670
4.476	6.421	3.370	3.935	18.854	2.874	5.230	9.203
4.420	4.872	0.385	10.921	8.100	6.594	4.102	7.413
4.674	6.050	1.726	18.287	16.335	5.423	5.430	3.863
4.543	5.144	0.087	16.478	19.460	5.321	4.073	1.854
6.102	3.378	0.138	4.656	8.204	5.068	7.325	1.218
6.264	5.024	2.081	1.667	14.516	4.274	6.548	4.765
5.367	4.990	1.651	8.123	6.570	5.461	5.704	1.308
7.332	5.140	1.119	17.809	8.921	4.445	3.975	8.766
4.913	4.642	2.376	13.430	19.877	7.372	3.879	2.183
4.515	5.986	4.646	10.687	0.329	4.545	5.531	5.470
3.451	4.762	2.315	1.090	5.555	4.168	5.202	2.964
5.167	4.307	4.324	3.721	12.026	5.680	6.406	2.493
5.874	4.752	3.529	16.785	9.228	5.079	5.087	2.271
5.219	5.294	2.528	19.231	19.642	5.356	6.031	1.509
5.476	7.857	4.941	15.250	3.306	6.111	3.026	2.813
4.663	5.546	0.952	18.752	3.002	5.034	5.340	3.779
3.879	6.003	3.469	16.234	7.482	3.666	6.056	6.399
5.557	5.732	3.726	1.311	12.277	5.574	6.454	8.689
5.851	5.680	3.639	7.547	14.362	7.426	4.749	4.270
5.548	4.306	3.816	9.140	18.722	5.417	5.780	2.813
5.133	3.830	1.499	13.039	2.333	2.778	3.683	8.922
5.925	4.496	0.732	19.878	19.642	5.337	4.289	4.050
6.074	4.109	1.801	17.232	5.301	4.040	3.244	4.294
5.621	6.287	3.767	4.182	16.198	4.955	5.975	0.628
3.281	4.219	0.408	10.733	16.761	5.011	5.205	7.569
4.054	4.455	1.351	18.677	14.985	4.139	4.625	8.081
5.422	4.819	4.417	13.505	16.137	4.175	4.741	4.768
6.712	3.942	2.622	17.219	7.354	6.174	3.018	7.393
2.408	3.181	2.782	4.619	19.131	3.972	4.108	4.401
4.685	4.426	0.488	7.829	18.207	5.667	4.698	5.259
5.662	5.191	1.719	10.574	1.248	5.970	4.986	1.614
3.655	5.311	4.546	19.016	10.967	5.645	5.018	8.545
4.264	4.197	4.164	18.445	10.745	4.594	4.004	5.720
4.830	5.452	2.417	16.280	3.207	4.699	3.298	2.320
6.744	4.634	3.958	10.310	15.452	6.783	3.531	0.049
4.715	4.395	2.177	0.838	16.163	6.633	4.264	1.286
5.834	4.613	3.872	10.449	7.449	3.541	4.949	2.740
3.216	4.923	3.294	12.797	5.396	3.435	8.017	9.145
5.632	4.919	3.346	9.263	6.094	5.127	3.457	9.776
5.460	4.837	4.164	4.575	6.551	6.544	3.580	5.511
5.486	5.253	3.182	7.668	18.127	4.124	3.484	9.030
4.381	4.798	1.405	19.436	11.816	4.817	4.871	0.571
6.240	3.515	2.255	6.400	10.033	4.365	4.769	2.547
5.519	5.510	1.348	4.487	8.960	4.367	5.346	4.406
5.780	4.662	4.746	0.081	5.896	2.670	4.927	1.424
2.648	5.429	4.079	0.114	9.720	4.770	6.239	3.129
4.488	5.584	4.913	7.883	8.780	5.290	6.534	3.180
5.133	4.413	4.066	10.730	4.485	4.178	4.727	0.155
3.711	5.197	3.124	7.131	11.226	5.715	3.832	2.305
5.722	5.425	2.708	5.353	11.471	6.407	4.319	1.120
6.345	3.219	0.806	8.119	13.680	4.035	5.183	9.928
3.125	4.391	1.766	17.941	14.634	4.914	6.716	0.867
3.813	5.162	3.371	2.641	16.147	5.264	5.057	8.188
6.121	6.250	1.789	16.913	19.058	5.825	6.476	1.729
4.389	4.963	0.034	18.868	6.681	6.625	4.128	7.386
5.692	5.549	4.187	7.840	18.891	4.748	4.530	5.620
5.392	6.794	3.506	1.943	0.708	5.775	5.542	7.526
5.384	6.320	2.994	16.446	14.856	5.915	6.757	8.923
3.807	5.169	4.097	1.847	17.132	6.152	4.670	5.167
3.961	4.616	3.457	12.032	17.769	4.746	5.543	8.611
6.081	3.937	2.230	2.601	10.259	5.805	5.672	9.626
4.575	7.093	3.905	4.505	10.984	5.204	4.840	4.054
6.327	4.996	3.627	14.527	13.129	6.153	4.212	1.153
3.247	4.762	4.922	3.790	10.721	4.339	5.404	0.215
4.209	3.944	0.249	16.783	2.787	4.875	3.579	8.662
5.862	2.352	2.165	14.579	15.266	4.565	5.879	7.284
5.258	5.475	1.019	11.357	14.604	4.986	5.711	1.520
6.854	5.915	3.724	5.061	13.901	5.126	3.879	7.753
