0.946	5.899	6.039	-0.129	2.383	0.889	2.465	9.278
-0.386	0.256	4.204	-0.701	0.064	0.855	3.019	15.036
-0.436	5.093	2.359	-0.180	6.774	2.803	2.957	15.839
-0.237	2.897	7.654	-0.937	5.103	2.369	2.724	5.618
0.041	12.460	6.503	-1.033	8.667	2.109	1.507	10.789
-1.590	12.048	1.477	0.269	1.711	3.663	0.158	1.866
1.330	17.552	8.030	-1.868	3.665	2.869	2.252	1.217
-2.029	11.964	7.373	-0.896	6.500	0.646	2.641	5.946
-0.019	12.392	5.961	-0.103	6.781	4.074	3.101	9.063
1.233	0.570	4.499	1.256	3.750	3.597	2.800	8.926
-0.443	11.029	8.072	0.365	6.304	0.361	2.019	5.027
0.447	2.163	9.001	1.173	0.882	3.068	0.746	18.461
0.108	17.657	0.009	-1.054	7.776	1.948	3.736	0.243
-0.087	15.048	0.370	0.161	5.550	0.615	4.614	3.997
0.951	12.084	9.536	0.529	0.432	0.097	3.327	7.673
-0.016	15.558	2.408	0.476	1.276	4.643	0.438	16.433
-0.823	9.137	5.712	-1.450	0.448	0.872	3.167	14.236
-1.258	4.657	2.514	-0.975	0.506	1.969	1.337	2.605
0.628	6.679	7.613	0.041	6.936	0.826	1.864	1.348
-0.084	6.439	4.449	-0.404	9.739	4.523	4.991	14.506
0.576	1.221	4.559	0.324	1.836	0.158	0.776	1.969
0.768	1.343	3.139	0.197	0.833	4.313	0.082	2.064
-0.764	4.031	9.391	0.096	3.743	0.912	1.996	14.683
0.035	16.258	9.383	-0.897	1.133	1.105	2.314	7.544
-1.697	8.624	8.463	-1.641	6.186	1.264	1.378	4.178
-0.644	12.774	5.026	0.751	8.609	1.634	3.274	18.700
0.022	8.876	0.516	0.024	3.139	2.152	4.346	6.251
-0.856	13.212	4.953	-0.474	3.461	3.077	2.478	2.735
-1.274	9.202	5.174	1.552	0.719	2.252	1.201	6.443
-0.627	10.987	0.000	-1.038	2.812	4.489	2.753	7.643
-0.138	15.936	4.679	0.855	7.451	1.168	1.812	8.455
-0.446	16.378	5.042	0.205	1.444	2.663	1.244	15.666
0.651	7.485	3.782	-0.453	9.542	4.480	2.864	0.702
-0.951	12.787	7.946	2.045	2.115	0.682	2.111	9.882
0.870	1.028	7.800	0.554	0.464	3.589	2.591	13.921
-0.736	13.760	0.029	1.348	0.449	1.117	1.156	10.447
0.917	19.297	8.758	0.171	1.338	3.918	2.456	7.878
0.770	12.593	3.952	-0.263	5.576	3.961	3.781	7.190
0.052	15.505	6.654	0.089	6.665	1.931	1.007	2.128
0.567	8.573	8.136	-0.323	6.373	4.230	4.299	9.059
1.385	17.939	5.510	-0.128	1.227	2.660	0.732	15.734
1.546	8.133	1.802	-0.844	5.332	2.852	0.608	13.979
-1.052	6.031	8.338	2.033	3.935	1.092	4.899	7.557
0.468	1.488	1.401	2.121	0.585	3.346	1.940	18.056
-0.543	17.272	8.290	-0.656	5.305	2.085	0.051	7.885
-1.863	15.028	6.709	0.315	7.508	1.907	2.062	14.938
0.099	6.658	1.078	1.749	2.766	0.755	4.475	9.180
0.749	11.066	8.641	-0.824	7.686	1.211	2.927	7.189
1.157	16.506	9.465	-1.449	2.615	0.227	1.290	15.044
0.454	14.207	4.410	0.307	6.432	1.639	4.750	11.904
-0.119	0.970	8.621	0.216	4.107	2.283	2.620	0.532
1.292	15.761	8.706	-0.545	5.869	3.975	1.798	0.123
-0.774	6.579	7.566	1.827	2.281	2.633	4.564	3.025
1.215	2.977	7.025	0.398	5.683	2.593	4.255	8.250
1.554	0.118	7.707	-0.734	5.866	0.300	2.801	9.418
0.815	11.972	4.154	1.420	5.893	2.301	4.536	5.077
0.852	11.937	5.059	-0.553	2.195	1.545	0.327	10.196
-0.951	7.284	2.065	0.657	5.383	1.580	1.753	6.264
-1.092	10.949	3.147	0.247	3.958	0.717	1.208	19.589
-0.510	12.799	7.877	2.074	4.173	0.024	3.247	14.605
-1.287	17.078	5.234	-0.750	9.206	4.762	1.444	10.522
0.823	12.113	4.186	0.251	2.811	0.519	4.495	13.784
-0.212	2.702	9.796	0.006	2.857	1.810	1.305	18.460
0.902	10.455	7.875	1.034	1.971	2.725	2.197	4.869
0.371	10.656	8.510	-1.066	5.753	1.404	3.775	11.949
1.300	5.055	2.838	0.473	5.265	3.489	0.937	7.561
-1.106	7.801	4.750	-0.504	6.591	0.254	0.536	19.379
-0.699	3.219	7.926	2.001	1.455	2.599	1.162	10.654
0.989	0.076	4.649	-0.771	6.437	3.730	1.057	7.412
1.109	2.440	1.492	0.489	3.228	2.919	0.952	18.537
-0.280	2.327	6.415	0.972	2.236	0.958	4.676	16.538
-2.077	3.138	9.214	-0.178	6.277	0.241	1.905	14.012
1.666	5.664	0.714	0.921	9.738	1.444	0.862	18.126
1.050	2.008	8.607	1.012	9.130	2.046	4.116	3.787
1.211	5.267	2.983	0.787	2.995	0.123	2.128	14.826
0.716	7.210	5.115	-0.220	6.659	4.602	2.117	14.915
0.398	10.421	9.169	0.354	7.848	4.630	4.107	7.775
-0.477	3.436	1.139	-0.985	1.953	3.079	2.500	0.042
-0.907	0.504	9.430	0.447	8.318	0.108	2.310	7.688
0.063	17.505	1.242	-0.834	5.923	2.509	2.841	3.788
0.146	1.032	8.943	-2.249	4.641	0.700	3.933	7.169
-0.502	11.615	2.081	0.835	2.373	3.288	2.137	13.573
-1.004	11.743	3.392	-0.591	6.570	4.411	2.612	12.309
-0.433	0.025	0.041	0.650	0.107	4.157	0.411	1.061
-1.043	1.004	9.836	0.626	4.805	1.629	0.702	13.151
1.948	13.069	7.227	0.951	4.562	0.011	3.685	10.145
1.308	19.105	3.235	-2.335	4.537	0.943	3.329	3.193
-0.202	7.384	6.119	0.277	8.128	4.066	2.196	9.750
-1.194	18.626	4.357	0.740	4.911	0.067	0.117	14.603
1.396	12.773	3.216	-0.985	7.586	2.515	1.560	18.481
-0.108	5.678	4.641	0.195	4.535	4.543	4.737	0.432
0.566	17.406	5.761	-0.860	0.093	1.249	4.055	16.344
-0.387	0.629	4.382	-1.377	2.920	3.147	4.662	15.349
-0.883	5.606	3.916	-0.273	8.573	1.531	3.223	2.943
2.243	16.069	7.462	-1.235	9.836	1.023	2.555	4.490
0.272	13.422	0.992	-0.846	7.280	2.378	4.773	4.591
0.358	2.789	4.147	0.800	1.657	4.770	2.663	16.826
0.895	12.197	4.221	-0.746	8.431	2.538	1.139	15.675
-0.242	0.493	5.006	0.007	7.226	0.067	3.953	4.715
0.604	8.611	1.677	-0.641	2.431	4.775	2.284	0.692
-0.488	14.069	0.226	1.151	6.466	0.596	0.581	10.618
0.164	13.031	2.467	0.904	2.428	1.979	4.065	15.122
-0.018	16.778	0.041	-0.660	6.186	1.211	0.036	11.521
-0.933	0.150	6.308	-0.410	3.107	4.644	1.333	2.814
-0.776	15.776	7.891	0.874	4.696	2.235	4.105	17.156
-0.926	10.373	4.828	0.226	0.505	1.113	2.810	17.260
-0.994	6.797	0.549	-1.962	1.115	3.303	1.409	2.282
-0.493	13.004	8.903	0.093	8.629	1.110	3.350	6.213
0.647	11.959	6.257	-1.041	7.752	0.767	3.304	13.900
-1.044	9.716	9.597	-0.918	5.441	4.360	2.903	16.850
1.583	10.712	0.139	0.796	1.316	2.916	0.774	13.159
-1.517	13.949	4.181	-0.591	9.496	3.836	0.357	14.351
1.270	7.429	7.351	-0.477	8.997	3.220	1.922	15.853
-0.576	16.294	6.442	0.198	4.875	1.130	0.558	15.075
0.719	8.365	3.065	0.015	0.616	2.316	3.783	18.987
1.293	18.896	4.064	-1.081	1.938	0.024	0.928	9.178
-0.832	4.059	3.497	1.882	1.700	1.859	3.257	19.065
-0.288	12.415	4.622	-0.624	7.943	4.799	3.074	6.839
-0.180	2.114	1.646	0.333	8.176	3.181	1.325	5.033
-0.983	6.957	9.237	0.434	8.514	3.684	1.944	6.400
-0.765	4.978	1.978	-0.355	3.270	1.513	2.146	18.617
-1.614	18.564	9.702	0.885	6.819	4.214	3.540	6.882
-0.104	2.944	4.378	-0.323	9.558	1.828	3.901	9.498
-0.800	18.044	9.355	0.374	3.678	4.501	1.590	12.312
-0.436	15.686	7.879	2.036	0.715	4.812	4.382	17.260
-1.474	16.132	7.165	1.201	9.463	0.147	0.715	12.403
-1.077	9.882	4.912	-1.126	1.480	3.585	2.041	14.172
-1.509	2.822	6.073	0.554	9.699	3.599	3.910	5.733
0.357	2.359	1.957	-1.273	3.267	4.661	3.698	12.629
-0.167	0.079	0.972	-0.351	6.459	0.627	0.721	10.965
0.409	0.749	4.108	-0.876	9.710	4.004	4.864	5.420
1.183	1.104	1.937	0.179	3.095	2.525	3.792	7.399
0.651	14.115	4.794	0.211	2.104	2.466	0.651	14.291
1.603	14.360	8.606	-0.975	4.813	4.369	0.596	17.743
-0.552	4.894	0.570	-0.861	3.848	4.277	1.201	17.039
-1.386	9.507	7.465	-1.423	0.786	1.297	2.805	7.381
1.164	6.289	0.858	-2.348	8.210	0.814	4.920	10.456
-1.277	13.138	0.251	1.431	2.809	1.228	1.214	10.110
-2.151	18.546	7.055	-0.517	7.576	3.636	3.306	8.533
-1.164	0.947	5.886	2.479	0.443	3.867	2.710	7.083
-0.565	2.951	6.063	0.331	0.191	1.322	1.233	11.248
-0.978	9.391	6.419	0.769	9.129	1.806	1.041	11.969
0.015	12.860	8.167	0.302	0.894	1.581	1.657	9.839
-0.161	15.635	0.561	0.536	9.037	3.077	2.535	19.784
-2.293	8.838	5.024	-0.208	0.202	3.187	2.665	11.003
-0.541	10.352	6.020	-0.193	3.042	2.539	1.523	4.544
0.228	14.945	6.918	0.054	0.795	2.234	4.737	0.430
0.255	9.533	4.514	0.299	9.531	2.058	2.244	11.200
-0.451	12.680	1.260	-0.504	2.050	2.748	2.803	6.201
-0.878	4.514	7.330	-0.938	4.503	2.173	2.394	7.629
-0.136	7.956	0.847	-0.118	2.673	2.370	1.678	3.933
0.763	3.462	1.161	-1.803	7.484	0.766	4.196	15.022
-0.998	13.848	2.337	-0.056	8.671	1.086	1.414	19.610
-0.594	14.909	4.416	0.637	0.983	3.519	2.876	2.496
-0.778	13.595	8.932	0.048	1.022	0.412	1.301	6.855
0.221	9.371	6.677	2.489	8.111	1.704	1.682	1.143
-0.015	8.245	8.895	1.062	7.259	4.638	3.264	16.678
0.921	15.191	2.582	1.545	6.405	0.198	1.252	19.855
0.385	12.079	3.826	0.269	9.679	0.619	2.659	15.644
-0.443	19.584	6.727	-0.005	6.582	3.883	3.293	10.513
1.411	10.533	4.310	-0.366	8.677	3.924	1.566	9.015
-0.986	12.514	9.926	0.799	0.609	0.123	4.595	3.855
0.474	11.017	9.683	2.179	5.590	0.030	4.114	4.889
0.670	18.220	5.263	-0.285	4.065	4.170	1.521	12.383
-1.146	0.120	3.095	-0.750	2.364	1.945	2.590	12.067
-0.566	6.158	5.180	-0.466	0.289	0.485	1.637	2.558
-0.803	19.349	1.586	-0.408	6.286	0.417	4.997	4.834
0.254	0.089	9.045	0.230	8.556	3.577	0.526	8.659
0.957	4.737	1.277	1.046	6.936	2.041	0.352	0.397
-0.815	19.947	9.850	1.158	6.950	0.272	2.574	16.442
-1.302	16.635	5.725	-0.718	6.116	0.149	4.489	4.763
0.454	2.733	4.989	0.096	3.867	2.150	4.000	15.652
-0.931	15.828	7.247	0.698	8.826	4.148	4.020	11.560
0.177	0.487	5.972	-1.764	1.428	1.218	0.148	2.412
0.817	6.444	2.822	0.390	6.768	3.684	4.011	7.504
-0.145	7.353	6.743	-1.295	3.922	1.571	2.289	6.486
1.026	5.442	4.548	-0.599	5.569	0.531	1.046	1.067
-0.065	4.266	9.244	-0.063	8.956	1.091	4.871	8.736
0.648	14.286	5.877	0.878	6.713	0.684	0.652	0.172
0.456	5.580	8.613	0.345	8.050	2.370	1.926	18.813
1.083	18.042	7.272	0.449	9.848	0.257	3.034	3.719
-1.838	17.144	9.759	2.212	4.935	1.933	1.348	11.511
1.003	14.537	0.304	0.394	0.328	1.520	1.682	16.165
-0.084	4.002	3.147	-0.443	1.053	4.138	4.492	16.067
0.789	19.992	2.132	0.004	6.337	2.162	4.874	19.506
-1.684	18.057	6.968	-1.193	1.135	4.798	2.526	11.111
-0.514	5.287	6.635	1.104	9.177	2.025	1.544	16.259
-1.093	15.014	0.990	-0.263	1.983	3.476	0.404	0.087
-0.449	2.542	9.521	-0.454	2.282	2.099	3.604	2.824
-1.733	7.700	2.677	0.719	6.422	4.668	1.075	4.539
0.001	17.495	0.200	-0.380	9.505	0.523	4.105	2.551
1.461	5.016	9.591	0.586	6.882	0.155	2.813	7.210
-0.229	0.481	0.913	-1.315	8.483	3.787	3.748	11.217
2.092	16.755	9.831	-1.876	6.125	3.758	2.163	11.226
-0.666	18.333	1.755	0.169	2.561	3.427	4.816	3.987
-1.020	18.890	5.309	0.189	4.128	1.330	3.174	10.488
-0.359	14.506	5.817	-0.306	4.355	2.328	4.618	18.580
0.135	11.065	1.210	-0.805	4.396	0.504	0.311	4.004
-0.324	15.269	0.599	0.534	2.831	1.167	2.535	19.270
-1.924	11.757	1.426	0.954	9.567	3.009	3.904	8.599
-0.413	2.143	9.341	-1.025	5.438	0.675	4.595	6.701
1.872	5.687	3.015	1.563	5.245	3.684	3.598	7.572
1.734	6.228	1.014	-0.379	2.876	4.746	1.439	18.228
-1.063	13.516	6.558	-0.461	8.091	3.304	4.687	2.981
1.012	2.094	6.792	-1.635	1.740	1.268	3.026	5.179
0.409	12.668	1.557	-0.375	1.545	3.944	1.980	7.820
1.157	18.710	7.517	-1.042	9.577	2.024	2.798	13.323
1.998	15.857	6.108	-0.522	7.937	3.240	1.327	12.292
-0.675	11.647	4.514	-1.082	1.728	1.307	1.859	8.250
2.973	16.603	9.572	-1.289	2.721	4.865	3.680	13.317
-1.275	5.345	5.366	0.978	4.112	3.362	3.801	13.185
-0.268	5.886	3.529	-0.503	8.332	3.070	2.120	10.059
-0.689	17.071	6.704	-0.354	1.410	3.975	1.673	18.005
-0.746	8.522	2.356	-0.019	0.121	2.595	4.336	15.996
-1.261	17.073	6.767	2.964	8.604	2.055	3.481	4.596
-1.296	6.262	6.922	0.273	1.971	0.639	0.559	13.611
-0.184	19.600	2.318	1.674	8.839	3.376	3.779	11.533
-0.598	4.748	2.522	0.383	9.488	2.486	1.137	16.068
-0.491	4.962	3.340	1.736	9.956	1.363	3.406	6.519
-0.071	3.444	4.508	-0.360	7.271	3.551	0.993	15.566
0.921	6.539	9.760	0.037	4.209	4.925	2.229	4.849
1.853	14.470	7.203	-0.330	6.238	2.943	4.800	19.254
-0.483	8.504	6.556	1.106	9.455	3.954	4.213	5.324
-0.052	4.859	3.346	1.611	2.151	0.537	0.779	7.615
-0.598	8.711	5.545	-0.174	1.218	3.135	4.652	13.987
-0.682	18.428	9.131	0.868	9.474	1.428	2.989	9.656
0.656	18.563	5.763	-0.985	6.195	1.830	4.911	12.012
-1.045	3.188	4.901	-0.790	5.469	4.127	4.254	1.902
-1.143	9.440	2.113	0.859	6.216	3.336	1.031	15.912
2.229	12.500	5.349	-1.927	5.135	2.074	1.732	15.362
1.407	13.707	7.809	-0.572	2.299	4.041	2.032	11.153
-1.167	6.350	3.023	-1.026	0.152	3.715	0.638	18.844
-1.101	4.621	2.505	0.886	2.497	4.259	0.080	0.787
-0.726	4.112	3.707	0.608	2.010	0.419	2.714	8.715
0.354	16.742	5.392	0.088	3.759	0.753	2.147	15.110
-0.957	10.246	9.848	0.345	3.937	3.255	4.936	1.306
-0.705	9.572	6.597	0.496	9.180	4.078	2.186	8.658
2.065	12.428	8.962	1.044	7.887	2.639	2.745	15.162
-0.549	2.268	5.318	0.399	1.355	3.982	4.483	7.677
-1.436	13.566	0.603	-0.790	7.746	3.998	1.558	12.303
-1.956	7.193	1.358	-0.151	3.395	0.958	4.230	15.838
1.083	15.220	9.910	0.173	9.969	3.123	2.999	18.382
0.233	0.691	6.651	1.334	7.521	2.482	2.635	9.511
-1.714	4.647	5.801	-1.795	5.786	0.675	3.447	13.388
1.233	2.699	7.210	2.050	8.743	2.396	3.058	11.807
-1.457	0.956	2.722	1.199	2.312	3.637	4.838	7.412
-0.883	6.727	0.873	0.237	8.338	1.328	3.608	3.887
-0.420	8.601	7.566	0.396	5.131	4.837	4.949	7.170
1.670	6.015	1.706	0.707	8.596	4.770	3.175	7.400
-0.157	13.506	1.492	0.929	3.804	2.506	3.110	15.358
0.547	11.818	5.999	-1.004	2.456	0.028	3.185	18.575
1.080	10.810	6.803	1.463	9.811	0.189	0.915	1.743
-0.678	11.253	6.782	0.026	5.417	1.352	3.967	12.461
0.396	5.699	5.966	-0.001	1.080	4.127	3.469	6.520
0.034	1.101	6.778	-0.169	9.556	2.223	2.922	14.420
-1.171	5.231	1.698	-1.345	7.424	0.124	3.152	19.969
0.571	7.163	2.172	-0.631	4.005	4.589	0.120	11.530
2.034	1.566	8.261	0.127	1.394	1.703	4.843	4.546
-2.063	17.745	6.010	0.643	0.602	4.542	3.454	14.750
-0.044	17.272	5.235	0.025	9.585	2.914	4.432	3.344
1.161	7.888	9.454	-0.730	6.210	0.273	3.357	0.939
-0.686	15.737	3.196	1.992	6.087	3.854	1.775	4.329
-0.564	1.821	8.354	0.217	4.499	1.496	3.080	3.253
-0.885	8.346	2.402	0.940	1.427	3.753	2.165	0.898
-0.130	7.416	3.522	1.028	9.256	0.592	3.679	3.716
0.806	11.394	1.089	-0.760	6.858	1.415	0.589	18.406
3.782	13.413	3.745	-0.321	3.039	0.054	0.470	11.679
1.662	18.238	8.627	-1.366	0.586	1.557	0.961	17.015
-0.314	10.494	7.857	0.708	4.353	2.409	2.878	7.204
0.540	3.769	3.234	0.324	9.633	0.950	4.373	18.969
-1.549	6.083	2.880	1.660	3.980	2.484	0.856	6.710
0.111	16.285	8.240	-0.183	2.241	0.789	3.724	9.683
0.921	2.654	4.969	-1.769	2.037	4.824	0.326	8.135
-0.062	14.499	3.818	1.901	6.481	4.918	0.847	7.096
1.237	17.024	0.703	1.021	2.876	3.500	2.504	12.577
1.506	3.546	2.901	1.345	2.158	1.349	0.926	15.436
-1.091	4.923	6.125	0.682	4.989	4.180	4.808	14.183
-0.247	16.653	0.121	-1.302	6.770	1.607	0.986	0.599
0.047	15.145	8.148	0.088	8.692	0.976	3.064	0.629
1.660	6.474	7.859	-0.335	7.857	3.218	4.943	13.708
1.993	19.084	0.362	-0.410	3.001	2.553	0.818	15.050
0.016	2.677	0.561	0.358	2.184	4.570	0.905	9.866
0.304	12.720	3.373	-0.067	1.433	2.190	0.966	7.717
-0.132	13.715	3.681	0.595	9.500	2.838	4.213	1.012
-0.880	10.802	4.494	0.565	0.695	4.555	2.943	8.014
-1.720	2.349	0.269	-1.296	8.966	2.088	0.885	0.033
-0.213	13.442	5.879	-0.367	3.297	2.573	0.545	0.531
0.653	18.882	6.813	-0.205	8.628	4.773	1.426	12.464
-0.821	4.879	8.718	0.154	8.065	2.186	2.771	9.595
1.494	0.097	7.126	-0.216	1.147	3.816	1.046	15.634
-0.934	7.942	3.848	-1.306	2.717	2.648	4.198	0.750
0.734	5.175	7.659	-2.426	4.621	1.599	4.816	18.822
1.479	18.937	1.248	-1.437	2.647	2.476	0.976	0.933
-0.527	13.958	9.721	-1.223	4.845	1.726	2.337	2.368
-0.620	16.829	4.780	-0.496	9.013	1.205	0.201	9.299
0.146	18.764	3.055	-0.086	4.241	0.634	0.104	3.662
1.798	8.168	7.578	-0.444	6.166	4.618	3.913	18.767
-0.289	17.780	8.589	-0.633	5.441	3.005	3.392	19.332
-1.257	1.038	2.836	1.320	2.221	1.962	4.343	7.865
-0.815	17.400	1.634	0.206	9.107	1.192	4.900	14.281
-0.930	4.530	9.501	-2.223	8.885	2.550	2.266	11.900
-0.162	12.610	5.475	-1.387	9.347	2.090	3.379	8.061
-0.071	9.932	9.767	-0.413	0.461	4.209	3.192	4.628
-0.617	6.609	3.895	1.918	7.216	1.533	0.361	19.822
-1.052	6.921	4.937	-0.646	4.123	4.092	0.845	17.497
0.649	2.255	6.419	-1.249	5.625	4.673	2.276	3.681
1.172	7.138	9.410	-0.140	7.195	2.498	1.258	19.410
-0.364	1.462	2.180	1.230	0.378	3.213	0.290	6.829
0.715	1.937	9.323	-0.353	3.765	0.602	4.063	18.259
1.040	0.652	4.963	0.666	0.217	4.740	2.847	2.869
2.253	0.594	5.511	0.355	2.356	4.939	2.518	4.348
-1.041	11.660	6.190	0.642	1.555	3.923	3.850	6.069
-1.925	0.644	4.856	-0.295	9.578	3.174	2.427	3.190
0.287	16.562	3.934	0.925	2.208	4.758	2.497	9.077
-0.552	7.251	6.882	-1.738	8.387	3.748	4.472	11.853
0.454	0.859	9.613	0.061	8.050	2.091	2.344	14.381
-1.596	12.905	9.142	1.061	1.734	4.107	4.223	11.408
2.235	11.132	1.252	0.442	4.465	0.841	0.276	9.001
-0.814	3.157	1.841	-0.830	6.950	4.171	0.039	15.748
-0.111	19.952	5.427	-0.136	4.586	2.034	1.134	1.421
-1.349	3.400	1.378	1.184	8.891	3.516	4.880	10.895
1.689	12.852	3.014	-1.287	1.107	3.653	4.179	10.365
2.441	10.562	9.224	-1.379	1.494	4.811	1.613	9.485
0.048	4.325	1.483	0.817	2.181	4.114	1.930	1.044
0.072	6.007	8.984	-0.735	4.853	3.105	4.478	8.001
0.864	6.153	8.853	-0.658	8.363	1.799	4.070	6.635
-0.187	3.999	8.229	0.055	2.558	4.302	3.314	16.917
-0.344	16.421	7.126	0.087	4.401	2.712	4.081	17.787
0.989	13.574	3.854	-0.262	8.085	1.227	3.777	2.283
0.322	15.134	6.493	0.217	0.439	3.888	1.693	9.274
-1.121	3.734	9.540	0.351	3.517	1.444	3.243	13.038
0.040	13.633	3.417	-2.978	3.112	3.911	4.644	10.965
0.999	19.044	5.409	0.353	1.323	0.934	2.294	3.858
0.391	17.738	2.888	-0.068	4.936	0.917	4.373	11.846
0.480	13.181	4.696	1.026	1.750	3.827	2.357	9.141
1.172	4.036	8.470	0.014	5.704	1.373	0.197	15.798
-0.777	16.102	2.334	-0.433	1.971	4.355	3.107	0.463
0.174	2.934	4.590	-0.452	3.650	1.380	4.497	2.311
-0.879	5.053	8.881	-0.390	1.053	2.904	0.523	4.224
0.383	9.647	3.472	0.007	2.665	0.144	0.511	4.215
2.054	3.826	0.654	-1.319	1.332	3.946	3.236	17.343
0.336	13.821	9.422	1.795	3.039	1.247	4.782	1.895
0.637	18.872	4.214	1.256	0.077	3.182	1.619	10.868
1.608	14.615	3.821	-0.001	2.687	1.070	0.909	19.992
0.716	5.255	6.398	2.153	1.440	2.330	0.168	14.905
1.673	0.256	2.180	0.637	9.745	3.512	4.904	11.251
-1.966	6.384	2.704	0.098	5.630	0.430	3.240	13.786
0.361	18.597	4.894	0.085	3.994	2.815	4.980	3.966
-1.497	6.441	4.354	-0.378	7.070	3.047	1.936	0.156
-0.534	18.993	9.396	0.011	9.951	3.848	4.722	4.503
-2.433	17.463	8.493	0.294	7.892	1.625	3.534	4.401
0.152	6.865	2.763	2.991	5.797	1.812	2.571	3.297
1.613	0.695	7.951	0.357	3.286	3.160	2.144	14.140
0.395	2.421	2.713	-0.630	3.734	2.263	0.438	4.020
0.743	7.976	5.811	-0.764	9.094	0.969	4.517	7.351
1.195	1.811	1.374	-0.519	7.071	4.926	2.542	17.777
-1.394	5.635	7.569	0.437	3.451	0.185	3.179	16.475
-0.406	13.580	5.732	-0.814	9.468	0.784	0.981	10.450
0.837	7.689	7.665	-0.771	8.724	1.383	1.345	13.863
0.289	4.157	5.726	-1.415	3.050	3.553	0.774	10.565
1.013	1.818	0.023	0.920	8.219	4.368	1.981	12.528
0.707	14.697	4.906	-0.744	2.779	1.416	0.447	7.005
-1.428	17.202	0.791	1.714	6.689	2.931	0.822	15.819
-1.758	0.922	4.190	-1.026	1.481	2.334	3.974	6.135
-2.055	19.109	0.298	1.525	3.763	1.652	1.648	11.691
1.910	6.254	8.562	2.200	9.808	3.564	1.247	12.631
0.482	4.418	0.171	-1.748	0.334	3.747	0.436	1.041
2.163	7.541	3.784	-0.821	7.991	4.392	2.332	0.904
0.169	16.929	5.755	0.635	1.964	1.487	3.521	7.890
0.363	13.725	4.336	-3.199	3.823	1.358	3.559	12.811
-0.553	5.299	3.565	-1.281	1.813	0.870	3.737	0.222
-0.951	7.007	6.026	0.051	2.541	0.972	0.421	5.852
-0.608	19.199	8.737	-0.170	6.092	0.729	2.994	6.286
-0.417	4.347	8.068	0.401	2.047	1.701	4.230	6.747
-1.827	1.102	8.188	0.486	5.164	3.127	3.490	18.381
0.967	7.944	5.095	-1.665	3.412	2.783	0.478	11.359
0.656	17.006	0.302	-1.031	8.229	0.416	0.091	7.044
-0.763	8.547	0.109	1.034	1.336	0.627	3.879	17.557
-1.313	17.081	8.433	2.034	0.883	0.457	4.639	4.495
-1.637	6.975	9.789	2.352	2.662	0.869	4.004	3.814
-0.112	9.441	7.751	-0.353	1.276	3.253	1.286	14.235
0.243	10.589	9.782	0.293	7.569	1.581	3.442	14.833
-0.611	17.986	9.017	-0.776	6.687	2.701	1.332	11.664
0.906	2.717	7.825	0.915	0.798	2.111	3.859	13.068
0.875	10.225	3.169	0.440	7.516	3.941	1.775	13.158
-1.471	7.873	7.708	0.895	3.334	3.588	4.415	9.221
-0.344	2.939	9.526	-1.141	3.455	1.342	0.068	0.973
-0.847	14.071	8.686	1.834	0.589	4.504	1.589	10.746
0.101	3.687	4.547	-0.324	3.783	2.354	0.206	12.208
0.261	19.952	6.005	0.651	1.954	1.394	2.220	7.931
-0.317	17.934	1.558	0.391	7.122	2.882	0.027	10.110
0.170	4.035	8.165	-0.025	8.296	0.013	0.782	16.644
-0.115	5.340	4.272	-0.134	7.482	4.074	4.848	0.174
-0.200	5.184	9.512	0.588	1.761	4.846	1.522	9.169
-0.223	19.890	4.922	-0.182	3.690	4.891	4.039	10.752
-2.777	8.434	2.078	0.948	5.280	3.579	4.014	4.953
0.681	3.760	8.504	-0.531	3.637	3.863	3.583	7.707
0.647	2.786	5.635	1.864	2.597	0.980	4.581	17.748
1.869	1.682	8.452	-0.031	1.202	2.573	1.052	18.837
0.537	3.994	2.196	0.597	4.212	0.354	1.663	15.807
-0.808	0.576	2.379	-0.630	3.043	2.466	3.719	3.344
-1.583	11.256	3.329	-1.343	9.705	4.662	0.697	0.790
0.162	18.945	6.605	-0.123	3.688	0.624	1.069	7.162
0.399	11.385	9.163	0.975	4.029	3.374	4.668	12.301
-0.424	4.504	0.001	0.026	1.948	0.185	2.760	17.492
0.883	13.022	4.149	1.221	6.942	1.287	0.480	2.902
0.973	4.185	5.227	-0.977	6.082	2.216	0.740	6.820
-1.788	0.098	9.694	-0.514	1.336	3.629	3.867	8.975
0.856	2.918	0.614	-1.147	7.949	3.013	0.976	13.099
0.997	12.957	7.925	-0.123	6.817	4.655	4.352	17.897
0.062	5.247	3.242	-2.075	5.321	3.176	3.939	13.955
-0.753	5.095	4.823	-0.213	8.312	0.162	1.065	6.115
0.594	8.785	7.219	-0.132	3.811	0.199	2.729	11.326
0.549	8.596	9.898	-0.148	5.591	1.051	1.067	0.049
0.768	19.690	1.800	-0.174	4.592	4.208	1.476	16.902
-1.235	8.283	9.768	1.160	5.913	3.440	4.241	19.107
0.323	11.942	5.582	-1.078	1.384	1.596	4.167	1.225
0.784	7.485	7.386	2.634	9.355	1.965	2.179	19.174
2.241	17.158	6.508	0.473	3.600	3.428	3.291	3.645
0.213	3.302	2.818	-1.568	9.673	1.494	0.806	16.772
-0.475	1.612	9.715	-0.352	2.205	4.282	1.523	8.936
-0.615	18.923	4.230	-1.330	7.096	4.187	3.734	16.789
0.187	15.567	0.670	-0.524	2.973	2.812	3.344	1.664
-0.181	19.650	0.588	0.791	9.325	1.347	0.643	6.268
-0.414	19.690	6.400	-0.865	2.204	3.399	0.466	9.987
-0.295	4.765	8.397	-0.018	3.096	3.933	4.000	1.068
0.292	0.869	1.688	-0.585	7.177	0.434	1.033	11.230
-1.833	7.531	2.437	0.122	7.445	3.460	4.456	13.500
-1.054	12.762	9.576	0.054	3.740	3.477	0.923	3.360
0.331	12.678	7.043	-1.384	9.148	1.420	0.767	10.174
-0.091	11.205	7.217	0.177	5.313	3.193	0.053	7.591
-0.563	3.042	2.915	0.469	1.830	2.167	0.484	7.285
-0.580	15.612	9.441	-2.738	9.031	4.426	3.265	8.401
0.471	19.632	2.388	1.331	7.995	2.830	1.942	8.198
0.738	15.431	7.736	0.513	2.979	3.990	1.200	13.623
-1.610	19.155	2.260	0.050	3.364	0.785	0.658	5.503
0.573	13.751	2.269	-0.183	8.516	0.296	2.813	12.073
0.317	16.305	8.499	-1.161	3.664	4.956	4.803	2.552
-0.347	0.387	3.510	-0.810	8.773	4.484	4.828	8.497
-0.932	9.609	4.399	-1.956	5.853	0.747	0.649	4.437
-0.474	17.637	8.289	-0.038	6.901	4.468	3.639	1.748
2.028	0.023	6.623	-0.671	6.836	3.573	4.248	9.401
0.153	18.342	7.115	1.533	4.666	3.199	0.670	1.522
-1.285	9.843	5.327	-1.912	3.564	1.943	3.274	11.933
-1.144	19.598	2.962	0.343	1.980	2.993	4.772	0.708
-0.065	3.747	1.788	0.402	8.069	2.244	1.023	13.742
-1.904	5.165	4.384	-0.148	0.328	0.438	4.297	2.051
-0.183	2.357	0.898	-1.433	3.310	3.148	1.986	6.476
0.856	12.125	9.637	-0.064	7.215	4.939	4.833	4.975
1.493	5.217	9.945	0.741	7.174	3.356	0.959	9.593
-0.815	0.851	1.859	0.154	7.300	0.587	2.362	7.565
-0.724	12.506	7.385	-0.240	5.058	3.344	4.454	12.439
0.604	4.174	7.624	-0.806	6.772	3.346	1.764	15.043
-0.281	1.214	3.108	-0.798	8.721	0.694	3.792	11.238
-0.195	3.367	9.481	1.657	3.918	4.429	3.573	15.757
0.702	13.351	6.117	0.865	2.344	3.295	4.180	16.418
-1.691	18.883	9.620	0.487	6.913	2.726	1.325	5.229
-1.104	16.424	9.637	-0.131	7.350	1.066	1.196	18.968
-0.330	18.413	5.753	-0.466	9.655	1.850	0.207	2.432
-2.173	8.414	6.489	0.002	8.556	2.574	4.238	2.601
0.882	1.548	3.155	-0.254	7.558	1.047	4.598	8.299
-0.029	9.991	6.272	-0.703	2.575	1.663	1.160	6.930
1.114	17.003	0.003	0.383	9.432	4.020	4.693	14.865
-1.016	14.108	3.667	-0.647	9.861	3.515	1.169	5.516
-0.034	3.524	9.583	-0.647	0.805	0.001	0.282	6.691
1.049	8.211	4.696	0.248	0.171	4.962	0.993	8.057
-0.912	5.703	4.304	1.234	6.967	2.627	4.916	11.135
-0.088	13.300	0.413	0.330	2.222	2.270	2.752	1.506
0.228	15.787	4.641	0.363	6.596	1.799	2.729	7.501
0.266	12.845	4.937	-1.218	2.819	2.714	2.478	15.507
1.108	8.839	7.064	-1.619	6.166	3.715	0.617	6.851
0.267	11.303	0.718	-0.825	1.112	1.717	3.505	14.956
0.103	3.838	9.863	0.367	5.767	1.834	0.244	0.930
0.801	4.869	3.067	-1.403	9.944	0.746	2.628	11.584
1.670	9.550	4.505	0.912	2.111	1.918	1.480	12.296
0.083	13.605	9.927	0.397	5.453	3.728	2.364	12.435
0.767	3.480	4.216	0.491	2.978	0.771	4.621	0.621
1.416	13.358	5.071	1.348	6.820	3.188	1.977	13.753
-0.072	5.880	3.086	0.349	7.555	1.107	0.382	12.215
-0.960	9.281	4.722	1.040	1.828	3.564	1.589	15.383
1.265	7.767	3.102	-0.421	8.992	1.076	2.626	18.543
1.110	1.327	9.970	-0.739	1.553	2.953	2.006	16.921
0.746	6.307	4.781	-0.738	9.195	1.165	0.778	3.735
0.533	14.598	3.614	0.353	3.526	1.334	4.281	13.297
0.631	2.537	5.894	-0.643	3.401	1.830	2.782	10.694
0.176	16.088	8.766	1.858	9.859	1.161	3.414	1.904
-0.611	2.222	2.425	1.099	6.974	4.652	2.338	16.718
0.538	2.118	5.805	0.785	2.821	4.571	4.882	7.151
0.185	19.639	1.221	-0.122	9.309	1.121	1.764	16.975
-0.387	13.679	7.145	-2.429	3.229	1.614	1.922	15.106
0.563	4.544	0.957	-0.432	4.862	1.609	3.481	15.635
1.062	14.291	2.272	0.162	1.253	3.451	4.199	14.334
-1.892	14.818	8.510	0.032	1.686	3.539	0.323	10.942
0.673	10.700	8.364	-1.017	5.804	3.072	4.956	19.064
0.256	2.878	8.441	-1.233	0.853	4.248	1.349	6.294
-0.241	9.521	7.048	1.189	9.254	2.222	0.275	1.742
1.077	11.175	2.842	0.609	2.122	1.006	3.428	6.309
0.706	2.022	9.396	0.096	3.662	1.480	1.583	1.472
-1.426	1.251	2.509	-0.107	1.801	0.242	3.747	2.167
2.390	12.705	9.430	-1.526	0.202	0.157	4.170	15.668
2.036	7.478	5.264	1.406	4.634	4.357	3.124	9.365
8.427	5.406	6.651	0.790	4.879	5.375	4.070	16.471
5.844	9.772	3.215	4.460	5.904	4.571	0.128	12.304
4.750	3.357	7.728	4.302	4.977	3.785	2.899	17.466
1.920	0.122	8.708	3.335	5.548	6.785	0.966	12.116
9.162	13.907	2.970	0.440	5.475	5.489	4.692	19.360
8.359	13.947	9.889	0.895	5.565	4.806	2.197	19.190
6.983	11.047	7.765	3.220	3.848	4.889	0.056	8.003
1.123	6.249	7.019	3.143	6.675	5.925	4.809	4.492
5.797	4.867	4.216	4.696	3.558	5.445	1.040	13.179
2.426	18.657	9.725	2.744	5.926	4.639	3.575	3.674
0.356	12.743	4.683	4.529	4.352	5.910	3.029	8.683
1.546	15.108	4.050	1.121	3.080	7.372	1.621	14.524
2.967	1.761	6.437	0.204	6.342	4.939	2.511	0.396
9.340	12.422	9.011	2.207	5.184	4.732	0.150	4.122
0.005	3.003	4.718	3.981	6.040	3.784	0.222	3.031
1.466	14.111	5.319	1.144	4.280	4.790	2.105	17.821
0.819	2.181	8.456	4.278	5.309	5.171	3.514	12.878
7.447	18.532	7.445	0.744	4.163	7.274	0.843	18.521
0.914	15.559	2.542	0.067	3.908	8.300	3.626	7.116
6.388	13.694	3.159	3.767	6.318	4.184	0.365	10.307
8.243	16.535	3.142	1.425	5.920	5.690	2.796	11.481
4.616	4.801	7.121	0.079	3.605	4.553	4.734	14.574
9.687	2.752	4.100	2.110	6.584	4.805	2.667	2.091
2.958	13.528	1.419	4.065	6.434	5.207	1.017	5.063
8.344	14.426	4.809	3.071	6.937	5.489	0.562	19.184
2.843	11.750	0.769	1.578	4.162	4.579	2.269	10.178
9.927	3.274	5.623	2.682	6.440	6.059	2.213	15.797
8.764	18.360	3.450	1.762	5.656	5.903	4.084	13.669
9.286	6.641	7.855	1.473	3.497	6.133	3.821	11.948
7.546	9.785	9.505	2.361	4.870	6.047	2.322	5.481
2.993	16.201	2.601	1.154	5.968	5.859	4.622	14.491
3.488	3.240	4.927	2.222	3.624	4.561	4.020	18.357
1.022	8.603	4.131	1.075	4.390	5.425	1.785	3.592
9.300	14.348	0.947	1.605	5.306	7.991	3.147	16.968
1.690	15.500	9.907	2.786	5.970	4.213	2.395	3.076
7.661	2.174	5.534	4.417	4.294	4.752	3.959	13.451
3.721	0.968	4.672	2.616	4.554	6.465	1.123	7.166
6.588	5.858	9.483	3.602	6.950	6.348	1.066	8.730
7.491	4.886	0.310	1.561	4.713	5.135	0.628	6.322
2.563	14.039	5.915	3.177	5.064	5.260	4.164	19.941
4.752	3.931	8.180	4.707	4.546	5.136	0.368	16.980
5.369	19.077	0.254	4.061	5.805	3.777	4.074	14.171
0.342	10.309	5.383	1.677	4.205	4.570	1.077	17.450
8.122	11.231	8.114	0.924	5.521	4.579	1.501	5.776
4.928	14.717	0.867	1.117	4.905	5.433	0.460	11.635
5.453	1.727	9.375	3.088	5.376	5.329	3.101	14.967
8.350	2.720	4.086	0.084	4.509	5.407	3.227	18.508
4.632	10.680	4.373	2.674	6.584	6.438	0.299	13.343
4.999	18.910	3.125	3.773	6.533	4.346	4.312	9.522
0.688	18.075	0.833	3.419	5.362	3.926	2.834	10.068
5.778	2.742	2.606	4.904	5.306	4.127	2.045	19.691
1.644	2.696	8.778	0.325	6.084	5.800	2.740	0.015
7.200	17.785	7.494	1.581	6.027	5.898	1.869	16.508
2.763	19.768	7.290	0.067	4.911	6.064	2.924	13.117
5.457	4.731	7.300	1.809	5.790	5.370	2.925	18.020
5.366	11.139	8.293	0.553	4.323	3.583	4.442	5.397
4.160	3.678	8.000	2.060	5.342	4.533	4.756	6.829
0.394	8.945	1.730	0.882	6.861	7.152	1.994	17.651
0.024	14.007	0.341	4.948	3.799	6.525	0.381	17.839
4.381	4.450	8.857	3.536	3.992	4.311	1.530	10.171
6.150	7.023	2.947	3.260	4.812	6.863	2.976	8.276
0.378	17.751	5.202	3.752	4.135	4.750	2.884	4.261
0.020	4.164	6.783	0.715	4.356	6.189	2.342	14.305
2.926	6.640	3.572	0.853	4.678	5.356	2.049	19.912
4.774	15.613	6.113	0.042	6.151	3.793	3.552	13.972
5.187	8.111	9.704	0.431	5.982	4.055	3.457	2.099
2.571	17.357	6.741	2.985	4.238	5.050	1.509	9.938
4.319	15.960	4.890	4.892	4.994	3.551	4.161	16.893
9.361	0.800	9.927	3.572	5.364	6.562	4.741	15.145
0.617	9.186	7.551	1.178	6.430	6.225	0.024	12.552
8.040	1.289	1.271	1.137	4.209	5.911	0.951	6.623
9.557	7.386	8.998	1.882	5.157	4.867	3.241	13.104
9.952	1.961	1.950	0.975	3.477	3.775	1.128	19.228
2.409	13.017	8.176	2.840	3.348	4.984	0.984	0.003
9.665	16.396	8.298	0.581	5.076	6.678	4.019	1.717
4.991	15.343	2.082	0.165	5.888	5.090	0.969	14.752
8.196	17.822	8.274	3.107	4.303	3.537	3.679	14.960
9.372	16.210	5.088	2.526	5.149	6.078	1.560	12.402
6.522	12.804	8.601	3.134	5.562	5.513	2.683	9.800
8.610	11.616	3.874	3.317	5.911	4.365	3.154	6.611
6.818	17.718	7.313	1.227	6.644	5.933	1.329	14.303
4.607	12.148	1.638	1.272	6.379	3.757	0.702	18.775
6.213	7.839	9.487	3.721	4.783	4.568	1.960	7.227
2.800	5.958	6.065	3.181	4.684	4.112	4.113	12.509
8.339	6.610	6.181	0.070	3.500	4.333	4.406	10.581
0.939	16.525	7.326	4.369	4.069	2.805	1.206	19.617
8.084	11.511	8.196	3.373	4.277	5.845	1.954	8.438
4.481	5.938	7.209	0.773	5.184	6.081	3.822	10.196
8.563	3.400	2.237	4.552	6.327	5.106	2.179	2.995
5.864	17.936	0.557	3.874	3.089	5.966	4.375	19.399
0.718	19.234	3.891	1.774	3.149	5.877	3.895	16.539
3.927	0.987	8.901	3.047	5.363	3.550	3.965	12.295
0.470	16.135	2.517	1.319	4.795	5.115	2.965	9.080
6.132	4.408	3.041	1.287	4.831	7.425	0.196	7.298
2.773	11.253	0.312	0.220	4.709	3.358	0.184	3.628
2.418	15.449	4.275	3.056	6.764	3.321	3.240	10.909
6.352	5.830	0.999	0.111	5.188	6.969	2.341	19.892
3.397	18.479	5.360	3.910	3.898	5.956	1.272	9.531
4.490	13.310	0.183	3.887	4.996	6.059	3.539	8.445
0.910	0.984	9.727	4.027	5.852	4.282	2.941	14.531
1.958	4.426	9.971	4.560	4.508	6.497	0.558	6.832
2.146	3.701	4.886	3.282	4.689	4.876	3.116	16.415
0.022	5.456	9.579	4.269	5.135	3.652	0.332	11.929
6.882	12.355	8.694	3.787	4.561	5.366	4.851	3.863
4.450	16.537	8.568	1.230	4.219	4.568	4.984	16.208
5.247	17.965	3.650	2.873	4.899	5.105	1.841	18.170
2.176	17.660	9.469	4.266	5.199	5.594	3.371	5.442
8.634	3.510	2.848	2.915	3.813	3.825	1.688	14.826
4.731	6.826	3.474	0.842	5.112	6.371	4.957	9.433
2.184	6.380	6.325	4.881	4.665	5.598	0.564	1.523
9.711	2.799	4.315	2.850	4.396	5.946	3.479	17.600
1.229	4.185	6.191	0.589	6.448	4.929	3.845	2.978
8.875	12.633	8.016	0.759	5.073	4.472	4.835	4.393
0.081	10.086	8.919	2.690	5.093	5.772	2.590	2.379
6.779	9.941	9.457	3.132	6.253	4.630	4.531	13.977
2.862	15.745	6.794	3.872	5.127	4.529	3.454	1.209
3.667	13.079	7.453	0.854	6.748	6.021	3.755	8.090
8.357	16.686	1.556	2.809	5.912	4.060	2.892	9.728
3.215	2.881	8.766	2.063	5.197	3.703	3.147	16.081
5.424	4.425	8.168	1.703	4.693	5.176	1.824	11.943
0.990	19.850	7.937	2.883	5.259	5.609	4.198	9.029
4.906	3.062	2.933	3.986	3.946	5.082	3.324	3.645
8.985	12.430	0.774	2.438	3.277	4.826	1.550	2.570
7.570	11.971	1.198	1.096	4.386	4.200	4.394	2.180
3.508	2.594	3.978	1.871	5.319	5.527	4.114	16.993
5.318	14.681	1.635	0.979	3.550	3.065	2.358	12.570
3.755	18.745	0.634	1.667	3.941	6.865	1.610	18.408
0.940	12.050	1.794	4.203	3.933	4.446	2.356	5.217
2.877	15.610	3.463	3.472	6.019	3.792	1.786	4.865
2.327	19.723	2.188	3.471	6.042	4.843	3.127	2.937
0.993	6.328	3.811	4.007	6.446	5.891	1.173	17.095
1.238	13.763	8.273	2.288	3.632	3.061	3.230	17.423
9.460	8.369	2.885	1.363	3.865	5.259	3.186	19.688
2.465	18.033	5.569	4.266	6.075	2.761	3.588	3.260
2.776	1.616	6.551	0.185	5.715	5.201	0.317	7.219
4.036	0.025	0.134	2.969	5.117	4.583	2.913	12.344
4.528	5.294	0.797	3.600	5.487	5.226	0.546	17.248
7.692	15.476	8.151	4.010	5.709	5.828	4.929	15.134
4.042	13.089	8.643	0.338	5.132	5.563	4.682	15.993
7.709	0.301	4.973	4.420	4.639	5.356	0.371	3.827
8.565	1.717	7.333	3.192	4.008	5.933	2.684	10.650
1.670	7.232	7.423	4.639	5.872	6.233	0.158	9.183
1.843	1.995	4.285	4.821	5.214	6.195	4.274	9.103
6.357	11.555	4.858	1.253	4.907	5.811	3.306	12.895
3.184	19.092	9.303	1.684	4.117	5.099	4.877	0.023
2.575	13.659	3.208	0.083	6.745	4.662	3.761	4.345
1.455	8.040	2.932	0.944	6.202	7.048	1.797	18.326
1.154	5.562	4.546	4.913	5.313	7.747	0.560	15.528
4.475	0.784	1.642	0.181	4.972	4.485	2.026	11.496
4.900	7.590	7.946	0.512	4.850	5.265	0.008	4.077
5.062	9.195	4.222	4.918	5.356	5.282	3.581	17.626
2.361	15.816	8.267	2.601	4.009	6.095	1.295	1.272
0.007	14.737	3.892	2.858	5.817	5.433	4.988	12.356
6.632	3.808	0.260	0.780	4.480	4.132	0.802	4.144
1.397	18.943	1.303	1.425	5.030	4.860	1.301	8.395
0.255	16.729	6.586	0.465	6.041	4.262	0.456	8.532
5.460	7.576	9.497	1.188	5.731	5.385	0.043	1.198
5.677	1.296	9.412	1.577	4.050	6.430	3.189	10.381
7.061	0.271	2.265	2.422	4.418	6.563	0.088	6.477
4.936	7.826	8.196	0.749	4.876	4.156	3.700	14.181
7.424	4.873	4.687	4.220	4.390	6.128	1.226	9.889
7.172	19.511	5.449	3.499	3.692	4.443	0.115	9.378
8.617	16.458	8.612	2.354	3.022	3.574	3.930	14.873
3.398	2.209	1.488	2.090	5.495	5.526	3.443	1.771
1.163	7.268	1.621	4.092	4.598	2.431	4.836	8.245
3.879	5.986	3.496	2.494	3.563	4.537	0.883	5.138
5.586	18.258	9.937	3.628	4.629	6.639	0.436	14.629
0.381	0.957	7.930	2.973	6.059	5.818	2.083	2.091
4.696	14.224	4.015	3.051	4.915	5.106	2.700	18.372
3.107	6.866	2.747	1.265	4.322	4.751	4.370	4.823
8.628	1.343	7.213	3.816	5.324	4.716	3.170	11.626
1.666	5.107	9.400	4.425	4.913	3.041	0.513	15.016
0.554	0.898	7.379	2.998	4.664	4.684	4.735	14.252
9.390	17.204	0.451	1.893	4.575	3.966	4.910	16.295
5.482	19.123	5.248	4.458	3.620	4.482	4.080	8.008
4.787	17.059	6.839	2.420	4.761	6.635	4.989	2.351
6.183	17.079	8.009	4.480	5.069	8.396	2.514	7.301
3.327	5.470	3.128	1.761	4.122	4.413	3.570	5.876
3.622	5.424	7.421	1.998	5.291	5.010	3.489	17.528
1.750	5.983	5.066	4.080	6.830	6.355	2.780	15.969
6.431	5.642	2.035	2.868	6.127	5.984	3.299	3.431
4.744	11.998	2.009	1.376	5.511	5.069	4.566	8.619
5.855	19.142	0.596	4.996	4.207	4.793	2.580	10.134
3.279	7.251	1.403	0.462	7.080	5.868	2.205	5.150
2.455	2.433	0.300	3.760	5.524	4.886	2.217	16.196
1.187	12.922	3.644	4.817	4.396	4.455	2.130	14.289
0.203	17.604	1.916	3.002	4.211	4.499	1.606	15.898
4.141	1.485	2.980	1.049	4.073	4.743	1.823	13.073
0.727	1.989	4.196	2.944	4.338	5.555	2.858	16.093
5.436	6.346	5.816	2.561	5.422	5.995	3.207	11.377
3.260	10.432	5.355	4.142	5.342	4.588	1.689	1.413
7.476	16.279	3.138	4.136	5.835	6.279	1.629	12.138
3.885	9.964	3.207	4.207	4.091	5.832	1.850	18.966
4.603	11.880	7.565	1.597	5.354	3.844	3.188	12.035
8.552	5.007	3.620	0.484	4.291	5.647	0.148	0.838
4.912	16.550	2.298	1.646	5.457	6.948	2.745	13.459
8.277	12.662	2.613	2.436	4.659	4.091	4.605	1.013
3.056	8.205	3.236	1.014	4.045	5.471	0.418	0.749
4.597	2.759	9.741	4.932	5.732	4.942	0.142	10.104
1.784	5.500	8.216	2.503	5.504	6.027	2.864	1.484
4.964	19.142	9.650	4.401	6.148	5.452	0.568	13.330
1.644	3.914	6.931	2.929	5.928	4.149	4.794	1.393
3.071	6.768	2.968	4.417	3.344	5.278	2.644	6.992
7.922	14.028	3.480	1.539	5.139	3.088	0.320	4.251
3.497	8.622	6.320	1.867	4.511	4.191	1.407	12.636
0.108	17.162	2.112	2.029	5.276	3.846	1.287	16.603
4.880	14.467	3.276	3.924	6.689	6.476	2.429	3.969
7.005	2.641	0.848	0.836	5.137	6.399	4.054	17.263
3.602	5.169	8.031	3.172	5.280	6.425	4.089	6.210
2.250	9.075	2.781	2.565	4.484	6.152	0.095	18.092
7.657	16.654	3.534	1.526	4.930	4.588	1.313	1.294
0.667	2.899	6.299	2.575	6.219	3.793	0.425	15.156
5.477	2.136	8.351	1.509	5.933	4.217	2.606	10.411
5.408	19.933	4.461	1.581	4.829	3.406	2.269	5.583
0.282	17.486	5.259	1.591	2.970	4.332	4.237	18.114
2.811	15.278	2.482	1.283	5.451	5.634	1.409	19.927
1.857	17.999	7.807	3.014	5.283	6.515	1.197	17.789
3.525	14.225	8.957	2.845	5.459	5.575	3.103	5.389
5.645	19.300	7.865	0.231	6.350	5.828	2.893	7.283
9.553	17.156	5.966	2.477	5.683	4.212	0.092	3.692
6.206	14.627	2.283	3.754	5.648	4.547	0.654	17.839
8.285	10.327	0.357	4.302	3.894	5.596	2.803	14.227
6.070	15.317	9.957	4.786	5.572	3.215	0.587	17.222
8.358	10.646	3.505	3.006	5.655	5.293	0.502	18.937
6.304	19.401	2.644	2.615	5.003	6.129	3.572	16.312
5.398	18.338	2.207	4.264	4.932	5.705	0.599	5.243
7.386	19.532	7.200	1.781	4.578	5.691	4.221	0.847
8.920	15.190	3.421	0.944	5.507	7.594	0.226	3.554
4.301	7.158	6.562	1.747	3.401	4.553	0.960	6.839
7.382	6.196	4.236	1.387	3.891	5.578	4.382	7.281
5.902	2.546	3.475	4.661	5.811	2.789	1.244	8.151
6.915	13.122	1.823	0.442	4.295	6.258	1.827	6.688
9.756	4.797	0.383	1.799	5.310	4.552	2.826	19.508
8.329	6.216	0.372	0.559	3.970	6.047	3.208	8.380
3.182	1.001	0.172	3.460	3.672	5.080	1.719	5.428
9.646	8.224	5.851	4.159	6.204	3.424	3.779	11.799
3.568	0.037	2.072	2.535	3.842	3.726	3.909	1.010
2.597	7.436	3.945	0.993	7.406	5.411	4.831	10.205
9.968	1.700	6.441	0.437	6.398	6.003	2.657	4.558
6.971	9.477	7.204	4.883	3.675	5.113	0.430	7.471
5.958	6.276	1.291	4.830	6.318	5.414	2.542	7.001
8.425	12.717	2.183	3.672	5.185	6.815	2.465	11.522
0.249	10.597	7.058	0.699	4.963	5.346	1.960	5.342
2.338	11.860	1.599	0.060	5.940	4.487	4.999	0.027
9.354	8.479	0.936	1.902	5.759	3.965	1.017	18.703
2.310	1.437	3.728	1.295	4.723	3.704	2.270	13.770
8.699	12.582	5.208	3.830	4.986	4.018	4.218	17.113
4.006	13.496	1.056	1.951	4.072	5.344	0.343	5.396
2.208	11.293	8.368	4.538	5.346	4.380	0.262	3.610
2.854	3.642	5.616	0.893	3.911	5.417	1.718	19.159
7.499	3.768	5.297	0.017	5.924	4.331	4.409	10.965
2.958	12.542	4.251	4.329	4.102	4.714	3.764	9.849
1.335	2.656	5.256	2.858	5.532	5.548	3.582	12.104
4.981	2.267	5.852	0.920	5.314	7.147	3.175	2.062
6.661	17.996	6.120	4.488	4.930	5.680	4.231	5.407
0.435	17.538	0.997	4.383	5.530	7.632	0.253	12.766
7.059	2.007	2.116	1.274	6.086	4.668	0.699	5.066
8.489	13.212	3.880	4.838	6.449	4.577	2.072	4.420
3.677	6.878	2.767	1.175	3.516	4.626	1.615	11.931
5.411	19.029	0.836	0.830	6.071	6.058	3.941	16.089
2.966	19.177	0.012	0.706	7.093	5.256	3.514	7.656
0.237	2.123	9.849	4.252	4.220	4.092	4.953	17.402
6.752	6.327	1.331	3.257	3.222	4.998	0.754	3.314
9.880	11.755	2.768	3.130	4.805	6.645	0.823	14.502
6.505	5.274	6.422	0.987	5.111	5.209	3.380	12.126
1.141	3.218	9.012	4.675	5.463	4.752	0.303	12.310
1.082	13.051	3.627	2.241	5.927	4.650	2.665	0.057
7.680	1.450	3.731	3.261	3.892	5.275	1.915	12.750
9.013	13.076	5.404	3.545	5.184	6.031	4.824	16.449
8.496	16.557	4.825	0.397	4.471	4.602	4.739	0.963
0.698	10.535	0.837	0.050	5.483	5.074	0.268	12.140
4.909	15.629	9.342	0.374	3.937	4.609	3.959	17.810
2.194	13.251	0.455	4.331	6.143	4.382	2.735	15.235
8.193	9.373	9.773	4.565	3.605	5.836	2.816	4.004
9.972	18.022	7.830	0.861	5.990	4.420	0.043	10.260
6.485	5.645	3.924	1.740	3.727	4.756	2.825	0.699
2.358	11.749	2.750	4.307	3.553	6.703	0.968	4.831
7.237	3.142	5.665	2.090	5.698	4.112	2.793	11.067
6.086	16.791	7.724	0.276	5.118	5.138	4.378	15.273
2.780	13.984	3.672	3.274	3.500	6.251	4.007	4.103
2.295	5.684	5.728	0.035	5.745	5.109	1.288	10.575
4.538	11.728	0.311	2.045	4.485	5.646	1.001	11.913
9.339	4.917	7.084	1.601	3.832	6.441	1.615	14.115
4.460	5.509	6.118	0.952	4.242	4.457	4.014	7.091
9.511	3.664	5.947	3.268	5.309	5.586	4.025	8.452
6.198	2.851	0.351	2.880	4.429	5.232	0.717	12.799
2.579	18.511	0.868	4.532	5.259	5.528	2.644	10.350
9.815	10.916	7.093	1.961	5.325	7.328	2.388	16.665
6.541	15.426	1.767	4.897	4.065	6.225	2.060	4.864
4.947	10.659	1.471	3.224	3.849	4.827	1.359	4.406
2.253	18.360	5.908	0.990	5.220	5.908	4.184	3.929
8.550	8.560	9.860	0.621	5.491	6.416	2.185	8.016
5.664	6.660	7.094	3.222	4.223	5.461	2.132	13.810
0.402	4.572	9.181	4.064	3.063	5.273	0.282	3.960
9.610	3.513	5.612	1.177	4.759	6.272	2.757	13.455
6.265	5.342	3.958	3.076	5.871	4.646	0.316	5.404
8.521	18.865	3.861	2.121	4.820	5.167	1.165	0.881
6.473	19.947	9.123	3.231	5.895	4.313	2.460	5.537
1.204	12.068	4.392	2.332	6.042	3.831	2.560	2.459
5.242	15.937	3.040	3.128	4.409	4.980	3.830	5.478
0.940	3.543	6.137	4.228	4.245	2.655	1.407	15.458
1.653	2.274	3.145	1.851	4.116	4.422	2.070	17.804
6.189	7.841	0.991	4.822	3.907	6.702	1.711	9.054
3.970	14.563	6.857	1.901	4.462	3.986	0.922	7.799
3.180	17.438	5.640	2.408	4.612	4.752	3.111	10.055
2.797	11.287	5.266	3.111	4.234	3.856	0.290	2.459
0.427	8.119	0.128	2.450	4.164	4.780	1.655	3.770
7.979	13.943	1.864	1.922	3.964	5.470	2.724	11.681
0.831	9.146	6.815	3.495	4.199	5.198	3.032	15.700
7.839	0.913	1.483	0.153	4.759	4.544	0.403	13.657
6.612	8.660	7.137	1.504	4.346	6.330	4.330	16.127
8.377	2.666	8.174	0.395	5.182	4.393	4.979	7.125
9.328	16.444	0.495	2.861	4.336	4.794	3.221	2.937
8.879	12.661	1.616	3.173	2.357	5.047	2.756	17.760
6.867	3.482	3.063	0.622	5.055	4.332	4.790	14.823
8.453	17.970	6.921	4.964	5.359	7.416	4.885	11.491
6.793	8.080	6.029	3.671	5.535	3.935	3.943	4.597
6.379	10.480	9.515	2.397	5.554	5.611	3.643	17.858
3.846	3.442	1.459	3.952	4.148	5.151	3.873	4.345
2.171	15.975	2.777	1.186	3.163	5.189	1.866	9.194
3.176	8.266	5.774	1.452	4.539	5.386	4.317	5.037
7.751	4.568	4.370	4.520	5.845	3.693	2.269	16.250
2.806	16.708	1.598	3.215	5.107	4.058	2.088	5.921
8.932	17.899	4.383	3.800	5.730	5.366	3.819	10.050
0.475	8.439	4.162	2.298	5.043	5.374	1.044	17.083
3.482	14.128	4.094	0.561	4.152	3.109	2.549	18.038
6.622	18.723	5.132	1.899	5.499	5.679	3.000	14.104
5.532	8.074	8.693	3.529	5.732	6.052	3.668	10.950
8.067	13.103	5.081	4.136	4.362	4.619	1.756	1.326
1.923	8.814	9.518	4.162	7.180	4.878	0.051	17.430
9.139	3.371	7.992	4.253	3.370	4.629	3.585	17.653
2.061	7.466	5.738	0.160	5.111	5.136	0.649	19.085
1.980	14.720	8.841	3.490	5.221	4.016	3.835	1.498
8.245	6.256	1.530	3.517	3.221	5.015	0.205	16.941
6.026	0.379	7.836	4.877	4.038	3.561	3.452	18.468
9.252	14.818	0.493	2.513	3.093	5.203	4.674	12.776
7.382	10.358	6.487	3.060	4.236	5.903	1.324	7.825
0.282	4.939	1.431	3.371	4.945	5.443	2.319	18.937
0.906	5.596	2.793	4.801	3.982	6.058	2.846	5.764
6.660	6.342	3.144	3.076	5.710	4.061	1.496	12.407
1.848	15.947	5.425	1.912	4.658	6.814	1.547	0.742
8.443	0.241	5.162	4.387	5.866	6.269	4.876	3.097
8.104	10.245	1.331	2.528	5.594	5.332	1.851	18.891
6.357	9.099	8.627	0.874	5.506	4.552	2.645	3.056
1.865	14.609	7.137	2.495	4.110	4.973	3.946	2.723
8.276	17.330	3.189	3.479	6.321	5.815	3.297	0.453
9.938	4.131	0.460	1.089	6.656	6.094	4.742	19.490
4.780	3.208	5.918	4.745	5.332	6.202	4.587	19.578
9.387	15.444	6.518	1.493	3.718	7.845	1.443	9.276
0.725	18.884	4.582	3.363	5.324	4.528	4.089	4.410
9.332	8.932	3.372	3.256	4.138	5.588	1.919	15.318
0.520	9.425	1.351	2.091	4.969	6.322	4.116	16.664
4.742	17.621	9.385	4.241	3.881	5.996	2.941	19.021
2.358	12.887	4.290	4.499	6.447	4.723	3.985	1.535
4.936	17.605	6.855	4.481	3.157	3.975	1.749	14.300
3.666	3.772	0.030	1.405	5.629	4.252	3.785	6.492
1.983	12.473	4.152	2.511	3.743	6.149	2.307	4.675
9.728	11.931	0.737	1.669	4.837	4.755	0.115	2.479
7.440	17.089	5.683	3.169	5.354	6.650	1.397	14.819
6.384	12.285	3.022	1.273	5.086	4.988	3.433	17.414
8.622	10.744	1.498	4.162	4.655	3.751	3.712	14.099
1.551	7.406	0.022	4.654	7.013	5.039	1.772	10.010
7.208	12.916	5.695	2.710	7.211	3.153	1.040	16.296
7.373	4.555	5.345	0.537	4.044	5.544	0.393	5.948
0.632	19.804	4.127	1.485	5.594	4.922	4.137	5.865
7.738	11.194	0.607	0.396	4.018	6.116	3.067	19.944
1.468	15.204	6.139	4.940	6.160	5.002	1.413	11.614
1.697	19.259	4.181	1.191	6.478	6.677	2.820	4.903
5.892	10.712	7.177	2.032	6.657	6.053	0.027	14.304
0.239	16.155	9.292	4.736	4.769	5.083	3.537	4.174
8.149	10.013	1.990	0.971	4.405	4.757	3.683	17.921
3.304	1.388	3.645	4.388	3.807	5.602	3.612	2.639
7.078	8.666	2.154	2.550	4.981	5.510	2.569	4.672
6.435	17.356	6.077	2.990	6.284	4.957	3.343	10.240
5.364	3.163	3.716	4.339	4.537	6.002	2.112	5.693
1.925	3.527	1.841	1.932	3.059	4.762	4.234	10.615
1.438	13.052	8.157	0.562	4.378	2.987	3.536	0.244
8.682	9.431	1.323	1.816	3.996	4.408	0.809	2.236
0.957	1.062	8.906	1.493	6.849	3.302	4.017	7.459
2.917	2.576	9.160	0.010	5.732	4.609	0.062	3.088
9.246	4.181	9.060	0.495	3.732	3.966	0.623	8.311
0.166	13.452	9.744	3.279	5.570	4.279	4.253	3.600
2.180	12.471	7.805	4.141	5.535	4.330	2.666	12.138
5.806	13.058	9.223	2.741	5.931	5.981	0.412	3.461
8.487	14.508	9.008	2.905	5.278	4.727	4.496	19.037
9.186	11.408	2.705	0.089	3.351	5.290	3.935	2.387
9.928	13.457	0.049	1.228	6.113	4.719	1.811	7.042
7.843	1.943	5.323	3.262	4.240	7.286	0.922	13.775
5.181	5.466	7.605	0.298	4.505	4.693	1.477	1.695
1.409	8.346	1.128	0.191	5.344	4.597	3.708	11.839
3.003	16.403	4.270	2.854	4.616	4.097	4.522	17.334
6.623	15.719	1.264	1.253	5.401	6.013	4.666	12.379
0.623	9.908	4.494	2.083	4.900	4.648	1.880	8.637
0.157	15.031	0.164	3.729	6.319	5.577	2.674	11.652
2.243	19.485	6.943	4.535	4.915	4.827	1.167	6.754
2.382	10.649	4.060	0.525	6.125	3.007	3.381	2.053
2.952	16.600	7.221	1.462	4.811	5.058	1.286	5.257
4.542	5.952	4.788	4.607	6.113	4.634	0.996	4.780
4.253	19.750	5.365	1.756	5.604	4.703	3.908	10.516
1.897	12.259	4.162	1.699	3.395	5.991	4.515	3.091
3.060	12.561	2.840	3.883	4.911	4.616	3.127	8.123
2.521	16.847	3.162	2.998	4.536	6.676	0.829	12.895
2.327	14.700	3.039	2.597	3.602	5.342	2.195	6.635
2.267	15.132	1.729	1.091	4.181	4.438	1.528	12.650
6.863	4.505	6.933	1.661	4.333	4.968	2.889	9.503
5.029	12.120	4.500	2.450	4.275	5.080	1.476	6.432
2.176	6.100	9.380	3.891	5.338	5.060	3.775	14.924
0.891	10.447	3.528	1.506	5.119	7.495	0.461	0.027
8.138	13.607	1.725	0.359	4.358	2.997	4.234	10.047
1.787	5.712	3.713	3.547	4.446	4.113	3.348	6.076
4.268	5.592	8.209	3.001	5.243	6.577	0.017	8.206
9.971	0.031	9.842	1.536	4.431	5.246	3.273	7.213
7.569	10.763	2.859	4.575	5.216	5.190	4.882	10.276
8.376	0.822	8.469	2.127	4.458	5.226	0.383	15.450
5.409	0.347	4.739	2.679	2.797	5.621	3.805	11.430
0.928	16.343	6.109	2.209	5.584	5.851	0.837	1.815
9.425	0.880	7.782	0.102	5.785	5.172	1.380	18.973
6.135	5.295	1.120	1.505	5.063	6.591	1.768	17.790
4.407	16.478	0.378	2.060	4.328	5.542	2.895	5.451
3.038	11.351	7.190	4.112	6.502	6.216	0.438	13.055
8.474	14.874	4.255	0.291	5.754	5.066	4.490	16.272
6.866	15.475	1.696	2.073	5.003	4.829	1.340	9.841
0.319	7.078	8.481	4.742	4.987	4.233	4.411	13.487
4.058	10.339	6.521	0.283	4.006	6.185	4.121	12.776
1.681	11.281	3.168	4.236	5.665	4.595	3.090	19.533
1.338	18.605	6.894	1.905	5.304	5.393	2.589	15.735
4.345	16.150	5.685	3.173	5.271	5.851	1.601	13.437
6.955	19.067	2.353	3.222	6.281	5.006	4.272	16.225
3.627	6.077	0.730	1.679	5.001	4.162	4.850	6.804
8.096	18.891	2.891	0.770	4.316	5.281	1.299	13.074
5.472	17.791	8.068	2.255	5.148	3.769	4.577	12.531
4.205	9.833	3.860	2.353	5.614	4.996	0.746	7.299
1.478	8.162	3.069	0.249	4.302	5.115	4.005	8.456
2.253	11.796	6.895	2.193	6.768	5.126	2.612	9.280
6.783	9.183	2.008	2.071	4.548	5.600	1.057	9.020
0.169	14.088	0.482	4.929	5.469	3.502	0.561	7.426
9.235	19.184	8.325	2.515	5.312	4.108	1.310	13.138
8.172	15.611	6.578	0.292	7.039	6.129	3.028	3.887
7.355	15.099	9.415	0.461	6.007	6.159	3.968	5.473
2.625	16.010	5.652	1.316	2.641	4.436	0.423	18.770
7.872	16.370	2.317	0.020	5.426	4.904	2.066	4.862
8.109	15.078	1.062	1.016	6.737	4.736	1.798	19.542
9.297	19.999	4.143	2.657	3.341	4.118	4.841	15.916
0.195	1.154	8.124	0.777	6.204	3.968	3.018	11.137
4.307	0.537	0.485	2.544	5.608	5.293	2.912	13.657
4.553	3.201	5.207	0.912	4.162	4.716	3.228	14.749
5.986	1.741	3.822	2.958	4.284	6.444	1.245	2.642
1.202	0.510	3.638	1.706	5.934	5.018	2.001	13.898
7.235	11.007	5.217	3.636	4.656	5.062	0.733	5.126
0.196	9.440	1.821	0.569	5.625	4.769	0.903	2.077
0.430	10.720	3.552	0.993	4.156	4.760	0.851	12.761
6.137	9.016	2.204	0.442	5.691	5.229	3.880	14.340
2.898	2.168	8.676	4.535	4.795	6.193	3.755	2.170
5.693	4.242	5.566	1.458	5.111	5.074	3.317	16.965
3.375	4.465	7.020	1.771	3.891	3.349	4.080	12.965
3.123	9.194	2.160	2.378	4.400	5.815	1.083	2.281
9.912	18.931	1.009	4.082	5.920	5.158	2.743	19.046
5.104	15.736	0.384	3.469	3.780	5.600	2.204	13.883
0.591	14.230	7.736	1.169	6.308	4.459	2.168	9.714
2.327	17.562	4.569	0.796	3.731	5.412	3.961	2.973
9.750	15.585	2.658	0.502	2.980	5.708	2.603	1.187
7.247	10.954	0.605	2.337	4.670	4.098	3.471	10.784
7.728	13.109	3.480	1.464	4.719	3.746	2.650	6.052
5.350	10.364	3.690	0.786	5.011	5.735	4.674	9.672
4.941	9.601	7.931	2.928	6.374	4.177	4.142	9.740
3.884	11.911	8.995	0.311	3.780	4.193	0.795	13.840
0.459	10.855	5.905	4.144	4.038	5.959	0.256	6.764
7.096	8.381	7.626	4.474	4.785	5.269	3.343	16.652
6.562	12.206	2.012	3.600	4.043	6.736	3.826	8.106
7.085	19.748	7.605	4.337	4.544	5.628	2.831	9.589
9.167	6.726	9.654	1.026	6.201	4.529	0.251	18.279
2.679	5.205	1.041	3.917	4.376	5.489	3.600	7.801
1.053	16.901	1.800	4.323	3.921	5.310	2.977	8.800
3.098	0.493	4.774	2.840	4.771	5.013	2.192	8.761
5.797	17.132	9.095	3.877	2.896	5.790	2.306	1.619
0.674	7.922	7.808	4.088	2.690	4.697	3.410	14.958
4.612	12.385	5.088	2.423	5.293	3.327	1.227	0.563
7.185	12.331	8.593	1.037	6.018	4.056	3.231	14.645
5.046	12.709	6.105	4.587	5.050	5.084	0.865	17.628
6.012	17.731	1.024	1.484	4.464	5.752	3.453	6.319
2.834	3.847	4.606	2.507	5.057	4.191	4.564	2.771
8.777	11.014	6.898	3.670	5.434	5.525	0.897	4.926
3.988	14.179	4.303	1.757	5.587	6.003	2.271	3.757
5.618	11.189	6.363	1.986	3.622	5.774	4.573	10.501
5.568	19.250	5.621	1.802	4.808	3.807	3.063	10.459
6.729	11.806	1.417	1.847	5.618	5.284	2.829	6.871
0.131	1.713	2.713	3.294	5.410	3.956	0.528	14.859
3.873	13.809	3.763	2.724	4.479	4.888	3.182	15.086
6.944	13.864	3.274	0.520	4.769	4.546	3.814	0.236
6.359	15.130	8.177	2.694	5.655	5.159	2.834	12.702
6.286	12.872	1.064	0.283	3.652	4.406	0.596	3.689
8.901	15.599	0.919	2.086	4.908	5.178	0.276	11.446
7.867	13.198	7.261	4.948	4.453	6.516	1.799	8.853
0.293	5.029	2.609	2.531	4.803	4.661	3.869	10.335
3.770	16.751	9.191	0.687	4.980	4.827	4.700	12.156
6.811	2.318	6.573	4.708	3.819	6.487	3.070	5.620
3.957	6.513	4.836	1.070	4.555	4.298	2.065	6.934
2.994	4.545	2.641	4.109	6.648	4.645	0.150	9.056
8.737	10.358	1.790	4.753	4.710	5.821	4.666	3.732
