7.290	-0.378	6.038	0.334	-0.494	0.255
0.468	1.571	19.157	3.168	-1.008	-0.920
0.284	0.198	4.033	1.946	-0.564	0.412
1.653	0.007	4.255	2.793	1.004	-1.553
4.138	-0.686	10.447	4.964	-0.093	0.742
9.232	0.049	13.243	0.435	0.453	1.155
7.251	-0.572	3.652	3.460	1.620	-0.227
7.193	0.009	14.510	1.797	-1.324	0.518
6.742	-0.111	2.968	1.734	-1.406	-0.240
2.867	1.096	18.602	0.022	0.171	-0.362
2.018	-1.605	19.475	3.078	-0.086	1.526
9.379	0.945	13.225	4.194	-0.544	-0.365
6.249	0.082	1.908	3.695	0.662	1.209
9.105	2.045	16.785	0.748	0.374	0.595
8.155	-0.510	12.703	0.395	0.931	0.632
3.006	1.675	2.493	0.792	1.255	-0.067
3.528	-0.578	4.482	1.411	0.120	0.016
8.751	-0.109	16.571	4.304	0.256	0.839
3.097	1.869	1.215	3.324	1.058	-1.294
0.237	0.576	10.127	4.012	1.045	1.395
6.590	1.039	14.495	4.491	0.124	-0.214
5.418	0.829	15.137	2.487	-0.433	-1.389
3.288	-0.165	19.580	0.583	-1.947	-1.389
2.065	-0.238	3.623	3.750	-0.086	0.898
9.071	-0.701	3.051	4.914	-1.182	1.832
5.864	1.023	0.793	1.658	-0.597	-1.305
4.651	0.007	11.789	0.079	1.465	0.865
5.530	1.474	7.504	4.548	-1.224	0.475
4.114	-1.555	11.054	2.184	-1.072	-0.035
4.044	0.153	8.117	3.488	-0.574	0.185
4.411	0.001	16.993	4.628	0.241	-1.380
4.266	1.326	17.289	2.444	-1.651	-1.121
5.045	-1.079	18.309	4.119	1.132	1.097
5.717	0.131	19.987	1.874	0.007	-0.329
4.540	-0.973	19.258	0.789	0.228	-0.146
1.204	-0.912	12.109	3.868	-0.089	1.436
4.235	0.636	1.629	3.465	-0.142	-0.195
4.106	-0.233	10.321	1.826	0.410	-2.568
4.556	0.248	1.741	1.990	-0.609	-0.368
6.643	0.544	1.043	0.151	-0.391	-0.075
6.008	-0.276	14.155	3.774	0.050	-1.425
4.732	-0.497	15.077	4.970	0.166	1.141
5.123	0.305	7.960	0.660	-0.238	-0.110
9.023	1.102	2.090	0.615	-0.933	1.079
1.958	-0.477	9.422	0.946	-0.819	1.171
3.216	1.513	0.368	2.992	-0.466	-0.064
1.875	-0.776	14.734	1.218	0.684	-1.348
2.556	0.469	11.772	3.374	-0.140	-0.136
2.376	-0.405	16.920	1.516	-0.658	1.186
6.050	0.652	3.259	1.936	-0.865	-0.961
5.051	-0.865	16.790	4.863	-0.244	-0.714
2.131	-0.582	13.551	4.946	-0.769	0.888
9.750	0.997	5.218	2.923	0.169	-0.524
4.799	0.673	1.279	1.623	1.335	-0.844
6.557	-1.344	2.218	4.378	-1.674	-0.625
2.872	1.002	9.200	4.709	-0.049	0.501
2.650	-0.288	7.202	0.176	-0.829	-0.806
6.511	1.400	7.714	3.467	-1.228	0.253
3.653	-0.579	5.108	3.046	-1.120	-0.443
8.554	-0.400	16.029	0.962	-1.933	-0.019
9.068	0.418	11.012	3.424	-1.163	-0.143
0.856	0.400	19.388	2.094	0.581	-0.045
6.051	-0.524	12.991	2.681	-0.164	-0.811
1.803	-0.169	7.691	1.407	0.337	0.079
2.748	1.474	16.977	3.637	0.884	-1.199
5.073	0.484	14.596	2.137	0.199	-0.682
3.205	1.164	1.729	3.921	0.469	-1.072
4.236	-0.673	3.857	2.673	0.058	1.215
8.475	-0.191	17.155	2.918	0.170	1.615
9.916	-0.700	8.440	2.838	-1.859	-0.586
8.141	0.439	17.070	1.418	0.218	1.003
0.705	0.821	6.258	0.022	-0.581	2.672
8.427	-1.545	11.657	1.950	0.734	-1.812
8.355	0.920	15.453	3.822	-1.886	-0.010
7.769	1.288	12.526	3.629	0.967	0.671
8.980	1.038	5.099	4.823	-0.469	0.346
7.028	0.245	7.616	0.803	-0.043	0.579
6.162	1.006	8.262	4.342	-0.407	-0.177
1.055	-1.928	18.448	3.159	-0.065	-0.904
9.186	1.459	4.404	0.360	0.770	1.448
7.974	1.834	17.702	3.180	-0.298	-1.779
7.121	1.439	0.514	2.170	-0.002	0.030
8.565	0.481	0.534	1.984	0.580	-0.169
7.118	1.995	19.663	4.124	0.429	0.929
1.221	-1.288	2.432	4.225	-0.952	-1.938
9.336	0.502	14.283	3.361	-0.588	0.091
9.648	1.152	6.507	0.707	-1.665	1.539
3.725	-0.399	15.422	2.053	-1.114	0.734
8.913	-0.849	9.475	4.072	0.931	0.165
0.956	-0.116	13.980	2.666	-0.670	0.768
2.686	1.178	5.723	0.190	-0.422	-0.307
9.015	1.245	11.824	2.332	0.333	0.620
6.056	-0.964	11.575	4.245	0.863	-0.517
7.755	0.361	15.544	2.104	-0.935	-1.070
9.168	0.594	6.860	1.536	0.338	0.680
6.392	0.034	13.525	2.821	-0.704	0.507
9.582	-0.961	3.801	1.264	-0.499	0.834
1.776	0.610	3.655	0.030	0.472	0.770
7.756	0.330	10.623	4.372	0.967	0.935
4.728	-0.105	8.177	4.463	-0.939	-1.047
2.032	-0.977	16.097	0.351	0.141	0.288
9.193	0.318	13.318	0.528	-0.309	-0.096
8.274	-0.099	14.230	3.211	0.368	1.124
7.727	0.374	13.401	3.950	-0.061	0.117
9.756	0.484	2.100	2.726	0.963	-1.001
3.888	-0.703	17.535	1.797	-2.525	-0.587
3.805	0.323	14.362	1.158	-0.386	0.107
9.127	0.191	16.964	1.439	1.693	0.212
5.647	0.346	14.493	3.925	-0.818	1.542
1.680	-0.202	3.880	4.224	0.590	1.067
4.782	2.367	16.494	1.961	0.772	1.014
0.475	-1.065	16.126	3.656	-0.388	0.398
8.710	1.871	5.529	1.859	0.737	-1.069
9.214	0.192	1.321	1.641	-0.804	0.306
8.334	2.309	8.502	1.251	1.137	1.415
5.728	-0.658	10.157	0.908	-0.421	-0.165
2.335	-0.600	16.203	4.010	-0.685	-0.714
0.855	0.213	3.020	2.110	0.085	1.423
5.218	-0.193	5.263	4.659	-0.088	-0.149
1.802	2.045	12.717	1.773	0.550	0.211
5.392	2.289	10.938	1.121	1.425	0.140
2.195	-0.094	13.972	1.295	0.842	1.412
3.917	-0.245	18.310	0.810	0.665	-0.671
6.183	0.619	6.750	4.788	-3.151	0.150
9.730	0.373	9.575	4.074	0.433	0.147
5.933	-0.836	16.817	3.026	-0.390	-0.016
2.296	0.541	13.868	2.611	-1.524	-0.045
7.397	-0.230	17.030	2.313	1.347	2.221
7.573	-0.006	8.775	2.040	0.503	1.894
8.807	-2.244	3.560	4.935	1.089	-1.803
7.882	-0.628	19.032	3.696	-1.267	-1.349
8.184	-0.108	5.631	0.944	0.305	0.147
0.354	0.516	8.836	3.113	-0.498	0.898
8.383	-1.086	2.980	0.151	0.463	0.453
5.599	1.216	13.335	2.847	-0.036	0.644
5.361	0.697	18.301	3.811	1.599	1.390
3.551	-1.685	17.965	3.052	-1.310	0.241
4.642	0.340	3.792	0.218	0.842	-1.361
6.177	-1.440	17.337	2.595	0.626	-0.520
4.691	0.064	7.265	3.974	-0.633	0.870
9.671	-0.264	18.004	4.773	-1.458	-0.755
9.047	-0.509	5.979	4.375	-1.857	0.518
8.717	-0.157	1.853	0.396	-0.253	-0.395
2.789	0.906	19.122	1.554	0.511	0.955
4.820	-1.245	19.371	2.579	-0.917	0.052
2.670	-0.445	9.029	0.631	-0.663	1.195
4.450	-0.748	3.134	3.933	0.018	-0.198
6.154	-0.139	13.068	2.880	1.679	1.429
4.300	0.114	8.477	1.068	-1.602	-0.124
3.488	0.993	13.177	4.352	1.716	1.271
7.859	0.028	13.782	0.253	1.356	-1.090
0.294	0.065	5.787	3.808	0.658	1.804
8.462	0.285	4.436	2.584	0.646	0.476
9.169	-0.270	8.460	0.607	1.841	1.663
6.927	0.845	4.769	3.497	-0.819	-0.877
5.329	-1.037	0.850	4.424	-0.224	0.937
5.645	0.739	4.065	4.104	1.124	1.083
8.161	-0.919	1.534	2.586	0.015	-1.387
6.914	0.709	2.934	2.435	-0.782	-0.172
7.067	0.262	6.895	2.884	0.058	-0.067
1.861	-1.001	10.962	2.560	-0.517	-0.695
3.412	0.333	19.735	3.868	0.998	-0.607
0.291	0.731	16.834	0.158	0.005	-0.466
9.123	-0.524	2.546	4.831	-0.282	0.028
6.831	0.605	8.257	3.441	0.802	-0.615
2.572	-0.819	12.886	4.940	0.185	-1.553
7.785	0.311	4.337	2.845	-0.334	0.322
3.086	-0.191	3.526	1.994	-0.076	1.168
2.367	-0.701	3.194	1.336	-0.215	0.201
8.869	1.030	9.421	3.921	-1.031	-1.049
7.050	1.199	16.662	4.784	1.112	-1.915
4.207	-0.063	14.893	4.283	-0.832	0.681
9.875	2.076	16.319	4.008	-1.964	0.732
2.428	0.301	0.430	3.151	-0.037	0.632
5.157	0.074	16.742	3.802	0.975	0.089
6.054	0.238	18.678	0.609	0.167	0.862
9.112	-0.046	16.611	3.284	0.110	-1.679
3.862	0.777	9.079	1.239	0.622	1.211
5.482	0.045	6.239	1.715	-0.141	0.090
7.293	-0.394	9.787	2.534	-0.934	2.812
1.569	-0.115	7.008	0.180	-0.982	-0.062
1.185	-0.242	0.585	4.638	-0.038	1.383
3.003	-1.144	12.014	3.790	-0.073	1.409
9.868	0.409	8.591	0.236	-1.479	-1.398
4.886	1.272	11.188	3.802	-0.871	-0.668
9.442	-1.538	9.906	4.452	-0.065	0.518
4.613	1.919	14.244	0.554	-0.918	-0.653
0.684	-0.670	19.167	0.819	0.417	-0.630
8.005	0.683	3.036	1.098	-1.504	-0.323
6.289	1.069	17.706	3.625	-0.740	0.152
4.327	-0.949	4.864	0.655	0.780	-0.351
0.774	0.599	11.633	3.845	-0.409	-0.742
5.255	0.725	10.917	1.800	1.418	-0.008
4.737	-0.851	5.232	1.515	-0.858	-1.439
6.074	-0.520	10.953	1.915	1.486	1.065
1.764	0.210	18.245	2.475	-0.370	0.447
9.408	-0.034	4.778	0.927	-0.247	1.007
7.199	0.873	14.055	2.187	0.272	-0.681
1.794	-0.138	11.246	0.935	0.817	-0.211
7.843	-0.523	3.267	2.894	-0.320	-0.491
2.644	0.124	15.418	2.047	0.849	-0.753
6.975	-1.147	10.019	3.605	0.531	2.091
5.348	1.091	18.467	4.608	1.686	0.638
6.411	-0.194	12.068	3.593	-0.380	-0.083
1.032	0.300	6.719	0.939	0.472	-1.238
3.880	0.337	0.000	4.463	-0.325	0.948
3.411	1.829	16.527	2.949	0.883	1.238
3.265	-1.160	12.439	2.580	-0.152	-0.080
2.437	-1.987	2.062	3.712	-2.334	0.616
1.970	0.536	4.691	4.061	-0.457	-0.524
9.541	0.273	3.753	3.430	-0.872	-1.053
7.780	-0.271	0.249	3.871	0.433	-1.629
4.438	1.308	4.061	3.513	0.375	-0.443
1.933	-1.942	7.810	1.283	-0.012	-0.582
4.626	-1.208	11.545	1.308	-0.645	0.535
1.256	-0.944	2.485	2.030	-0.702	0.550
8.204	-1.201	4.736	4.831	-0.104	0.340
5.926	-1.377	18.006	0.142	0.201	-0.438
1.064	-0.773	8.080	3.106	-1.042	-0.392
1.733	-1.653	10.104	2.717	0.287	-0.437
2.034	-2.028	1.042	2.645	2.207	1.609
0.616	-0.231	1.434	0.263	0.056	-1.424
9.002	-0.382	15.510	0.316	-0.493	-0.076
5.266	0.526	1.219	0.646	0.890	-0.186
2.014	-0.029	6.295	2.537	0.383	0.812
2.022	-0.573	11.440	1.653	0.040	0.786
1.438	-1.698	12.651	4.671	0.550	1.410
9.307	0.494	8.662	1.910	-0.740	-1.669
6.546	0.410	18.173	2.101	-1.275	-0.625
0.601	-0.348	14.038	3.041	0.160	-0.049
9.974	0.281	1.911	3.362	-0.614	1.015
6.471	-0.073	15.982	3.903	-0.729	0.778
9.875	0.350	16.362	2.617	1.919	-1.139
5.760	1.532	3.055	4.669	0.490	0.156
7.504	2.579	8.798	2.163	0.502	2.340
6.877	0.470	7.216	1.045	0.016	0.835
1.036	1.444	15.406	2.369	-0.420	-1.680
3.168	-0.920	18.209	3.109	-1.306	0.047
7.529	-0.048	19.940	1.309	0.254	-0.729
9.970	-1.362	18.396	0.730	-0.344	0.079
8.886	-2.222	6.522	0.967	0.680	-0.692
3.725	-0.963	4.364	1.291	0.757	-1.598
3.201	-1.724	18.168	2.833	1.159	1.708
4.712	-0.080	16.778	0.770	-1.475	-0.037
3.943	-0.472	0.471	3.151	-0.713	-2.002
5.744	-1.506	14.167	0.403	0.345	0.289
8.142	-0.055	5.489	0.107	-1.243	-0.042
1.018	-0.402	11.642	0.330	-0.266	0.688
0.690	-0.284	10.501	4.390	0.093	0.539
9.225	1.272	13.256	1.066	0.562	0.841
4.486	0.320	18.287	1.532	1.291	-0.012
6.419	-0.915	6.213	2.347	-0.773	1.882
6.957	-0.777	17.840	1.422	-0.493	1.069
3.613	-1.395	15.761	4.421	-0.357	0.487
4.463	0.962	1.471	3.207	0.316	0.084
3.993	1.351	3.722	2.150	0.326	0.951
6.415	0.266	14.567	2.379	-0.779	-1.113
1.692	1.138	17.740	1.110	-2.027	0.658
3.614	1.159	6.460	1.014	-0.720	1.230
9.312	-0.061	18.733	0.425	0.068	0.159
4.058	0.657	13.265	3.672	0.251	0.034
5.499	0.142	16.344	3.762	0.114	-0.814
2.158	0.967	8.554	2.114	0.484	-0.081
2.808	-1.556	6.950	0.651	-0.890	-0.989
7.720	0.413	4.410	0.660	-1.260	1.938
7.836	0.366	0.176	3.304	0.933	0.488
1.465	-1.437	3.783	0.885	-0.108	-0.554
5.317	1.289	12.060	0.059	1.020	0.557
7.367	-0.743	8.410	2.373	-0.603	0.823
0.052	0.111	17.739	1.656	0.679	0.972
2.722	-1.604	3.323	4.278	-0.076	0.824
8.414	0.463	1.120	0.190	-1.802	-0.350
4.670	1.019	12.248	2.177	-0.230	0.237
2.424	-1.839	8.350	0.912	0.672	0.103
7.110	2.220	7.323	3.509	-0.839	-0.639
7.903	-0.246	7.400	2.586	0.009	-1.282
2.979	0.457	12.966	2.072	1.487	-0.639
5.549	-0.090	1.272	3.574	-1.049	1.263
3.903	0.721	12.598	1.730	1.113	-0.484
0.417	-1.028	13.165	3.555	0.280	-0.642
9.877	-1.127	1.279	0.669	0.859	1.215
3.085	0.376	14.837	2.130	-1.017	0.908
5.195	-0.024	17.980	4.794	1.002	-0.537
6.899	-0.854	2.091	0.561	1.889	1.076
9.830	0.553	11.276	4.076	-0.190	0.489
7.444	-0.290	19.897	3.925	0.402	-0.337
0.848	-0.941	19.627	0.354	0.190	-0.980
3.150	-1.446	9.792	1.558	1.155	1.375
7.995	1.161	18.929	4.563	0.499	0.479
2.775	0.930	18.921	3.706	0.649	0.442
5.119	1.065	18.473	4.135	0.035	1.686
6.955	-1.217	1.326	2.782	-2.083	0.237
4.570	-2.424	3.397	0.520	-0.078	0.298
6.072	0.184	8.902	0.663	0.369	0.630
9.986	1.532	9.432	0.220	-0.335	-2.062
4.415	-0.388	8.387	1.367	1.781	-2.492
3.562	0.883	17.156	4.228	1.198	-1.682
1.487	-0.325	14.202	0.542	-0.067	1.331
3.295	-0.991	18.721	0.944	0.623	0.681
0.691	-0.919	3.755	3.767	0.591	-0.286
4.722	0.755	13.338	3.186	-1.385	-0.151
7.422	-0.934	3.176	1.716	1.212	1.179
6.017	-0.877	16.404	4.027	-0.689	-1.465
7.192	0.131	11.569	1.558	0.329	-0.985
4.512	-0.944	6.051	4.268	0.819	-1.502
9.278	-0.882	2.977	3.671	0.264	0.132
8.165	-1.379	15.676	3.387	2.595	-0.023
0.695	-0.143	10.440	2.113	-1.526	0.035
9.348	0.218	16.003	2.469	-0.212	-1.589
0.951	0.077	11.639	2.271	-0.926	-0.419
8.705	0.685	8.316	0.066	1.408	0.050
1.186	1.024	7.193	1.357	0.534	0.546
1.450	-0.433	16.085	4.259	-0.667	0.051
5.235	-0.789	2.980	4.797	-1.006	0.045
8.743	-0.387	12.093	3.364	-2.041	-1.286
8.404	-0.944	9.031	4.230	0.501	-1.677
3.325	1.512	7.360	0.846	-1.481	-0.565
7.996	-0.594	19.155	1.009	0.534	0.846
7.695	-0.788	15.847	1.342	-0.730	-0.963
0.831	1.675	2.771	0.281	1.808	0.285
1.129	-0.400	1.730	2.049	-1.226	1.305
1.064	-1.486	13.686	0.384	-0.114	0.568
7.589	-0.497	16.856	1.116	-0.700	0.337
1.606	-0.368	4.809	0.380	-0.677	-1.002
0.671	0.984	10.357	4.121	-1.424	-1.158
0.757	-2.600	4.097	2.820	0.791	0.278
0.367	-1.168	19.526	3.089	0.580	0.938
4.892	-0.866	17.993	4.876	0.939	-1.516
3.709	1.576	14.775	4.119	-1.491	-0.498
5.393	1.148	17.634	3.012	-2.236	-0.107
8.134	-0.995	9.931	1.474	1.279	-0.395
5.223	0.858	19.515	2.955	-0.730	0.335
0.868	-0.612	17.566	2.755	-1.549	0.338
8.403	0.988	11.235	1.031	-0.703	-0.726
6.317	0.533	0.049	4.772	0.907	1.484
5.460	-0.436	0.093	3.202	-0.617	0.997
4.956	0.802	13.894	4.042	-1.676	2.937
8.772	-1.874	7.749	0.157	0.652	-0.786
1.968	-0.555	8.141	0.702	-1.365	0.848
3.644	-0.141	0.096	4.321	0.304	1.285
5.924	0.823	16.689	2.242	-3.072	-1.871
4.374	0.198	12.372	1.271	-0.331	-0.514
9.735	1.305	3.497	4.400	0.910	0.463
8.565	-1.691	10.665	4.748	0.169	0.070
8.706	-0.940	16.673	2.417	-0.648	1.408
4.722	-1.351	0.182	1.449	-0.435	-1.486
8.648	-0.496	8.544	4.092	-1.625	-1.625
0.558	-0.348	10.671	2.182	1.464	-0.217
5.575	1.616	10.323	0.846	-1.738	0.607
2.128	-0.681	4.679	3.955	0.129	-0.191
9.537	1.748	14.348	4.531	-1.591	0.366
1.977	0.096	6.083	1.680	2.558	-0.288
0.711	-1.449	19.806	3.942	0.169	-0.592
2.198	0.745	11.064	2.552	3.152	-1.323
7.342	-0.691	4.937	0.146	-0.319	0.887
3.758	-0.023	14.896	1.140	0.058	-0.144
8.156	-1.127	9.232	4.575	-1.031	-1.198
0.984	-0.046	11.425	1.926	-0.455	-0.768
6.993	1.275	18.372	0.302	-0.547	0.397
8.487	-0.655	19.473	3.646	-1.024	-1.566
3.567	-2.414	13.578	1.805	-1.175	-1.790
7.146	1.151	15.345	1.807	-0.097	0.055
8.189	-1.102	11.832	0.958	0.825	0.155
9.323	2.060	6.882	2.729	-0.514	-0.966
7.480	-0.531	0.450	1.603	-0.167	-0.243
2.649	1.092	11.777	3.578	0.880	-0.050
0.802	-1.206	5.268	4.022	1.551	0.062
8.387	-0.405	13.662	3.196	-0.538	0.708
4.959	-0.432	6.841	1.758	-1.102	0.714
6.218	0.192	6.906	1.699	-0.470	-0.475
6.166	0.436	3.304	2.557	-0.354	-0.712
8.413	-0.785	6.228	0.630	-0.955	-1.125
1.785	-2.282	13.695	2.804	-0.791	-0.180
6.721	-0.889	6.735	0.770	-0.267	0.707
9.167	0.585	6.826	1.375	1.238	-0.610
6.612	0.471	11.564	2.862	-0.510	-0.495
0.592	-0.094	7.577	2.619	2.445	-0.645
1.926	-0.194	5.751	0.953	0.873	-2.072
6.499	-0.176	17.500	2.339	0.548	0.704
5.173	1.473	13.238	4.556	-0.358	0.718
2.487	0.712	9.901	0.799	0.508	0.393
3.712	0.702	2.113	4.205	-1.026	-1.604
0.866	1.253	15.554	2.413	-2.659	0.671
0.184	-0.027	9.790	2.222	0.026	-0.001
1.451	-0.260	7.864	3.083	-0.618	-0.499
5.652	0.451	18.145	0.742	-0.188	-0.229
3.965	-1.413	14.923	3.977	-1.400	1.482
1.196	1.432	14.260	4.645	1.346	-0.048
7.797	0.015	2.338	2.632	1.991	1.538
5.341	0.123	2.161	4.419	-0.374	-2.351
5.533	1.374	5.816	3.387	-1.109	1.345
7.997	-1.310	19.267	2.594	-2.048	1.468
6.915	-1.609	9.959	0.763	0.296	0.613
9.826	-1.800	17.489	1.820	0.029	-0.740
2.323	0.134	6.929	0.838	0.259	0.923
2.875	-1.192	19.118	0.479	-1.980	-0.540
4.042	0.638	1.235	3.599	-0.785	-0.932
5.134	0.674	17.607	2.478	0.430	-1.338
9.499	0.322	12.622	4.076	-0.544	0.183
2.725	1.892	12.419	2.225	-0.105	-3.419
9.448	1.000	10.608	0.877	1.835	0.065
4.609	-0.039	10.366	1.761	-0.375	1.764
8.432	2.395	4.971	1.955	0.917	-0.183
2.514	1.308	11.535	0.297	1.524	0.560
5.380	-0.458	19.495	1.530	0.048	-1.185
1.861	1.796	14.082	2.412	1.148	2.110
6.772	-0.360	16.272	1.816	-0.140	0.605
8.905	-1.029	1.589	3.328	-0.422	0.215
1.647	0.181	7.896	1.257	-1.486	-1.104
2.386	-0.046	4.542	1.399	-0.693	1.080
8.388	-0.484	15.197	2.367	1.078	-0.895
6.080	-0.243	17.613	3.686	-0.171	1.398
0.202	-0.488	7.327	1.256	-0.482	0.544
8.568	1.536	2.296	3.287	-0.945	0.362
7.595	-0.836	14.916	0.637	-0.213	-0.179
1.333	1.363	3.094	0.319	-0.716	0.662
2.257	0.611	5.929	1.759	-0.675	-2.029
7.759	-0.725	9.434	3.901	-0.018	0.528
7.105	-0.483	1.172	1.671	-0.469	1.025
7.293	0.680	18.275	4.908	0.081	2.369
5.336	0.542	14.367	4.445	-0.661	-0.183
5.678	1.411	9.056	0.472	-0.776	-0.789
5.452	0.748	13.428	1.590	0.413	0.375
4.116	-0.734	18.110	2.970	-0.321	-1.490
2.178	0.611	18.763	1.254	-1.437	1.301
4.036	-1.032	6.092	4.490	0.350	0.318
9.676	0.396	4.693	1.259	-0.976	-0.624
5.083	1.643	12.444	1.960	0.506	3.018
3.985	0.641	2.226	0.693	0.601	0.393
4.273	1.070	12.643	4.724	0.057	-0.467
1.080	2.483	15.812	1.479	-1.246	-1.232
6.918	0.509	12.292	4.454	0.107	0.323
8.687	-1.471	9.459	0.672	-0.358	-1.915
5.812	-0.172	0.675	0.116	0.444	0.760
5.480	0.714	13.941	1.721	-0.118	1.305
4.688	-1.007	14.436	3.710	-1.209	0.421
6.731	0.197	6.931	1.824	0.811	-0.336
0.344	-2.459	8.743	3.952	0.044	-0.568
0.688	1.066	4.410	3.913	-2.207	-0.764
0.849	-0.225	16.228	2.469	0.179	-0.808
7.293	-0.630	3.548	1.281	0.744	-1.994
1.185	-1.120	14.511	4.358	1.737	1.840
5.034	-1.467	11.888	4.133	0.143	1.646
4.400	0.683	5.396	4.857	0.341	0.862
9.892	0.973	16.893	4.624	0.351	0.639
0.520	0.951	11.380	0.484	1.305	-0.284
6.061	-0.953	17.534	1.211	-1.295	-0.764
1.542	0.200	9.934	3.158	0.823	-1.031
5.424	-0.193	13.918	4.525	-0.324	-1.082
2.474	1.332	16.639	4.003	-0.504	1.404
1.744	-0.012	19.040	4.305	-0.675	-0.479
1.911	-0.145	16.872	3.231	0.387	1.347
5.422	0.101	9.716	4.625	0.940	-1.273
0.484	-1.071	4.538	4.971	-0.237	1.476
0.895	-0.795	8.828	0.982	0.361	-1.588
6.845	-0.308	7.298	3.098	-2.216	2.627
8.950	-1.040	19.980	2.580	-1.832	-0.364
6.665	-0.342	16.872	2.468	-0.038	-1.291
1.418	-1.588	15.817	4.774	-0.900	-1.302
7.870	-0.166	1.903	4.154	-0.087	-0.735
1.481	1.310	2.029	2.150	0.961	-1.186
9.400	-0.307	4.966	2.625	0.595	-1.195
1.526	-0.400	16.857	1.689	-0.188	1.183
4.937	-0.440	18.356	4.972	-1.216	1.096
4.952	-1.175	17.828	2.209	-0.176	-0.786
6.580	0.960	4.466	3.467	-1.707	0.023
6.586	-1.156	3.683	4.117	-2.204	0.129
0.489	-0.285	8.183	1.824	-0.111	-0.278
5.807	0.600	2.236	1.961	0.144	-2.809
4.474	0.431	15.447	1.177	-0.754	-0.761
9.339	3.088	10.059	0.738	1.526	2.697
7.649	1.336	7.238	3.079	-1.464	-1.941
8.033	-0.161	7.969	4.295	0.162	0.371
4.820	1.427	6.644	3.018	-0.150	1.129
5.917	0.045	11.319	4.324	-0.025	2.462
7.636	-0.209	13.822	0.767	-1.358	0.582
7.178	0.129	16.701	2.758	0.117	0.620
9.106	1.268	15.883	4.281	0.527	0.525
8.583	1.259	16.927	2.457	-1.658	-0.526
1.340	-0.067	9.912	3.203	0.908	-0.224
4.061	0.261	8.389	4.334	0.590	-1.231
0.881	-0.911	8.378	3.353	-0.075	-0.099
8.450	0.704	14.879	0.878	0.741	-0.875
0.703	-0.724	4.027	4.657	1.521	-0.324
2.749	-0.247	5.300	4.319	-1.103	-0.572
9.031	-0.088	5.994	2.603	-0.625	-0.670
6.072	-0.103	4.170	0.821	0.898	0.655
1.895	0.086	7.827	2.859	0.520	0.644
8.575	-3.314	5.926	2.784	0.843	-1.076
4.254	-0.740	18.929	2.215	0.090	2.599
1.389	1.418	16.443	4.836	-0.427	0.191
8.476	-0.734	16.108	4.196	-1.748	-0.409
1.629	-0.946	5.341	3.588	0.422	0.249
8.840	1.030	0.889	2.960	1.077	-1.668
6.668	0.104	11.815	1.808	-1.276	-1.458
7.393	-1.342	2.798	3.928	-0.815	0.326
5.013	0.455	4.833	0.107	-2.220	-0.604
0.629	0.083	7.235	4.112	0.122	-0.615
7.764	-0.194	19.416	2.393	0.609	-0.455
8.493	0.205	11.946	4.292	1.694	0.273
5.262	5.113	11.450	4.001	2.686	0.793
6.919	4.386	16.962	5.834	3.281	4.226
5.048	4.642	11.369	5.579	4.929	2.903
5.389	4.242	11.783	6.388	3.384	3.559
5.580	5.276	15.120	4.871	9.925	2.089
3.606	4.706	9.882	2.792	0.325	2.514
7.028	5.307	17.294	5.585	2.787	0.486
4.318	5.099	10.116	5.829	9.929	0.939
3.009	5.278	6.679	5.380	0.412	1.841
5.107	5.648	16.987	3.773	7.522	2.227
5.748	5.076	16.988	4.727	7.424	0.442
4.642	6.140	5.575	4.099	8.502	4.094
6.634	4.747	3.897	5.258	5.709	2.241
4.120	5.838	7.349	4.115	1.812	4.438
7.536	4.586	2.185	3.867	6.999	0.316
5.584	5.101	8.002	3.869	6.851	0.505
4.106	5.733	6.837	3.370	0.793	0.915
6.460	4.219	7.073	4.627	4.336	0.968
5.487	4.861	2.189	5.818	5.495	3.746
4.861	5.818	15.204	4.398	4.586	0.730
5.454	4.903	14.403	5.145	3.812	0.488
5.672	5.082	6.244	5.482	9.831	2.821
4.916	4.571	11.456	3.416	5.134	1.994
4.208	5.556	0.342	2.678	5.377	3.279
6.539	6.345	7.518	4.634	8.011	3.763
4.959	4.880	17.022	3.613	4.322	4.362
4.501	4.462	13.546	4.071	0.039	4.058
5.106	4.855	2.298	5.439	8.752	1.408
3.966	5.255	4.119	6.616	0.631	0.819
5.390	5.781	11.869	3.543	9.166	2.155
4.540	4.715	1.969	2.821	7.713	3.655
6.284	5.930	9.691	6.005	7.669	2.974
5.928	5.590	9.800	5.506	1.928	3.673
6.089	4.379	18.784	4.076	6.687	3.211
3.974	5.778	1.097	5.686	2.896	1.559
5.734	4.566	15.585	2.357	5.603	2.589
5.345	5.654	4.743	6.328	1.832	1.045
6.189	5.417	4.575	5.218	2.949	1.478
5.900	5.215	14.781	4.729	0.835	4.862
4.400	6.015	11.789	5.351	0.521	3.723
5.609	5.795	7.935	4.518	1.132	1.191
4.792	3.340	17.657	5.054	9.462	0.470
3.701	4.314	10.784	4.902	1.407	3.404
6.749	3.436	18.206	5.305	6.152	2.378
4.490	5.201	14.370	5.206	2.647	0.513
6.367	4.140	5.934	5.972	0.607	1.512
7.870	3.326	18.298	5.198	7.610	0.403
7.135	6.121	5.125	5.992	8.418	2.661
6.997	4.482	16.471	5.763	1.932	4.825
6.067	5.598	4.165	6.033	6.815	3.415
5.506	3.638	3.815	5.049	1.426	3.405
5.465	4.243	9.315	4.780	9.375	4.567
4.637	5.063	18.536	5.914	4.186	3.763
5.943	5.860	17.199	6.535	2.591	2.606
6.087	4.731	8.827	4.275	9.622	2.762
5.995	5.671	17.315	4.722	4.673	1.868
4.017	4.501	15.817	4.739	7.385	3.378
4.203	6.368	10.726	5.765	7.759	1.249
4.884	4.195	7.321	6.412	3.801	3.918
5.833	5.302	17.943	3.146	6.655	2.190
4.135	3.595	18.363	4.618	6.146	1.845
4.694	6.263	0.146	2.682	0.285	4.292
5.375	4.916	11.240	4.724	3.574	2.786
4.352	4.772	14.927	5.552	2.587	3.961
4.459	4.861	18.844	5.081	0.547	3.927
4.438	6.627	10.215	6.763	7.196	0.891
2.893	5.704	2.968	4.470	8.488	3.930
3.656	5.106	19.011	7.246	6.802	1.537
5.605	4.197	19.385	5.472	2.357	3.227
4.514	5.346	15.780	5.334	6.772	3.047
4.634	4.373	13.429	3.596	5.843	3.147
5.535	5.528	6.005	5.184	6.759	4.852
5.845	5.066	6.381	5.555	5.593	3.875
4.425	4.901	15.633	3.728	1.618	4.016
5.800	4.215	13.235	5.005	9.927	2.403
4.238	6.482	15.946	6.719	7.441	1.977
5.236	3.880	8.223	6.639	2.247	4.180
5.318	5.698	5.495	2.968	5.414	4.611
5.546	5.741	12.845	3.074	7.365	0.740
6.196	5.229	19.353	4.418	1.803	1.580
4.838	4.924	11.638	5.661	7.694	3.143
5.689	5.804	4.670	3.702	9.475	0.226
5.889	5.859	11.894	4.561	3.938	1.165
5.227	4.443	5.224	5.580	6.888	2.654
3.899	6.299	5.337	4.683	0.802	4.531
3.550	5.822	2.399	6.044	6.745	0.412
4.502	4.064	18.584	3.946	8.043	1.617
4.103	4.608	5.690	5.963	8.770	2.716
6.386	5.193	7.920	5.718	5.648	0.603
3.228	4.752	16.241	5.301	0.638	0.598
6.427	6.120	17.055	5.609	7.005	3.481
3.546	5.796	14.893	5.422	3.624	1.410
4.785	4.264	19.812	5.364	5.158	0.655
5.205	7.278	8.693	3.998	4.069	2.009
4.513	5.814	7.912	5.232	8.077	0.337
5.889	6.853	11.501	6.157	2.972	2.353
6.744	3.405	6.738	4.886	0.006	2.730
5.419	3.032	13.490	4.422	6.592	3.943
4.358	4.740	4.930	4.884	5.486	3.432
5.743	4.508	18.336	5.572	8.166	2.011
4.474	2.625	2.633	4.497	7.815	1.653
7.145	4.959	18.899	4.354	2.584	2.758
4.456	2.945	19.376	3.947	0.990	0.632
4.941	4.646	16.084	4.687	3.462	2.296
5.540	5.207	17.994	3.060	7.806	3.951
5.476	5.858	9.922	4.855	8.956	0.223
4.366	5.620	2.005	6.570	7.534	3.924
4.323	4.754	15.936	5.572	1.900	1.012
3.022	5.532	9.347	3.896	5.085	0.617
3.415	5.436	8.945	5.793	2.070	2.832
5.818	3.702	13.295	3.209	9.601	2.499
5.242	4.569	11.580	4.522	5.398	4.919
3.847	4.625	19.380	4.906	9.429	1.128
4.440	4.322	8.274	4.293	6.991	0.610
5.063	4.442	16.507	6.861	1.660	1.522
5.691	4.270	2.413	4.003	2.840	4.289
6.689	6.235	7.016	5.194	2.947	4.246
4.148	3.048	4.237	4.425	2.201	4.185
4.523	5.259	2.366	5.829	7.380	3.393
7.654	4.584	15.335	3.754	6.775	4.696
4.395	4.510	9.534	4.115	2.397	0.479
3.520	6.256	4.412	6.971	3.169	3.264
6.080	3.525	2.257	5.159	7.370	1.063
7.603	4.672	12.188	5.100	7.742	1.867
3.701	6.510	3.802	4.716	3.125	2.494
3.947	7.005	6.740	5.485	8.014	4.884
4.696	4.571	1.883	7.973	8.806	0.452
4.121	3.940	0.018	4.107	0.553	0.523
4.086	4.328	15.642	5.049	0.611	1.539
5.323	2.983	5.667	6.124	3.213	4.541
4.522	5.103	7.191	3.649	1.541	2.142
5.151	3.794	18.481	5.473	2.424	1.321
6.357	6.224	11.063	4.882	6.234	2.068
3.960	6.225	14.199	5.390	0.578	0.140
4.024	4.217	9.322	5.208	5.865	4.632
6.085	5.057	12.099	5.421	4.673	1.911
4.262	5.715	17.299	6.122	2.567	0.616
4.764	4.033	0.267	3.371	6.802	0.017
3.562	5.619	17.224	6.082	2.915	0.590
5.238	4.323	17.609	5.670	9.641	0.397
4.594	4.938	14.819	5.059	6.497	2.699
3.017	5.442	12.838	5.059	1.852	0.392
3.233	5.006	15.032	5.090	6.153	0.171
8.124	4.154	7.610	6.845	8.001	0.084
3.165	5.177	4.691	4.671	8.546	1.269
5.189	4.780	12.068	5.125	2.207	1.917
5.337	4.953	15.772	2.928	8.699	2.705
3.292	5.576	5.499	4.044	5.709	2.932
3.429	6.100	6.429	5.959	2.761	1.356
3.876	4.965	5.930	5.042	2.196	0.952
6.963	4.243	18.300	4.501	9.956	0.737
3.927	3.658	3.601	6.590	0.043	2.474
4.363	4.559	5.102	4.516	1.942	4.377
6.007	6.015	7.439	5.509	6.343	2.764
6.278	5.097	18.323	6.646	8.122	2.607
5.266	5.642	14.965	6.015	3.929	1.803
4.977	4.898	14.061	6.112	0.994	1.047
4.352	3.893	0.288	4.208	1.092	3.108
5.049	4.812	5.680	4.711	4.550	1.562
4.509	5.394	17.855	5.859	9.366	2.587
4.878	5.106	9.302	3.876	2.137	2.359
4.463	4.209	1.773	4.906	0.126	0.088
4.875	5.437	1.649	4.919	6.064	3.646
3.319	5.200	18.291	5.420	0.945	4.858
6.234	3.985	11.777	4.388	1.773	2.093
3.843	5.282	0.949	5.414	0.151	3.491
4.436	6.377	10.937	4.570	1.021	3.594
5.054	3.483	1.377	5.663	6.461	1.889
5.254	4.355	14.701	4.143	1.656	2.228
4.363	5.467	19.322	5.011	9.555	1.663
2.413	3.992	4.338	4.609	4.506	4.165
5.875	3.785	18.256	6.418	8.893	1.764
6.495	5.633	18.018	5.035	2.235	4.482
4.731	4.440	18.229	6.164	2.185	1.177
4.088	4.069	16.701	5.669	1.530	3.297
4.938	4.069	7.206	4.731	9.574	1.244
5.714	4.550	3.554	4.477	9.732	3.431
6.019	3.654	9.579	4.434	4.300	2.772
3.675	4.477	3.321	3.737	9.807	3.796
7.983	5.610	5.420	7.226	6.670	3.254
4.791	6.464	1.654	4.069	6.516	2.630
4.443	4.069	15.020	6.132	4.794	4.710
5.129	5.474	9.065	4.681	0.855	3.093
3.792	6.281	15.804	5.193	7.284	3.417
5.675	8.799	1.792	5.321	2.660	0.437
5.216	5.150	2.104	3.573	2.809	4.006
4.602	5.476	17.956	3.893	3.935	1.227
7.307	3.757	3.737	3.724	2.987	1.259
6.057	5.428	4.770	5.262	7.122	4.134
3.583	4.483	2.916	4.268	8.931	1.750
5.985	4.213	0.867	4.907	8.658	1.432
5.594	4.405	4.311	6.759	9.069	0.231
4.499	6.156	15.306	5.710	3.741	1.554
4.152	4.324	17.151	5.951	3.159	0.072
3.453	3.008	12.153	4.352	5.135	1.323
5.955	5.792	15.486	4.668	0.352	4.885
5.118	4.584	8.945	2.785	9.551	1.084
4.843	4.009	16.396	6.849	0.214	1.849
4.009	5.465	1.835	4.119	9.455	4.077
4.510	6.816	14.771	3.806	2.505	2.747
5.944	4.402	15.161	3.369	1.872	2.303
5.000	4.101	18.260	5.533	0.514	2.618
4.802	5.289	14.913	5.163	5.039	0.512
5.908	3.625	6.608	3.317	7.820	3.047
5.858	7.142	13.723	4.475	2.300	2.617
5.400	4.391	18.864	4.030	4.258	4.894
5.627	6.970	8.608	4.081	1.964	2.178
2.966	6.522	4.009	4.737	8.062	3.293
4.492	5.077	7.253	6.593	5.934	0.245
6.844	5.924	17.073	3.058	1.229	4.410
5.937	4.117	4.996	5.455	3.667	0.308
6.416	4.297	7.385	4.594	5.900	4.539
4.442	4.840	18.371	4.745	7.257	3.389
5.937	5.068	4.135	5.266	2.431	3.744
5.160	6.442	4.694	6.275	3.967	3.908
6.332	4.816	0.997	5.195	9.705	4.841
3.078	4.477	2.759	4.784	7.767	1.224
4.835	5.850	19.956	4.755	1.459	3.093
3.735	2.752	6.226	4.618	3.415	4.178
4.607	6.515	10.182	4.277	1.311	3.814
4.594	5.201	19.235	7.030	1.249	0.944
7.108	6.242	10.052	4.453	3.576	0.232
6.547	5.408	11.466	6.006	5.870	1.895
5.470	3.689	1.932	4.928	1.255	4.137
4.235	3.922	15.288	4.224	5.171	1.343
5.283	6.519	8.957	5.065	4.779	3.747
5.620	4.601	19.240	5.443	4.865	4.465
4.184	5.901	18.971	5.484	6.546	4.284
5.630	6.074	16.730	5.031	7.402	2.017
4.079	4.156	8.287	6.152	5.401	2.251
6.610	7.927	12.578	4.310	3.509	3.107
5.499	4.482	13.327	4.140	0.485	1.026
6.640	4.528	3.770	6.720	6.510	1.397
5.444	4.862	7.383	4.637	0.090	3.660
2.706	3.588	14.477	5.879	8.730	3.997
4.281	6.224	14.854	5.187	6.687	4.999
3.436	6.224	1.736	4.758	4.661	4.347
4.891	5.162	11.817	5.019	9.604	4.354
2.404	5.762	3.107	4.940	5.208	3.631
4.371	4.355	1.276	4.132	7.700	1.858
4.459	5.564	3.909	2.091	9.630	4.731
5.215	7.979	8.866	6.993	8.520	2.743
5.347	4.266	13.658	5.449	7.093	3.428
6.233	5.634	13.346	3.545	0.204	0.569
6.469	4.909	18.680	5.774	6.143	1.506
6.211	4.604	18.282	5.316	5.461	4.979
3.952	5.169	8.674	5.068	5.796	3.992
7.315	4.276	18.427	6.079	0.530	1.333
5.992	3.559	9.418	5.550	8.443	1.414
5.143	4.658	18.321	3.744	3.897	1.797
7.406	4.237	13.785	2.413	6.744	0.410
3.950	6.800	0.329	5.403	2.043	3.483
7.377	5.473	7.333	4.704	7.187	4.282
4.149	4.564	13.735	3.821	5.050	2.874
4.597	5.642	12.872	5.809	8.163	4.348
4.393	5.368	7.889	5.537	9.386	1.068
2.674	6.066	1.184	4.413	9.028	0.047
5.937	5.583	7.948	6.430	4.270	3.764
4.805	6.392	18.273	4.656	0.747	3.957
4.934	5.487	17.982	5.256	7.088	0.455
5.135	5.108	14.315	5.561	9.830	2.459
6.122	5.157	14.219	3.874	5.874	4.814
5.643	4.710	14.427	4.574	3.067	4.554
4.109	6.518	2.820	6.757	7.576	1.446
3.984	3.627	12.392	5.316	1.597	0.871
6.148	3.412	6.438	4.339	9.036	2.500
4.356	4.584	13.272	3.259	4.617	1.963
5.828	6.270	7.957	5.641	8.798	0.013
5.789	4.441	6.230	4.856	9.123	2.951
4.611	4.119	17.912	5.939	6.660	3.481
4.646	4.972	10.954	4.265	9.297	4.931
4.185	4.585	6.807	3.975	5.550	4.004
5.318	4.826	2.957	2.780	1.734	2.586
6.137	5.942	7.601	6.097	6.746	3.809
4.703	6.199	4.994	6.307	7.524	2.022
5.660	6.210	15.278	5.159	7.513	1.559
4.720	4.567	6.139	5.000	7.740	4.114
5.354	4.592	9.845	5.584	0.276	1.061
5.613	7.399	19.784	5.597	6.016	1.456
3.921	4.093	9.121	5.539	5.575	2.945
4.492	5.341	19.890	5.392	3.594	4.946
5.164	3.480	15.737	3.636	4.225	0.337
7.382	4.541	1.660	7.764	1.638	2.179
5.179	4.700	16.019	5.367	5.496	0.674
5.169	4.507	0.479	5.452	5.782	0.658
4.155	4.667	17.840	4.519	6.480	4.555
4.290	4.558	1.477	6.881	0.794	4.805
3.388	4.689	9.513	5.366	2.588	1.351
4.086	4.354	10.382	5.289	8.150	1.972
5.328	5.460	9.004	4.294	9.485	1.139
5.534	3.866	17.322	5.908	9.033	1.428
3.019	4.957	14.283	5.665	3.915	3.064
2.653	5.023	15.950	3.808	9.507	1.035
3.680	3.334	4.653	5.523	6.989	3.033
6.674	4.954	7.636	5.710	5.840	3.515
5.381	6.072	18.647	4.664	3.305	4.204
4.249	5.684	11.217	4.759	9.259	4.822
3.712	4.072	10.435	5.688	9.914	0.964
6.722	5.250	0.256	5.144	3.527	4.013
6.251	4.628	16.209	5.181	2.194	2.900
6.521	6.463	0.390	4.258	9.174	0.834
5.500	6.084	6.438	5.369	9.246	2.373
3.209	4.189	1.968	4.866	2.560	4.560
4.644	4.001	0.499	2.753	8.794	0.608
5.380	5.220	15.230	3.589	1.421	0.904
5.759	5.885	8.592	4.526	7.205	3.422
4.634	4.723	17.345	4.700	1.532	0.956
5.469	6.538	3.449	6.409	9.895	1.900
4.057	4.637	12.672	5.150	8.662	4.482
5.334	6.252	9.328	5.896	9.758	2.998
5.025	5.875	12.508	7.299	9.424	2.883
3.005	4.056	10.717	7.230	3.407	2.286
5.928	5.310	2.939	3.502	6.211	2.967
4.975	5.032	5.416	4.276	1.980	3.059
5.852	3.677	19.809	4.901	7.514	3.027
4.657	3.683	1.016	6.701	0.391	1.037
4.768	3.454	10.311	5.485	0.878	3.826
5.930	6.449	13.854	3.690	2.437	1.202
3.939	5.567	0.273	5.537	0.612	3.924
4.640	3.442	17.329	5.319	1.350	4.186
5.440	4.615	17.441	6.795	5.480	0.747
5.666	6.013	17.150	4.528	7.267	4.981
5.200	4.582	16.983	4.715	3.767	0.551
4.590	4.513	18.064	6.482	3.699	4.410
4.329	4.703	12.231	5.394	5.715	2.309
7.644	6.498	12.364	4.029	7.582	3.415
3.846	4.056	14.176	5.041	4.463	2.425
5.407	5.496	7.787	5.565	4.241	2.044
4.310	4.296	11.629	4.924	8.823	2.385
4.979	4.117	11.650	6.250	2.034	4.095
2.078	4.945	14.907	6.488	9.837	2.990
5.025	4.055	1.724	5.100	2.680	3.842
3.914	7.551	16.927	5.270	4.479	1.419
3.775	5.614	17.171	5.248	8.835	4.859
6.393	5.264	17.159	3.209	2.129	4.917
5.154	4.933	2.541	4.333	5.068	4.004
3.817	5.085	2.408	5.061	9.460	0.519
5.817	4.723	9.233	2.648	4.053	4.104
5.590	6.767	12.600	3.534	5.866	3.340
4.222	7.359	17.276	5.204	1.626	2.842
4.180	5.880	15.361	5.785	0.835	2.590
5.083	8.490	16.321	5.329	2.208	0.936
4.081	6.553	1.053	4.952	7.610	4.211
2.754	5.870	10.050	3.470	9.881	4.065
3.587	4.092	18.253	6.529	3.589	3.794
3.863	4.405	5.180	5.606	2.835	3.177
2.335	5.680	11.882	3.228	8.678	2.791
7.008	3.353	4.074	5.491	9.154	2.853
5.574	4.620	14.741	3.557	1.614	3.588
4.995	4.086	14.998	3.814	5.078	3.451
4.500	3.899	7.355	5.367	6.455	1.081
7.722	4.653	2.863	5.385	2.048	3.416
4.489	3.881	6.922	5.116	6.906	2.927
4.501	4.728	10.144	4.883	0.154	3.275
4.340	6.425	18.724	3.818	0.808	0.904
7.272	4.053	6.243	4.331	7.803	0.362
3.756	4.826	4.769	3.416	5.507	1.307
6.324	3.393	11.515	5.519	6.088	1.768
5.160	4.754	14.483	4.209	0.431	4.881
4.216	4.724	15.397	5.565	2.830	4.762
5.452	5.183	12.112	5.166	8.521	1.155
5.282	5.108	12.511	4.896	6.789	1.421
3.709	4.596	1.150	6.450	3.333	2.594
4.264	6.585	5.652	5.502	5.453	4.941
5.630	5.471	13.330	5.995	1.290	3.344
5.671	6.209	13.333	6.455	0.515	2.278
6.405	3.295	13.318	3.278	0.501	0.226
4.151	6.109	5.394	2.215	7.701	1.934
4.984	4.934	3.620	4.996	4.519	4.981
6.021	5.138	14.724	4.901	0.551	3.379
4.070	6.534	18.261	5.014	4.570	4.832
4.650	4.199	1.920	4.219	1.083	0.705
4.122	4.618	18.838	3.742	8.274	2.211
5.121	4.752	6.736	4.635	9.695	3.054
5.370	5.823	18.159	4.518	0.473	4.357
4.838	5.849	17.271	4.868	6.189	2.234
4.966	5.873	6.322	6.603	0.544	4.067
5.810	4.148	16.918	4.678	5.839	3.014
5.605	4.909	6.357	4.628	5.040	3.198
4.984	4.327	4.716	3.600	6.919	4.873
4.791	3.949	4.684	4.777	4.724	3.015
6.095	6.204	17.986	4.356	9.571	1.288
6.133	4.152	5.191	5.158	9.744	4.402
4.013	4.751	1.715	4.116	1.449	1.268
5.731	5.284	11.322	4.485	6.440	1.485
5.410	7.828	12.365	5.439	0.361	3.208
5.610	7.283	9.394	3.854	3.273	1.396
4.993	5.183	15.623	5.999	6.216	4.257
5.184	5.440	13.394	3.831	8.628	3.526
3.238	5.820	13.045	4.647	1.617	1.813
4.083	5.102	1.989	6.306	2.050	0.371
3.871	6.052	18.213	5.898	9.534	4.186
5.234	5.643	10.452	5.273	1.243	2.810
3.966	4.869	17.280	3.899	0.943	1.284
5.754	6.259	14.653	3.917	3.680	0.301
5.242	5.650	4.456	4.628	4.072	2.702
5.078	5.479	17.926	5.206	0.589	3.031
3.586	6.510	4.508	4.284	2.091	0.169
5.572	4.062	14.907	4.969	4.690	3.465
3.947	4.491	11.879	6.542	0.391	3.781
5.199	5.068	13.477	4.882	7.943	3.401
4.585	5.359	5.059	4.800	9.695	2.428
6.943	6.376	7.951	6.790	2.835	0.460
5.405	4.784	15.182	4.016	1.679	2.095
4.572	3.929	5.267	5.266	6.820	2.805
3.962	5.069	4.990	7.401	0.392	3.616
5.910	4.491	15.132	4.983	8.487	4.026
4.774	4.717	15.049	3.867	2.615	4.756
5.641	5.613	19.595	4.316	6.648	0.708
3.957	5.228	7.073	4.861	3.714	1.487
4.105	5.189	18.095	4.416	2.717	3.817
4.887	5.020	11.223	5.276	1.584	3.509
5.265	6.051	9.396	5.586	2.518	1.039
4.887	4.315	13.847	4.540	0.047	3.304
3.899	3.918	9.504	6.052	2.907	3.937
4.897	4.373	8.715	4.990	0.266	1.778
4.559	4.672	18.315	4.040	0.948	1.731
5.393	6.225	4.503	4.565	2.667	4.914
6.886	5.991	13.649	5.861	6.393	0.137
6.010	3.529	12.092	6.562	7.742	0.700
5.174	3.976	9.438	5.368	1.875	3.501
6.063	4.539	5.898	5.759	3.309	3.904
5.462	4.971	1.975	5.349	6.857	4.584
4.739	6.095	0.042	4.582	4.567	1.912
2.821	3.916	19.745	3.397	0.319	2.351
6.028	4.277	17.548	5.078	6.521	2.454
4.373	4.757	12.925	5.122	4.738	3.245
6.983	3.700	6.604	3.633	0.475	1.071
4.165	4.458	15.806	4.251	3.434	3.333
4.700	5.897	4.640	4.328	5.918	3.461
4.342	4.302	17.175	6.422	0.139	4.014
4.630	3.828	14.652	6.016	2.535	3.047
5.120	5.054	10.100	6.375	7.288	2.685
3.314	5.411	9.762	5.090	9.328	3.962
4.140	6.201	6.642	5.212	2.777	1.413
4.088	3.231	3.802	5.137	1.821	1.416
4.340	6.222	0.182	5.533	2.716	1.662
4.363	4.613	0.364	4.177	5.772	1.531
4.742	5.063	19.279	6.737	5.374	3.225
6.292	6.748	16.141	6.997	3.634	1.471
5.379	5.775	12.790	4.547	9.131	1.560
4.452	3.675	13.055	4.559	0.814	3.845
6.013	4.686	15.208	3.276	3.194	0.300
4.115	2.430	15.417	5.102	6.503	0.262
4.816	5.287	5.412	4.092	5.892	0.009
6.126	6.912	12.309	6.041	7.367	0.717
4.470	5.945	11.645	5.650	4.315	0.682
4.383	5.124	8.187	5.522	4.473	4.219
4.940	3.474	14.210	3.872	5.313	0.233
5.862	3.501	10.615	8.008	2.438	2.946
6.593	3.464	5.853	3.642	8.302	3.247
6.992	3.409	8.863	5.621	1.398	3.133
5.183	6.233	14.226	4.826	7.903	1.760
4.538	5.169	10.445	6.362	3.292	3.364
4.373	7.210	0.549	5.499	9.801	0.128
4.646	3.543	1.363	3.071	5.482	3.109
5.982	6.814	5.658	4.098	6.997	0.422
5.065	4.734	17.191	3.510	0.079	1.257
5.464	4.901	17.255	5.976	3.203	0.003
5.677	3.271	19.705	6.168	4.739	2.280
6.460	3.826	1.441	5.151	9.046	3.812
4.065	5.854	8.116	4.427	5.844	2.750
4.862	4.521	1.108	4.614	1.229	2.794
4.034	4.887	5.160	3.463	9.748	1.468
5.111	7.191	14.727	4.856	2.552	3.846
6.037	4.117	1.928	5.072	4.772	0.148
5.194	7.251	7.692	4.274	4.401	1.287
2.861	3.418	17.801	4.725	6.892	2.362
3.302	5.427	18.643	6.585	0.910	2.374
3.225	5.019	8.790	3.139	8.479	3.893
5.852	4.796	16.093	4.654	5.705	0.842
5.168	2.610	10.373	4.567	5.002	0.237
5.146	5.429	1.810	5.739	6.368	2.742
6.354	4.246	9.572	5.209	9.809	2.395
3.492	3.608	16.081	5.911	9.482	2.938
5.449	3.613	15.880	5.166	5.373	3.713
4.479	5.123	15.088	4.293	3.591	2.719
4.785	4.546	7.187	4.270	3.970	4.880
5.901	6.657	15.755	6.499	5.409	3.953
3.989	3.651	17.504	3.145	1.490	2.660
5.721	5.079	14.583	6.424	5.748	0.685
3.472	5.020	10.748	3.576	8.100	2.904
3.907	4.562	14.847	4.911	4.867	3.948
5.050	5.094	10.688	5.081	6.087	4.621
5.593	4.080	1.001	4.492	8.885	2.613
5.740	4.726	7.327	4.787	5.654	4.867
5.859	6.634	13.551	5.798	4.666	4.454
6.441	2.241	3.831	5.183	7.087	0.222
6.234	5.359	3.052	5.510	2.038	3.340
3.136	6.896	6.273	4.635	3.219	2.395
7.294	5.832	0.547	7.146	9.315	3.392
1.880	5.562	11.447	3.982	1.948	1.586
6.129	2.512	9.836	4.552	8.538	0.586
4.323	2.851	16.406	5.895	2.642	4.999
5.713	4.341	14.317	6.597	7.498	3.816
5.956	4.465	17.722	5.948	8.815	1.795
4.215	4.644	4.781	3.943	5.975	4.891
3.281	4.287	6.107	5.622	5.312	4.626
3.711	6.005	7.693	2.368	0.744	1.310
5.261	6.317	2.004	7.284	2.586	4.025
