0.746	0.609	8.795	-0.267	-0.820	0.131	0.557	-0.989
-0.801	0.898	9.970	0.755	-0.080	2.512	0.886	0.886
0.207	-0.990	12.780	-0.508	-1.512	7.203	-1.392	-0.237
-0.216	1.952	9.068	-0.155	-0.048	6.408	0.622	1.636
0.093	0.792	1.553	0.975	-0.110	3.762	0.524	0.644
0.434	0.965	15.796	-0.939	-0.339	0.727	-0.839	0.252
0.427	1.425	11.986	1.343	-0.578	8.752	-0.905	0.375
2.374	-0.534	12.411	-0.824	1.145	0.562	0.652	-0.896
1.776	-0.904	15.421	1.569	1.285	3.908	2.072	-0.464
-0.663	-1.131	18.662	0.750	-0.116	4.651	-0.816	-0.502
-0.947	0.714	17.162	0.461	2.465	3.406	-0.187	-0.300
1.004	-1.055	11.348	0.433	-1.309	4.199	0.967	-1.405
1.020	0.311	13.366	0.851	-0.265	0.756	-1.731	2.243
0.349	-1.226	7.018	0.670	-0.340	7.697	-1.738	-1.003
1.290	-0.901	18.413	1.378	-0.217	5.984	0.407	-1.622
-0.086	-2.219	1.119	1.037	-2.354	3.729	0.077	-0.298
-1.530	-0.688	6.576	-0.068	-0.791	8.649	-1.153	1.115
0.556	-3.502	17.340	0.668	1.136	9.219	-0.990	0.275
0.891	1.081	8.996	-0.409	1.000	7.349	-0.561	0.164
-0.213	-1.427	17.154	-0.770	-0.699	6.013	-0.838	0.758
0.686	1.773	18.684	0.036	0.035	0.383	-1.020	-0.212
-0.700	-0.070	12.715	1.237	-1.056	7.994	-0.308	0.068
1.229	1.220	7.966	-1.348	0.200	2.636	-0.189	0.703
0.011	-0.651	14.167	-0.228	0.582	4.097	-0.015	1.443
0.791	-0.106	5.312	-0.061	-0.431	2.635	-0.805	-2.479
-0.868	0.047	12.038	-1.282	-0.962	6.627	0.381	-0.521
-0.103	0.339	7.076	1.539	1.144	7.346	0.447	-2.001
-0.816	0.132	0.832	-0.281	-0.045	1.091	1.619	-0.573
-1.398	-0.657	13.700	1.196	1.143	1.343	-0.884	-0.798
0.268	0.625	11.965	-0.323	-0.454	4.647	-1.309	-0.060
1.257	0.894	2.845	-0.886	-0.151	4.644	-0.092	0.222
0.096	-0.951	15.156	0.819	0.620	9.589	0.272	0.766
-0.387	0.517	4.867	1.124	0.486	6.738	-0.871	0.682
1.055	0.160	14.018	0.236	0.361	5.269	0.639	-1.100
0.103	1.178	13.353	0.857	-0.283	3.637	1.077	1.058
-1.164	0.922	12.569	1.282	-0.682	1.284	1.534	0.646
-0.816	-0.958	0.364	-1.103	-0.046	7.513	-0.260	0.694
-0.588	1.734	7.002	-0.856	-0.798	6.583	1.328	-0.261
-0.898	0.340	1.194	-0.416	1.222	5.598	0.693	0.868
0.068	-0.596	15.411	0.405	-2.045	4.929	1.052	1.779
0.351	0.174	19.921	0.229	0.517	1.823	-0.436	1.383
1.213	-0.685	8.589	-0.147	-0.291	1.650	0.128	0.413
0.474	0.600	18.811	-1.112	0.598	9.026	1.353	1.732
-0.589	-0.026	5.450	-1.325	1.702	1.862	-0.464	-0.414
-1.674	1.540	0.962	-0.545	-1.749	2.839	0.593	-1.573
1.950	1.539	17.608	-0.182	1.113	7.318	-0.027	2.367
0.839	0.004	8.861	-0.469	-0.986	1.081	1.094	2.287
-0.927	-1.018	18.102	0.279	0.456	5.731	-1.398	0.042
-0.425	-1.069	3.293	0.510	1.634	0.412	-0.256	0.443
1.307	-0.581	11.825	0.855	-0.569	1.664	-0.698	0.517
1.717	1.167	1.319	1.855	-0.550	4.273	-0.229	1.624
-1.225	-0.884	0.012	1.196	-1.979	8.350	-0.448	-1.358
-0.243	-0.564	8.727	-1.015	0.092	1.345	-1.057	0.248
-2.451	-0.368	19.666	-1.045	-0.575	2.616	1.951	0.465
1.193	0.600	10.637	0.739	-0.499	3.607	0.815	0.404
-0.339	-1.415	0.301	-0.004	-1.802	6.072	-1.645	0.170
0.027	-0.703	19.886	0.085	-0.851	6.854	-0.898	0.022
-1.114	1.585	0.753	0.105	1.193	9.429	1.870	1.447
0.719	-1.225	4.560	1.036	0.119	5.843	0.490	-2.218
0.358	-2.113	4.458	1.545	0.387	5.553	0.211	-1.069
0.465	-0.653	18.432	-0.917	0.527	4.117	1.501	0.509
1.245	0.074	0.221	0.531	0.165	0.613	-0.845	-2.237
-1.092	1.465	14.279	-0.775	0.675	7.769	0.470	0.490
-1.290	-1.665	19.794	0.389	-0.357	8.343	-0.786	-0.426
-0.575	2.414	17.783	-1.208	0.893	4.285	-0.059	-1.342
-0.384	1.633	17.462	-0.806	-0.040	1.970	-1.299	0.061
0.078	-0.802	18.155	0.287	-0.814	3.190	1.312	-2.541
-0.226	-0.778	8.024	2.337	-0.955	9.963	-0.705	-2.366
1.986	-0.716	12.315	-2.142	-0.172	9.562	-1.176	0.702
-0.173	-0.325	11.100	-1.228	-0.753	3.233	-0.478	-0.132
-0.304	-0.444	18.784	2.363	-0.075	2.308	0.049	0.077
1.316	-0.325	3.764	-1.294	0.055	4.809	-0.608	0.521
0.274	-1.177	8.298	2.872	-0.704	5.179	-0.742	-0.293
-0.371	-1.282	3.666	1.151	1.231	5.213	-0.407	0.888
-0.195	-1.212	15.451	0.068	-1.188	6.591	-0.532	1.126
-0.775	-1.360	18.954	-0.808	-0.742	6.925	-0.145	-1.229
-0.650	-0.082	5.144	-0.234	0.117	2.002	-0.448	0.052
-1.883	-0.336	15.818	-1.910	0.055	2.682	-0.114	1.449
-0.447	1.291	12.198	-2.428	-0.017	4.287	-0.910	-1.142
0.319	-0.145	0.937	-0.432	-0.210	3.611	0.065	-0.948
-0.743	-1.708	7.747	-0.270	-1.674	6.963	1.085	-1.808
0.571	0.307	19.834	0.231	0.306	6.526	0.729	-1.721
-1.936	-0.058	8.416	-0.345	0.983	8.460	-0.176	1.196
1.443	-0.513	3.055	-0.339	0.804	1.324	-0.573	-0.573
-0.806	0.551	8.052	0.064	0.871	2.917	-1.030	-0.232
-0.378	0.501	17.078	0.345	-1.664	4.871	1.203	-0.215
0.929	-0.360	12.241	-1.218	0.232	9.908	-1.476	0.529
0.108	2.100	11.810	-0.709	1.217	3.872	0.787	1.741
-1.437	-0.442	4.637	0.278	1.134	6.616	0.514	0.932
1.882	-0.163	12.717	-1.323	-0.358	1.296	-0.880	1.025
-0.703	-1.441	5.938	-1.191	-0.159	4.286	-1.123	0.146
-0.939	-0.056	1.113	0.431	-0.413	1.961	1.489	-0.975
-0.009	-1.053	7.804	-1.115	0.221	1.655	0.250	-0.065
-1.274	0.521	11.650	-1.423	1.651	1.758	0.335	0.733
-0.089	-0.102	16.572	-1.599	0.270	9.853	-1.208	2.382
2.077	-1.467	1.459	-0.275	0.510	6.339	2.381	0.474
0.486	-1.185	7.332	-1.067	1.490	5.653	0.924	0.411
0.238	-0.224	15.345	1.153	0.637	8.334	-1.713	0.219
1.416	-1.386	0.031	-0.935	-0.797	0.208	0.975	0.675
-0.992	0.041	4.011	-0.779	1.781	4.414	0.959	0.809
-0.021	0.712	7.087	1.760	-0.407	5.471	-0.522	0.278
-2.641	-0.273	11.978	0.621	-1.283	1.165	1.336	-0.850
0.888	-0.056	2.497	1.120	0.867	1.088	-2.371	-0.537
-0.282	0.820	5.123	-0.366	0.474	8.867	0.295	0.178
-1.287	0.205	19.262	-1.384	0.789	8.918	2.098	-0.411
-1.300	0.738	3.832	-1.207	0.332	6.537	0.145	0.042
0.472	-0.446	3.749	-0.146	0.320	5.678	-0.246	-0.530
0.104	1.065	2.004	0.773	1.358	0.902	1.962	0.088
-0.462	1.722	1.831	-1.677	-0.236	5.648	0.290	-0.328
0.544	-0.358	17.860	-0.968	1.012	8.150	2.501	-0.025
0.127	0.621	4.463	-0.201	-1.098	5.651	0.525	1.678
0.460	-0.505	11.148	-2.117	0.293	0.635	-1.470	1.377
0.112	-1.138	14.413	-0.285	0.184	1.051	-1.895	0.886
1.622	-1.258	12.767	0.201	-0.576	4.432	0.195	0.647
-2.393	0.679	10.734	2.115	-0.148	6.676	-0.463	0.876
-0.650	0.854	13.497	-0.387	-1.277	7.806	1.078	0.173
-0.803	1.484	5.782	1.560	-0.576	5.497	-1.150	-0.665
-1.153	-0.856	4.437	-0.484	-0.611	0.846	-0.250	-0.899
-0.880	-0.351	12.046	0.699	0.058	0.191	-1.056	1.883
-1.154	-1.847	7.688	-0.208	1.028	1.091	-0.150	-0.405
1.004	-1.146	12.918	0.679	-0.560	5.468	-0.107	1.094
-1.794	-2.336	13.990	0.099	-0.652	5.567	-0.192	0.206
-0.225	1.876	11.775	-0.010	-0.674	3.598	-0.676	-0.737
0.213	0.748	0.628	0.529	0.245	5.346	-0.288	1.844
0.679	-0.072	15.656	0.556	-0.282	4.093	0.159	-0.954
-0.659	0.024	1.291	0.324	0.609	8.546	-0.529	0.280
-1.007	-0.638	4.473	0.262	-1.097	7.927	-0.020	0.949
-1.628	0.526	1.151	-1.486	0.081	5.135	1.304	0.967
-0.101	1.089	19.968	-1.356	-1.110	7.815	-1.324	0.222
1.080	-0.010	14.676	-0.291	1.906	2.402	2.008	-0.335
-1.248	-0.913	11.210	-0.621	-2.220	6.675	-0.568	-0.170
-1.561	0.719	1.259	-1.187	-0.973	4.751	-0.848	-0.373
0.285	-0.338	2.514	-0.522	0.473	3.434	-0.591	1.045
-1.085	-0.724	16.622	0.927	-0.125	6.894	1.008	-0.102
0.871	-0.059	14.694	0.007	-1.050	4.947	1.671	-0.043
0.508	-0.593	12.917	0.215	-0.447	2.602	0.066	0.973
0.338	0.048	4.996	0.260	-0.880	0.429	0.210	-1.162
0.557	0.098	3.300	-0.398	-0.362	1.564	-0.168	-0.194
-1.643	-0.410	4.142	-1.417	1.275	5.626	1.239	0.587
-1.097	1.251	1.458	-0.814	0.696	5.998	-0.984	-0.152
1.810	-1.744	10.093	-1.083	-0.663	0.932	0.144	-0.221
-0.509	-0.414	18.882	0.515	-0.963	3.452	-0.785	0.198
-0.622	-1.019	3.714	0.355	-0.254	2.104	0.613	-0.678
0.809	1.672	13.468	0.434	-0.657	1.680	-0.410	-1.254
-0.488	1.154	10.094	-0.066	-0.166	7.988	-0.459	0.013
-0.291	-0.716	8.657	0.950	0.031	9.419	-0.149	1.053
-0.784	0.561	17.341	-0.724	-0.914	1.635	-0.131	-0.797
0.382	-2.447	3.220	-0.250	1.163	6.453	-0.942	-1.292
-0.846	-2.416	7.334	-2.446	0.162	5.641	1.689	-0.427
-0.536	-0.095	15.432	-0.528	-0.875	1.026	-1.339	-1.308
-2.142	-0.817	7.093	0.321	-1.325	3.558	-1.123	-2.251
-0.474	0.140	2.381	-1.096	-1.254	7.069	0.799	1.025
0.618	-1.671	14.927	0.055	-1.187	8.282	-1.961	-0.290
-1.434	2.286	17.849	0.691	1.055	6.057	0.998	0.256
0.499	0.327	4.300	-0.690	-0.189	8.900	-1.505	-1.277
0.387	0.453	4.047	-0.720	-0.376	7.482	0.808	1.044
-0.975	-0.147	4.894	-0.016	-0.904	4.731	-2.131	-0.921
0.394	0.332	15.320	0.047	-0.980	0.998	1.374	0.911
0.088	-0.641	14.036	0.453	-0.975	6.747	-0.757	-0.912
1.757	0.648	14.377	-1.114	-0.645	6.749	0.481	-1.915
-0.425	-0.722	4.458	-0.547	-0.545	5.941	-0.614	-1.025
0.677	0.000	1.452	-0.399	-0.381	8.488	0.305	-0.432
-0.902	-1.472	13.101	0.551	-0.607	0.823	1.991	-0.983
0.890	0.200	16.692	0.163	1.598	3.233	-0.498	-1.549
0.242	2.166	17.907	-0.955	0.740	9.126	-0.557	1.128
1.033	-1.557	10.598	-0.446	1.489	3.609	0.976	0.003
-0.712	0.265	9.084	0.848	-1.536	7.060	0.561	0.212
-0.599	-0.745	5.903	-0.547	-0.219	3.648	-0.465	0.165
-0.572	0.734	9.720	-1.848	0.193	4.096	-0.201	-1.536
-0.414	1.325	18.738	-0.066	1.186	4.354	0.592	0.748
0.106	0.606	11.745	0.000	0.673	1.117	-2.249	0.273
-0.593	-1.713	16.691	-0.160	0.496	1.008	-1.079	-1.294
-0.259	-0.005	7.697	-1.194	0.026	7.146	1.244	0.603
0.082	0.381	1.395	0.692	-0.721	3.729	0.738	-0.540
-1.419	-0.763	0.238	-0.422	-3.106	8.831	0.159	-1.190
0.804	-1.214	6.065	0.543	-1.268	4.470	0.244	-0.746
1.858	-0.803	12.541	-1.176	0.483	3.083	0.525	0.675
-0.047	-0.191	10.989	1.218	-0.581	9.830	0.382	-0.242
0.295	-1.006	5.678	-0.954	0.140	7.012	0.786	1.197
-0.636	-1.762	15.588	1.907	0.057	2.005	-0.764	-0.895
1.631	1.552	4.715	0.664	0.177	2.522	1.152	0.487
-1.635	2.641	16.264	0.765	-1.196	2.928	-0.057	0.888
1.818	-0.071	10.241	1.158	-1.109	1.357	-0.878	0.909
-0.460	0.743	3.331	1.981	-1.269	6.116	-0.669	0.631
0.040	-0.901	14.535	1.094	-1.803	5.666	0.702	-0.972
0.535	-1.128	7.868	-0.729	-0.697	8.391	-1.358	0.496
1.041	1.011	19.722	0.018	-1.037	7.658	1.290	0.848
-0.389	0.107	8.021	1.181	-0.182	7.273	0.507	1.980
0.914	0.700	13.927	-0.036	-0.575	6.708	-1.128	0.833
0.524	0.581	8.189	1.533	1.139	2.412	0.064	0.388
1.294	0.596	7.653	1.710	1.663	5.127	1.830	0.895
-0.492	-2.944	1.230	-0.507	0.443	6.528	0.605	-1.247
-0.689	-0.691	7.678	1.204	-0.327	6.645	1.842	-0.585
-0.694	0.169	19.394	-0.649	-1.103	1.454	-1.294	-0.375
1.536	0.511	7.008	-0.485	-0.150	2.156	0.244	-0.620
1.540	0.531	12.292	-1.786	0.007	8.120	0.326	-0.201
1.841	0.988	12.657	0.167	-0.591	0.087	2.018	0.848
-0.539	-0.116	15.223	1.071	0.906	2.315	0.712	0.718
-0.547	-0.771	13.505	0.736	-1.010	5.017	-0.248	-1.253
-0.624	0.736	19.155	-0.515	0.840	2.088	0.020	-1.167
1.121	-1.353	16.309	-0.601	0.859	6.726	-1.065	0.805
-2.340	-0.594	11.294	0.252	-1.112	6.404	-0.408	0.249
-0.258	-0.332	17.410	-0.673	-0.409	7.041	-0.427	0.549
0.397	0.345	7.929	0.315	0.600	2.736	-0.642	0.864
0.419	0.431	1.228	0.097	-1.372	8.517	-0.919	-1.184
-0.844	0.016	14.015	-0.125	0.376	5.838	1.378	-0.160
0.119	-0.322	5.186	0.232	-1.723	9.587	-0.789	-1.590
0.701	-0.144	4.571	-0.151	1.576	2.553	0.048	-0.099
-0.562	-0.825	18.343	1.326	0.414	9.099	-0.122	-0.132
1.074	-0.323	12.015	-0.184	0.845	0.886	-2.058	0.755
-1.151	1.753	7.734	0.638	-0.997	4.560	-2.395	-0.334
0.310	0.927	13.957	0.304	-0.623	6.508	-0.209	-0.656
-0.266	-2.265	16.899	-0.645	0.829	4.841	-0.659	-1.061
-0.224	1.074	8.465	1.159	0.533	1.282	-1.161	0.702
0.222	1.831	6.984	0.927	-0.384	2.225	-0.746	1.141
-1.341	1.219	1.013	0.327	-2.164	1.636	0.101	-0.199
-0.393	1.479	9.511	0.671	-1.234	4.478	0.474	-0.890
0.460	-0.366	17.002	-1.114	1.961	5.384	0.406	1.175
-0.151	-0.092	10.162	-1.695	1.837	8.998	-0.617	-0.558
0.013	-0.719	10.580	0.724	-0.072	0.163	-1.042	0.218
0.434	0.031	19.761	0.103	-1.524	2.651	-0.342	-0.232
-0.580	-0.213	1.764	-0.583	0.074	3.445	0.486	0.390
0.456	1.559	2.651	0.176	1.120	8.445	-0.185	-0.463
0.451	1.281	8.066	0.475	-0.365	3.194	-0.558	-0.401
0.301	1.221	1.059	-0.635	0.625	6.549	-1.475	-0.011
-1.822	0.068	11.787	0.132	2.938	7.129	-0.791	1.604
0.215	0.781	15.798	-1.726	-0.759	7.678	0.206	-1.296
0.893	-0.692	7.994	-1.542	-1.061	7.717	1.849	-0.316
-0.649	1.022	5.443	-0.827	-0.153	7.925	-1.008	0.594
-1.283	-1.541	17.394	-0.421	0.670	7.820	-0.579	2.190
-0.108	1.118	14.001	-1.295	-0.548	8.055	1.443	-0.003
1.985	0.841	14.226	-2.268	3.768	3.410	0.730	-0.636
1.946	0.112	13.187	1.282	-0.499	7.343	-1.584	2.101
0.146	0.020	1.084	0.434	-1.270	3.474	-0.117	1.128
1.179	1.358	14.012	0.702	-0.761	5.236	1.469	1.057
-1.418	1.501	13.170	0.876	1.679	5.597	-0.769	-0.767
1.813	0.555	5.162	0.021	0.373	8.070	0.960	-0.266
0.598	0.596	5.353	-0.236	1.679	3.401	1.240	-0.725
-0.309	-0.110	5.854	0.972	-0.438	5.596	-1.760	0.649
0.023	-0.214	12.342	0.063	-1.579	8.200	-1.352	0.746
-0.597	-0.270	0.240	0.717	-0.448	9.510	1.540	-0.322
1.233	1.588	0.681	0.975	1.505	1.594	-1.253	1.738
-0.227	0.330	17.754	-0.732	-0.540	8.366	0.630	-0.122
0.464	1.150	6.231	0.511	0.231	4.404	0.415	-1.933
-0.392	0.103	2.976	1.298	1.078	8.754	0.199	-1.118
1.642	-1.176	2.965	0.678	0.139	3.896	-1.468	-0.413
-0.474	-0.675	5.827	-1.957	-1.516	9.586	0.347	-0.445
0.989	0.111	1.847	1.221	-2.067	7.232	-0.834	-0.581
-1.613	2.790	12.606	-0.478	-0.891	2.519	0.691	-1.289
-1.952	1.447	4.315	-0.616	0.535	1.529	1.295	0.446
-0.147	0.511	1.040	-0.660	0.548	0.046	0.024	0.425
1.363	-0.128	2.948	1.384	0.074	5.639	-0.811	1.453
0.712	-0.696	1.736	0.522	0.824	1.526	1.107	-0.424
0.138	0.506	7.896	0.455	1.040	0.728	0.733	-0.861
-0.650	-0.296	14.240	-0.882	-0.865	2.386	1.274	-0.944
0.967	-0.768	3.860	-0.405	1.202	2.537	-1.762	0.487
0.457	-0.918	1.413	-2.219	0.203	7.966	-0.595	2.217
0.998	0.326	11.546	-0.137	-2.111	1.650	-1.665	0.992
0.844	-0.537	19.585	0.303	0.523	4.465	1.478	-1.474
0.286	1.293	6.171	-0.763	0.324	1.924	-1.462	-0.371
1.263	0.244	1.325	0.427	-1.413	8.372	0.443	1.507
0.023	1.054	14.686	0.101	-0.612	3.617	-0.883	-0.912
0.915	-0.914	6.553	-0.528	-0.949	6.085	-0.870	1.551
-1.068	1.847	11.026	1.020	1.623	5.240	-0.229	-1.706
-0.802	1.194	4.355	1.003	1.072	0.912	-1.392	0.311
-0.678	-0.513	12.507	0.733	0.880	6.451	0.872	0.576
-0.017	-0.180	8.748	-1.618	-0.441	9.323	0.113	1.040
1.275	0.416	8.521	1.661	-0.090	8.456	-0.017	-0.158
-0.658	-0.145	6.417	1.607	-0.139	7.033	-0.374	0.385
0.338	0.706	3.979	0.548	-0.086	0.988	0.243	0.555
-0.989	-0.765	19.995	-0.203	-0.950	9.590	-1.262	-0.081
1.335	0.168	12.100	0.599	-1.815	4.806	0.180	-0.848
0.470	-0.531	10.423	0.476	0.897	5.003	0.798	-0.073
0.001	0.430	13.892	-0.890	-1.008	5.461	-0.974	-0.744
-0.805	1.769	4.555	2.253	-0.337	6.266	-1.583	-1.031
-0.151	0.834	15.314	-0.249	-1.999	7.420	-1.048	0.124
-1.015	0.998	9.092	0.193	0.358	1.235	-0.264	0.702
0.629	-0.137	2.727	-0.417	-0.430	0.250	1.231	0.601
-2.067	0.996	7.741	-0.616	1.153	2.430	0.477	-0.481
0.706	-0.003	7.363	0.245	0.335	2.617	-0.293	-0.165
0.259	-0.701	0.508	-1.500	-0.228	5.317	0.890	-0.211
-0.393	0.145	18.801	1.057	-1.473	0.507	-0.764	0.071
-0.572	-0.558	18.954	-1.504	0.687	4.235	1.280	-0.046
-0.341	0.477	6.255	0.115	-0.015	8.737	-0.099	-1.616
-1.201	0.756	11.858	-0.546	-0.381	8.621	-0.335	-1.061
-0.504	0.942	1.348	-0.889	0.169	3.266	-2.603	-1.168
-0.756	0.770	18.237	1.087	1.931	8.255	0.035	1.936
2.078	0.136	8.976	-1.498	0.452	6.665	2.090	-0.168
0.912	-0.235	12.143	0.773	-0.844	5.838	2.149	1.871
0.484	-0.849	18.750	-1.801	-1.020	9.233	-0.837	-0.460
-0.977	-1.294	7.056	-1.381	0.284	7.837	-0.162	0.881
0.695	-0.052	4.665	0.371	-1.179	4.549	-0.085	-2.175
0.215	-1.416	9.501	-0.964	-0.132	4.462	-0.645	-1.472
-0.217	-1.385	17.182	-0.210	0.807	4.534	-0.227	-0.994
1.158	-0.884	4.762	1.588	0.759	7.266	-0.102	0.691
-1.029	-0.766	3.533	1.720	-2.311	2.924	0.110	-0.573
-0.497	1.079	5.938	-0.965	1.121	6.024	0.147	0.694
-1.018	0.110	9.478	-0.312	0.265	8.472	-0.364	-1.679
-1.559	0.218	2.057	0.316	-0.513	0.762	0.186	-0.938
0.326	0.997	0.454	0.432	1.022	6.378	0.503	0.671
-0.866	-0.386	15.873	0.938	2.113	0.974	-0.673	0.425
0.522	0.630	3.199	-0.641	1.201	6.649	-0.420	0.597
-0.724	0.326	18.424	-0.635	0.559	4.573	0.618	-1.606
-1.164	0.288	13.890	0.056	1.072	0.296	-0.999	0.751
1.127	-0.228	2.083	0.171	0.312	5.649	-1.271	-3.608
0.560	0.902	6.963	-0.647	0.063	3.067	-2.248	0.291
-1.428	1.004	5.410	-0.572	0.221	6.412	-0.106	0.965
0.120	-1.127	0.488	-0.743	-1.764	0.162	1.184	0.164
-0.064	-0.502	9.423	-0.229	1.462	0.915	-0.925	1.533
1.720	-0.099	11.952	-1.090	1.236	8.350	2.113	0.923
0.940	0.303	17.780	0.599	-1.081	3.906	0.734	1.168
-0.999	0.068	17.913	-0.527	-0.849	1.679	-1.570	-0.530
-0.106	-1.560	0.067	-0.658	-0.681	2.509	-1.623	-0.734
0.630	0.222	10.175	0.451	-1.287	3.795	0.813	0.360
-1.686	1.484	7.217	-1.344	0.295	9.387	-0.318	1.637
-1.865	-0.819	9.046	-0.231	0.466	2.328	-0.695	0.072
1.072	1.766	10.555	-1.294	-0.573	7.506	1.456	0.736
-1.724	1.177	7.899	-0.472	-1.470	1.301	0.542	-0.232
-0.923	1.185	1.672	-1.277	1.947	1.039	-0.286	-0.288
-1.916	1.702	11.799	0.798	1.434	0.458	0.194	-2.252
0.903	-1.809	14.882	0.105	2.167	6.103	-0.716	1.150
-1.995	1.123	8.894	0.144	-0.919	7.017	0.635	1.042
-1.598	0.438	7.052	0.201	1.715	1.148	1.042	0.238
0.866	0.207	18.999	-0.534	1.445	4.193	-0.351	-1.641
-0.949	0.085	4.329	1.003	-0.389	1.930	-0.130	-0.408
-1.083	-1.478	4.825	-0.380	-0.148	8.597	-1.062	-0.002
-0.534	1.508	6.477	1.018	1.297	3.708	-0.214	0.361
-1.274	0.381	17.672	1.095	-0.062	7.240	-0.467	0.809
-0.880	1.454	4.937	-0.821	-0.404	5.186	0.355	-0.161
-1.219	0.864	7.945	2.082	-1.769	7.899	2.150	-1.230
-0.950	1.955	6.399	0.049	-1.784	5.802	-0.691	1.659
-0.363	0.378	12.013	-2.546	-0.031	1.434	0.301	1.354
-0.363	0.307	13.670	1.095	0.732	5.550	-0.334	-1.697
4.838	4.892	5.780	9.561	1.790	5.324	5.200	4.575
4.941	5.183	5.640	1.216	8.188	4.450	5.686	4.125
4.813	3.082	2.338	0.427	1.388	5.726	5.650	5.611
4.167	6.233	6.258	4.308	8.657	5.729	4.958	5.437
4.202	3.189	6.021	8.809	1.481	4.891	4.721	4.687
5.560	3.674	5.443	19.091	7.767	4.621	4.529	6.053
5.618	5.307	5.174	2.534	9.717	5.832	5.731	5.030
3.399	4.567	5.297	0.967	8.672	6.672	5.451	5.111
5.096	5.712	3.676	5.899	7.193	4.034	5.129	2.822
4.978	5.435	4.793	13.529	2.450	5.729	5.504	5.341
4.403	3.174	6.386	0.541	6.213	4.426	5.651	5.050
6.609	6.811	4.258	13.060	2.498	4.046	5.479	6.094
6.694	5.085	4.262	19.392	2.514	6.956	4.624	4.309
6.191	5.935	4.365	12.198	6.413	5.418	4.519	2.227
6.626	5.405	4.805	14.992	3.443	5.022	3.959	4.593
4.015	4.704	5.861	8.336	7.919	4.825	6.094	5.588
6.053	7.294	6.106	19.751	1.759	5.651	4.439	5.088
4.491	3.038	4.484	18.455	8.833	4.169	4.062	5.815
5.940	6.319	4.158	1.715	8.669	4.727	4.111	4.717
5.832	4.223	5.262	9.900	8.373	5.925	5.187	6.341
4.910	7.435	4.065	17.000	6.309	5.535	5.597	4.061
7.332	3.739	6.250	19.442	2.613	4.732	6.142	4.075
5.018	4.882	4.185	18.222	9.908	6.077	5.478	4.356
4.617	5.275	4.373	7.382	1.643	4.335	3.849	5.327
6.413	5.605	2.855	19.615	2.380	5.006	4.776	5.897
6.909	4.176	6.028	1.709	2.796	5.452	5.688	6.161
7.267	5.471	3.280	12.182	4.974	3.976	4.686	4.619
4.000	5.307	4.469	7.224	1.166	5.888	5.809	5.571
4.217	5.208	4.467	5.744	8.661	4.741	4.012	4.255
6.750	5.942	5.965	2.928	6.760	5.454	5.343	4.749
5.593	3.788	5.423	15.889	5.459	5.280	5.981	4.314
5.360	5.197	5.464	3.594	6.108	5.050	5.180	4.661
5.492	5.060	4.835	5.806	6.277	6.263	6.414	6.603
4.463	5.357	5.462	3.135	4.303	5.964	4.140	5.079
5.168	3.658	3.904	2.749	2.379	5.009	7.273	4.684
3.798	5.119	3.420	8.232	4.252	6.486	5.558	3.533
4.651	4.637	4.460	6.429	1.687	5.614	5.512	4.596
5.274	4.077	3.953	14.969	4.535	4.971	5.106	4.155
5.557	5.860	5.404	9.031	7.297	5.356	4.621	6.201
5.725	6.248	4.976	10.034	3.919	4.705	4.620	3.890
5.269	3.526	6.833	0.690	8.310	4.421	6.490	5.453
6.083	4.716	2.364	16.112	8.130	4.148	5.751	6.283
4.234	4.965	5.888	14.917	5.149	5.084	6.300	4.803
4.712	5.111	3.166	13.871	1.180	4.053	4.812	5.234
4.824	5.492	4.364	9.560	2.513	3.327	6.759	4.394
4.597	5.200	6.666	6.596	3.875	5.269	5.731	3.513
5.771	5.659	2.873	19.185	7.070	5.883	4.664	4.460
6.726	3.929	4.511	16.506	3.318	5.161	4.576	4.596
5.879	4.742	6.497	0.455	4.088	3.449	5.192	4.527
5.277	3.836	3.599	1.136	2.941	5.590	3.274	5.002
2.961	6.594	4.970	19.038	6.167	2.627	5.032	3.094
4.839	4.689	4.804	10.319	1.778	6.112	4.938	3.814
6.506	4.996	6.005	15.908	8.833	4.398	6.178	4.705
4.216	4.951	6.726	17.254	2.121	4.675	5.043	5.473
4.976	4.835	3.898	3.183	9.531	3.328	5.676	3.115
3.952	4.965	5.441	17.084	7.862	4.791	5.305	6.782
6.137	5.572	6.003	18.302	2.745	4.971	5.291	5.007
5.845	5.001	6.004	11.613	1.756	5.584	4.765	4.514
2.801	4.431	5.393	19.610	6.393	5.563	4.189	6.957
5.192	5.329	5.674	11.530	3.559	4.933	6.972	5.451
5.387	5.733	4.722	0.389	3.413	4.468	4.345	4.989
5.627	5.052	5.148	18.052	4.358	4.247	3.000	5.842
4.480	6.009	3.277	6.206	8.730	6.711	4.670	3.286
4.902	5.501	4.715	0.892	2.684	4.423	3.917	5.370
3.864	4.810	6.295	3.476	8.649	5.256	5.877	5.633
6.627	5.061	5.661	8.530	0.346	4.899	5.522	6.702
3.903	5.445	1.205	11.101	6.541	4.636	5.965	4.692
4.410	3.126	4.521	4.013	1.393	4.389	4.414	4.040
5.551	5.485	3.594	17.391	9.570	4.839	3.565	1.905
5.870	4.425	5.887	4.144	7.712	5.431	4.993	5.666
4.655	4.302	3.640	13.255	2.999	3.992	3.937	4.376
4.600	4.411	6.342	7.111	7.498	3.638	4.222	4.976
5.177	4.691	4.141	8.521	1.244	5.825	4.647	6.869
4.581	6.089	4.881	2.146	7.968	6.108	5.394	3.395
5.387	2.845	3.418	0.093	1.087	4.763	2.235	5.446
3.961	5.409	4.943	19.723	8.787	6.324	4.824	4.864
4.975	5.753	4.215	1.120	6.054	3.791	5.158	5.023
2.812	6.232	4.827	6.863	1.583	4.867	3.671	5.506
5.204	4.272	5.369	5.075	1.658	4.373	4.235	3.750
5.989	4.593	6.540	15.558	7.283	4.859	4.562	4.800
4.369	4.967	4.411	0.048	9.598	5.531	4.731	6.383
6.573	5.435	4.840	13.094	1.021	6.580	4.824	6.614
4.029	4.920	5.180	19.860	1.006	6.611	5.630	5.154
4.150	4.177	5.789	14.251	9.323	4.752	5.453	4.961
5.554	5.317	5.816	17.157	6.027	5.046	6.489	6.062
4.853	6.741	3.969	7.321	6.648	6.049	4.702	5.889
3.570	6.102	4.296	0.496	3.865	5.218	6.131	2.380
5.337	6.659	6.740	14.533	8.129	4.780	6.161	5.792
3.632	3.286	5.581	17.913	8.555	4.598	4.566	6.089
4.349	5.430	3.793	9.731	3.035	5.461	4.171	3.292
5.160	4.203	4.465	15.033	5.324	5.665	5.076	5.495
6.018	4.579	5.286	13.572	1.121	5.900	4.487	4.686
3.091	4.745	3.831	8.965	3.541	5.043	5.595	4.986
5.320	4.432	4.450	9.932	2.572	5.636	3.565	4.443
5.971	4.657	4.875	6.986	6.451	4.044	5.694	4.101
3.076	4.617	5.239	16.867	7.638	6.325	5.209	4.835
4.288	4.364	3.246	10.337	6.502	3.244	5.967	5.373
6.141	5.804	5.843	1.416	3.794	4.325	4.379	4.875
5.476	5.662	5.770	1.640	5.625	5.647	5.869	5.575
4.603	3.789	3.336	11.465	6.850	5.911	6.169	3.419
4.527	3.888	5.741	14.128	0.059	4.829	1.892	5.374
4.972	4.827	6.111	6.230	3.416	5.842	5.085	4.997
5.799	4.666	4.162	12.399	0.454	5.776	4.564	4.080
4.494	5.942	6.397	18.480	7.213	4.705	6.195	4.768
7.073	4.167	6.460	7.286	1.253	4.787	4.425	3.848
5.470	3.941	5.618	18.165	7.477	6.120	6.638	5.235
5.505	4.389	3.243	13.571	7.944	4.571	6.304	6.716
5.109	4.264	4.918	0.887	5.861	5.711	5.366	3.511
4.865	4.733	5.995	0.184	1.816	4.803	4.974	5.741
5.538	5.769	4.696	0.967	3.060	3.998	4.935	5.962
6.498	5.484	5.423	16.361	3.133	4.316	4.949	5.508
3.924	3.459	4.515	15.978	8.617	3.068	4.321	5.684
3.546	3.121	6.759	0.692	1.044	5.780	5.327	5.632
5.208	4.123	4.428	12.128	3.256	4.631	4.980	5.514
3.112	4.232	4.098	15.215	7.111	4.717	7.043	5.746
4.408	4.629	4.733	11.386	7.163	5.522	6.030	6.068
4.407	4.154	3.634	16.597	1.742	4.180	4.769	5.209
5.212	3.418	4.970	14.778	7.193	3.939	6.021	4.891
3.460	4.538	5.358	11.604	5.449	5.021	6.240	6.156
5.280	6.013	5.539	5.564	9.247	4.432	4.847	3.372
5.172	6.082	4.650	2.434	9.674	4.558	3.141	3.872
3.634	4.947	4.248	5.304	7.358	4.765	4.741	4.380
5.733	3.646	5.447	14.290	1.642	4.315	6.000	5.505
3.276	5.643	4.885	3.805	4.005	4.888	5.940	4.714
3.930	4.384	4.479	6.947	9.714	4.478	6.494	4.180
4.717	4.353	6.118	12.687	7.631	4.450	4.150	5.537
4.415	6.559	5.042	2.216	8.890	5.647	4.905	3.716
2.642	5.152	4.860	9.781	1.563	5.779	3.444	4.694
4.857	4.454	5.407	2.214	9.321	6.265	5.638	5.570
4.169	4.232	4.429	12.113	6.604	4.462	6.087	5.874
5.507	4.731	3.666	19.366	9.219	4.494	6.472	3.617
5.806	4.679	4.114	3.306	1.539	4.311	5.548	5.383
5.939	5.493	4.689	13.780	7.220	4.322	5.008	5.367
5.189	4.389	4.406	7.815	6.667	3.973	5.204	5.631
5.064	4.791	7.019	11.518	0.419	4.452	6.383	4.561
5.112	5.707	5.056	12.766	0.433	5.246	4.884	5.586
6.362	5.334	7.724	6.307	5.249	6.457	6.855	3.679
5.898	6.125	5.743	16.787	2.591	7.185	5.715	5.485
5.470	4.047	5.654	6.559	9.233	4.389	4.379	4.195
6.650	5.738	3.934	18.566	8.431	5.529	5.351	4.934
6.489	4.126	6.681	18.325	3.877	4.614	3.613	4.758
4.134	6.210	5.761	1.268	5.659	4.169	4.265	6.032
4.497	5.968	3.850	0.401	8.864	5.727	5.646	5.751
5.406	3.460	4.836	18.541	0.370	5.796	4.618	6.026
3.926	5.591	5.386	19.305	8.497	4.245	5.920	6.447
5.809	3.579	3.445	14.825	6.695	4.660	5.638	6.112
4.986	3.237	6.022	9.356	8.103	4.665	4.538	3.976
5.669	6.898	6.002	10.721	2.336	5.031	3.880	4.733
6.793	6.494	7.197	14.883	6.689	5.147	5.546	4.562
4.630	6.958	6.045	8.271	0.180	2.575	5.445	6.594
3.958	4.415	4.878	15.940	4.463	4.397	3.813	3.435
3.245	4.684	3.369	7.373	8.922	5.639	5.508	5.376
5.777	5.188	5.427	5.079	1.051	5.300	5.316	4.540
4.121	3.651	5.042	8.390	5.594	5.412	3.103	5.485
3.914	5.683	5.046	8.767	0.235	4.772	4.140	4.789
6.402	4.749	4.208	15.101	7.593	4.140	5.711	5.132
4.075	3.713	5.560	14.763	2.705	5.623	6.006	4.007
4.894	4.377	7.522	17.484	1.119	4.502	4.417	4.313
6.093	3.637	5.281	1.231	2.273	4.466	3.602	3.766
5.622	7.192	4.227	7.691	8.173	5.024	5.240	5.281
4.419	4.277	4.433	6.182	0.956	4.671	5.142	4.181
3.614	6.456	5.693	11.375	9.565	5.749	6.893	3.791
5.323	6.850	6.525	6.767	6.182	5.365	6.943	4.299
5.107	5.691	6.377	2.428	0.555	6.653	4.798	6.882
4.336	4.909	5.688	9.597	6.397	5.021	6.228	4.830
2.298	6.946	3.437	8.237	8.955	3.645	4.360	6.858
5.003	4.337	5.336	12.102	7.116	6.893	3.652	4.941
5.563	3.646	4.922	15.514	5.570	5.110	4.333	4.445
3.982	5.083	2.964	17.749	0.557	4.614	5.941	1.610
3.941	5.284	5.024	15.103	0.465	4.170	4.500	3.721
5.231	4.407	4.580	9.679	1.393	5.585	4.970	5.382
3.420	4.499	5.853	0.860	8.423	5.578	4.492	5.588
3.583	4.686	5.439	13.189	1.734	3.718	4.150	6.127
4.727	4.489	5.011	8.800	7.725	5.531	4.562	4.936
2.939	5.772	4.994	7.687	8.819	5.750	5.699	5.157
3.782	5.532	4.358	7.540	2.828	6.241	5.310	7.406
5.660	5.085	5.198	3.567	7.249	6.414	4.003	5.597
5.557	3.131	5.188	17.399	4.898	3.740	3.266	4.974
5.791	5.427	2.792	18.514	6.682	4.895	3.670	4.019
4.802	2.864	5.502	9.765	7.997	3.022	3.422	6.245
5.235	5.873	5.187	9.316	2.162	4.295	4.149	3.823
4.983	4.214	5.410	5.105	2.039	5.346	5.417	4.367
5.461	2.963	6.281	19.563	6.654	4.374	4.166	5.786
6.497	5.083	4.466	4.627	1.462	5.374	6.318	3.712
6.928	5.335	5.763	1.656	3.805	5.849	6.013	4.029
4.460	3.847	4.726	4.849	5.442	3.558	4.174	5.880
5.508	6.424	3.675	12.805	7.982	5.734	5.301	4.795
5.198	3.264	6.414	18.028	9.283	4.551	5.216	6.429
4.795	4.716	5.060	19.050	1.828	4.901	5.720	4.627
3.804	5.338	2.080	2.450	0.608	4.976	6.632	2.930
6.418	4.223	6.898	12.086	8.618	2.998	4.992	5.125
5.040	5.011	5.390	16.613	9.719	4.060	3.518	5.623
7.213	5.633	7.331	19.468	8.598	4.983	5.610	5.665
5.559	4.229	6.858	3.153	2.871	4.269	3.859	5.410
7.267	4.187	6.718	13.059	6.812	5.639	3.480	5.305
4.256	4.720	5.440	1.129	9.624	5.472	3.157	6.391
5.888	3.896	6.863	11.415	1.006	6.164	5.166	6.587
4.388	6.285	5.985	8.960	4.739	7.099	3.314	5.543
5.187	6.093	4.155	15.071	8.754	4.635	4.196	5.043
6.551	5.574	4.834	19.031	1.164	7.180	7.667	1.917
5.320	3.560	4.556	0.191	4.124	4.013	5.312	5.752
4.270	4.951	4.926	16.247	2.185	5.656	5.274	4.012
5.170	5.379	5.817	0.644	9.853	4.072	6.383	6.012
7.045	5.703	5.220	14.276	7.335	4.512	4.565	4.524
5.059	4.024	4.566	17.632	9.676	4.745	3.624	4.208
7.488	4.326	3.765	2.159	6.764	6.110	5.110	4.248
5.632	5.200	5.698	16.583	9.533	4.998	5.819	5.590
2.350	5.637	5.022	7.316	7.045	5.345	4.802	4.454
5.254	5.439	3.618	12.274	5.312	3.367	3.825	6.845
5.627	4.877	4.077	11.924	4.243	3.338	5.165	5.541
5.940	5.231	4.094	12.411	5.947	3.592	4.987	3.900
5.612	4.500	5.462	9.048	0.719	5.339	4.582	4.176
6.568	5.831	3.853	16.808	3.521	6.657	5.559	4.977
5.669	3.426	4.796	9.765	2.445	5.000	6.058	5.123
2.344	3.755	7.123	0.416	6.064	5.399	5.489	6.893
4.200	4.557	3.974	7.568	7.645	5.122	6.771	6.688
3.830	5.629	5.455	3.600	2.382	5.079	5.490	5.379
4.703	7.618	4.445	9.101	4.406	5.184	6.742	4.267
5.621	4.142	5.682	7.346	7.738	5.028	5.095	5.952
4.738	4.345	6.435	5.458	8.276	4.414	5.493	5.202
4.802	4.155	4.118	14.656	6.994	5.076	5.345	6.198
4.616	3.898	5.635	16.897	5.719	4.683	5.439	5.044
6.725	5.190	6.059	19.584	7.045	4.461	5.224	4.762
7.085	4.216	4.900	14.154	3.206	5.874	5.822	3.653
4.982	4.222	4.609	1.445	8.282	7.173	3.586	4.497
5.005	6.684	3.310	7.630	7.125	4.562	4.368	2.779
6.597	5.701	5.779	3.590	7.594	3.773	5.196	4.036
5.919	3.978	4.911	13.688	6.526	6.476	4.249	4.777
6.700	5.425	5.053	3.892	1.198	3.294	5.029	6.880
5.083	6.730	4.548	7.959	9.156	3.618	6.504	5.482
4.094	6.140	4.335	13.773	3.328	4.751	4.836	4.989
4.872	6.828	4.146	6.632	8.258	2.842	4.684	7.837
5.265	4.066	3.869	1.360	6.160	4.055	4.595	5.568
4.959	5.265	5.767	7.728	5.311	5.076	4.832	4.142
3.850	5.258	5.674	19.749	9.339	4.529	5.984	3.434
2.469	2.618	5.069	15.873	4.454	5.559	5.033	5.796
3.074	4.087	4.988	18.549	2.545	5.978	4.942	5.007
4.349	5.340	4.737	15.087	5.212	3.117	5.796	4.358
4.314	5.759	5.267	11.339	6.113	4.707	4.987	6.474
5.257	6.619	4.517	13.776	4.710	3.746	5.025	5.553
6.743	4.523	3.864	1.181	4.596	5.459	6.236	3.853
4.637	4.374	5.745	5.644	9.705	4.251	5.692	5.665
4.372	2.372	5.122	18.224	0.572	5.420	3.364	5.868
4.936	4.276	4.787	6.221	0.540	5.157	5.229	3.926
5.155	3.343	4.376	5.306	4.619	5.106	5.516	5.062
4.680	5.721	5.170	14.929	0.280	4.986	5.385	4.754
6.028	3.168	5.864	2.707	5.457	3.907	4.136	4.369
5.309	3.975	5.450	16.418	5.226	4.675	3.261	3.536
5.583	4.935	5.101	19.023	4.437	6.339	5.872	5.468
4.486	4.812	4.926	16.636	8.684	3.944	4.647	4.317
5.760	3.376	4.471	10.904	7.249	4.550	5.982	5.882
4.262	4.685	6.996	0.289	9.439	6.401	4.731	4.883
5.264	4.459	4.517	12.902	7.241	4.257	5.176	6.071
4.145	6.029	6.536	3.495	4.746	3.568	6.259	4.766
4.858	4.824	5.670	5.005	3.167	4.662	6.440	5.558
5.340	4.325	4.778	11.986	7.548	4.528	4.125	4.447
4.640	6.432	4.595	15.149	9.136	5.095	5.269	5.029
5.397	5.526	3.415	4.881	5.845	5.080	4.705	4.412
5.515	6.011	5.072	1.574	0.571	5.392	4.289	3.565
3.622	5.523	3.394	13.894	1.223	5.655	7.028	4.949
3.176	4.955	5.647	19.470	4.450	4.149	4.651	5.824
6.277	5.423	4.060	13.957	0.452	5.648	2.975	5.572
3.066	5.542	5.322	15.032	8.901	3.976	3.658	3.108
5.565	5.916	5.919	9.605	4.890	4.284	4.854	4.765
7.708	5.207	4.313	7.925	1.831	4.112	4.299	5.125
5.671	3.160	4.157	7.797	4.437	4.892	5.220	4.476
5.687	5.189	3.875	16.743	0.426	4.519	3.677	4.725
3.167	3.360	5.825	19.549	1.039	3.600	4.821	5.774
4.349	5.508	6.619	6.159	3.727	6.570	4.704	2.895
4.589	3.507	5.775	1.546	6.312	5.907	5.006	5.484
4.178	5.622	4.640	13.375	9.250	4.587	4.896	4.298
6.238	6.912	4.662	11.034	6.033	3.390	3.423	4.097
5.618	5.438	3.859	13.357	0.817	4.539	4.598	5.733
4.464	4.954	4.794	9.775	3.505	4.856	3.998	5.117
4.274	5.947	4.751	13.273	4.999	5.359	3.754	5.470
4.185	4.603	3.725	3.728	3.822	5.405	4.996	6.095
5.141	4.526	5.504	4.860	2.906	3.512	6.117	6.032
4.591	4.586	4.410	3.897	9.227	4.694	3.679	5.791
4.833	3.485	4.711	15.277	5.339	5.296	2.938	6.029
3.640	4.407	2.778	10.263	5.913	5.760	4.218	4.816
6.678	3.956	4.293	6.932	4.461	4.635	6.484	4.793
4.471	3.939	4.526	19.714	8.444	4.346	4.216	4.769
3.181	5.033	6.189	4.734	6.524	4.892	4.022	3.814
5.069	5.647	5.643	6.539	8.030	5.412	5.032	3.462
5.611	5.821	5.804	5.742	7.862	5.664	5.122	5.081
5.174	5.758	5.517	0.800	4.136	7.472	5.145	3.499
4.567	5.197	4.837	13.364	3.680	5.918	4.833	6.064
5.482	4.702	5.393	13.180	3.056	4.143	3.876	4.387
6.283	4.771	4.648	3.948	9.425	6.829	4.465	6.665
5.729	3.975	4.043	5.005	2.864	6.030	3.638	5.151
5.261	5.698	4.389	9.875	6.466	5.840	4.746	5.583
3.805	5.607	4.191	5.698	0.436	4.570	5.450	4.812
5.075	4.816	4.712	14.167	8.795	4.749	5.094	4.444
4.480	5.133	2.549	9.693	3.766	4.992	4.324	4.298
6.072	6.132	3.505	17.200	3.692	4.735	4.009	4.371
6.463	4.907	5.101	9.796	6.399	4.539	5.940	5.138
6.183	7.380	5.261	13.024	0.796	6.381	4.775	6.284
3.710	6.548	5.027	16.741	9.333	5.824	7.443	5.263
6.422	5.425	4.392	16.884	3.518	4.863	3.072	4.707
6.220	3.646	3.494	15.037	3.444	2.521	5.201	3.819
5.064	5.297	6.334	4.045	0.532	4.771	6.341	5.907
5.135	5.676	6.351	19.592	2.199	3.181	3.375	4.858
4.218	4.034	5.859	19.972	1.831	3.794	3.806	4.940
5.695	3.749	4.746	5.712	9.197	4.608	6.020	4.569
3.150	4.549	3.594	4.930	9.286	7.836	5.049	4.285
5.520	4.758	5.194	3.409	1.455	6.825	3.613	4.717
5.296	3.964	4.646	1.437	0.356	5.951	3.568	5.538
4.180	5.547	6.263	16.578	8.631	5.553	5.159	3.930
4.620	4.235	4.976	19.084	6.360	5.639	3.862	4.470
4.382	5.028	3.994	19.994	8.810	4.707	5.462	2.903
5.403	5.771	5.892	0.080	3.759	4.880	4.604	4.086
5.151	4.018	5.010	0.204	5.376	4.239	5.842	4.255
7.170	4.939	6.292	8.166	9.485	6.786	5.980	5.268
4.207	4.710	4.145	9.124	3.677	5.254	4.474	6.228
5.414	5.805	4.952	9.447	3.940	5.778	3.035	6.252
4.017	3.496	5.612	15.379	5.626	3.497	5.181	5.504
5.390	4.985	4.245	1.733	5.428	6.140	5.428	4.891
6.022	5.395	4.919	14.966	0.622	4.034	4.570	5.373
4.243	6.427	4.912	11.986	1.533	2.976	3.843	3.449
4.425	4.609	4.402	0.563	9.602	4.994	3.324	4.520
5.570	5.382	3.906	5.234	0.969	5.979	6.224	5.081
4.269	4.521	4.032	9.062	4.250	6.228	2.463	5.689
5.891	4.811	5.400	13.838	5.157	5.263	5.472	3.825
5.233	4.927	4.823	5.956	9.159	4.448	6.189	5.819
5.166	3.606	5.365	4.234	4.942	5.599	5.294	4.111
6.843	4.041	5.632	19.584	8.547	5.033	5.367	4.136
5.985	2.707	5.971	17.819	5.487	4.774	4.823	5.384
2.973	5.606	5.711	4.603	9.899	4.855	3.023	6.015
4.385	5.837	5.513	13.415	2.415	5.457	4.786	4.959
5.250	4.606	4.629	0.899	6.504	6.436	3.859	5.974
5.457	5.347	3.890	6.490	4.628	4.759	3.755	5.388
6.394	4.214	3.678	9.871	7.325	4.136	4.794	4.723
4.842	5.394	5.336	6.871	1.190	4.420	4.542	4.838
0.065	-7.915	-6.874	-7.072	-7.306	-6.360	1.309	-8.566
7.986	-7.430	-7.146	-6.692	-7.858	-7.879	6.026	-7.284
1.356	-8.471	-6.913	-7.146	-6.146	-7.129	1.628	-7.440
11.320	-6.648	-6.296	-8.002	-7.502	-7.089	6.863	-9.123
6.563	-6.774	-7.801	-7.439	-7.092	-6.674	2.784	-7.085
6.538	-6.654	-6.964	-6.480	-8.814	-7.737	1.366	-8.539
2.559	-7.590	-4.794	-8.379	-9.190	-8.522	8.189	-5.399
12.765	-8.276	-7.025	-9.259	-8.429	-5.974	8.574	-7.806
3.686	-6.989	-6.786	-7.082	-7.763	-6.687	1.697	-6.391
15.300	-6.248	-8.145	-5.645	-7.481	-7.014	5.049	-7.000
15.141	-8.011	-5.492	-6.164	-6.108	-6.567	8.245	-8.006
19.297	-7.553	-7.922	-8.091	-6.523	-8.100	5.971	-8.204
19.620	-7.680	-6.464	-7.677	-9.713	-6.416	9.719	-5.789
8.542	-6.710	-7.850	-6.848	-6.235	-7.305	3.730	-8.106
19.501	-7.511	-7.724	-7.238	-6.496	-6.470	5.313	-8.249
1.678	-6.172	-7.692	-6.432	-7.932	-7.220	7.090	-7.418
2.819	-6.361	-7.405	-7.821	-6.918	-7.248	0.523	-8.273
15.880	-6.002	-8.119	-5.668	-9.343	-7.502	5.968	-8.023
15.167	-7.502	-7.913	-5.867	-6.876	-7.300	1.149	-8.359
12.187	-8.900	-7.171	-4.795	-7.199	-5.525	8.776	-6.702
18.502	-8.127	-5.534	-6.595	-8.110	-6.985	6.826	-7.116
12.716	-7.148	-5.743	-6.028	-6.875	-5.843	1.275	-6.926
10.821	-6.445	-6.089	-7.584	-5.513	-6.126	3.460	-4.882
11.382	-7.153	-6.661	-7.286	-8.827	-6.756	5.889	-4.680
17.078	-7.867	-7.206	-6.269	-6.555	-6.001	6.836	-5.721
8.071	-6.572	-6.060	-7.297	-5.868	-6.700	2.422	-6.352
2.032	-7.926	-8.172	-7.669	-5.712	-5.032	8.553	-7.660
9.522	-6.697	-7.772	-7.911	-5.718	-8.049	6.011	-6.592
2.371	-6.695	-6.701	-7.288	-7.311	-5.794	3.428	-7.358
2.986	-8.863	-6.888	-7.925	-6.371	-5.440	7.552	-7.079
4.488	-6.955	-8.126	-7.705	-6.173	-6.295	0.522	-6.675
1.507	-8.337	-6.162	-7.475	-9.309	-5.406	7.730	-6.362
9.429	-7.305	-7.647	-7.570	-7.331	-7.358	3.305	-7.525
10.598	-5.850	-8.436	-8.539	-7.079	-5.335	8.037	-6.138
10.102	-6.886	-8.631	-5.550	-4.883	-7.404	6.167	-8.114
10.523	-5.972	-7.946	-6.699	-7.299	-8.211	9.166	-6.684
4.309	-8.457	-5.454	-6.563	-7.156	-6.949	3.526	-7.500
1.090	-5.924	-7.642	-6.518	-5.519	-7.482	2.012	-7.198
2.205	-7.537	-6.044	-6.455	-5.724	-5.861	2.488	-7.632
4.005	-7.502	-8.242	-5.624	-7.269	-5.468	0.469	-7.962
16.683	-6.035	-4.994	-7.401	-6.167	-7.304	0.089	-6.805
7.607	-6.135	-7.053	-6.890	-8.039	-7.866	9.864	-7.326
9.809	-6.287	-8.941	-7.295	-7.177	-6.166	4.860	-6.380
17.012	-8.630	-7.563	-6.763	-8.032	-6.842	7.701	-5.628
1.968	-7.286	-7.219	-7.178	-7.291	-6.327	9.712	-8.321
3.130	-7.582	-8.373	-6.998	-8.645	-6.094	2.068	-9.297
11.690	-9.060	-4.969	-7.385	-5.917	-6.461	0.415	-8.627
19.923	-7.696	-7.933	-8.259	-6.674	-5.389	2.611	-6.655
5.602	-6.537	-6.932	-5.162	-5.490	-5.797	5.944	-7.804
19.349	-6.722	-6.752	-6.669	-6.262	-6.959	0.846	-10.253
11.317	-7.886	-8.584	-8.394	-7.116	-6.197	2.780	-6.741
0.978	-7.226	-6.699	-5.905	-7.555	-5.244	1.799	-7.643
2.350	-7.905	-7.421	-7.358	-6.485	-8.644	6.681	-6.850
11.252	-8.795	-5.492	-7.569	-5.625	-6.730	9.086	-9.258
19.594	-6.398	-5.691	-6.791	-7.920	-5.950	9.653	-5.583
17.516	-5.517	-6.667	-6.805	-4.709	-7.189	8.720	-5.362
16.420	-6.812	-6.271	-6.594	-6.300	-6.893	7.632	-5.934
3.391	-6.552	-7.156	-7.198	-7.944	-5.073	1.314	-7.913
16.211	-6.526	-7.816	-7.491	-7.101	-6.261	6.589	-4.892
19.393	-8.354	-7.222	-5.883	-7.013	-6.396	9.124	-6.244
2.934	-8.174	-8.740	-7.837	-6.848	-6.285	6.434	-8.153
16.088	-8.034	-7.951	-6.324	-7.222	-6.066	0.837	-8.588
12.979	-8.316	-6.025	-8.789	-6.779	-6.014	0.511	-6.694
7.149	-5.601	-8.039	-6.383	-4.571	-5.916	9.226	-7.211
8.165	-7.210	-7.771	-6.837	-7.226	-7.908	5.407	-7.707
17.944	-6.483	-7.029	-7.149	-6.273	-6.600	1.188	-7.093
19.301	-5.640	-8.268	-6.068	-5.825	-7.584	1.279	-6.505
11.141	-7.877	-6.797	-5.556	-4.981	-6.080	6.428	-7.607
14.929	-7.342	-6.643	-8.684	-7.909	-7.076	7.591	-6.495
0.368	-6.569	-7.346	-5.461	-6.502	-8.664	6.559	-8.053
15.248	-8.795	-7.923	-5.635	-7.556	-7.480	5.355	-5.755
4.512	-6.836	-8.279	-5.513	-7.286	-9.557	8.019	-7.377
2.965	-9.922	-6.751	-6.285	-6.363	-6.308	5.856	-7.063
16.073	-7.481	-6.134	-5.658	-6.503	-9.068	3.627	-5.762
18.561	-7.722	-7.301	-7.026	-5.037	-7.285	1.830	-7.210
15.792	-8.198	-7.419	-6.159	-6.405	-7.816	6.724	-6.537
17.345	-7.122	-6.241	-5.473	-6.570	-7.440	5.330	-7.483
19.709	-5.811	-9.206	-7.145	-7.152	-7.824	1.841	-7.516
1.221	-8.160	-6.214	-7.366	-8.947	-7.732	1.392	-7.291
15.313	-5.823	-8.212	-6.420	-7.451	-7.102	5.878	-7.265
17.534	-6.980	-4.898	-7.135	-6.972	-7.537	3.891	-8.161
7.163	-6.196	-7.481	-5.466	-8.022	-8.254	2.335	-8.509
9.174	-7.747	-7.793	-7.170	-7.772	-8.231	8.962	-7.619
1.397	-7.736	-7.296	-7.710	-5.266	-6.183	9.720	-5.424
9.299	-8.832	-6.026	-8.109	-7.395	-5.799	6.416	-6.498
18.358	-6.522	-6.905	-7.179	-7.437	-8.419	8.235	-6.824
7.427	-7.357	-6.460	-8.173	-5.156	-6.756	0.518	-6.556
15.063	-6.479	-5.974	-6.489	-8.299	-6.895	2.201	-8.712
12.232	-7.300	-7.053	-6.147	-7.223	-6.578	0.674	-6.975
2.612	-8.165	-7.149	-8.069	-6.233	-5.876	0.306	-5.522
8.005	-6.654	-7.908	-5.948	-6.745	-6.491	6.561	-3.798
9.762	-7.241	-6.412	-6.709	-7.185	-7.025	1.652	-8.876
12.414	-7.466	-7.205	-7.741	-6.928	-6.877	1.004	-5.675
0.717	-7.093	-4.889	-7.096	-7.675	-7.861	1.567	-6.359
18.776	-8.587	-5.594	-5.946	-7.944	-7.592	0.723	-8.273
1.217	-7.308	-5.935	-7.265	-5.832	-5.076	3.965	-5.482
3.467	-5.706	-5.232	-5.381	-7.613	-7.876	2.175	-4.822
18.000	-7.040	-5.964	-7.815	-5.273	-6.776	4.508	-7.488
12.482	-6.029	-5.440	-6.894	-6.003	-5.804	2.500	-5.593
12.590	-7.438	-6.221	-6.030	-7.505	-6.367	8.015	-7.830
17.546	-8.686	-6.737	-6.457	-6.830	-8.154	5.337	-5.833
9.940	-6.848	-5.566	-7.626	-6.044	-6.782	7.305	-7.297
14.150	-6.665	-6.508	-6.827	-6.474	-8.065	7.723	-6.328
8.198	-7.146	-6.722	-7.370	-8.720	-5.724	1.096	-6.843
19.822	-8.565	-7.569	-6.512	-6.320	-6.001	7.220	-5.267
12.985	-7.565	-7.943	-8.014	-7.329	-6.652	2.835	-7.373
11.643	-6.641	-7.752	-6.975	-5.805	-8.484	8.635	-8.537
5.283	-9.618	-6.989	-6.908	-7.977	-7.632	6.957	-5.927
13.206	-4.533	-7.834	-6.911	-7.344	-6.963	3.452	-8.167
12.190	-7.759	-8.579	-5.428	-7.884	-6.979	5.009	-6.433
2.062	-6.543	-6.212	-5.730	-6.312	-6.259	3.269	-5.961
6.430	-7.098	-8.727	-6.224	-8.403	-6.528	7.320	-5.619
13.687	-7.144	-6.542	-5.878	-6.407	-6.405	0.870	-6.470
1.271	-7.577	-7.888	-6.752	-5.697	-5.683	1.047	-6.984
5.126	-7.093	-6.521	-8.839	-7.062	-5.667	7.633	-6.965
6.561	-7.773	-6.162	-6.042	-7.990	-7.745	2.787	-5.513
12.625	-7.528	-7.950	-7.917	-6.750	-6.759	3.672	-7.827
0.782	-7.957	-5.911	-5.776	-6.538	-6.628	2.004	-7.078
8.756	-6.828	-8.408	-6.434	-7.096	-7.063	1.111	-7.147
14.625	-5.199	-7.051	-7.126	-6.939	-8.052	0.347	-5.722
17.959	-7.801	-6.358	-7.120	-6.643	-8.640	6.349	-7.247
2.820	-7.008	-8.644	-5.681	-9.126	-6.707	5.989	-6.644
13.872	-7.771	-6.308	-5.733	-8.041	-6.492	7.111	-7.562
13.863	-7.238	-7.168	-7.793	-7.406	-8.149	7.816	-6.842
17.993	-6.401	-8.462	-6.398	-9.273	-5.459	0.064	-6.037
18.901	-6.023	-6.914	-7.006	-7.080	-5.184	5.379	-6.736
0.447	-6.076	-7.205	-6.832	-5.749	-7.089	7.506	-6.872
4.890	-5.574	-7.578	-4.502	-5.250	-6.337	0.057	-6.891
12.237	-8.210	-8.521	-8.949	-6.174	-7.473	8.999	-7.294
3.998	-7.842	-7.687	-7.719	-6.162	-7.406	4.141	-6.023
5.694	-6.474	-5.940	-7.204	-6.873	-5.326	3.492	-7.785
19.050	-5.876	-6.542	-7.109	-6.765	-6.674	1.899	-6.902
15.156	-8.195	-5.879	-8.657	-8.025	-7.796	0.455	-7.821
15.498	-8.806	-9.194	-8.403	-6.988	-7.394	7.691	-7.221
11.535	-5.203	-6.245	-5.528	-8.364	-6.464	6.845	-6.837
1.335	-5.092	-6.228	-6.505	-9.409	-8.088	6.835	-6.934
13.188	-6.140	-4.795	-7.923	-6.565	-7.594	8.251	-7.607
3.981	-7.685	-8.459	-7.218	-6.535	-6.664	9.550	-7.626
0.165	-6.363	-6.711	-6.746	-7.825	-6.161	0.967	-7.898
12.903	-7.889	-9.124	-7.096	-8.325	-7.318	7.544	-5.339
6.392	-7.224	-6.895	-7.643	-7.525	-8.626	0.004	-7.319
2.109	-5.879	-7.084	-6.834	-7.273	-6.980	1.168	-4.879
12.902	-7.050	-7.819	-7.414	-7.931	-7.509	0.523	-7.102
1.065	-6.781	-8.596	-6.851	-7.570	-8.834	0.161	-6.992
13.909	-6.922	-5.627	-5.968	-7.827	-7.615	6.247	-5.485
13.064	-6.863	-5.019	-4.997	-7.893	-6.366	5.752	-8.048
13.071	-5.591	-6.323	-8.086	-8.918	-5.429	0.104	-6.543
13.892	-8.124	-7.095	-5.206	-6.706	-8.024	2.270	-8.140
15.489	-5.411	-7.139	-7.921	-6.374	-7.645	2.333	-7.039
8.742	-8.968	-7.634	-7.182	-6.474	-8.337	6.757	-6.543
19.577	-7.869	-5.424	-8.103	-6.312	-8.327	2.867	-6.521
4.472	-7.299	-7.300	-5.911	-6.478	-6.288	6.662	-6.438
12.042	-8.142	-6.594	-7.341	-6.817	-5.752	0.421	-6.148
18.546	-7.394	-6.185	-6.063	-7.044	-7.907	3.901	-8.420
10.578	-7.279	-7.999	-8.619	-8.347	-7.623	6.187	-7.478
15.316	-6.921	-7.471	-7.310	-9.079	-7.504	4.749	-6.273
15.681	-7.457	-6.843	-7.921	-5.902	-7.179	7.047	-7.998
13.479	-6.075	-8.218	-6.424	-7.723	-7.508	9.803	-7.467
12.812	-7.358	-7.694	-7.417	-6.766	-7.694	4.673	-8.070
10.446	-7.043	-7.770	-5.481	-4.866	-7.329	1.591	-7.930
19.137	-6.647	-6.990	-7.753	-6.649	-6.216	3.980	-5.962
1.151	-7.587	-6.280	-8.775	-5.700	-7.094	4.899	-7.566
11.908	-6.491	-5.335	-7.875	-6.623	-7.590	3.752	-6.865
11.410	-7.709	-5.900	-8.320	-6.685	-5.818	3.165	-4.424
7.060	-8.669	-6.724	-5.868	-8.352	-6.034	3.175	-8.023
17.927	-7.911	-8.787	-7.536	-9.358	-5.324	9.487	-6.353
7.767	-7.071	-5.891	-8.557	-6.089	-8.886	7.057	-6.990
6.699	-7.548	-7.028	-6.988	-6.280	-9.392	5.063	-8.386
8.231	-7.070	-7.083	-7.439	-6.092	-6.049	1.276	-4.490
6.538	-6.992	-6.954	-8.193	-7.476	-7.395	7.296	-6.575
5.804	-7.323	-7.542	-8.029	-6.003	-6.569	5.235	-7.607
15.638	-7.307	-8.450	-6.151	-8.340	-6.656	5.309	-8.025
6.825	-5.514	-6.965	-7.868	-7.116	-6.635	2.382	-9.193
19.032	-6.676	-7.560	-8.379	-6.502	-5.747	5.692	-7.288
3.699	-7.256	-6.118	-6.397	-6.901	-4.745	3.487	-6.516
18.577	-7.054	-6.902	-7.272	-7.582	-7.989	7.085	-7.470
10.182	-7.455	-6.379	-7.377	-8.455	-6.838	3.240	-9.243
16.473	-7.304	-6.982	-6.468	-8.601	-7.358	3.406	-6.081
4.708	-8.398	-8.103	-7.119	-7.049	-6.282	9.490	-6.115
14.677	-8.369	-6.729	-7.783	-8.609	-7.416	2.312	-7.818
2.635	-6.067	-6.338	-8.805	-6.822	-7.853	0.682	-9.207
0.346	-5.776	-7.425	-7.745	-6.419	-6.587	0.339	-8.200
5.017	-8.443	-6.296	-7.782	-8.002	-7.055	2.356	-6.004
9.412	-6.645	-6.531	-6.550	-6.107	-7.604	2.541	-6.649
3.223	-6.647	-6.113	-6.629	-8.260	-6.969	5.039	-8.368
9.753	-7.383	-7.437	-7.130	-4.515	-8.205	1.719	-7.049
7.509	-6.821	-5.478	-6.416	-6.404	-6.505	2.337	-7.883
19.028	-5.517	-7.070	-6.982	-7.506	-6.300	2.908	-9.088
11.044	-7.601	-7.989	-6.784	-5.751	-7.331	0.324	-8.162
15.311	-6.136	-7.311	-5.394	-7.359	-6.890	4.458	-6.802
13.187	-6.209	-6.642	-7.570	-7.646	-5.194	5.335	-7.532
17.950	-5.226	-6.956	-8.645	-7.958	-7.042	7.585	-5.152
15.914	-7.962	-8.509	-9.581	-7.062	-9.836	3.194	-7.678
14.664	-6.663	-7.407	-5.256	-7.677	-7.373	6.633	-7.252
3.689	-7.421	-8.043	-5.070	-6.214	-7.359	6.579	-7.990
14.673	-7.439	-6.380	-6.676	-6.959	-6.081	3.714	-7.206
11.928	-6.820	-7.701	-7.004	-7.062	-6.490	0.878	-7.456
7.663	-7.228	-7.655	-5.939	-6.968	-6.522	1.889	-6.809
15.240	-7.292	-6.779	-6.480	-6.956	-6.680	4.533	-7.891
8.019	-7.618	-7.997	-8.028	-5.912	-7.089	7.879	-6.804
13.493	-5.941	-6.434	-6.271	-6.928	-5.455	7.651	-6.725
15.949	-6.977	-7.282	-7.425	-7.527	-5.806	7.573	-7.621
9.678	-6.760	-5.591	-8.141	-5.272	-7.041	9.204	-6.884
1.569	-6.216	-5.680	-8.038	-5.643	-7.642	4.833	-7.149
2.212	-6.047	-6.150	-5.817	-7.329	-5.937	7.354	-7.588
10.660	-6.150	-7.609	-6.995	-4.648	-7.411	5.252	-7.643
15.203	-7.371	-8.004	-7.134	-8.723	-6.489	0.240	-7.524
13.446	-7.153	-4.516	-9.026	-6.838	-7.218	0.408	-7.788
11.592	-6.950	-6.082	-6.003	-8.862	-8.201	8.326	-6.724
19.368	-7.468	-7.340	-8.204	-7.218	-5.364	7.581	-6.724
15.805	-7.976	-8.708	-7.614	-7.245	-6.973	3.356	-6.345
19.192	-6.112	-5.640	-8.363	-8.171	-7.932	4.961	-7.999
15.716	-6.156	-7.979	-9.690	-6.457	-6.744	0.123	-6.406
2.217	-6.306	-7.784	-7.210	-8.142	-6.872	0.718	-5.543
7.316	-7.828	-6.566	-6.746	-5.683	-7.177	0.903	-6.120
19.886	-7.018	-6.982	-5.360	-6.670	-6.972	4.682	-7.336
13.585	-7.984	-6.761	-5.918	-6.882	-6.653	3.021	-7.352
8.608	-8.143	-5.435	-4.832	-6.561	-7.535	0.921	-7.104
7.801	-8.198	-5.747	-9.347	-7.275	-7.526	3.946	-8.165
15.419	-6.930	-6.563	-7.587	-6.985	-5.261	2.402	-7.201
13.902	-6.615	-6.495	-8.790	-8.801	-8.104	1.853	-8.245
18.075	-8.538	-8.721	-8.531	-6.504	-6.139	8.516	-6.072
6.731	-8.221	-8.368	-7.638	-6.749	-9.071	5.432	-8.642
16.274	-8.092	-5.358	-7.252	-6.493	-7.088	6.432	-6.478
11.930	-6.454	-6.951	-6.844	-7.402	-7.033	7.927	-7.368
15.495	-5.020	-6.012	-7.690	-5.275	-5.940	2.343	-6.420
8.588	-8.215	-7.467	-7.811	-7.947	-8.417	3.778	-5.751
11.933	-8.228	-7.733	-7.811	-7.150	-6.194	4.102	-5.916
17.998	-6.695	-6.191	-8.335	-5.637	-7.811	9.825	-6.640
12.993	-9.005	-7.904	-7.584	-8.144	-7.130	8.079	-6.798
14.573	-6.635	-6.847	-5.298	-6.316	-7.151	1.688	-8.269
2.608	-5.246	-6.829	-7.331	-5.932	-6.674	2.425	-6.407
10.400	-6.504	-6.465	-6.663	-7.389	-6.759	3.806	-7.006
14.493	-7.200	-6.571	-6.005	-7.545	-6.284	1.355	-8.952
1.129	-7.132	-6.896	-6.868	-6.464	-6.796	1.132	-8.173
0.516	-5.793	-7.535	-5.709	-7.634	-7.463	6.807	-7.250
14.989	-6.164	-8.859	-6.547	-7.168	-7.134	8.022	-7.674
13.263	-7.145	-8.772	-6.992	-6.166	-8.870	8.200	-6.170
9.128	-3.925	-5.335	-7.435	-6.404	-6.330	7.299	-5.680
0.537	-6.497	-7.671	-8.821	-7.299	-6.868	0.485	-6.244
13.481	-7.803	-6.365	-7.387	-5.849	-6.268	0.427	-6.689
0.269	-7.792	-7.347	-7.324	-7.987	-6.861	8.675	-7.078
10.673	-7.994	-7.737	-7.630	-7.294	-8.043	8.817	-7.613
18.321	-7.331	-6.345	-6.875	-6.759	-7.097	7.740	-6.171
16.442	-7.691	-4.685	-7.605	-7.587	-7.379	6.957	-5.897
7.891	-8.186	-6.727	-7.191	-7.011	-7.019	4.069	-6.691
9.384	-6.749	-8.596	-8.502	-7.097	-7.405	6.079	-7.592
9.749	-7.135	-7.120	-6.129	-7.238	-7.703	4.447	-8.966
4.249	-7.159	-6.617	-5.903	-7.048	-7.007	1.126	-7.198
6.497	-8.481	-6.950	-6.620	-5.503	-5.368	2.870	-6.960
16.453	-6.470	-7.129	-7.264	-6.670	-7.808	4.944	-7.205
2.918	-7.184	-6.130	-6.958	-8.301	-8.473	7.481	-6.067
17.874	-6.438	-7.130	-6.977	-4.481	-5.034	0.444	-8.491
0.902	-8.078	-6.912	-7.165	-7.087	-6.841	8.218	-5.556
14.882	-6.796	-6.267	-7.126	-8.280	-7.432	6.850	-7.685
10.007	-7.262	-6.913	-6.983	-7.435	-7.367	5.973	-7.180
19.945	-7.255	-6.080	-7.407	-7.747	-7.290	4.039	-8.982
13.272	-5.526	-4.204	-6.641	-6.936	-6.607	1.889	-6.715
13.561	-7.293	-7.092	-7.594	-6.372	-6.885	0.814	-7.377
13.161	-6.971	-6.360	-7.653	-5.968	-6.637	8.465	-6.599
13.633	-6.213	-7.819	-7.217	-7.562	-8.052	1.087	-6.911
2.107	-8.400	-7.133	-7.612	-6.398	-7.992	7.195	-7.736
2.799	-6.907	-6.480	-6.670	-6.415	-5.529	8.668	-6.748
11.309	-7.190	-8.443	-7.850	-6.203	-7.008	5.666	-6.104
14.303	-7.138	-6.604	-5.905	-9.271	-5.655	8.326	-5.520
4.317	-7.554	-11.045	-5.411	-8.835	-6.423	5.764	-6.969
16.367	-4.980	-7.307	-8.121	-5.603	-7.877	2.490	-6.506
10.663	-8.099	-6.334	-6.727	-6.529	-7.307	3.721	-5.248
19.358	-6.291	-5.912	-6.931	-5.996	-8.840	4.959	-7.315
6.657	-5.064	-8.568	-6.942	-7.009	-7.769	0.938	-9.911
2.002	-8.301	-7.804	-7.678	-5.935	-7.157	5.901	-7.057
12.719	-6.275	-6.682	-7.854	-7.797	-7.378	0.139	-8.261
16.882	-7.969	-6.791	-6.702	-6.719	-7.596	6.499	-6.454
7.608	-9.045	-8.168	-5.758	-6.816	-6.912	0.971	-6.675
8.459	-7.254	-6.637	-6.817	-6.869	-6.627	2.707	-5.872
4.015	-7.572	-5.734	-7.938	-7.202	-8.668	6.684	-6.268
15.293	-6.526	-8.044	-7.434	-7.905	-7.926	9.736	-5.945
13.161	-5.869	-8.591	-7.640	-7.117	-8.563	8.300	-5.892
19.016	-5.836	-5.387	-8.636	-7.515	-6.905	8.153	-7.751
3.286	-5.547	-6.560	-5.169	-6.269	-6.470	4.987	-6.066
9.295	-6.049	-7.946	-5.767	-8.005	-6.241	1.803	-6.985
6.253	-7.963	-8.189	-7.282	-8.874	-7.029	4.555	-8.366
1.291	-6.603	-6.687	-6.897	-8.411	-6.081	0.234	-7.116
3.095	-7.120	-9.569	-7.400	-6.767	-6.574	8.084	-8.055
10.405	-7.249	-8.567	-5.736	-7.791	-6.083	5.323	-7.235
2.723	-6.639	-5.983	-7.176	-5.656	-5.821	9.882	-7.062
2.944	-5.359	-7.401	-7.670	-6.723	-4.292	0.836	-7.857
2.948	-9.546	-7.822	-8.248	-6.110	-6.381	0.102	-6.160
11.037	-6.889	-6.594	-8.255	-6.261	-7.949	2.756	-6.726
8.195	-6.393	-7.466	-6.230	-7.868	-6.694	0.274	-7.893
5.696	-5.998	-6.044	-6.756	-6.592	-8.995	1.646	-6.782
3.551	-6.793	-6.414	-7.136	-6.451	-6.483	8.599	-6.038
1.426	-7.104	-6.019	-9.158	-5.891	-7.709	5.897	-7.247
11.415	-8.016	-7.230	-8.631	-8.460	-7.062	2.049	-7.910
2.581	-8.466	-6.168	-4.477	-6.746	-6.595	8.928	-7.900
3.911	-8.319	-6.741	-6.411	-7.940	-5.562	7.594	-7.415
15.364	-8.073	-6.207	-6.331	-7.250	-6.102	7.714	-7.365
6.678	-8.326	-6.562	-8.383	-7.741	-7.369	4.471	-7.758
4.661	-8.369	-7.208	-8.269	-6.768	-7.187	8.014	-6.177
15.733	-6.491	-6.777	-6.270	-8.378	-6.293	2.570	-6.709
7.305	-6.507	-7.444	-6.778	-7.189	-6.053	8.343	-7.225
11.424	-6.821	-7.354	-8.643	-7.026	-5.361	2.656	-5.495
4.287	-8.572	-6.814	-6.768	-6.016	-6.550	4.203	-7.167
3.657	-6.688	-7.884	-6.451	-8.053	-8.975	6.878	-7.000
11.362	-7.040	-6.933	-6.665	-5.568	-8.095	3.847	-7.070
9.115	-6.450	-6.224	-7.871	-7.738	-7.659	8.596	-8.413
10.996	-5.936	-6.966	-9.437	-6.725	-7.709	5.445	-8.413
5.638	-9.817	-5.933	-7.625	-6.184	-7.791	0.954	-5.998
2.601	-8.210	-6.459	-6.057	-7.545	-7.614	2.025	-7.269
2.168	-7.268	-8.764	-5.545	-5.586	-7.621	5.273	-6.343
2.866	-6.707	-5.891	-7.528	-7.664	-7.352	2.280	-7.489
13.399	-6.579	-7.407	-6.943	-6.497	-6.875	5.421	-7.309
15.383	-6.591	-8.032	-6.299	-5.609	-7.225	7.183	-7.093
4.714	-8.048	-9.732	-8.946	-6.803	-6.126	1.740	-5.505
15.698	-7.502	-6.727	-7.412	-6.731	-8.157	6.866	-6.941
4.502	-7.701	-5.766	-6.263	-8.127	-6.628	9.419	-7.110
6.460	-7.044	-7.924	-7.657	-7.669	-8.380	0.986	-8.281
2.061	-6.823	-5.100	-5.826	-7.239	-6.829	6.133	-7.008
7.085	-8.626	-7.537	-4.748	-5.551	-6.900	5.723	-5.474
19.633	-7.663	-6.250	-5.842	-8.285	-6.424	2.224	-5.669
6.259	-6.520	-8.008	-6.145	-5.481	-6.104	4.964	-8.044
14.818	-7.139	-6.692	-7.143	-7.748	-7.351	6.338	-8.151
14.886	-5.962	-8.016	-5.759	-7.568	-6.957	2.396	-9.429
9.923	-7.219	-5.786	-6.146	-7.279	-8.912	2.259	-6.727
3.942	-8.766	-7.748	-7.363	-5.624	-5.809	5.491	-8.297
10.900	-5.751	-5.349	-6.882	-6.978	-7.220	6.879	-7.925
13.419	-8.697	-7.801	-6.825	-7.243	-4.954	1.731	-6.203
17.882	-6.084	-7.891	-8.895	-8.294	-4.538	7.206	-6.627
3.410	-8.172	-7.258	-5.527	-6.580	-6.256	4.009	-6.117
15.275	-8.213	-7.763	-6.623	-6.511	-6.322	1.246	-6.261
13.335	-5.541	-5.591	-6.204	-7.367	-6.887	7.908	-6.512
8.852	-7.942	-7.119	-7.022	-7.138	-7.835	0.131	-5.121
9.496	-6.192	-7.488	-6.569	-6.768	-7.854	6.244	-7.421
19.780	-5.988	-6.556	-9.166	-7.113	-7.421	7.627	-7.496
