12.819	3.299	2.500	0.047	-0.914	3.888	-1.185	14.600	3.895	2.788	0.563	0.434
9.124	0.173	1.348	3.238	0.897	16.695	-0.435	11.434	5.521	0.747	0.992	1.009
1.735	5.035	2.765	4.395	-0.765	7.428	-0.207	6.776	3.385	9.464	-1.295	-0.920
8.483	3.669	3.567	3.082	0.029	10.926	0.622	6.706	1.084	8.154	-0.487	0.567
2.801	3.423	2.944	2.327	0.103	5.416	0.329	7.688	9.579	1.094	0.976	0.105
0.806	7.248	0.288	4.093	-0.211	3.736	-1.413	9.346	9.316	1.827	-0.088	-0.856
2.985	3.275	1.210	2.442	2.047	17.674	0.958	3.807	4.786	1.644	-0.611	1.120
1.777	7.691	1.383	3.239	-0.446	1.185	0.695	7.180	0.225	0.690	0.470	0.616
9.341	1.887	3.860	4.876	-1.139	8.760	0.797	7.424	5.739	3.296	0.239	0.034
6.037	7.366	3.892	2.302	0.339	16.242	-0.282	4.718	4.531	0.771	0.268	-0.740
1.122	2.907	1.531	0.602	0.169	7.301	-0.001	11.178	6.549	7.335	0.036	-0.537
9.338	3.410	2.326	1.891	-0.450	3.793	1.329	3.395	5.989	0.003	-0.580	0.547
18.223	0.426	3.434	1.852	1.004	1.379	0.132	3.050	3.368	4.216	0.482	0.790
12.246	0.647	0.275	4.842	0.028	2.891	-0.418	11.073	3.154	4.970	-0.445	2.460
18.516	3.855	2.591	4.676	-0.619	9.157	-1.125	3.747	2.762	6.234	1.617	0.285
2.058	9.939	3.633	1.372	0.832	6.461	-1.094	11.157	1.550	3.461	-1.946	0.016
14.209	4.373	0.907	1.436	-0.322	14.239	0.661	19.150	4.473	2.214	-2.253	-1.086
15.964	3.711	2.723	0.034	0.678	13.775	0.040	1.933	5.564	2.092	-0.398	-0.410
16.041	3.518	0.417	0.331	-0.590	12.030	2.277	2.198	9.091	5.852	1.164	0.419
2.257	3.452	2.010	2.950	1.086	16.134	2.264	3.924	5.137	3.723	-0.724	-0.041
4.790	6.793	2.283	1.107	0.521	6.573	0.133	12.780	6.398	2.379	-0.085	0.257
6.315	0.644	3.925	0.784	1.548	16.641	-0.058	17.112	1.015	8.141	0.605	0.560
6.365	6.791	2.539	2.597	0.351	16.940	-0.375	14.425	9.601	7.476	-0.811	0.337
1.103	7.035	4.649	2.280	-1.836	16.982	1.199	11.562	6.679	8.265	-1.031	0.089
17.621	4.453	1.057	4.272	-1.020	5.159	-2.168	13.541	1.066	1.019	-0.606	0.274
1.891	1.815	4.289	2.816	0.118	3.034	-0.508	14.071	8.446	6.378	-1.291	-1.526
18.599	2.895	1.888	2.538	-1.529	4.314	0.674	16.756	4.454	3.789	0.276	0.808
4.908	6.384	1.717	2.772	0.155	2.284	0.288	7.774	6.204	5.589	-0.923	-0.573
16.061	9.506	1.369	3.021	-0.668	4.977	-0.392	4.638	6.497	5.626	-0.198	2.182
9.660	2.122	0.375	1.995	0.437	8.932	0.421	1.419	0.201	5.467	1.507	0.127
3.222	5.751	3.155	3.203	1.141	14.031	1.142	0.840	1.151	2.711	-0.924	-0.567
1.279	6.249	2.333	1.006	0.362	18.503	-0.065	16.481	4.494	7.126	-1.231	-0.563
9.682	0.646	4.635	4.342	-0.369	9.829	2.184	17.765	7.089	4.393	0.808	-0.219
3.217	3.994	1.138	4.902	-0.055	3.024	-0.112	1.810	7.114	0.518	0.396	0.085
4.661	2.088	4.625	0.693	-0.732	13.901	-0.818	9.005	5.843	6.017	-1.596	-0.217
9.173	3.177	3.706	3.402	0.211	18.609	-1.492	2.653	7.816	8.364	0.700	0.420
11.449	8.751	3.782	2.015	0.421	8.408	-0.049	13.128	8.712	8.823	0.273	0.608
3.931	4.143	4.833	4.518	-2.599	10.544	-0.461	3.484	9.778	5.996	-0.346	0.993
11.228	3.093	1.569	2.890	-0.616	0.625	-0.447	5.690	9.661	7.126	-0.131	-0.410
10.034	8.477	3.120	4.981	-1.248	8.466	1.355	16.987	0.608	2.071	-0.590	0.654
14.928	6.213	4.211	4.572	0.328	8.509	0.962	9.382	6.847	0.498	-1.267	-1.096
16.577	4.300	0.527	2.005	0.018	13.115	-0.693	16.815	7.098	2.696	2.686	0.361
10.457	4.667	0.454	4.539	0.103	1.166	-0.564	9.189	5.636	5.715	-0.964	-0.877
14.135	9.473	0.263	3.539	0.678	0.996	0.010	12.582	2.173	5.966	2.517	0.083
10.972	3.349	4.939	0.715	-1.660	1.110	-0.621	0.334	7.710	7.556	1.285	0.673
18.235	1.152	0.603	4.399	-0.433	1.667	-0.783	13.711	4.714	2.255	0.151	0.274
9.379	9.296	0.746	3.262	1.401	17.906	-0.449	1.951	0.864	7.457	-1.166	0.071
15.414	0.081	2.284	0.027	0.690	15.969	0.345	17.845	6.870	1.284	1.025	-2.026
2.392	6.204	4.351	0.577	-0.014	3.700	-0.741	16.332	7.055	9.977	-0.468	-0.939
14.853	5.448	1.257	2.441	0.274	17.674	-1.158	15.505	9.498	5.469	1.213	-2.324
9.561	5.466	2.156	2.544	-0.611	9.503	-1.015	6.357	4.174	8.661	-1.479	0.712
17.914	7.045	3.339	2.987	-0.347	2.983	1.369	2.867	1.634	5.628	0.656	-0.222
10.658	5.921	0.960	2.427	0.165	4.738	0.367	11.844	8.972	0.909	-0.379	-1.044
3.634	4.294	3.306	1.949	0.521	17.309	-0.405	14.849	8.731	1.269	-0.224	-0.669
14.905	0.249	0.841	0.287	-0.732	5.166	1.381	1.329	8.406	1.880	0.428	0.655
0.507	3.816	4.516	3.807	-0.598	14.933	-1.261	5.242	6.390	8.341	0.955	-0.202
3.383	4.017	2.863	2.313	-0.674	13.355	-0.052	7.989	0.519	0.001	-1.430	-0.661
14.200	1.579	1.925	2.191	-0.575	10.752	1.122	0.020	5.411	2.179	-1.459	-2.177
4.686	3.797	2.545	4.318	-0.594	16.471	-0.492	8.181	7.880	2.472	0.787	0.341
8.746	6.310	3.400	4.861	1.190	19.513	-2.311	12.291	0.844	9.692	-1.181	0.167
15.446	9.470	4.020	0.122	0.367	0.911	0.582	7.216	7.538	5.745	0.630	-0.030
10.694	3.832	3.517	1.855	0.702	9.712	-0.978	0.275	5.903	9.565	-0.153	-0.777
7.945	4.189	2.509	4.947	-0.552	11.313	1.636	10.734	2.743	5.984	0.404	1.339
2.864	2.019	4.203	3.719	0.615	3.097	1.290	8.929	0.373	7.940	-1.006	0.869
7.953	9.658	2.184	1.654	-0.286	19.198	0.886	9.031	8.344	5.533	0.507	0.030
18.422	5.156	3.372	2.843	-0.097	7.449	0.645	10.015	8.049	7.839	0.644	1.885
16.161	6.306	4.475	3.985	1.003	9.712	0.752	9.541	0.175	4.755	-1.734	0.258
16.922	0.992	2.057	1.637	0.896	13.608	1.756	7.061	1.319	0.682	-0.019	-0.111
0.147	4.586	3.107	4.952	0.613	17.486	-0.580	15.541	0.326	0.845	0.086	-0.706
9.518	0.921	2.605	1.934	-0.288	8.471	-0.472	4.914	6.968	3.378	-0.739	0.847
7.891	5.362	1.235	1.092	0.441	17.591	-1.069	9.474	1.630	9.241	-0.763	1.810
19.558	4.091	2.789	4.582	2.271	14.447	-0.444	3.393	2.754	3.482	0.770	1.140
13.068	1.199	1.935	0.020	-1.741	8.699	1.537	19.537	6.393	9.313	-0.280	0.201
9.596	7.594	1.375	3.522	0.811	8.948	0.037	9.775	6.614	3.095	0.634	-1.070
3.767	4.760	4.004	4.371	0.909	11.369	-0.452	10.362	3.122	4.974	0.079	-0.380
7.005	5.566	2.420	4.005	-0.017	17.261	0.286	19.601	9.460	2.706	0.526	-0.068
2.380	3.696	2.097	3.916	-0.193	7.126	1.722	6.800	2.989	0.947	-0.193	-0.990
3.649	6.914	4.999	2.163	-1.970	18.587	0.159	13.191	6.471	0.685	-0.228	-1.748
12.622	9.015	4.740	3.465	-0.427	3.608	0.444	13.883	3.931	6.424	-1.205	-2.696
12.235	8.859	4.986	1.722	0.585	0.227	-0.640	11.768	9.371	7.238	0.813	-0.959
14.013	8.185	3.602	0.338	-0.003	12.006	-1.276	12.666	5.073	7.769	0.247	1.182
18.804	7.587	0.889	4.944	1.112	7.694	-0.267	0.015	6.699	7.864	-1.735	1.104
7.128	8.450	1.447	3.926	0.543	5.143	1.208	10.608	6.996	4.032	1.920	0.019
4.100	4.504	2.273	1.253	0.412	5.219	-0.452	1.185	9.586	0.553	0.352	-1.833
2.972	4.276	1.957	1.388	-1.408	9.979	1.303	6.181	9.611	6.172	-0.845	-1.202
1.537	2.906	2.570	0.664	-0.388	17.255	1.906	5.090	5.382	6.588	-0.510	-1.166
6.967	4.962	4.535	1.313	2.375	6.492	0.380	19.043	4.572	2.232	1.090	-0.092
5.075	7.342	0.277	0.464	1.115	6.521	-1.056	5.521	1.260	8.860	0.530	0.032
5.248	1.889	3.267	1.338	1.003	5.001	1.022	7.542	3.633	2.844	-0.965	1.618
4.120	8.529	0.364	1.648	-0.385	18.569	-0.896	13.943	9.376	0.405	0.968	-2.287
0.838	6.655	3.989	2.632	-1.334	7.439	0.735	15.401	6.384	7.766	0.190	-1.608
7.070	9.074	2.853	1.994	0.236	18.148	1.279	16.402	9.879	6.855	0.150	1.265
12.988	3.899	0.337	3.767	-0.264	17.662	1.091	6.556	8.648	5.469	0.603	-2.218
11.420	2.950	4.229	2.275	-0.226	4.402	-0.088	0.759	3.334	0.677	0.153	-0.773
11.316	2.927	0.711	3.187	-0.208	14.578	0.315	16.599	6.492	6.349	0.739	-0.062
4.181	7.173	3.932	1.755	0.617	17.028	-0.153	8.288	5.595	1.891	0.338	-1.453
13.540	5.606	3.746	3.365	0.506	14.592	-0.787	19.209	2.342	0.773	-1.173	1.415
6.427	0.997	3.124	2.685	-0.767	2.075	-0.914	16.772	4.335	3.424	0.598	0.380
9.565	6.866	2.161	0.489	-1.080	5.826	-0.257	2.359	1.337	0.421	-0.012	0.362
1.988	8.971	1.666	3.493	-1.473	5.871	1.284	4.428	8.629	7.470	0.327	-0.233
12.702	8.457	0.799	3.227	1.474	2.491	0.966	15.471	0.600	9.411	0.876	0.413
7.239	5.391	4.801	4.065	1.464	7.315	-1.984	4.226	9.465	2.415	1.404	0.177
9.731	1.493	0.209	3.833	0.462	0.314	0.866	5.943	8.091	5.169	-0.708	-1.132
0.344	6.252	2.091	0.460	0.282	4.169	0.613	15.760	2.731	2.306	0.075	-1.920
13.528	2.915	3.015	3.871	-0.271	19.353	1.789	19.472	3.824	7.384	-0.584	0.021
19.583	8.493	0.559	0.279	0.976	19.921	0.594	7.472	4.429	1.592	1.598	0.092
14.987	2.427	2.698	0.384	0.365	18.531	0.243	15.933	0.524	0.615	0.030	-0.480
0.135	7.115	3.958	1.956	0.885	15.609	-0.616	5.014	9.117	8.886	0.276	-0.653
6.356	2.235	2.498	4.921	0.150	12.301	-0.774	10.630	9.276	2.984	-1.065	-0.421
0.467	8.186	3.093	1.273	0.693	17.330	-1.345	19.742	3.330	8.349	-0.053	1.058
14.105	5.116	2.747	0.693	0.920	19.353	-1.984	8.116	2.109	8.667	0.075	0.898
3.292	7.427	3.605	0.689	1.379	17.925	0.283	16.910	7.041	7.697	-1.756	1.570
19.144	3.020	2.234	1.580	-0.539	11.819	-0.819	15.608	3.877	9.371	0.514	-0.311
13.194	0.683	2.517	2.743	-0.516	10.955	-0.228	17.481	5.893	3.511	-1.659	0.072
18.578	6.728	4.322	2.706	1.598	12.707	-0.530	13.172	1.912	6.119	1.175	1.996
10.994	8.445	0.071	1.577	-0.149	13.033	1.046	5.223	5.549	1.088	-0.579	0.006
13.351	5.307	4.331	1.220	-0.523	18.894	-0.005	12.351	4.274	7.807	0.950	-1.664
18.669	7.741	2.783	1.882	0.334	19.987	1.237	16.015	1.528	8.641	-1.341	-0.285
15.023	6.269	3.266	4.565	0.750	17.619	0.706	8.033	4.611	7.350	0.279	-1.216
18.196	6.829	3.807	2.728	-0.396	5.488	-0.090	16.928	6.640	8.191	-0.622	0.789
3.132	0.118	1.966	1.585	0.042	7.364	0.693	17.029	3.879	3.515	0.797	-0.355
8.908	2.912	1.333	2.697	1.698	2.034	-0.171	19.737	3.781	1.916	1.252	-1.003
18.005	5.864	1.893	2.510	0.677	18.254	1.997	4.398	8.699	4.109	-0.431	-1.504
15.382	7.698	2.749	2.684	0.947	2.099	1.382	1.139	7.997	8.622	-0.067	-0.660
19.289	2.947	1.460	3.381	0.127	0.283	0.633	16.382	3.860	5.768	-1.598	-1.054
4.419	7.170	4.393	3.926	1.222	15.126	0.002	19.587	1.354	5.592	0.796	0.093
16.282	1.758	0.987	3.054	0.036	15.799	-1.106	0.992	8.151	0.205	0.991	0.204
2.961	3.189	0.950	3.283	-2.441	1.124	-0.421	12.995	5.127	3.508	0.683	-1.274
19.707	2.157	1.374	0.584	0.116	7.037	0.120	9.905	4.046	3.788	0.741	-0.272
19.100	4.214	1.131	2.972	0.768	6.869	0.229	7.000	8.411	4.969	0.612	1.836
18.403	9.900	2.021	1.734	-1.259	12.140	-1.284	17.927	9.289	2.078	-0.122	-0.541
19.655	0.965	3.981	3.583	-1.317	17.358	0.200	18.129	0.069	6.953	1.315	-0.945
6.745	5.114	3.214	2.705	-0.089	4.108	-0.224	3.112	7.651	6.748	0.648	0.752
6.359	9.877	0.337	0.020	-0.239	3.985	-0.516	3.709	1.041	0.619	-0.580	-1.192
14.850	0.927	1.774	2.048	0.309	10.323	-0.952	18.132	0.905	8.308	-1.338	-0.430
7.353	6.440	1.179	1.974	-1.607	0.530	2.190	16.531	1.342	0.852	0.515	-0.908
11.056	0.267	3.550	4.578	-0.770	18.859	0.414	17.521	1.058	4.570	0.451	1.129
14.540	9.350	0.242	0.073	-0.912	11.285	-1.463	9.839	4.673	8.763	0.827	-1.253
0.923	2.994	0.310	3.856	1.653	12.400	-0.122	19.437	2.609	6.785	0.243	-1.263
7.245	3.231	4.894	2.403	0.971	4.692	-2.534	3.246	5.029	2.933	-1.212	0.580
17.881	2.448	1.775	1.600	-2.123	10.646	-0.427	14.792	4.445	6.796	-0.832	-0.100
4.874	5.175	1.309	2.353	-0.469	14.702	-0.147	4.632	6.206	0.339	-2.605	-0.161
15.623	4.658	0.959	2.050	1.209	6.038	1.009	0.125	3.590	9.611	-0.892	-1.002
8.747	4.625	2.324	2.816	0.629	3.352	0.934	2.936	8.299	6.893	1.748	-0.920
1.414	8.352	4.611	0.433	0.063	2.009	-0.138	3.433	9.786	6.455	2.310	-0.161
7.307	4.651	3.081	3.572	1.392	9.396	-0.279	4.692	8.739	5.149	0.325	0.370
11.793	7.477	2.300	4.636	1.528	19.953	-1.727	18.455	1.156	9.297	0.589	-1.586
18.218	5.925	1.172	1.598	-1.414	1.824	-1.067	13.994	2.049	3.948	-0.529	1.569
3.649	8.527	2.422	4.681	-0.413	13.908	-0.381	5.873	4.455	6.605	-1.023	1.268
7.843	8.496	1.571	1.991	-1.851	17.068	1.836	14.771	2.499	2.333	0.658	0.702
13.398	5.154	4.735	4.502	-0.075	6.931	1.345	16.824	5.716	3.284	2.115	-1.286
7.918	2.119	0.949	3.574	1.260	11.901	-0.330	0.560	8.545	9.119	-0.091	0.634
13.228	9.166	3.118	0.037	-0.520	19.156	2.431	0.365	0.511	3.388	0.340	-1.159
16.559	2.707	0.365	1.591	-0.705	8.442	1.211	11.201	7.581	0.349	-1.971	-0.548
11.414	6.089	4.074	4.461	0.917	12.203	-1.026	19.715	0.891	3.363	0.753	2.358
0.074	5.069	2.707	3.352	-0.773	8.785	0.632	1.393	0.523	4.217	0.107	-1.739
7.632	8.659	3.063	4.751	0.194	3.119	1.729	11.523	6.862	1.308	0.749	1.426
15.661	7.153	4.798	2.831	0.157	19.198	-1.265	17.999	9.263	6.092	0.537	-1.763
10.904	8.303	3.823	2.896	0.346	13.038	0.782	13.410	2.235	4.027	-0.386	-0.986
17.671	6.569	1.873	4.426	1.699	6.450	-1.644	9.219	4.160	1.940	-0.172	0.120
16.153	5.478	3.310	4.762	-0.234	18.779	-0.761	3.858	4.704	7.938	0.189	1.228
7.665	2.282	0.032	0.830	0.122	2.659	-0.607	17.180	6.434	5.637	3.286	0.696
19.487	1.851	0.133	1.294	0.737	9.707	-1.628	18.258	5.515	8.232	-0.635	0.200
15.947	7.279	3.151	1.426	0.368	0.889	0.289	13.190	8.154	7.150	1.486	0.280
17.467	1.309	4.265	3.326	0.089	19.362	1.334	12.528	2.853	1.583	-1.968	-0.767
16.540	3.202	4.156	4.684	-2.007	4.265	-0.448	3.740	0.858	0.672	0.488	0.143
11.380	5.989	1.919	1.633	-0.470	17.133	1.688	0.537	5.071	6.943	0.082	-0.331
9.591	4.604	0.675	3.307	0.200	3.820	-0.259	14.915	0.786	3.146	0.707	-0.546
0.531	9.513	0.420	3.975	0.550	11.825	-2.210	15.899	0.133	4.845	-0.484	-0.602
12.600	0.191	4.375	4.541	-2.021	18.951	1.016	4.874	6.438	2.941	-0.690	-1.679
16.773	0.236	1.727	2.415	-0.345	13.480	-0.034	16.797	3.790	5.593	-0.339	-0.274
13.312	9.510	3.013	1.485	1.276	8.103	-0.836	6.335	7.118	6.225	-3.008	-0.846
4.913	7.436	1.853	4.070	-0.987	9.621	0.399	8.370	0.037	9.533	-0.614	0.734
12.362	6.334	0.795	4.099	-1.065	4.722	0.475	14.144	6.456	3.495	0.080	-1.822
0.837	0.413	0.177	4.158	1.149	1.973	1.027	11.389	2.577	9.415	0.956	-0.173
16.996	2.938	2.499	0.405	-2.450	12.078	-1.664	15.199	2.606	2.359	2.056	-0.072
1.207	3.476	3.287	3.467	-0.887	19.168	-0.144	10.074	1.804	6.412	0.961	-1.470
13.238	2.421	3.951	0.276	0.691	8.623	0.466	15.075	3.528	4.317	-0.090	0.636
18.969	4.011	4.854	0.758	-2.114	3.372	-0.339	9.425	9.620	4.116	-0.204	-0.528
3.164	0.130	4.808	2.745	-2.505	14.003	0.269	1.758	8.032	1.397	0.690	-0.872
9.442	2.576	2.580	2.484	0.868	14.046	-0.008	19.749	6.473	3.962	0.287	0.901
3.761	5.621	3.904	4.704	-1.070	6.314	-0.623	16.333	2.185	3.103	-0.465	-0.262
4.681	7.311	4.540	0.655	0.027	9.137	1.072	15.572	6.317	8.794	1.284	-1.034
16.165	8.900	4.435	0.908	-1.713	18.512	0.419	16.116	2.737	6.015	-1.197	-1.054
11.313	0.625	2.925	2.393	0.994	13.121	-0.165	2.582	6.482	3.813	0.623	-0.151
5.847	7.044	0.434	1.180	0.349	18.203	2.247	14.279	4.973	8.664	1.207	0.341
11.267	1.661	3.946	1.251	-0.565	4.707	0.805	19.896	3.689	5.444	-0.956	-0.224
18.332	8.758	3.186	3.583	0.439	1.132	-0.039	14.136	1.657	6.786	-0.321	0.861
2.196	5.705	3.064	2.165	0.904	8.084	1.779	9.180	3.948	7.583	-1.814	-1.137
18.164	9.943	1.926	2.216	2.699	8.868	0.590	11.973	8.271	5.941	0.347	-0.085
17.929	4.571	2.011	1.390	-0.131	11.060	-0.175	3.147	8.852	3.474	1.417	-0.471
0.638	5.784	2.088	1.227	-0.151	4.398	-0.314	15.874	1.917	0.856	0.039	1.788
5.036	9.706	1.392	0.157	0.647	2.887	-0.026	1.805	2.493	2.834	-0.050	-1.531
15.948	9.256	0.753	0.523	-0.352	2.971	-1.185	11.360	7.999	7.449	0.313	1.372
7.842	3.767	2.191	2.318	-0.908	7.340	-2.162	12.623	3.386	8.436	-0.409	1.607
3.715	7.654	4.357	3.810	-0.254	11.043	1.195	8.529	8.149	0.581	0.234	-0.486
17.569	8.312	4.415	4.862	0.799	5.272	1.344	3.396	0.807	4.802	-1.309	-0.003
6.590	6.166	3.609	2.243	0.113	7.402	0.975	8.211	9.216	7.480	-0.067	1.347
19.232	9.503	1.587	0.550	-1.004	12.566	-1.920	18.625	1.663	9.569	-0.518	1.666
9.847	6.028	2.018	4.079	-0.678	4.816	2.325	7.365	3.524	7.406	-1.139	0.582
9.796	8.927	2.107	4.634	0.137	10.358	-1.020	16.362	7.212	3.953	0.595	1.939
8.895	3.492	4.182	2.488	0.376	8.994	0.593	4.609	7.597	7.299	-1.239	-1.006
13.245	1.246	1.026	0.725	0.555	9.287	0.672	5.057	6.007	8.179	0.690	-0.464
11.372	0.222	2.040	1.707	0.017	9.353	-1.052	7.522	6.913	2.375	0.140	-1.130
9.025	8.756	0.738	2.256	0.122	6.418	-0.856	0.881	9.417	9.844	0.855	-0.703
19.521	1.303	2.460	3.171	-1.131	11.046	0.152	15.523	4.950	7.806	-1.401	0.170
10.420	1.229	1.628	3.817	1.002	10.926	0.485	8.896	8.229	9.886	1.092	-1.952
7.674	9.091	4.377	2.370	1.659	6.511	1.049	19.850	9.039	2.170	-0.201	-0.488
14.378	3.867	3.469	0.747	0.854	7.823	1.885	3.532	6.740	0.801	-0.659	0.034
2.168	1.484	1.034	4.312	0.028	5.416	2.422	10.270	8.779	4.088	1.350	-0.349
7.492	3.435	1.501	1.096	-1.021	7.678	-0.523	13.916	3.446	3.994	-0.116	0.305
4.258	5.337	0.622	3.655	0.979	18.016	0.718	13.227	5.190	1.047	0.656	-0.848
8.502	0.566	3.989	3.349	-0.501	15.281	-0.029	5.217	3.549	8.220	-0.487	1.466
0.221	1.084	0.126	1.298	0.128	19.470	0.527	12.956	8.616	7.543	1.035	-0.602
0.473	7.170	4.408	4.658	0.062	2.885	1.093	17.708	6.804	8.641	-0.844	-0.015
19.126	3.222	2.456	0.950	1.192	13.588	0.416	7.495	3.854	4.420	-0.713	-0.311
5.717	8.884	4.900	0.417	2.065	5.186	-0.540	16.068	8.214	8.211	0.475	-1.146
18.749	2.856	4.879	4.402	0.994	15.446	-0.571	17.543	5.203	2.490	0.036	-0.295
10.517	3.862	4.921	2.324	-1.089	10.457	1.199	10.664	9.196	1.028	-1.910	-0.046
2.095	4.454	3.659	4.534	-1.814	12.154	0.925	18.251	6.722	3.832	0.507	-0.986
13.099	9.388	4.354	4.200	-0.320	16.786	0.277	4.406	9.863	7.551	-0.334	1.833
18.165	9.023	1.193	3.975	-0.344	0.735	-0.008	14.456	5.996	9.636	-1.194	-1.671
12.299	7.825	1.777	3.552	-1.428	5.961	0.039	13.857	7.718	0.729	-0.417	1.485
0.058	2.586	2.541	0.296	0.721	8.479	-0.028	17.621	3.699	9.726	0.784	0.095
14.112	0.661	4.026	1.147	-1.778	6.132	-0.588	15.764	1.991	8.376	-0.353	0.849
14.679	6.702	2.538	3.984	0.174	11.828	-0.824	5.911	2.111	3.713	0.461	-0.346
3.797	1.479	3.365	0.701	-0.860	18.934	1.270	3.062	6.844	4.277	0.882	-0.348
9.229	0.413	1.347	3.921	-0.697	15.375	0.874	1.146	9.044	7.019	0.038	-1.872
19.643	6.508	0.041	3.622	1.103	13.915	-0.483	14.040	8.768	8.791	1.031	-0.111
14.972	6.013	1.559	4.346	1.866	9.898	-0.909	11.018	5.819	0.522	-0.223	1.397
4.919	6.198	3.933	4.473	0.842	4.129	0.299	3.767	9.252	1.354	-0.921	0.981
15.609	3.706	2.933	4.034	0.459	17.085	0.276	16.383	7.650	4.919	-1.127	-0.853
17.877	3.847	4.794	4.743	-0.233	19.124	-0.302	10.323	3.189	2.038	-0.172	0.939
5.835	2.750	4.653	1.814	-0.561	3.202	1.499	7.464	5.505	9.378	1.342	0.229
1.303	2.867	2.530	1.360	-0.857	14.347	-0.888	13.446	0.505	1.189	1.231	-1.465
4.265	6.483	2.978	4.558	1.140	17.666	0.314	6.891	9.270	0.927	-1.240	0.081
7.140	4.957	3.901	1.177	-1.222	8.208	1.051	4.376	1.503	4.991	0.354	-0.535
16.756	6.286	3.659	0.601	0.883	13.366	1.668	16.595	5.563	3.749	1.025	0.494
2.023	1.161	3.584	1.642	1.586	11.440	-0.736	9.734	4.728	0.559	1.335	0.101
6.451	2.764	4.615	2.737	-0.178	12.120	0.600	4.530	5.660	3.866	-2.007	-0.607
7.709	4.400	0.078	2.598	1.430	15.293	-1.590	13.454	2.464	9.876	0.564	0.598
16.336	3.394	4.041	0.020	-0.168	15.088	-0.671	15.107	5.286	7.801	0.265	0.232
0.954	0.924	2.686	3.371	-1.013	18.675	-0.296	4.815	1.741	4.014	-2.126	1.839
7.243	2.252	2.524	0.325	0.188	2.009	1.647	2.833	9.124	9.422	0.628	0.067
14.241	9.271	4.774	4.638	0.281	0.822	0.293	9.442	0.659	7.758	-0.483	-1.235
14.784	3.318	0.542	1.199	-0.956	10.200	1.007	9.833	9.982	8.028	-0.846	-0.312
9.899	3.602	4.328	3.112	0.463	18.488	-0.621	7.617	8.525	3.394	0.005	-0.349
9.437	4.853	1.868	1.960	-1.015	0.017	-1.323	14.936	5.808	7.433	-0.206	1.163
9.554	1.170	2.737	4.572	-0.395	11.943	0.620	6.623	3.060	1.182	1.073	0.921
14.341	7.165	2.047	0.268	-0.290	9.823	0.566	13.949	4.086	9.323	-0.255	-1.298
19.452	8.104	0.863	0.573	-2.060	0.900	-1.164	8.041	3.578	8.616	-0.928	1.185
19.396	2.953	2.535	4.532	-0.703	4.083	-0.720	10.759	3.687	0.155	0.664	1.506
18.723	8.421	4.759	1.915	0.264	10.724	-0.896	11.848	2.178	2.033	0.894	1.111
11.679	1.646	2.533	0.900	1.029	3.026	-0.234	10.013	9.961	9.106	-0.061	-0.887
4.146	0.943	4.744	1.680	0.059	9.543	1.483	6.043	8.036	1.770	0.359	-0.619
10.046	9.712	0.220	2.996	-1.595	15.597	1.301	3.244	1.639	6.568	0.819	-0.453
11.376	4.131	3.680	3.829	-0.494	17.297	1.437	19.781	9.152	5.184	0.926	-1.558
10.643	4.774	1.910	0.092	0.220	1.749	0.982	9.917	5.560	2.577	-0.184	-1.140
4.357	6.239	4.063	1.898	0.505	14.855	0.357	1.780	9.794	8.484	0.638	-0.097
18.823	7.903	2.006	1.229	1.397	4.193	-0.280	6.905	0.618	4.479	1.008	0.893
14.998	6.030	4.739	0.756	-0.297	0.919	-1.007	2.786	6.045	4.392	1.148	0.350
2.441	5.013	0.864	0.802	0.163	0.035	-0.607	17.921	6.367	1.576	-1.129	1.253
16.392	0.083	2.210	1.770	-0.446	6.482	0.563	7.924	8.901	0.316	-0.318	0.265
0.601	1.763	2.363	3.114	0.067	0.204	1.405	1.235	1.415	4.421	0.270	-0.099
17.837	3.163	4.656	1.778	-0.404	8.774	0.944	8.799	5.271	9.303	-0.433	-0.711
11.176	3.608	0.886	0.064	-0.590	1.236	0.393	0.076	2.187	7.216	-1.280	-0.487
8.335	4.391	3.672	0.001	0.512	14.647	0.210	9.996	8.458	8.856	-0.538	0.371
15.335	5.765	2.069	1.435	0.844	19.923	0.882	10.104	7.306	9.993	-0.359	-0.106
18.610	7.554	2.690	2.224	1.291	14.973	-0.071	14.854	6.732	4.703	1.054	0.086
19.866	9.732	4.098	1.698	-0.384	4.803	-1.364	17.766	1.381	9.830	-0.359	2.948
19.862	0.126	0.300	0.235	-0.218	9.018	0.324	8.264	6.211	9.294	-0.405	0.066
8.843	4.563	1.673	4.317	1.547	3.587	-0.853	5.605	3.437	7.880	0.435	-1.145
12.507	0.442	4.875	3.548	2.241	0.156	-0.343	3.366	4.299	7.587	-0.512	-0.777
9.691	4.743	0.009	0.573	0.141	15.934	-1.157	15.793	2.148	6.027	0.256	0.225
17.457	9.271	1.869	3.601	0.523	11.564	0.324	15.312	7.887	9.765	-0.176	0.613
13.276	2.413	2.956	4.395	-0.444	8.089	0.210	12.155	9.331	4.598	-0.296	2.113
16.105	1.751	4.164	2.012	-0.463	4.777	-2.245	6.825	4.531	1.172	1.337	-0.556
17.241	2.344	4.011	1.725	-1.540	9.547	0.374	12.444	4.483	1.986	-0.277	0.442
10.513	0.388	1.290	2.640	0.247	8.035	0.894	14.294	3.570	4.298	-0.857	0.857
15.285	5.596	4.954	0.416	0.363	13.968	-0.726	5.078	7.435	1.757	-2.547	-1.054
14.679	0.978	0.558	4.268	-1.785	2.179	-0.848	18.827	8.272	0.723	-0.233	0.403
10.442	1.283	0.895	4.620	0.500	15.341	-1.706	9.703	7.821	4.363	-0.631	-0.875
2.957	3.174	0.349	4.135	0.428	12.232	-1.476	1.020	0.592	3.904	0.377	-0.531
9.209	1.579	0.873	3.999	-0.295	1.314	0.465	10.586	0.172	2.161	-0.487	-1.140
3.175	8.476	4.704	0.920	-0.172	19.328	-1.723	13.727	8.237	1.171	1.722	-0.273
6.297	4.252	2.730	2.846	-1.184	15.222	0.631	9.337	3.203	4.415	-0.111	-0.684
11.241	9.291	0.285	1.399	0.088	1.048	-1.327	6.601	0.983	1.284	2.030	0.206
17.068	9.950	4.809	4.078	0.665	17.075	-0.253	15.062	5.714	9.385	-0.324	-0.182
18.142	2.472	0.221	4.647	-1.101	2.981	-0.175	7.090	7.033	1.451	0.910	-0.769
8.066	8.047	4.856	4.127	0.780	17.658	1.059	4.529	9.998	5.791	-0.362	1.673
9.347	0.629	2.369	1.671	-1.423	17.626	-0.156	15.693	4.759	8.307	0.420	0.326
14.617	4.222	3.669	3.409	0.438	0.971	0.965	16.367	2.612	9.893	0.366	-0.357
11.762	6.431	2.125	2.625	-0.122	15.517	-0.617	7.991	8.461	5.738	-1.082	2.044
12.550	6.419	1.012	1.136	-0.082	18.827	0.683	16.237	8.184	0.304	-1.612	0.622
1.451	7.003	3.775	1.126	-1.744	3.196	-1.400	12.791	6.650	2.222	0.460	1.162
10.839	9.211	0.133	2.379	-0.651	1.828	-0.082	19.478	2.679	1.243	-1.600	-0.750
7.528	7.384	0.535	1.052	0.365	2.975	0.412	10.797	1.632	0.178	0.511	-0.244
9.876	8.402	0.015	3.393	0.355	9.995	0.848	15.361	2.585	0.231	0.499	-0.451
17.979	4.194	3.124	3.331	0.054	0.526	-0.869	16.651	2.831	3.842	-0.188	-0.124
8.807	7.255	4.652	1.968	0.356	13.352	0.486	6.823	1.971	4.792	0.451	-2.542
0.303	5.628	0.067	1.486	-2.439	6.082	-1.049	10.888	4.872	2.464	0.973	-0.114
0.977	1.512	1.892	3.962	1.721	18.848	0.855	5.543	4.110	7.278	-1.269	0.830
18.402	4.443	2.842	3.096	-0.316	10.565	0.134	9.182	8.795	3.569	0.420	0.589
7.032	4.653	0.549	0.695	0.456	6.424	-1.252	4.381	6.698	6.100	1.304	-1.313
12.486	2.956	3.219	4.809	2.544	3.443	0.688	16.072	1.374	3.419	0.296	-1.066
6.416	6.125	0.696	4.290	0.510	11.478	-1.160	1.210	6.854	4.902	0.231	-0.677
18.952	2.527	2.909	0.837	-0.167	3.787	-0.158	13.205	3.296	2.921	-0.093	0.195
6.436	0.701	2.191	4.762	0.665	13.038	1.362	5.357	1.180	8.916	1.212	-1.430
0.001	5.572	1.009	2.099	-0.582	10.353	-0.954	2.720	0.588	1.852	-0.166	-1.055
7.509	9.941	1.445	1.479	1.458	18.804	0.013	17.570	4.281	6.132	-0.951	1.411
4.055	4.878	1.745	2.324	-1.171	3.440	-0.429	10.103	0.399	7.978	0.596	0.893
15.602	6.219	2.852	2.783	0.320	9.476	1.679	6.476	2.733	2.026	0.442	-1.476
17.159	9.528	2.442	2.504	0.629	11.394	0.117	16.157	9.745	9.423	0.940	0.627
5.751	1.886	0.610	0.083	-0.716	13.459	1.099	11.212	9.386	0.409	0.003	-2.344
9.648	2.804	1.493	4.050	0.185	5.041	-0.626	0.036	7.434	3.046	0.262	1.289
2.637	3.313	4.913	3.104	-0.607	19.830	-0.248	18.690	0.041	9.331	0.449	1.398
15.485	0.452	3.851	3.795	-0.123	17.791	0.689	0.051	8.777	4.292	-0.943	0.067
14.673	3.206	4.628	4.674	0.242	10.687	1.150	19.690	3.529	4.697	-2.276	-0.691
3.306	2.033	3.854	1.707	0.390	16.480	0.303	11.786	5.249	2.035	-2.033	0.977
8.722	0.172	0.377	1.327	-0.525	0.274	1.072	3.374	1.040	1.438	0.212	-3.292
4.109	6.027	3.071	0.484	-0.075	5.478	-0.991	13.765	7.991	1.591	0.317	0.887
17.827	9.655	3.803	3.733	1.799	8.049	0.558	8.076	9.218	3.890	-1.770	0.105
18.489	4.985	2.537	3.420	-0.646	17.369	-0.981	12.822	1.415	9.775	-1.362	-1.796
12.913	6.461	0.329	3.491	0.915	19.977	-1.982	11.666	1.555	2.880	0.413	-0.596
1.410	8.011	2.730	1.196	1.510	12.069	0.505	19.569	0.612	9.565	1.449	-0.565
1.208	5.128	2.532	4.973	0.098	10.726	1.117	8.905	4.523	9.384	-0.334	2.628
1.467	4.674	1.698	0.161	1.620	17.433	0.084	3.552	8.587	7.834	0.109	0.335
15.883	4.723	4.862	2.409	-0.297	2.592	0.498	18.196	9.513	9.212	-0.637	-1.127
17.576	6.374	2.076	3.363	-2.205	18.995	0.860	3.669	0.444	3.104	-0.963	1.801
6.221	3.159	1.729	4.871	-0.015	15.463	-0.979	12.176	2.402	7.900	0.462	0.079
9.618	7.394	2.249	2.869	0.140	13.010	0.561	2.121	7.480	4.391	-0.008	-0.736
11.410	2.415	4.465	3.910	-0.558	0.780	1.579	0.105	8.599	0.971	0.337	0.467
0.174	0.657	1.242	3.750	1.278	13.445	-0.070	16.264	4.075	2.640	-0.893	-0.234
17.658	4.012	1.093	0.706	1.591	9.185	-1.212	11.645	8.278	9.342	-1.358	0.696
17.634	6.632	2.619	0.278	0.254	18.676	-1.080	15.808	2.545	0.265	0.929	-0.006
12.361	8.727	2.761	1.402	-0.665	5.765	-0.115	12.977	0.580	2.557	0.997	-0.216
7.774	7.037	3.646	0.668	0.256	19.751	-0.955	12.940	9.416	2.087	-0.784	1.096
10.263	9.496	2.967	0.444	-0.702	9.413	0.212	5.623	6.595	6.974	-0.223	0.969
19.151	7.410	3.411	2.208	2.280	8.232	-1.631	14.363	3.928	3.352	-0.678	0.190
18.603	2.034	3.234	1.640	-0.122	16.712	-0.574	19.246	8.506	5.862	1.114	-0.842
14.235	4.868	3.514	3.613	-0.926	19.805	0.890	0.199	0.078	0.226	-0.851	-0.021
8.207	4.474	2.666	4.633	-0.828	10.574	0.107	17.704	8.300	1.542	0.419	1.734
3.807	8.258	1.299	3.457	-0.482	6.900	-0.042	12.244	2.734	1.627	-0.224	0.103
13.743	8.907	1.058	4.518	-1.645	1.235	0.125	18.801	0.891	0.355	-0.795	-1.669
0.130	4.617	2.985	0.268	-0.757	18.592	1.402	6.773	4.293	5.327	-1.060	-0.942
8.692	0.781	4.387	0.045	1.945	14.224	-0.420	13.295	9.228	5.104	-0.078	-2.046
6.750	8.404	1.338	0.294	0.486	13.126	-0.570	5.436	9.530	3.699	-0.046	-1.332
13.545	4.368	0.039	4.987	0.671	17.728	-0.137	17.563	7.105	9.375	-0.185	-0.629
12.646	4.355	1.442	1.837	0.367	14.424	-0.488	0.860	0.774	6.209	-0.181	-0.699
8.641	5.895	4.138	2.713	0.106	14.382	-0.124	10.826	9.894	7.513	0.998	0.535
16.386	3.523	3.469	3.301	1.071	9.480	1.333	2.806	8.921	0.226	2.886	-1.026
16.535	0.488	3.825	3.368	0.061	7.382	0.377	15.668	8.127	5.427	0.087	-0.344
6.795	2.306	1.127	0.832	1.633	3.075	-1.284	14.588	6.612	2.777	-1.123	-0.608
0.432	2.109	3.985	4.846	-1.069	4.436	0.150	11.263	5.213	5.742	1.977	0.398
3.336	4.645	4.708	4.625	0.118	13.982	-0.334	15.067	7.023	7.114	-0.144	-0.634
19.160	2.904	0.969	1.745	0.122	3.894	-0.839	15.632	4.920	2.428	-1.574	-1.140
7.763	8.737	0.121	1.057	1.998	15.411	-0.619	13.682	3.690	2.914	-0.425	-0.082
10.825	1.756	2.747	4.344	0.142	5.338	-0.899	0.667	4.984	6.431	-1.276	0.378
0.696	7.863	2.880	0.455	0.693	14.901	0.670	4.466	2.528	6.703	-0.649	1.100
13.321	0.857	0.886	4.467	0.307	7.119	1.135	8.449	2.075	8.691	1.005	-0.236
15.190	6.919	0.584	4.954	0.330	0.537	1.208	17.604	2.981	3.423	0.743	0.951
17.689	8.148	1.209	3.644	-0.417	15.598	0.147	13.647	6.175	7.764	0.193	0.350
12.279	9.677	2.240	2.703	0.722	0.703	1.924	8.879	5.198	9.205	-0.865	-0.039
6.675	2.353	2.943	1.273	2.305	7.952	0.766	11.538	0.056	9.405	0.983	1.537
0.708	8.686	0.472	2.213	-0.302	8.902	0.394	17.639	5.597	8.692	-0.091	-0.319
0.258	0.272	3.852	3.793	0.338	18.223	-1.194	12.191	3.413	7.940	-0.060	-1.302
7.219	5.237	2.415	1.728	-2.136	16.897	0.624	10.494	2.282	0.277	1.111	-0.963
4.804	4.330	0.835	3.406	-0.083	15.080	0.140	15.668	9.276	6.022	-0.559	-0.012
8.746	0.280	2.489	3.189	0.316	0.241	-0.740	3.129	4.651	7.760	1.760	1.121
9.037	3.829	2.080	1.956	-0.798	1.202	1.008	11.954	5.705	9.132	0.720	0.111
16.142	2.232	4.229	1.371	-1.721	14.038	-2.104	5.155	7.896	6.397	0.732	-0.437
18.548	9.742	3.574	1.578	-0.344	16.984	1.278	10.375	2.380	4.743	0.646	-1.075
5.745	6.772	2.929	1.443	0.454	6.540	1.333	3.191	7.083	8.253	-0.636	-1.582
11.575	0.549	1.523	0.214	0.791	11.384	-0.737	18.935	6.432	4.144	-0.422	1.346
3.093	4.320	1.624	3.233	-1.355	14.844	1.029	15.404	1.728	3.013	-0.488	0.263
18.600	4.076	1.810	1.933	-0.670	8.614	-0.001	10.364	9.082	3.415	-0.635	0.338
6.919	1.451	2.867	3.530	0.795	10.200	-1.008	17.553	0.233	7.400	-1.493	-0.804
4.525	2.618	0.331	2.231	1.258	14.927	-0.245	15.151	3.234	5.765	0.758	-1.095
11.987	3.454	0.903	1.253	0.837	14.134	0.772	15.032	8.062	3.742	-0.172	-0.489
9.932	0.111	3.117	0.015	-0.604	2.655	-2.164	18.777	1.023	5.235	-1.489	-0.778
9.132	8.474	2.065	1.205	1.658	8.321	-1.288	6.995	3.259	7.230	0.551	-0.926
13.627	5.444	3.962	3.182	-0.190	13.905	-0.678	13.048	7.163	0.278	-1.292	-2.840
1.898	8.699	1.278	4.966	-0.287	7.531	-0.119	6.321	8.209	0.138	0.374	0.224
12.804	1.854	1.962	4.767	-1.049	4.994	-0.897	19.840	7.930	7.230	1.102	-1.183
10.138	0.563	3.457	2.186	-0.217	13.927	0.130	0.556	7.209	9.180	0.238	0.041
10.464	0.055	4.485	4.442	-1.208	19.268	-0.193	3.310	2.097	8.636	0.732	0.546
18.314	5.066	3.989	4.524	-0.771	8.137	0.023	4.051	7.173	6.068	1.461	0.517
3.124	4.384	2.843	4.896	0.945	13.507	-1.126	3.743	0.900	0.410	-0.489	0.286
0.180	5.362	2.255	4.146	-1.099	17.824	-0.496	9.066	3.894	3.350	0.857	-1.048
0.499	6.438	3.200	0.604	0.741	17.597	-0.602	11.695	7.395	5.724	0.222	-1.725
16.004	0.438	1.132	3.872	1.588	1.018	-0.468	6.462	3.398	6.004	0.111	0.831
7.689	6.646	0.307	2.033	-1.382	1.633	0.289	1.039	1.431	1.703	0.288	-0.976
11.508	3.752	1.497	3.892	-0.180	6.726	0.535	2.293	0.044	7.705	0.048	0.464
19.655	4.794	2.065	2.599	0.585	9.721	0.016	10.275	8.084	8.652	1.646	-0.808
18.260	6.704	1.221	0.359	0.618	18.476	-1.506	0.074	2.211	6.161	-0.425	1.455
14.078	1.943	0.697	0.981	0.068	0.275	0.673	1.988	7.459	3.223	-0.818	-0.917
16.327	9.234	2.806	2.160	-0.315	5.913	-2.293	8.490	8.796	1.174	-0.098	0.219
5.526	1.601	3.471	0.692	-0.656	10.541	0.081	17.344	5.730	3.220	-0.010	-0.596
2.700	6.732	3.457	3.567	1.585	14.745	1.271	7.101	3.927	5.584	0.851	-0.041
6.035	8.312	1.107	4.316	1.331	5.277	-0.727	0.426	1.571	7.642	0.663	1.504
13.808	1.659	2.267	4.781	0.972	11.635	-0.460	9.735	1.347	1.019	-0.367	-0.145
3.352	6.113	2.076	0.719	0.454	3.001	0.957	1.251	5.781	5.342	1.555	0.208
3.748	1.255	0.353	3.563	1.495	12.155	-0.470	16.724	5.468	4.243	-0.872	-0.832
13.948	4.786	0.099	4.621	0.319	2.074	-0.795	1.627	8.449	4.446	0.157	0.407
11.737	3.191	1.492	2.717	0.429	15.497	0.447	19.151	8.254	0.457	0.980	1.404
5.709	6.197	0.926	0.302	0.287	8.587	-1.999	16.175	1.481	8.806	0.640	1.187
8.513	2.683	4.181	4.987	-0.814	17.605	-0.123	11.828	4.866	5.095	-0.980	-0.425
16.779	0.793	4.038	0.865	0.335	2.139	-0.836	12.854	4.665	5.757	-0.717	-0.117
16.940	9.138	1.838	0.556	0.672	14.709	0.439	3.450	2.731	8.249	0.391	0.192
15.880	0.795	1.901	2.461	-0.368	9.643	-0.032	2.801	5.475	1.093	0.038	1.106
5.725	1.578	2.665	1.452	1.591	13.861	-1.114	3.300	1.670	0.256	-1.773	-0.660
4.061	7.538	0.287	3.131	0.111	18.710	-0.829	13.623	2.601	5.334	0.172	-0.773
0.431	7.622	0.416	3.084	-0.334	14.813	0.674	18.547	9.772	4.935	-1.277	-1.963
2.277	1.864	4.589	1.802	1.146	18.063	-2.328	7.166	8.860	9.325	0.292	-1.054
1.135	0.378	2.587	0.561	0.502	18.361	-0.042	10.289	3.348	5.595	0.424	-0.720
14.342	4.155	1.835	0.448	-0.004	11.421	1.608	13.769	8.393	6.535	0.757	-1.090
12.917	7.372	4.391	2.079	-0.961	13.195	0.142	2.253	1.118	9.799	1.464	0.627
10.933	6.514	0.290	1.347	0.259	0.410	0.706	7.375	1.063	6.242	0.146	1.097
12.033	5.224	0.951	3.567	-0.214	12.274	-0.709	19.093	7.873	4.599	-0.623	1.907
2.338	2.055	0.181	1.573	-0.446	1.633	1.065	16.647	2.969	7.664	-0.184	-0.451
8.109	3.217	1.628	4.748	-1.857	12.925	-0.444	8.358	1.831	9.964	0.515	0.254
0.563	9.897	2.157	3.202	0.179	14.398	-0.913	10.320	7.780	9.585	-1.609	-0.258
1.256	0.217	2.108	4.080	0.117	17.143	1.031	19.297	7.003	1.050	-1.142	-1.299
10.010	6.039	0.055	0.751	-1.533	17.103	0.328	8.222	7.590	9.994	1.461	-0.395
9.912	8.264	3.182	0.561	0.525	2.148	0.381	16.738	0.566	3.897	1.308	0.314
9.537	1.448	2.695	0.852	0.208	2.508	0.214	12.178	9.724	3.428	-0.135	0.069
10.553	6.706	1.842	2.975	1.332	7.261	0.104	11.174	7.043	6.352	-0.698	1.335
2.673	4.090	4.816	4.123	-1.170	18.840	-2.151	12.397	6.215	8.948	0.333	0.866
12.307	7.723	2.077	0.276	0.795	7.676	0.677	2.557	6.096	8.636	-0.826	0.536
0.021	6.038	3.141	4.224	1.692	1.436	-0.867	18.450	5.532	4.116	-0.257	0.383
6.282	0.738	0.875	1.470	0.397	18.881	0.576	19.197	6.887	5.009	0.086	-1.015
19.022	2.251	1.191	4.976	-0.484	9.825	-1.821	7.639	8.143	4.193	0.958	1.492
15.611	1.142	0.376	1.934	-1.146	3.125	0.531	1.591	0.573	1.127	-1.305	0.904
11.510	6.846	0.351	3.251	-0.107	18.787	0.982	11.607	4.102	5.089	2.444	-0.510
2.111	1.428	1.119	0.815	0.036	5.884	-0.218	10.868	5.888	0.046	2.381	1.137
11.038	9.252	2.565	1.487	-0.374	1.440	-0.392	15.575	3.909	1.408	1.209	-0.879
12.436	9.307	4.330	4.648	1.524	5.027	-0.101	16.376	0.331	2.457	0.425	-1.117
11.605	9.671	2.209	4.347	0.727	13.512	-2.277	18.633	6.545	3.277	-0.003	-0.836
3.785	2.475	2.227	1.571	-1.898	4.678	-0.264	5.394	1.272	5.758	0.437	1.203
17.193	5.995	0.747	2.787	-0.967	8.944	-1.914	18.918	2.906	5.250	1.586	0.575
19.838	6.577	4.575	1.953	-2.017	9.809	0.346	4.804	8.622	1.301	1.631	1.925
8.499	0.854	1.659	4.931	-1.213	6.693	-0.135	19.134	6.866	4.843	-0.758	-1.434
10.961	0.890	0.290	0.740	-0.649	2.871	0.648	5.027	1.053	5.092	-0.197	-0.894
14.338	1.981	4.433	2.450	-1.414	15.257	-0.894	19.127	9.072	3.190	-0.227	0.540
2.462	3.823	3.227	2.039	0.259	0.346	-0.783	6.518	4.488	8.401	-0.115	1.213
18.352	0.825	2.311	1.918	0.784	3.907	0.099	19.735	0.459	9.638	-0.221	0.272
1.598	4.865	4.910	2.640	0.354	10.805	0.026	19.742	1.303	7.805	0.661	1.037
12.261	1.396	4.034	4.637	-1.196	10.000	0.360	7.189	1.526	2.971	-1.516	-1.212
19.830	2.287	0.363	4.268	0.687	0.620	1.075	6.153	9.355	8.256	-0.865	-0.042
12.957	1.172	1.268	3.194	-0.245	6.834	0.772	1.898	1.690	7.227	1.494	-0.391
19.710	4.229	2.298	1.552	-1.227	9.384	-0.048	15.833	0.968	6.842	0.048	-0.260
0.508	0.765	2.562	3.185	-0.226	6.906	1.005	5.740	8.824	1.390	1.788	-0.094
7.816	3.155	1.955	0.345	0.320	4.444	1.644	12.655	1.398	0.993	1.336	-0.496
3.748	9.431	2.628	2.352	-1.840	6.947	0.436	6.634	8.997	7.270	0.997	0.415
1.497	5.532	4.251	1.574	1.293	10.294	-0.175	1.858	0.113	4.100	-2.142	-0.973
3.780	2.907	4.263	3.165	0.466	15.366	1.655	8.802	2.953	7.129	0.437	1.952
12.172	0.227	2.364	4.375	-0.273	10.410	0.049	5.996	0.747	3.839	-0.388	-0.788
18.079	9.204	1.286	1.409	-0.246	11.658	-0.790	17.957	6.074	2.662	-1.849	0.742
14.519	4.734	1.125	3.564	-1.815	19.005	-0.280	17.121	1.632	1.891	0.686	1.973
14.869	1.811	1.903	3.096	0.470	7.339	0.979	14.769	4.880	8.841	-0.063	-0.539
3.560	7.954	4.014	4.297	1.247	7.530	0.168	5.864	6.237	5.740	0.590	0.961
5.814	3.777	4.711	4.767	0.607	13.942	-0.856	7.453	3.877	4.199	-0.329	-0.793
18.575	2.903	1.309	4.980	0.518	0.651	0.473	10.464	4.818	6.364	-1.340	-0.384
14.221	5.133	0.013	4.161	-0.455	18.532	-1.050	17.827	7.585	3.106	1.113	-0.370
16.927	7.620	2.499	4.997	-1.112	16.027	0.083	19.104	9.037	9.550	1.042	-0.112
12.258	5.711	2.589	4.527	0.109	1.870	0.418	3.791	3.782	1.338	0.369	1.430
6.463	3.703	4.503	0.492	0.416	15.287	0.028	15.903	6.334	7.707	-0.669	-0.531
15.859	0.671	1.271	2.944	-0.161	5.794	0.116	14.015	0.706	7.794	0.635	-1.048
17.570	7.025	2.955	4.282	1.062	16.400	0.293	8.819	6.071	8.936	-1.284	-0.195
6.572	7.415	0.937	0.303	0.760	7.769	0.858	9.924	9.362	7.639	1.031	0.048
1.503	0.104	0.001	2.877	-1.422	17.113	-0.599	1.959	4.172	9.741	-0.583	0.792
16.536	1.288	2.089	2.122	1.362	15.601	-1.684	4.909	7.583	7.068	0.745	0.521
0.627	0.844	1.895	3.500	-0.950	9.871	-2.445	13.079	3.858	4.830	-0.970	-0.366
9.760	1.580	3.635	2.172	0.774	11.940	1.016	8.270	3.881	6.746	-2.429	-0.132
4.526	1.880	3.227	2.609	-0.674	0.186	0.418	13.915	7.498	2.118	1.259	0.712
15.646	2.531	1.205	3.025	-0.094	16.402	-0.702	2.180	6.198	6.844	-1.148	-1.243
9.217	0.055	1.628	1.381	-0.681	8.943	0.865	12.246	8.039	0.377	-0.998	0.219
9.168	1.356	2.169	0.709	1.298	14.489	-0.895	7.905	2.722	2.810	-0.452	0.287
6.983	3.953	4.234	2.621	0.513	6.407	0.084	5.126	4.241	3.134	0.889	-1.070
18.393	9.911	2.059	3.635	0.736	9.898	-1.107	5.373	6.954	1.942	0.145	-0.311
8.281	3.457	1.975	3.508	0.133	11.334	-0.346	8.162	3.264	3.907	-0.725	0.609
9.959	0.253	1.079	2.868	0.317	11.660	-1.664	1.218	6.120	6.334	-0.003	-0.475
5.999	3.109	2.358	0.276	-0.822	6.834	-0.141	6.290	4.473	6.530	1.267	-1.385
7.950	1.512	3.743	2.523	-0.193	14.823	-1.189	3.772	6.183	5.821	-0.905	1.098
15.127	0.867	4.023	3.754	0.254	6.814	1.756	4.048	7.808	5.950	-1.483	-1.282
10.724	8.026	0.956	4.398	-0.481	18.438	-0.370	2.850	2.144	7.547	0.240	0.692
5.436	7.339	4.391	0.970	-1.287	5.090	-0.292	18.252	6.154	3.868	-0.821	1.159
6.663	0.349	2.356	2.980	-1.031	6.033	0.379	2.079	9.797	7.693	0.125	-0.773
19.331	8.197	4.831	3.631	1.635	4.333	1.313	4.479	8.858	9.319	-0.771	0.121
0.356	0.368	2.321	1.323	0.884	9.058	1.844	11.288	1.060	2.421	-0.222	-0.202
9.430	1.200	1.741	0.027	1.908	5.915	-0.843	5.366	9.953	1.165	-0.479	0.030
16.143	3.089	1.253	1.281	-0.193	4.914	-0.232	6.086	3.345	6.299	0.714	-0.161
11.098	9.390	0.189	4.608	-0.596	5.971	2.121	17.441	0.658	8.052	-0.155	-0.915
6.143	1.186	1.316	2.890	-0.736	17.531	1.487	2.650	4.774	4.781	-2.318	-0.376
17.503	1.470	4.575	1.722	-0.840	2.720	-1.270	15.927	5.252	4.480	-0.528	1.487
18.187	5.919	4.110	0.470	-1.621	9.945	0.353	5.399	2.254	2.924	0.436	0.094
12.609	2.238	3.505	0.845	0.406	6.563	0.787	13.336	8.358	7.576	0.902	-0.691
6.694	7.785	3.085	0.891	-1.580	6.519	1.330	14.166	3.458	1.351	-0.786	-0.555
7.257	7.813	4.930	2.616	-1.756	8.600	-1.232	0.250	6.820	4.188	-0.127	-0.647
14.594	3.271	0.077	1.733	0.849	2.355	0.505	15.462	3.058	1.295	-1.813	-2.370
0.387	3.368	6.284	4.487	3.908	8.751	6.342	5.680	6.394	5.793	15.266	4.977
4.535	8.677	6.063	0.748	1.241	14.788	5.045	3.118	8.182	5.009	4.734	3.620
5.142	5.248	3.460	4.598	1.998	0.976	4.330	3.455	6.409	7.380	16.986	8.871
7.143	4.837	5.886	4.538	2.485	16.427	5.261	6.038	6.714	4.328	16.852	2.154
19.525	9.685	3.942	1.945	1.655	7.030	5.261	6.451	6.061	4.698	18.166	0.089
15.864	6.119	4.083	2.250	3.803	9.205	4.755	4.592	1.786	4.341	8.915	9.547
13.806	0.980	4.615	2.322	2.951	0.948	5.891	6.445	2.510	4.429	9.828	1.503
19.122	1.967	4.496	2.969	2.112	8.662	5.635	3.269	5.551	4.457	2.173	5.725
14.195	1.722	3.176	3.477	2.286	11.711	4.737	3.829	6.795	3.550	11.697	4.144
0.402	4.124	5.251	1.375	4.444	18.533	5.333	3.472	3.818	5.000	19.119	5.118
14.633	7.469	5.455	3.974	1.564	3.194	6.717	5.842	6.531	5.087	15.762	3.401
16.992	1.897	4.779	0.266	3.606	2.890	5.403	4.217	6.483	4.360	13.162	2.069
12.387	7.546	4.027	0.929	2.342	6.690	3.794	5.369	1.898	5.696	8.362	8.614
13.334	5.250	3.931	0.643	3.256	13.520	3.276	5.425	0.484	3.725	10.580	7.336
4.123	4.642	4.864	4.008	1.449	9.661	5.867	3.844	7.479	4.004	4.083	2.432
8.301	0.525	6.126	0.663	0.708	15.875	4.924	3.748	8.614	4.708	11.190	1.690
9.283	2.962	4.733	3.429	2.653	2.707	5.657	4.827	0.533	4.415	7.215	1.839
4.148	9.949	4.852	1.247	2.377	0.742	3.989	4.197	9.473	3.065	15.731	8.645
10.051	1.021	4.904	3.175	2.047	5.899	2.158	5.066	5.602	6.712	19.742	4.775
2.325	2.621	5.347	1.836	3.569	7.063	5.632	3.880	1.319	3.947	7.548	7.900
6.831	0.417	5.203	4.694	4.338	0.751	4.713	5.680	7.641	6.050	6.238	6.277
0.179	6.576	4.237	0.757	3.691	18.866	5.911	3.992	3.468	3.507	10.396	6.861
11.167	5.867	3.941	0.099	1.839	6.318	4.346	6.226	3.298	5.308	17.366	9.845
10.806	3.826	5.700	2.836	3.428	17.423	4.284	4.760	5.412	5.461	11.394	7.855
19.556	8.161	4.951	2.969	4.559	6.134	5.137	3.909	3.063	2.952	6.760	2.111
0.217	9.915	3.528	3.115	4.288	6.921	5.488	5.859	8.813	3.932	13.882	7.825
1.727	9.402	5.650	2.698	0.859	6.846	4.882	4.699	1.923	2.856	5.246	2.930
4.142	3.801	5.804	1.356	2.796	1.248	3.991	4.738	5.619	5.470	8.790	6.417
11.620	7.063	3.846	2.360	0.516	17.034	3.595	4.596	0.197	3.948	15.248	1.402
15.841	9.102	4.175	2.582	4.189	6.531	5.893	4.445	3.398	5.141	3.362	6.218
15.293	5.797	5.227	3.718	2.794	8.046	4.973	5.763	3.835	5.258	12.674	6.980
0.570	4.774	4.547	0.364	0.701	7.335	5.912	4.433	6.075	6.494	10.715	9.116
15.009	5.933	6.140	3.015	1.238	12.984	3.524	3.297	5.494	4.834	18.534	6.969
15.449	9.970	2.842	0.744	2.645	8.302	5.640	7.173	4.540	6.455	10.753	8.613
4.759	0.465	4.820	1.118	1.728	4.277	6.241	6.236	5.162	4.043	1.481	6.988
14.353	6.046	5.900	4.191	3.417	4.070	5.757	5.553	1.549	4.258	0.351	1.892
8.942	4.811	5.240	1.498	4.157	8.242	5.032	4.869	0.626	6.333	14.773	9.209
9.771	9.381	3.678	2.357	1.568	12.952	4.766	4.798	2.709	4.873	6.978	1.418
14.430	2.617	5.956	3.049	3.177	2.249	3.803	6.494	6.483	4.959	4.278	1.744
17.056	7.275	5.857	3.315	3.417	18.565	6.260	5.619	5.598	5.474	3.183	9.674
13.749	4.928	5.709	4.276	2.043	0.531	5.498	5.031	9.576	4.413	13.899	5.608
17.346	6.321	4.400	0.139	1.389	5.972	6.010	5.279	0.870	6.861	2.800	7.963
5.891	6.526	3.115	2.891	1.189	12.434	5.350	4.712	4.993	3.576	17.290	5.780
0.494	6.117	2.695	4.843	4.191	3.131	1.286	2.853	3.123	4.316	19.674	2.893
12.110	1.882	4.576	0.437	4.273	5.615	3.381	4.821	3.037	5.564	8.691	3.453
5.041	2.309	4.498	1.495	1.802	13.854	4.407	4.677	9.073	3.556	6.234	5.468
19.868	0.610	3.917	0.757	2.328	14.199	3.676	5.868	0.687	5.279	15.573	5.775
8.527	2.644	5.373	3.954	3.501	0.583	4.218	5.611	3.466	4.021	6.344	4.013
2.875	8.548	5.887	2.729	2.035	19.095	4.472	6.119	3.866	5.459	14.698	4.201
2.404	1.097	6.155	4.208	0.474	13.724	6.488	5.020	6.392	4.739	5.514	1.423
1.684	1.025	3.452	2.129	4.991	0.032	5.261	5.700	3.939	5.854	1.792	0.553
2.804	7.219	3.933	0.678	0.468	8.013	5.668	4.880	8.425	6.127	5.280	4.787
6.225	5.864	3.639	4.316	4.578	8.139	4.152	5.069	7.320	4.736	2.577	6.158
10.792	7.970	4.341	0.503	0.658	10.832	4.523	4.923	8.342	4.928	11.867	1.503
9.021	2.906	5.024	1.673	4.156	5.250	5.204	4.070	9.508	6.074	9.291	7.820
4.089	6.673	5.116	2.337	3.067	1.433	2.595	3.313	9.477	3.417	12.675	1.163
11.830	6.996	6.525	0.320	4.931	0.904	5.267	6.727	4.891	4.999	16.792	4.340
19.313	1.281	5.054	2.055	1.535	1.272	4.355	6.051	8.092	5.000	0.448	3.473
4.761	0.066	4.449	0.609	2.524	4.738	5.004	3.833	4.976	4.988	8.419	2.939
15.894	0.311	5.800	0.937	4.336	0.198	5.280	6.280	3.558	4.654	2.634	8.267
14.414	2.934	4.998	3.829	2.605	14.456	4.365	5.780	3.084	6.390	15.140	0.568
18.135	2.959	3.631	4.151	2.225	4.738	5.025	4.011	7.723	4.186	3.915	2.136
1.022	2.778	4.364	0.651	1.560	12.029	4.193	5.311	4.499	5.878	18.089	9.902
8.914	4.350	5.455	0.640	1.299	16.830	5.566	4.962	4.808	5.977	7.018	5.815
0.269	0.840	5.249	0.345	3.613	15.385	5.606	6.695	7.097	2.150	14.279	4.904
4.758	8.884	5.011	0.521	0.550	11.668	5.328	4.499	0.769	4.652	7.829	4.819
4.582	2.891	6.839	1.047	0.490	7.192	5.769	4.679	7.266	5.752	3.452	4.327
11.576	4.882	4.077	4.416	4.397	15.177	4.994	4.414	4.176	5.840	4.152	7.595
17.579	6.886	5.366	0.777	0.946	4.493	2.926	4.952	7.989	6.073	3.314	5.894
4.395	7.009	4.505	2.126	4.635	11.928	5.029	4.982	4.284	3.954	11.077	2.640
3.350	0.330	3.870	0.612	4.259	16.074	5.886	5.157	2.844	2.790	9.292	9.990
18.703	2.722	5.330	4.781	2.478	12.521	5.052	4.770	8.184	6.484	1.060	3.188
9.794	6.260	4.445	4.315	3.249	19.533	5.161	2.685	3.999	6.660	3.456	9.552
7.467	6.987	5.109	2.361	4.123	18.286	5.570	4.588	4.341	4.919	5.792	8.851
12.281	9.016	5.422	0.444	3.691	4.406	4.907	7.020	3.295	4.604	14.178	6.628
1.459	4.323	6.474	0.819	4.066	5.029	5.088	6.870	3.233	4.988	0.980	7.102
2.993	1.680	5.488	4.129	2.397	9.534	4.532	4.634	4.917	3.265	0.411	8.592
5.928	1.294	4.624	4.973	4.443	4.982	4.864	3.439	6.529	5.373	19.565	9.136
4.355	0.255	6.573	4.384	3.772	15.214	6.539	4.505	2.288	4.054	11.737	3.557
11.972	6.090	6.665	2.097	3.306	14.592	4.240	5.760	8.720	4.668	11.119	6.641
6.552	5.691	4.031	0.863	0.875	14.407	5.558	5.561	4.770	4.717	6.236	1.368
9.248	9.562	4.707	1.636	4.339	18.571	6.318	5.376	7.462	3.541	6.282	7.913
6.656	3.895	5.418	0.279	3.033	11.103	4.928	6.943	0.042	3.507	5.246	0.549
2.520	4.725	4.139	4.645	1.429	14.766	3.987	4.356	5.226	4.902	8.828	0.961
7.131	4.947	4.891	0.935	2.612	3.066	3.685	3.438	8.656	5.258	8.019	8.907
15.735	8.799	4.641	2.557	2.584	3.299	5.069	3.934	6.754	5.121	4.178	2.266
4.678	6.768	5.492	3.246	0.320	8.660	3.724	5.433	2.982	4.322	4.233	0.070
6.665	7.601	5.775	2.337	2.360	7.220	3.851	6.209	0.717	4.063	17.812	6.216
1.833	0.240	4.310	3.742	2.420	14.417	5.766	4.602	5.930	4.101	17.864	3.998
5.185	6.737	6.582	4.008	1.430	19.796	4.763	6.628	4.011	4.962	11.482	7.078
10.264	8.205	4.756	1.152	0.283	8.329	5.232	4.395	0.435	4.396	14.177	0.297
0.265	3.746	4.741	0.700	3.999	2.322	6.282	5.486	6.190	2.680	15.513	0.319
18.420	7.665	3.373	3.044	0.597	17.886	3.488	4.977	7.513	4.872	3.320	9.028
18.339	7.525	6.566	3.739	4.281	0.631	5.753	5.461	9.565	6.203	13.860	4.166
19.287	7.752	5.543	1.111	1.992	17.022	5.364	5.866	0.754	4.660	9.123	0.284
12.107	5.645	5.403	4.318	0.391	9.996	5.145	5.803	2.210	3.664	13.046	7.379
9.905	3.556	4.650	0.298	2.141	7.166	3.811	5.090	1.180	6.209	14.959	7.172
2.600	1.068	5.689	1.411	3.265	5.128	4.850	5.559	5.836	5.569	7.840	6.684
3.514	9.990	6.422	2.262	4.518	14.657	5.833	4.970	1.608	6.188	1.424	0.268
19.346	7.412	5.940	3.458	1.347	1.798	3.408	4.073	9.126	3.779	3.995	0.579
12.014	7.984	3.714	0.409	1.821	10.570	5.307	5.847	8.623	5.196	2.147	5.539
1.781	4.549	5.795	1.030	4.278	19.430	6.564	4.738	3.196	6.276	4.947	4.075
17.548	4.955	4.741	1.671	1.560	3.776	3.689	7.271	9.403	4.085	12.583	0.314
8.990	1.335	3.899	4.883	2.769	13.670	4.894	4.581	3.137	3.766	9.734	4.444
6.850	7.349	7.245	4.742	2.762	15.247	5.191	5.898	3.299	4.291	6.023	9.140
9.251	9.420	4.814	3.425	2.678	12.981	4.082	6.777	1.968	4.680	4.657	8.140
17.437	7.170	5.322	3.372	1.244	12.825	4.740	6.025	0.537	4.022	10.582	7.597
2.531	4.223	5.376	3.166	0.315	8.325	5.053	4.077	1.916	5.655	9.308	4.534
19.079	0.567	4.886	3.389	0.073	9.733	4.874	6.117	1.558	6.054	15.861	1.694
18.367	5.281	5.413	2.009	1.681	7.360	5.212	6.426	1.144	4.374	10.707	7.507
19.788	6.196	5.140	4.104	3.688	2.048	3.364	4.879	9.652	3.708	15.371	5.682
12.450	1.314	4.206	3.014	1.061	10.958	4.903	5.503	6.450	5.055	2.087	5.077
18.175	9.199	5.451	0.597	1.916	0.523	4.839	6.354	6.988	5.987	14.719	4.026
7.596	8.854	6.283	0.583	3.734	16.730	5.876	4.867	7.623	4.008	11.973	4.060
1.542	2.346	5.617	2.889	2.351	2.507	6.370	4.614	0.960	6.872	8.110	5.413
17.619	7.800	4.739	4.826	2.325	14.958	4.658	4.385	4.909	5.187	0.143	2.455
16.461	9.761	5.088	1.450	0.307	15.352	4.907	3.000	8.350	4.573	14.561	8.660
10.763	2.021	4.097	0.100	0.561	17.204	5.471	4.969	5.905	6.122	16.182	9.030
17.723	4.365	5.380	1.732	2.567	6.261	4.530	5.497	8.472	5.508	7.774	1.005
0.315	7.214	3.895	4.897	1.086	4.917	2.904	4.846	5.983	3.592	7.183	4.839
12.250	0.436	3.506	4.771	3.989	7.567	5.390	4.123	1.312	5.344	12.111	0.807
8.453	1.152	5.120	0.514	4.851	5.810	5.673	6.119	5.695	5.442	12.534	2.925
15.332	8.927	5.741	3.176	3.973	3.600	5.117	5.423	6.849	5.026	6.640	1.899
10.097	6.845	6.106	4.868	2.688	7.729	4.488	5.633	2.780	4.602	15.064	5.960
6.369	6.502	4.736	0.083	2.565	9.571	4.658	4.187	6.943	5.968	15.717	4.973
14.247	9.191	5.314	0.565	0.424	8.084	5.116	4.710	0.519	5.301	18.757	9.487
13.534	3.234	4.830	1.198	1.130	0.295	5.040	6.405	4.997	3.050	0.726	3.661
1.459	1.293	5.681	2.229	3.783	11.583	5.478	4.234	5.519	4.324	4.140	9.486
12.433	3.437	5.683	2.807	1.975	4.135	4.967	6.389	9.245	5.036	4.405	0.845
3.911	3.207	4.791	1.387	0.824	15.992	4.077	5.359	9.950	5.008	13.956	5.793
0.262	8.837	5.578	0.722	1.539	14.230	6.671	4.554	2.641	6.098	4.316	7.787
6.450	7.216	5.837	3.909	3.864	12.003	5.591	6.311	4.652	4.071	10.087	1.102
7.583	0.696	4.360	1.223	1.101	12.134	6.754	4.803	7.115	4.699	11.140	7.742
6.934	0.838	4.160	0.498	3.587	4.188	4.700	4.274	8.116	5.116	19.996	5.646
9.858	4.215	4.443	3.385	4.487	12.191	5.478	4.157	0.974	5.673	5.047	5.223
16.964	4.541	5.364	3.754	4.573	17.044	4.646	3.558	1.961	3.758	6.775	5.361
15.976	2.265	5.733	4.185	4.086	2.373	4.125	6.446	6.278	4.249	3.903	3.409
13.655	0.238	5.365	3.081	3.656	10.335	2.290	4.662	5.496	5.459	17.745	7.963
13.199	1.363	5.003	1.525	1.260	18.042	5.866	3.537	5.496	5.228	7.702	8.104
15.426	5.520	3.364	3.161	3.416	2.755	6.073	3.737	1.559	4.940	17.773	4.281
8.808	3.516	3.633	2.736	1.484	13.099	4.360	5.613	8.529	5.356	13.006	9.403
19.243	0.160	7.282	3.833	0.382	17.495	5.175	4.220	6.844	2.875	1.977	4.163
8.443	9.455	3.991	3.787	1.105	11.246	3.396	4.681	0.484	4.632	2.466	8.426
15.671	9.236	4.374	1.750	1.623	16.504	7.202	2.416	9.335	5.654	0.606	4.009
6.035	3.364	7.243	3.577	0.659	8.514	4.522	4.975	8.497	4.575	6.930	9.690
12.128	7.317	5.022	3.316	2.159	9.767	4.255	3.253	6.981	4.063	15.764	4.295
4.616	7.773	4.601	3.307	1.576	14.414	5.645	4.186	0.783	4.048	14.847	0.727
1.678	4.724	5.925	0.445	1.583	6.214	3.494	5.683	1.721	4.646	9.892	5.046
1.014	2.821	5.607	1.770	3.503	7.676	5.867	3.850	9.762	6.780	4.558	1.894
12.264	9.776	4.646	4.946	0.629	5.676	6.613	6.634	4.490	4.837	16.659	5.891
7.199	3.646	4.360	4.360	2.871	1.380	4.569	5.543	6.600	4.051	6.367	3.894
16.792	6.180	4.597	0.635	4.000	15.293	5.685	4.973	0.220	5.094	0.977	3.500
7.171	8.844	5.876	0.842	0.420	0.712	4.873	6.656	2.270	5.302	14.757	9.320
18.749	0.064	5.463	4.538	3.054	13.395	5.770	5.185	2.377	4.949	12.601	0.411
4.690	4.051	4.886	4.400	4.484	6.013	4.253	5.708	2.904	6.201	7.712	4.249
5.952	7.691	5.503	4.752	4.654	5.083	6.459	4.852	7.326	4.773	8.509	7.500
0.974	0.645	5.123	2.241	2.189	8.903	5.335	7.329	3.657	5.144	10.206	4.857
13.214	9.594	6.022	2.839	3.673	18.119	5.256	4.021	0.686	5.784	16.790	0.643
19.068	1.655	5.300	3.680	4.330	10.544	4.718	4.733	9.078	4.108	13.430	3.806
1.529	4.420	4.718	2.124	3.168	13.646	6.376	5.068	2.253	5.098	0.263	5.979
18.616	5.954	4.282	3.479	4.279	16.852	4.765	4.694	4.401	3.601	19.138	7.464
11.863	9.326	5.809	4.831	2.783	17.686	6.501	5.280	9.144	5.661	4.702	0.332
10.545	1.470	4.222	4.431	1.880	11.630	2.631	3.753	4.489	5.865	11.005	9.161
10.514	8.796	4.973	3.908	1.374	6.567	2.998	6.161	6.831	6.213	6.045	1.992
4.740	8.445	3.855	1.486	2.112	18.956	5.572	4.514	3.205	5.579	7.673	7.201
17.647	0.415	7.206	3.482	3.342	14.120	4.191	4.798	7.001	5.986	3.769	2.489
4.223	9.538	3.323	3.747	3.860	16.920	5.619	5.552	9.674	7.269	13.968	0.034
16.787	6.924	4.691	1.384	0.393	17.440	3.648	5.871	9.313	2.947	8.960	8.338
6.423	7.588	6.136	0.223	4.569	3.798	6.545	4.282	9.332	3.477	14.853	1.170
9.180	2.120	5.036	0.494	0.496	16.842	5.502	4.147	3.030	3.259	0.090	7.977
16.953	4.934	4.394	3.527	1.667	1.948	4.648	7.068	4.882	3.825	11.200	5.724
13.574	8.711	6.094	1.292	4.659	19.898	5.229	6.989	1.075	5.424	6.425	5.488
2.609	2.840	4.615	0.963	1.635	0.531	4.538	3.264	2.463	5.517	18.202	2.910
16.026	8.034	4.033	4.541	0.923	9.323	4.539	5.232	5.869	5.271	5.144	6.450
12.316	9.639	3.626	1.815	0.813	15.905	4.395	5.537	2.302	5.412	4.820	0.081
5.266	9.976	3.830	4.837	3.291	4.082	5.377	6.716	0.173	5.798	10.382	1.093
10.681	4.012	6.409	4.830	2.875	8.720	3.492	4.483	9.311	4.309	11.842	1.536
7.540	8.460	5.030	0.348	3.339	0.273	4.751	4.979	5.407	3.086	14.124	5.044
0.290	6.888	4.422	4.277	3.924	16.559	2.591	4.997	9.121	4.708	8.117	2.404
18.136	3.204	6.331	1.255	3.478	13.590	6.131	3.185	3.353	4.391	15.755	6.727
11.290	3.226	5.265	2.472	1.585	14.220	4.736	5.948	8.659	4.485	13.323	3.940
19.781	3.149	3.258	3.931	0.775	0.524	5.713	3.951	2.442	3.541	6.770	7.787
15.900	0.200	4.649	4.131	3.784	12.916	4.286	6.018	7.206	6.307	1.058	5.934
5.900	7.194	5.264	0.771	0.392	5.951	3.292	6.668	8.149	6.112	14.503	5.776
17.696	0.103	5.178	2.248	1.939	17.483	4.463	3.396	4.447	4.621	9.824	9.514
12.819	0.043	3.418	4.962	0.651	13.781	4.901	6.022	1.131	4.899	17.413	7.731
7.111	6.874	5.409	3.126	0.237	13.395	4.726	5.003	0.284	3.897	10.523	9.202
6.026	3.421	3.753	4.180	3.304	0.644	5.707	3.120	9.891	5.803	14.918	9.208
10.475	7.928	4.251	4.842	0.795	6.551	5.551	4.253	6.152	6.219	0.099	6.111
8.488	8.473	3.875	2.978	2.458	14.908	5.331	5.432	6.011	6.404	19.550	8.983
3.030	6.278	4.694	2.628	4.264	10.311	4.382	7.523	1.241	4.169	2.761	5.203
9.791	6.365	3.978	1.228	3.132	0.208	5.647	4.842	1.757	5.659	16.751	6.620
3.472	2.372	5.249	1.024	3.903	17.159	6.370	5.651	5.624	6.066	8.727	4.600
4.031	4.042	6.405	4.902	0.010	12.880	6.871	5.733	0.075	6.583	13.711	9.819
7.781	0.123	5.077	0.109	2.806	9.496	4.602	3.358	0.612	5.220	17.822	8.579
16.509	8.136	5.449	0.213	4.451	17.193	4.861	5.716	2.067	6.214	12.412	9.752
19.495	2.193	5.507	0.579	1.383	3.306	4.870	5.786	3.888	3.884	18.349	1.446
3.395	9.355	5.753	0.438	2.885	5.823	3.947	4.408	8.705	4.067	11.167	3.027
4.107	0.296	4.420	4.117	0.712	19.318	3.918	5.447	3.410	5.040	11.822	2.809
1.966	2.731	4.822	4.035	4.890	15.326	7.602	5.696	2.459	6.268	7.053	3.820
11.968	6.007	4.000	3.231	3.627	17.877	3.771	3.811	3.498	2.952	12.633	7.814
12.648	2.102	5.860	1.868	4.588	7.482	5.922	5.472	9.248	5.115	11.897	6.420
8.156	9.080	5.486	0.433	4.317	11.042	5.672	5.622	8.317	4.132	5.921	4.898
2.991	2.463	5.985	0.495	4.313	15.140	5.249	6.632	3.849	6.878	9.166	7.271
1.082	7.783	5.958	1.144	0.743	13.553	4.502	5.186	4.354	4.672	0.081	5.870
10.592	2.111	4.333	2.976	1.851	15.415	5.982	4.470	1.654	2.243	14.381	9.339
5.147	0.199	4.146	3.827	0.515	9.724	3.249	4.864	8.493	5.201	2.954	8.963
1.287	6.117	5.201	2.387	4.598	16.901	6.303	4.476	7.170	4.884	3.324	7.698
8.085	5.201	6.493	1.338	3.285	13.344	5.803	6.957	6.503	4.504	5.803	7.045
0.643	5.217	5.868	1.662	0.354	8.586	4.875	5.399	1.431	6.340	16.682	5.351
4.864	7.678	5.159	3.459	1.875	14.251	5.866	5.332	0.965	5.841	9.371	4.548
7.565	5.196	7.448	4.185	2.413	14.125	3.843	5.434	9.676	5.327	12.664	9.749
2.707	3.349	6.030	1.039	3.579	9.648	6.534	5.334	2.482	4.812	19.964	2.444
5.209	2.920	4.986	1.410	0.975	0.609	7.705	5.616	8.292	5.848	16.538	3.084
4.577	9.728	2.501	4.566	3.921	11.371	3.882	2.507	1.495	5.448	9.555	6.156
1.180	5.279	6.471	0.374	2.936	12.444	4.218	3.693	7.242	5.255	3.988	3.005
18.423	1.044	4.634	0.121	3.466	0.227	4.953	5.199	7.320	3.195	7.638	0.400
17.704	0.710	7.265	1.945	2.642	17.856	5.736	4.160	8.940	2.464	4.317	9.793
2.954	9.045	5.365	3.121	0.915	5.475	4.694	3.330	3.268	5.249	14.080	6.781
2.094	0.001	4.763	1.426	4.351	1.802	4.790	5.296	0.745	5.669	3.683	1.474
13.850	1.202	4.500	2.316	2.944	10.680	6.247	5.095	9.282	4.850	11.164	6.463
0.423	3.994	6.230	2.982	3.626	8.082	5.678	5.400	1.820	2.949	2.456	9.293
9.518	7.222	4.007	4.735	4.792	7.170	4.616	5.817	3.201	6.102	17.827	5.410
12.392	9.839	3.900	1.323	3.684	17.954	3.709	3.703	6.540	6.058	10.652	4.191
6.199	0.137	3.348	3.511	4.930	15.032	5.660	5.039	3.221	5.706	9.380	7.808
17.152	2.475	5.105	0.844	1.055	2.689	2.652	6.235	9.791	5.125	9.572	6.836
4.401	7.845	5.150	2.856	2.084	0.264	6.326	4.961	5.621	5.797	6.491	3.282
19.221	9.403	3.624	0.278	4.066	6.716	3.186	3.589	0.768	3.613	19.301	2.138
7.459	8.555	5.736	2.896	4.175	9.783	5.791	4.572	3.405	3.888	1.867	2.041
6.471	2.172	5.884	0.782	4.645	19.916	4.807	6.016	9.445	5.857	1.978	6.913
16.194	9.254	6.698	3.367	2.851	16.865	4.568	4.342	3.810	7.031	9.059	8.777
14.535	4.754	4.468	3.593	0.287	1.038	3.411	5.308	1.968	6.595	13.159	6.248
9.597	2.516	4.830	1.023	1.792	9.529	5.556	5.890	1.631	4.519	18.528	6.058
16.827	7.286	5.868	4.709	4.838	14.176	6.580	3.717	4.045	4.913	4.009	6.177
7.604	3.692	3.004	0.015	2.550	14.794	4.428	5.577	2.701	5.595	6.405	8.210
13.221	3.281	5.499	2.679	0.629	3.719	3.252	6.314	5.970	5.472	5.796	0.638
11.553	8.949	4.469	2.145	3.443	0.541	4.834	3.520	4.658	6.046	19.829	8.165
16.377	7.178	4.927	1.759	1.831	17.170	4.502	3.322	10.000	4.447	6.349	1.890
4.431	8.624	6.615	0.389	4.629	4.459	6.086	4.224	9.150	4.801	19.555	5.013
10.134	2.894	3.569	2.359	1.392	16.859	6.647	5.484	3.678	4.094	15.096	5.118
17.937	1.229	2.527	3.777	0.068	15.077	6.234	4.740	0.155	5.017	7.910	1.372
5.576	4.895	3.906	4.215	1.192	6.214	5.894	5.385	6.504	5.705	1.074	1.216
18.939	0.007	6.261	3.196	3.155	17.537	7.107	6.351	8.951	4.907	14.397	9.264
8.010	1.034	5.538	0.829	2.096	14.406	4.987	3.226	5.986	3.735	8.349	4.683
14.530	1.287	4.726	1.944	0.930	0.942	4.256	5.165	2.414	5.550	1.385	7.569
11.406	9.442	5.774	3.465	2.799	17.716	4.530	6.454	3.790	5.444	12.964	4.212
11.694	3.498	5.999	3.554	4.330	5.343	5.993	5.890	2.157	4.143	7.490	4.735
8.334	2.912	4.587	3.911	0.385	5.867	4.258	5.295	4.237	4.859	17.399	9.727
1.256	2.862	4.607	1.017	3.017	11.294	4.912	5.489	4.488	5.581	9.243	5.133
0.644	7.902	4.173	0.859	1.428	0.800	5.028	6.123	0.459	4.483	10.414	5.617
7.265	0.824	5.693	3.438	4.438	15.600	4.311	4.188	0.214	3.315	0.811	2.161
0.966	5.905	5.007	0.606	0.718	4.629	5.912	4.891	1.201	4.040	10.319	7.281
10.497	0.983	4.702	1.931	1.305	14.859	5.239	5.967	1.091	4.582	12.805	5.283
8.692	4.996	4.185	3.396	4.962	7.955	6.296	5.298	4.071	4.721	11.693	4.683
5.542	9.495	4.585	3.729	1.545	2.341	4.999	5.855	3.574	4.196	15.966	7.648
1.918	9.001	3.864	3.997	1.728	3.069	5.534	5.991	9.690	4.891	10.514	2.007
7.116	5.203	4.282	2.279	0.453	7.345	4.495	3.575	4.159	5.567	10.539	1.590
17.967	6.764	4.686	2.614	1.316	7.156	4.885	6.073	5.056	5.782	17.777	4.511
19.760	6.186	6.326	2.289	3.304	0.104	5.756	3.442	8.808	2.717	14.391	2.306
2.891	8.047	5.108	1.556	2.187	11.403	5.504	3.001	0.808	5.700	5.869	8.542
6.744	9.221	3.382	2.115	3.061	17.004	6.004	5.612	2.753	5.497	4.539	2.833
13.739	0.671	8.505	0.491	0.793	16.566	4.180	5.548	5.195	5.584	15.454	8.304
6.169	0.682	5.997	4.317	4.700	6.079	7.533	7.122	8.570	5.675	0.780	3.899
5.033	1.394	6.561	2.211	0.153	0.738	4.954	3.995	2.068	5.372	17.314	4.860
6.727	2.617	5.866	3.104	2.154	0.631	5.972	4.111	8.333	5.395	8.260	7.490
2.964	5.244	6.346	1.184	0.789	3.724	5.628	5.410	5.476	4.414	17.986	7.680
11.778	0.684	7.140	3.648	4.426	15.338	4.049	4.775	2.606	3.468	4.696	5.942
8.897	3.953	4.236	2.771	3.024	1.135	5.112	2.704	1.681	4.797	12.624	4.214
1.911	7.272	5.840	1.280	0.083	12.306	5.121	5.214	7.181	5.080	17.612	6.604
10.784	7.318	6.333	3.531	3.486	11.102	4.933	4.619	9.146	5.958	4.340	8.676
16.274	5.020	5.812	3.992	1.278	13.773	4.557	3.165	3.321	7.880	0.521	0.843
16.841	4.429	5.368	2.975	2.933	13.380	4.208	4.246	2.333	5.445	11.178	7.120
11.788	2.644	3.900	2.743	2.608	10.643	5.386	3.699	4.703	4.275	0.344	3.376
3.731	6.486	4.217	1.379	2.511	0.733	3.484	5.073	0.508	5.702	12.702	9.061
10.691	9.203	5.894	0.562	0.675	18.057	5.044	4.565	6.291	5.249	13.082	2.757
13.482	5.918	5.388	4.528	2.807	14.059	4.081	4.936	1.818	3.705	8.042	4.387
13.301	3.891	5.861	0.641	2.857	6.041	5.076	6.149	6.313	5.268	5.762	1.943
7.848	5.193	6.190	1.755	3.146	8.608	6.109	5.342	5.616	5.407	0.688	7.062
11.629	8.401	5.097	1.761	3.189	4.863	5.300	5.772	4.867	3.430	17.241	5.457
0.160	6.764	4.679	2.160	1.959	4.909	4.357	4.099	5.118	4.966	2.262	9.243
9.315	5.109	5.602	3.860	2.783	9.760	3.863	5.205	5.732	5.185	14.425	3.464
12.218	7.240	6.292	2.737	0.426	12.940	4.672	5.750	2.925	4.964	2.835	7.966
1.035	7.825	3.987	4.349	1.559	8.446	6.325	4.376	5.002	6.047	7.620	1.022
13.058	0.274	6.974	3.003	3.170	1.124	4.122	7.098	1.344	4.576	0.432	4.515
9.090	7.265	5.313	0.613	2.180	9.022	4.717	4.867	7.570	4.438	4.362	3.931
14.405	3.134	4.613	1.395	3.671	15.838	4.439	6.655	5.549	5.617	11.487	5.481
3.846	8.659	4.553	0.787	4.622	19.587	5.191	4.875	8.569	5.498	9.101	4.683
2.086	7.168	6.483	0.073	3.099	0.114	5.568	3.580	2.146	3.969	3.224	3.573
2.174	7.695	5.614	4.646	2.849	8.462	5.751	5.354	6.165	5.187	10.333	0.253
5.739	8.002	2.953	0.772	4.882	12.626	5.697	5.971	8.401	4.110	13.086	8.556
9.326	3.937	4.409	1.379	4.368	1.382	4.409	5.283	4.512	4.562	3.677	8.384
17.356	2.782	5.137	1.498	3.501	8.701	5.453	4.065	1.422	4.993	8.903	0.585
15.402	3.309	5.313	0.409	2.994	1.736	4.954	6.125	3.764	5.837	1.600	7.817
19.445	7.747	6.886	0.617	4.227	13.261	5.666	5.607	0.267	3.521	13.893	0.243
5.808	6.784	5.120	4.838	2.126	0.150	3.550	5.851	7.686	5.127	7.645	7.683
17.866	4.777	6.519	0.788	1.614	9.754	6.637	5.255	5.572	5.062	17.495	0.837
9.201	2.628	5.492	2.149	3.388	4.852	6.379	3.480	6.988	6.833	11.942	9.717
19.849	4.219	5.591	1.390	4.330	15.837	5.278	4.625	0.131	4.112	3.561	3.383
17.602	5.630	3.061	0.366	1.207	19.315	5.824	4.221	4.860	5.704	6.163	4.672
4.741	5.971	5.362	3.596	4.557	12.785	6.244	5.506	4.851	4.620	16.198	8.908
12.643	9.407	3.808	4.077	3.571	18.985	5.859	1.631	6.810	5.113	15.692	7.515
19.975	9.563	4.245	4.393	4.482	4.894	2.963	5.154	0.510	5.428	0.310	4.407
9.401	0.393	5.021	3.040	0.054	16.863	4.112	4.935	7.019	5.196	15.220	9.973
10.258	4.471	3.684	4.717	4.515	14.585	4.956	5.427	8.232	4.087	19.233	8.832
5.913	4.057	6.376	1.062	4.323	13.857	5.220	5.819	7.695	5.957	15.896	0.701
6.922	1.723	4.823	3.435	0.456	12.123	5.749	5.532	7.290	4.664	18.732	2.622
8.598	7.085	5.619	3.458	2.384	2.214	5.841	6.055	9.726	6.024	19.704	3.729
11.265	4.193	6.573	3.158	1.674	16.721	5.396	4.534	5.325	4.476	14.107	7.654
5.258	4.180	4.211	2.726	1.211	17.642	4.432	5.390	3.361	2.676	12.910	1.393
8.586	4.278	6.342	4.757	3.244	18.207	6.126	4.114	8.554	3.412	19.282	2.536
17.599	0.860	4.579	0.817	2.584	4.332	3.132	6.673	8.965	3.718	11.106	1.396
4.848	9.524	4.404	0.234	4.678	2.327	5.787	5.088	3.666	4.588	6.657	4.941
7.648	7.159	5.044	1.568	4.439	9.617	5.746	5.811	9.522	4.039	1.485	9.133
4.599	6.718	4.607	1.232	3.965	2.371	2.774	4.609	2.470	5.375	4.706	0.318
9.150	8.756	3.984	0.162	2.897	9.754	1.661	5.898	6.356	4.145	3.810	2.621
7.862	7.482	4.794	4.795	2.200	8.464	4.336	4.861	1.461	5.164	7.943	1.451
13.678	3.334	5.982	3.602	4.204	0.181	4.737	5.418	1.687	6.556	19.563	9.724
11.056	4.990	5.256	3.732	2.771	9.390	5.478	5.787	9.414	5.695	12.607	0.670
7.716	8.182	5.823	2.730	4.400	4.774	7.568	6.016	9.670	4.931	6.302	0.682
15.320	0.651	4.162	2.965	1.276	6.962	4.837	4.581	5.646	4.255	3.632	4.208
18.426	1.443	4.697	1.559	2.541	15.313	4.361	5.100	7.781	4.996	17.784	1.498
11.203	4.706	3.784	4.243	3.362	7.976	6.348	4.613	8.207	3.929	12.121	3.829
6.177	4.871	4.035	2.223	2.442	10.634	4.719	4.950	0.414	3.949	18.784	3.911
2.950	8.886	6.414	1.561	2.846	19.188	4.175	6.378	1.327	3.490	15.903	9.262
12.611	4.762	3.457	3.064	4.039	0.907	4.790	4.952	7.382	4.439	0.316	7.115
18.683	2.025	4.970	0.397	0.370	14.054	4.678	6.221	7.737	4.642	13.587	2.596
19.582	2.551	6.046	4.382	4.560	19.449	6.123	5.299	9.327	4.434	7.522	1.264
17.688	3.020	3.953	3.995	1.216	14.835	4.695	5.004	1.083	3.391	17.365	3.372
0.702	1.308	5.014	3.942	0.502	3.552	6.328	6.791	3.794	4.736	8.029	7.985
16.506	8.699	6.054	2.291	4.744	3.935	6.417	4.071	6.600	5.632	18.568	1.659
18.735	6.229	6.537	0.919	0.054	14.493	4.600	2.556	1.346	4.604	14.080	5.731
8.561	6.452	5.366	1.165	0.617	12.727	5.846	5.716	5.624	3.856	13.354	5.705
7.882	5.259	4.727	1.261	4.841	10.963	4.187	4.191	8.921	7.333	5.641	9.346
11.298	1.074	4.242	4.784	4.631	4.169	5.034	1.406	1.824	3.476	18.167	3.195
2.210	7.703	5.281	4.919	2.084	0.893	5.117	5.604	7.791	5.443	15.201	1.545
8.463	8.734	4.286	0.969	2.982	17.318	6.206	5.632	4.785	6.044	5.908	1.458
9.197	5.723	3.655	1.623	2.832	0.789	5.498	4.304	2.563	4.074	16.634	6.101
4.426	9.437	5.615	2.238	4.863	16.415	5.285	5.081	4.947	5.734	6.862	5.541
10.829	9.025	6.987	0.128	4.744	10.639	5.072	4.205	5.795	4.031	2.362	5.630
18.876	7.897	5.904	2.815	0.170	9.844	4.792	5.714	3.907	6.287	1.555	6.396
16.546	9.052	4.184	0.880	1.536	17.684	3.545	4.939	5.528	4.794	19.923	5.128
12.655	5.552	3.903	0.545	0.922	13.950	4.990	4.470	1.083	5.803	3.095	9.133
1.407	1.101	6.135	1.410	4.837	10.550	4.267	4.796	3.880	5.157	13.285	9.467
2.315	0.210	4.458	0.391	3.687	15.775	6.648	5.037	5.425	5.900	9.729	7.177
13.320	4.476	6.681	0.813	2.367	1.681	4.291	6.888	9.919	4.018	4.677	0.152
5.251	3.815	4.843	0.619	4.254	11.374	6.002	4.914	4.825	4.082	1.794	7.212
0.083	7.341	5.620	3.098	2.055	17.900	5.701	3.888	8.234	5.447	18.220	7.060
18.807	4.551	4.495	3.998	1.879	18.310	3.786	4.601	5.602	5.188	10.205	5.383
6.295	6.365	4.389	4.912	3.175	4.652	4.865	4.411	9.908	6.208	3.194	1.571
10.290	8.392	2.238	3.316	4.271	3.261	3.780	3.740	9.852	4.928	7.667	8.392
8.903	8.851	4.478	0.207	0.853	5.906	4.369	4.808	2.144	4.319	11.983	9.879
16.204	5.691	6.801	2.363	3.251	6.582	5.137	4.731	0.293	3.945	10.882	9.651
1.617	5.991	4.203	1.298	4.093	18.248	5.498	3.868	6.106	4.262	7.707	6.976
3.875	9.751	4.969	3.141	3.256	12.528	6.343	4.699	3.117	6.371	7.237	9.868
12.286	0.619	4.069	3.565	0.925	1.679	4.669	6.482	9.481	3.529	15.220	7.180
14.023	0.351	4.868	4.708	0.861	18.953	6.825	4.015	3.500	3.771	13.102	0.498
1.266	7.935	5.124	2.993	0.222	18.166	3.909	3.972	3.148	6.538	18.198	5.737
17.263	4.360	5.738	1.507	3.943	17.129	4.458	4.974	6.925	3.266	1.577	8.483
10.010	5.169	5.154	1.836	4.128	3.808	4.777	4.420	1.506	4.307	8.452	7.983
10.563	9.086	6.682	0.843	1.572	2.933	4.990	4.251	5.289	5.569	12.209	2.648
7.144	6.888	2.261	4.826	2.391	6.413	6.176	4.343	6.612	4.414	4.578	6.383
8.060	7.939	3.669	0.078	1.971	8.157	4.827	4.051	1.257	4.978	16.611	0.594
6.185	7.160	6.641	1.105	4.354	3.475	5.626	5.742	2.655	4.599	4.218	0.641
12.613	4.012	5.777	4.176	3.527	9.995	4.682	6.394	1.164	4.147	11.305	8.560
16.762	0.237	4.811	0.720	4.082	15.819	6.029	5.558	3.833	5.815	19.039	5.951
6.495	5.786	5.007	2.728	2.206	6.688	3.283	4.083	8.439	4.039	5.780	5.953
4.650	7.609	5.481	2.413	2.456	3.595	3.446	6.629	2.296	6.886	7.456	6.980
7.877	0.442	5.536	4.839	2.104	13.824	4.680	4.531	7.856	4.397	17.383	6.497
15.140	3.688	5.646	2.451	4.970	0.352	3.482	6.260	7.813	4.344	19.505	6.962
13.884	8.984	3.595	1.310	3.516	6.745	6.140	7.869	6.056	4.972	2.441	0.125
6.971	1.985	4.851	0.960	2.586	15.438	4.607	4.282	1.606	5.037	3.010	4.891
10.203	1.153	3.846	2.795	2.663	9.436	6.756	3.123	0.621	4.238	9.511	2.823
16.363	2.807	2.674	0.458	1.610	19.263	6.691	5.680	7.946	4.412	11.402	0.842
2.566	1.410	6.389	0.039	3.246	4.344	6.546	4.564	4.102	4.585	17.971	8.413
11.781	6.139	5.277	3.800	2.446	8.625	3.620	5.099	8.528	4.133	13.410	0.861
14.314	6.619	5.671	3.598	0.616	15.043	7.150	6.129	2.461	6.413	5.412	9.484
17.175	4.030	6.294	0.494	3.542	14.917	4.058	2.706	1.905	6.413	10.670	0.930
18.326	9.823	6.813	1.176	2.960	4.633	5.418	5.431	0.945	4.335	16.243	8.196
8.304	7.546	5.709	4.540	1.702	4.033	5.313	5.827	7.844	5.487	7.413	4.601
11.380	8.882	5.594	4.210	0.365	13.964	4.611	4.983	4.246	4.564	19.204	6.844
3.284	7.203	4.722	1.202	3.535	3.958	5.645	5.652	6.945	3.816	0.374	1.113
12.196	1.571	6.447	0.381	2.279	0.717	3.332	7.682	0.443	6.764	13.542	3.858
11.621	5.622	4.023	2.664	2.747	14.946	5.074	5.642	8.972	5.473	18.750	7.336
1.116	7.053	5.260	0.471	4.583	19.782	2.711	5.156	0.452	5.034	6.079	9.839
19.386	7.536	6.546	3.515	4.464	5.425	3.690	5.721	2.038	4.948	18.913	6.313
16.564	4.577	5.089	0.436	0.342	15.563	4.249	5.014	6.223	5.158	12.815	4.922
16.945	7.076	3.957	1.224	0.305	16.762	5.469	5.307	3.852	4.930	11.836	1.206
7.062	8.866	3.842	4.342	1.888	17.565	4.883	6.252	5.483	7.562	19.469	2.718
10.134	0.844	7.305	1.640	1.392	14.043	5.286	5.030	6.909	5.064	5.238	1.814
3.760	8.120	5.934	2.107	4.890	4.517	4.841	5.053	9.015	6.709	13.115	2.971
4.582	5.716	5.585	2.388	1.680	13.336	5.644	5.907	4.900	4.568	1.306	4.998
8.294	1.715	5.560	2.154	2.358	11.042	4.702	4.427	2.494	4.684	10.753	6.522
2.013	1.089	2.938	0.875	1.949	15.490	4.415	4.325	9.737	3.336	11.933	4.282
1.795	8.679	3.990	0.024	0.527	3.079	5.701	6.270	5.923	4.597	4.243	1.266
5.410	2.851	7.036	4.735	4.481	17.466	2.556	4.988	9.538	4.968	12.916	9.327
10.929	0.220	5.410	4.998	0.909	6.677	4.436	3.318	2.054	3.607	8.378	3.127
3.901	4.722	6.018	3.507	2.294	5.067	5.528	6.481	0.016	4.773	11.902	3.846
10.857	3.429	4.023	1.061	2.821	8.402	4.716	4.997	9.327	4.992	3.223	9.138
13.616	3.657	3.468	1.998	4.195	7.393	5.571	4.291	4.469	3.991	13.320	3.397
17.754	2.326	6.306	0.434	3.993	17.325	4.739	5.852	9.653	6.085	3.716	9.131
19.347	5.729	5.562	2.034	1.818	4.622	6.457	5.278	8.861	4.102	16.064	8.512
14.397	9.949	4.706	0.899	4.326	1.390	5.734	4.324	6.200	5.236	3.343	7.757
10.424	7.423	5.306	1.742	0.015	17.321	5.096	4.576	9.221	4.668	1.638	9.808
14.850	3.657	5.774	3.298	2.353	3.286	6.421	4.463	8.098	6.356	2.348	8.040
2.713	4.089	5.329	4.171	1.348	12.909	3.821	7.111	1.644	5.887	1.371	2.601
1.663	9.304	5.691	3.464	3.423	2.424	3.439	5.408	4.747	3.852	16.227	3.772
16.142	0.494	5.798	3.978	4.810	7.080	4.497	4.013	7.481	5.572	17.901	8.233
4.993	7.023	4.753	3.963	3.543	17.224	4.585	7.048	9.823	4.727	2.520	5.046
9.704	5.059	4.938	1.570	1.924	17.276	4.239	6.514	6.371	6.280	1.127	1.918
19.039	1.132	4.363	2.985	0.807	10.499	6.644	5.591	4.055	5.580	10.236	7.916
7.293	2.491	6.002	2.167	0.391	15.084	3.860	6.067	7.458	4.963	9.071	0.861
11.715	2.515	5.504	1.837	4.781	1.857	3.557	3.573	5.608	2.888	1.943	9.667
11.831	4.441	6.322	4.639	0.366	5.645	5.570	4.753	8.101	6.322	3.849	4.810
0.885	0.371	3.199	2.488	0.613	14.598	4.593	5.616	6.475	4.856	17.849	1.092
3.914	0.691	4.500	1.850	4.766	6.573	5.423	5.504	2.639	4.828	10.075	4.356
19.795	9.345	5.105	2.710	2.604	1.748	4.029	6.613	6.742	4.787	7.748	0.324
16.388	1.954	6.581	1.914	1.537	10.520	5.220	4.742	5.808	6.306	3.525	5.811
5.176	3.213	5.365	0.261	0.848	16.782	4.123	5.013	4.342	4.821	11.161	6.801
4.662	6.443	4.270	2.688	3.796	11.815	4.898	4.495	3.575	3.607	11.110	6.137
14.600	0.653	7.056	4.059	0.725	9.497	3.161	6.469	4.123	5.530	17.023	6.451
9.489	4.586	5.230	2.747	3.743	13.478	3.319	4.492	2.712	4.513	0.926	5.772
0.965	9.032	5.449	3.682	1.808	13.675	5.717	4.325	1.915	4.835	12.678	2.223
6.928	2.620	5.534	3.259	0.217	19.838	4.289	5.839	7.263	6.076	0.897	0.843
19.575	3.375	5.878	2.155	3.164	8.260	6.211	4.501	8.437	5.134	3.441	9.072
17.020	0.051	3.536	0.095	4.676	2.922	4.025	5.187	3.521	5.874	1.082	5.757
11.201	5.453	4.534	2.683	1.667	0.374	4.824	4.429	5.359	5.119	13.264	0.610
19.804	7.303	3.691	0.538	2.542	2.779	4.732	5.256	2.518	5.756	2.420	6.293
9.776	2.437	4.693	4.005	1.309	17.078	5.626	4.812	2.076	4.116	13.605	4.583
12.302	3.811	6.972	0.035	1.043	18.110	5.004	5.061	8.266	5.521	2.022	8.853
14.409	2.534	6.013	4.375	2.579	0.941	4.354	5.886	8.326	4.245	14.191	6.238
18.447	8.072	6.873	1.519	3.208	15.486	4.641	4.278	0.045	5.581	1.983	6.092
17.558	1.807	4.393	0.671	3.376	6.913	6.244	5.670	9.681	5.537	10.174	1.450
8.364	6.522	4.696	3.580	2.140	17.080	4.526	6.334	1.666	6.643	1.638	0.412
16.283	5.989	5.288	3.473	0.654	16.057	6.338	4.825	3.509	5.847	7.637	3.605
17.033	4.671	3.620	2.519	1.799	7.520	5.423	1.932	4.785	4.669	9.599	9.682
19.636	5.014	4.220	3.657	3.459	9.207	5.609	5.148	7.032	5.886	7.027	0.378
15.097	7.573	6.764	2.743	1.767	16.980	5.684	5.485	5.379	5.407	1.594	9.408
18.953	7.549	4.925	4.388	3.936	1.563	5.967	5.230	5.464	5.421	19.604	3.973
3.733	0.937	5.830	3.815	4.855	14.961	4.857	5.208	0.161	4.714	1.226	5.431
17.824	3.977	4.630	3.205	0.101	15.025	5.346	4.730	4.897	4.735	2.481	7.572
6.044	2.179	4.742	0.173	4.833	7.917	5.709	6.068	3.812	4.752	8.080	8.377
16.810	7.295	5.549	0.501	4.114	14.648	4.461	4.817	7.277	5.669	2.904	9.349
4.435	9.684	4.581	0.428	3.997	0.648	4.490	5.005	4.583	5.828	6.025	6.034
10.939	0.514	3.645	0.351	1.959	1.351	4.519	5.009	3.992	5.717	11.160	6.410
0.663	7.962	4.855	4.311	1.171	8.199	5.552	5.417	9.542	4.219	14.207	9.683
13.367	7.981	7.347	3.935	0.073	13.771	3.110	3.313	1.382	4.572	9.726	4.393
19.323	8.547	4.609	4.594	0.467	3.087	4.965	4.563	9.721	5.015	13.924	6.754
14.916	5.914	4.685	2.676	4.848	4.261	4.788	3.957	5.545	5.519	7.994	9.924
7.700	9.538	4.570	1.300	4.386	4.777	4.469	4.363	4.903	3.124	13.722	7.126
18.686	7.319	4.000	1.225	3.240	0.599	5.086	5.986	1.000	5.214	8.125	4.644
7.247	6.685	4.676	3.544	0.876	4.678	7.146	4.524	1.273	4.829	5.309	1.415
6.798	7.159	4.873	4.425	1.240	17.816	5.164	5.710	5.994	5.730	2.951	9.884
5.531	9.256	5.386	3.545	1.578	18.129	5.474	5.473	1.368	4.863	3.660	2.485
4.725	0.291	6.769	2.916	3.995	10.833	3.152	3.568	4.736	6.103	10.840	7.222
1.397	9.296	5.499	3.864	1.621	19.917	4.333	4.936	0.696	4.869	6.429	0.492
16.016	9.172	4.716	3.245	0.486	10.000	5.709	6.082	7.780	5.617	5.338	7.265
17.060	0.864	4.306	1.611	1.999	1.207	5.690	5.402	1.021	7.510	14.277	1.345
1.512	8.457	5.865	2.142	2.447	18.316	5.964	3.666	7.446	2.988	17.134	4.933
0.027	2.872	4.666	1.576	1.093	11.309	5.438	4.760	8.150	5.009	12.568	3.079
14.351	3.286	5.280	2.516	3.597	3.472	4.108	3.122	6.107	5.402	19.701	7.314
8.341	9.315	4.471	2.124	2.287	0.023	5.391	2.622	5.689	7.138	1.865	8.315
0.639	9.628	6.541	3.089	1.190	19.065	5.101	4.971	9.587	6.291	8.623	8.607
19.085	9.320	5.687	1.354	3.326	11.293	6.985	3.902	3.261	4.567	17.400	9.378
8.234	1.623	4.879	4.008	0.912	2.799	6.862	6.202	1.988	5.099	2.402	8.488
7.779	8.550	6.520	2.979	1.236	2.889	3.401	5.271	1.075	5.643	7.964	7.888
12.315	8.574	5.012	4.414	0.637	18.087	7.294	5.960	0.729	5.063	8.133	0.124
10.651	9.085	4.904	2.425	1.651	2.778	4.917	4.316	2.068	4.249	6.913	3.111
18.951	5.921	4.569	2.765	0.154	13.180	5.572	2.906	0.706	5.690	7.474	5.186
0.015	9.150	5.370	3.937	1.353	8.873	4.593	5.085	5.981	4.857	1.119	4.677
13.975	6.019	4.616	1.598	0.788	3.586	6.651	5.673	4.441	2.105	5.373	2.874
5.461	7.276	3.825	0.438	3.305	6.007	4.229	4.744	7.373	4.856	6.096	4.561
12.113	7.842	5.286	0.761	2.882	17.618	6.364	3.970	7.884	4.322	7.302	6.758
8.440	0.789	4.666	3.996	2.648	3.313	5.482	5.914	3.953	5.261	4.715	7.640
18.605	2.890	5.225	4.537	0.979	10.050	4.778	4.821	1.079	4.894	0.590	2.149
11.340	6.202	5.641	1.075	0.289	16.337	6.016	4.199	1.629	4.743	7.625	7.094
14.908	5.034	4.668	0.072	2.308	5.322	5.114	6.307	4.879	3.985	9.248	2.203
9.885	7.478	4.774	3.406	4.550	12.150	4.543	4.522	1.657	5.859	17.839	3.457
14.482	2.778	6.195	0.471	4.965	16.915	4.598	4.844	9.732	4.527	5.599	1.923
1.518	3.167	5.511	4.136	0.852	7.981	6.454	4.788	7.806	5.544	19.411	9.169
16.370	9.521	5.194	3.394	4.631	17.020	5.571	4.432	8.360	5.878	17.864	3.723
9.074	9.938	4.753	2.430	1.856	4.945	4.882	6.157	1.397	4.921	13.760	7.775
14.258	0.059	6.686	1.746	3.588	14.519	4.127	4.947	1.922	5.972	3.610	6.932
15.272	7.456	4.935	4.502	2.474	3.004	4.784	6.014	2.567	6.649	14.395	8.700
9.609	4.302	5.027	3.717	0.159	11.712	4.675	5.109	5.409	3.917	18.442	3.935
0.138	0.400	3.956	4.142	4.614	16.228	4.628	6.083	0.869	5.506	0.542	8.639
19.294	8.125	3.229	4.527	1.744	0.131	3.298	3.877	2.774	3.580	14.615	4.272
1.148	2.276	3.052	3.193	4.398	6.045	3.866	5.099	3.608	6.221	16.402	8.984
6.895	6.638	4.055	4.561	3.276	15.246	6.216	4.288	2.602	5.787	15.859	6.576
17.180	5.879	4.171	4.792	1.850	3.037	5.136	3.417	8.417	3.631	9.615	6.307
18.353	0.433	4.067	2.447	3.935	0.357	4.926	4.901	6.321	5.972	19.563	4.035
2.336	6.926	3.767	0.531	3.769	8.835	4.603	6.783	9.754	4.856	3.817	7.592
18.880	5.558	3.448	4.462	2.769	15.425	5.379	5.505	0.869	4.291	12.142	3.096
0.117	7.302	6.036	0.888	1.535	19.545	4.959	5.743	6.119	4.990	5.160	2.122
6.839	8.455	3.359	3.902	3.780	0.102	4.791	7.240	4.438	2.676	12.272	0.677
7.970	9.530	5.638	0.505	0.676	1.147	4.424	4.804	1.664	3.504	18.530	8.386
1.829	9.531	3.948	0.920	3.467	6.306	4.093	4.436	5.088	6.150	8.592	1.877
2.787	7.803	4.109	4.894	4.492	6.131	4.160	5.357	4.358	5.532	8.450	3.531
10.661	9.823	5.138	1.148	0.175	10.160	7.452	5.600	8.039	5.546	14.323	0.230
18.576	2.752	5.514	3.974	1.782	3.348	6.030	6.386	1.101	4.796	12.882	5.545
2.539	3.903	6.621	4.916	4.606	17.497	4.664	5.175	8.743	5.630	6.717	3.061
