19.270	2.235	0.695	1.230	4.543	10.158	-0.188	6.961	1.782	3.926
5.825	3.321	0.434	13.124	3.497	4.959	-0.176	9.294	2.654	0.072
14.904	4.148	0.903	11.209	0.862	16.180	0.585	9.167	6.100	1.778
6.051	3.046	0.602	16.273	1.069	15.587	-1.108	0.444	7.373	1.491
19.650	4.603	0.028	19.052	4.287	17.531	0.518	1.899	5.059	1.404
19.723	7.711	-0.059	11.966	2.030	2.924	-1.326	0.843	7.291	4.011
11.629	9.931	-0.162	7.259	3.171	15.841	0.628	3.847	0.408	4.628
2.230	2.459	-0.656	9.049	2.130	14.223	1.937	7.810	7.337	3.578
10.458	8.670	0.865	5.229	1.410	13.154	-2.055	0.951	1.627	2.097
16.262	6.228	-0.708	18.930	3.042	3.668	-0.105	4.076	9.732	3.230
13.643	4.983	-1.823	17.607	0.596	7.403	-1.618	5.348	9.110	2.486
15.109	4.577	1.166	16.685	0.473	3.519	-0.696	5.972	0.752	1.267
4.396	3.983	0.572	13.695	4.352	2.068	0.086	1.820	5.304	1.541
0.501	6.546	0.964	0.487	1.004	12.356	0.248	0.578	4.228	3.714
13.893	1.377	-0.950	17.488	0.581	18.036	-0.689	2.735	0.045	2.264
4.975	1.727	0.209	7.915	2.423	7.077	-0.879	8.038	5.517	3.326
19.251	0.505	-0.393	12.882	3.120	17.067	-1.804	0.587	3.807	4.097
0.703	4.316	-1.974	1.612	0.051	18.753	1.346	5.681	3.303	4.286
18.324	8.206	0.678	18.875	4.135	0.239	1.249	0.710	5.182	1.679
8.790	3.222	-0.611	15.777	2.819	0.349	1.631	8.369	4.889	4.148
5.764	6.421	1.050	18.909	2.283	13.347	-1.813	2.991	6.373	3.322
7.348	3.823	0.348	8.099	3.317	3.756	-0.543	7.116	9.538	0.911
18.132	1.274	0.309	1.158	0.676	9.401	-0.450	5.150	7.376	0.220
4.133	4.168	1.426	18.901	1.088	4.173	0.416	4.735	9.254	1.822
14.911	9.540	1.117	13.517	1.483	4.703	0.074	3.807	4.934	4.374
17.619	0.117	2.111	13.377	2.717	0.840	-0.914	9.661	9.280	2.022
8.959	8.979	0.443	15.865	3.470	5.068	0.663	6.749	3.315	2.281
14.550	3.100	2.405	4.825	4.283	12.260	-0.079	6.274	5.076	3.571
7.816	0.919	2.148	2.293	4.601	16.682	0.257	0.670	3.593	1.005
12.601	3.096	1.713	1.438	3.279	1.387	0.647	5.926	3.271	3.627
4.230	6.132	1.692	7.163	3.880	0.621	-0.273	3.892	6.796	1.544
2.592	2.695	0.732	9.910	1.054	18.495	-0.843	3.578	9.114	3.042
2.765	6.795	-0.267	14.684	3.987	9.890	0.610	4.002	2.713	4.534
1.978	8.351	1.018	12.064	4.101	9.220	0.802	2.884	7.815	1.447
2.116	0.818	-1.331	3.699	4.842	19.996	1.513	4.553	8.401	0.577
6.152	6.615	-0.598	9.062	4.359	4.856	-0.337	1.451	5.612	0.457
19.874	5.577	-0.282	13.770	2.782	13.436	0.057	9.267	1.964	1.383
1.522	2.323	-1.057	8.256	2.781	3.623	-0.925	9.839	5.289	2.574
16.335	1.515	-0.199	1.982	3.554	17.212	-1.910	2.332	4.661	3.144
15.633	2.239	0.291	0.858	3.200	1.847	1.092	5.709	5.542	0.563
9.471	1.913	2.930	16.636	3.632	17.264	-0.335	6.519	8.576	3.593
16.936	1.740	-0.306	19.261	3.344	4.115	-1.471	5.006	7.781	1.286
14.226	5.310	-0.152	14.461	4.534	11.606	-0.137	8.363	2.688	4.661
8.061	0.836	-0.956	18.618	3.015	11.586	-0.663	3.606	1.798	2.326
12.972	1.547	2.170	14.610	2.110	8.996	2.629	4.626	3.844	1.948
0.212	3.183	-0.401	9.771	0.378	17.924	-1.171	7.315	7.747	2.262
7.726	1.233	-0.393	8.858	0.393	0.232	0.240	9.196	6.710	2.784
7.489	5.974	-0.192	6.518	4.619	9.970	2.621	5.422	5.357	1.843
9.872	9.495	2.748	5.979	1.525	3.844	-0.465	4.769	9.031	0.121
10.472	7.183	-0.393	19.033	3.923	10.642	-0.915	3.067	4.820	3.834
6.165	0.472	-0.154	6.570	4.675	12.978	0.006	4.850	8.635	0.427
0.968	5.292	1.896	10.932	1.736	7.038	0.512	9.352	0.796	4.332
16.532	3.225	-0.201	16.769	3.121	13.773	-0.666	9.339	8.943	4.257
1.012	0.440	-0.206	19.373	1.158	18.506	0.064	6.093	9.679	2.007
7.869	8.486	0.280	9.411	2.902	7.246	0.251	6.544	1.257	0.833
16.397	2.170	-1.706	5.390	2.247	9.474	0.382	5.019	3.026	1.820
13.273	4.986	-0.240	13.344	4.669	16.696	-0.440	9.283	3.495	4.116
9.941	6.701	0.164	0.942	1.691	3.938	1.116	0.377	7.471	3.841
11.516	5.359	-0.246	1.142	1.150	19.639	0.811	3.353	7.303	0.191
1.640	7.625	1.443	12.098	1.331	9.122	1.064	8.590	3.296	2.787
7.358	7.316	0.726	3.727	2.638	19.491	0.463	3.825	4.896	2.832
14.752	2.264	0.546	5.555	3.326	18.615	-0.591	9.789	6.355	1.214
16.904	1.901	-1.857	12.953	1.041	15.727	0.292	9.290	0.352	4.850
17.836	3.048	-0.649	6.470	1.298	9.573	0.594	8.557	2.061	3.286
13.972	2.925	0.930	7.160	4.163	3.077	-0.548	7.888	7.149	4.896
11.279	2.381	1.098	2.787	0.314	8.664	2.099	8.461	4.797	2.858
19.114	0.440	-2.307	11.103	1.749	5.081	-0.723	1.418	6.764	2.861
18.442	3.193	-0.515	17.935	2.287	19.182	0.251	8.879	7.647	2.486
11.442	7.707	-0.671	7.642	4.556	9.350	-0.816	8.945	5.000	3.639
5.617	8.480	1.500	18.254	3.073	9.105	0.467	7.491	1.189	1.001
12.158	7.854	-0.868	13.931	0.434	6.422	-0.068	8.491	8.343	3.222
17.111	2.565	0.507	9.373	3.820	15.156	-1.796	2.000	5.362	0.745
6.531	9.306	0.872	9.259	4.198	17.674	-0.019	9.874	1.777	3.560
12.830	6.390	-0.518	16.754	2.500	11.947	-0.179	6.364	3.167	2.186
16.359	4.684	1.234	1.886	4.469	1.651	0.259	6.444	4.717	2.577
17.428	1.801	-0.206	3.291	2.617	13.868	0.626	8.229	1.951	3.286
4.479	6.803	-1.054	1.226	3.869	12.759	-0.818	1.666	8.541	0.967
14.360	6.194	-0.004	13.965	4.274	5.985	0.816	8.314	7.457	4.085
18.708	8.901	0.125	8.797	1.955	15.676	-0.359	1.169	7.441	3.428
17.301	0.113	2.174	13.547	4.665	12.699	0.451	8.811	3.956	1.484
4.766	3.167	-0.478	9.575	4.106	3.971	0.239	6.691	3.897	0.793
3.672	2.017	-0.972	9.966	3.540	7.022	0.270	8.054	8.653	3.806
17.292	2.814	1.168	8.179	2.768	4.533	1.244	9.505	7.738	0.413
2.687	7.336	0.607	12.318	3.274	9.776	-1.033	1.166	7.331	0.423
2.967	5.337	0.770	18.528	1.259	17.958	0.125	6.777	0.619	0.679
11.096	9.412	1.374	12.337	1.482	13.296	-0.182	4.693	9.393	0.266
13.326	8.842	-0.650	8.136	2.104	19.548	0.969	3.875	3.636	0.685
6.525	0.526	1.454	11.044	2.347	1.673	-0.739	7.270	4.096	4.509
2.243	6.929	0.178	3.165	4.164	0.492	-0.228	6.361	0.084	2.762
12.727	3.300	-1.160	12.218	4.292	18.629	-0.038	4.148	1.812	0.632
5.089	2.217	0.036	15.457	1.515	6.037	-0.840	3.786	2.364	0.016
13.770	3.541	-0.758	13.513	4.553	8.740	0.068	1.669	3.338	0.024
5.372	4.399	0.222	4.062	1.035	2.922	0.638	1.514	8.019	0.455
7.674	8.684	-2.279	1.616	2.719	9.732	-0.013	4.347	8.378	0.700
17.360	0.899	0.819	16.766	2.235	6.083	-1.596	2.242	0.275	0.551
17.980	9.386	-1.882	0.908	1.435	12.117	1.581	2.515	1.806	0.912
10.305	1.427	-1.251	17.563	0.855	5.008	-0.149	1.459	4.312	0.824
7.370	5.638	0.206	12.421	1.319	9.911	-0.040	5.106	8.387	4.299
0.946	4.887	-0.919	9.971	0.973	13.817	-1.539	4.292	1.536	1.683
14.486	3.113	0.839	12.368	3.603	12.093	-0.087	2.370	2.386	3.953
12.434	9.775	-1.212	6.066	3.190	13.212	1.546	1.135	9.397	3.027
6.134	9.649	-1.275	18.956	4.420	13.528	1.139	1.345	0.227	2.523
1.955	1.335	0.187	16.324	4.531	8.224	-1.849	1.418	9.474	4.029
5.842	0.182	1.269	9.730	4.290	16.286	-0.031	2.753	5.526	3.497
10.855	4.757	0.468	4.605	3.699	9.086	-0.385	8.680	6.655	2.731
3.266	4.521	1.014	17.801	0.994	19.313	0.495	5.733	3.539	2.944
3.650	6.329	-0.781	1.707	0.429	13.538	-1.555	3.676	4.890	4.010
0.254	6.346	0.246	19.268	1.490	18.168	-0.280	8.183	5.633	1.164
0.089	6.810	0.182	4.995	0.305	8.405	-0.268	1.781	0.250	2.592
11.481	0.378	0.811	14.790	1.619	9.939	0.930	1.827	6.829	0.098
13.055	7.894	1.240	17.400	0.446	16.098	-0.147	4.057	4.860	1.415
6.716	5.193	0.826	17.716	1.162	3.860	1.505	5.890	0.332	2.926
10.418	9.512	0.775	0.637	1.431	13.874	2.436	9.223	5.584	3.213
1.773	7.601	-0.817	19.912	0.626	10.853	-0.369	8.206	4.687	1.261
1.838	4.329	0.924	8.856	4.764	9.533	1.111	2.442	5.509	4.001
19.431	8.519	2.058	17.351	4.282	15.188	0.913	1.041	2.617	0.768
2.181	4.194	0.376	3.962	1.951	12.899	-0.014	8.195	9.720	2.441
5.713	2.689	0.705	13.868	3.673	11.831	-2.127	1.841	6.490	4.505
2.708	6.123	-0.398	14.026	4.824	11.570	0.726	1.111	5.089	4.082
4.274	3.367	-0.290	4.929	1.737	17.576	-1.471	6.353	1.621	4.783
13.095	7.705	-1.474	11.916	3.204	18.996	-0.869	3.775	3.059	0.069
8.507	0.512	0.594	17.363	2.972	0.033	-0.548	0.069	4.298	3.487
1.054	7.039	-1.218	13.168	1.741	1.929	-0.372	8.728	6.297	0.995
10.992	5.467	-1.951	10.921	1.601	0.669	-1.155	6.454	6.656	2.815
1.045	0.520	-1.693	13.926	1.380	8.006	-1.483	7.627	2.385	1.355
0.594	4.137	0.050	8.969	3.572	13.561	-0.095	0.382	4.401	0.737
2.639	9.622	-0.432	9.690	2.161	13.506	2.211	9.638	5.424	1.805
9.303	7.583	-1.043	6.519	1.156	18.711	1.718	4.131	3.233	0.838
13.763	7.334	-0.649	3.572	4.627	12.219	-1.261	3.934	5.830	1.286
13.233	0.687	2.484	16.156	1.057	9.592	-0.800	7.130	9.181	0.585
7.894	9.565	-1.306	11.363	4.511	15.603	-0.015	5.739	8.993	0.782
16.602	3.148	0.316	7.153	1.263	0.233	-0.283	6.458	3.346	0.676
3.567	1.804	0.192	19.219	3.637	3.711	-1.036	3.520	3.716	2.683
18.471	4.621	1.842	2.084	4.146	17.420	-1.405	7.809	9.381	4.725
11.037	8.408	-1.975	16.716	4.825	7.578	-0.187	2.204	8.476	4.089
19.694	0.206	-1.964	4.423	0.705	3.758	-0.725	7.845	7.934	4.410
6.289	1.879	2.036	9.933	2.910	3.933	1.568	1.195	7.119	3.171
6.079	6.314	1.851	15.878	1.531	3.419	-0.235	9.125	8.222	3.069
2.785	9.327	-0.897	14.606	2.043	9.954	-0.476	4.906	8.601	4.601
19.999	3.338	0.849	11.257	4.515	16.664	-0.728	2.460	2.490	0.461
8.058	5.397	-0.951	12.086	0.937	14.095	0.107	6.927	8.011	2.140
10.303	3.897	0.217	10.536	3.483	8.185	-0.323	2.463	0.369	1.396
11.305	0.565	0.243	13.337	3.521	6.941	-0.413	1.165	3.011	2.699
7.230	3.173	1.176	4.799	2.537	1.122	2.269	8.590	1.728	0.333
3.976	8.829	0.548	12.809	2.530	11.917	1.494	5.016	8.591	2.432
1.059	0.425	-0.522	10.648	4.376	6.957	-0.725	9.798	0.140	3.697
6.922	2.718	0.289	4.634	2.235	5.253	-1.444	9.976	5.788	3.896
6.260	8.048	-1.418	6.241	0.786	15.768	-0.255	6.214	3.002	3.083
15.825	2.089	1.895	17.160	4.778	6.896	1.604	3.362	6.198	2.967
16.497	2.881	-0.886	9.694	1.690	14.446	-1.730	5.720	1.159	4.474
18.169	1.880	-0.045	7.538	1.722	12.843	-0.836	0.250	5.987	4.129
14.224	9.783	0.625	4.463	2.213	1.611	0.210	3.748	2.152	1.778
10.778	8.863	-0.510	1.769	1.831	6.204	-0.563	4.391	0.902	2.917
6.004	5.066	-1.548	18.128	1.797	8.635	0.854	5.043	5.719	0.160
9.949	6.317	1.189	7.768	2.036	9.063	-0.742	5.659	6.567	4.168
8.890	9.665	0.211	2.335	2.032	14.458	0.196	8.997	8.334	3.052
2.451	5.171	-0.693	4.165	4.658	6.211	0.677	6.002	9.343	3.532
16.369	0.346	2.303	19.702	3.586	5.400	0.190	8.885	8.224	1.005
1.924	7.276	-0.310	18.327	1.366	5.977	0.212	2.491	8.235	2.077
1.802	5.576	1.461	6.479	0.774	13.512	-0.372	9.766	4.193	3.867
17.730	3.356	0.511	16.756	0.333	4.462	1.469	4.979	4.395	0.262
7.379	8.124	-0.103	2.648	0.204	4.512	-0.080	4.060	7.365	1.290
16.818	9.673	-0.061	8.415	1.555	2.383	-0.076	4.682	2.694	4.144
12.020	1.327	-1.765	13.243	2.684	14.993	0.564	4.559	9.330	2.317
6.846	0.968	-0.446	1.168	2.536	18.784	-1.122	5.665	9.970	3.569
1.758	8.307	-0.731	9.283	2.933	1.156	-0.756	9.646	6.581	1.427
0.063	9.207	-0.117	10.175	4.226	11.912	3.025	1.039	3.613	2.839
5.776	6.874	0.071	11.627	2.811	6.481	0.495	5.663	5.333	0.382
4.344	0.918	2.275	2.255	1.358	12.069	-0.338	6.329	8.093	0.307
8.851	3.039	0.348	3.071	2.516	17.079	1.950	8.338	7.992	0.873
7.793	9.811	-2.663	13.854	4.744	18.542	-0.695	9.617	6.195	2.730
1.307	1.253	1.823	11.405	3.266	10.760	1.232	1.005	1.726	1.227
15.977	9.003	1.133	18.369	0.394	4.551	1.335	7.810	7.782	3.841
11.167	0.678	-0.134	4.036	2.527	0.047	-0.426	8.272	5.979	1.623
10.105	7.217	0.006	13.723	4.651	5.660	0.446	1.771	3.693	3.202
3.237	1.629	-0.986	5.901	1.583	17.448	-2.276	5.434	9.996	2.746
17.521	1.259	-1.355	9.271	0.363	7.287	-0.215	3.088	5.561	4.208
19.195	2.686	-1.230	1.926	1.460	3.943	1.224	3.318	3.453	4.110
14.692	6.452	-1.138	1.317	4.670	16.624	0.958	3.492	6.312	2.755
13.589	3.425	-0.866	18.434	2.179	17.609	1.553	4.054	8.249	4.659
3.606	1.466	0.447	1.660	1.484	1.886	-0.407	6.689	4.173	0.835
5.686	3.250	-0.313	10.668	2.156	14.869	1.647	4.155	1.035	4.399
9.664	9.025	2.691	18.673	4.150	4.938	0.977	3.060	8.632	4.546
16.887	6.409	0.910	9.068	1.795	19.074	-0.561	9.355	0.845	4.234
2.520	0.595	0.469	4.426	3.991	1.808	-1.150	7.270	1.557	3.661
6.090	5.444	0.011	8.808	0.049	8.180	0.088	5.156	2.650	0.300
3.945	1.105	1.307	10.926	1.350	10.748	0.323	7.570	4.070	0.252
18.273	2.422	0.395	17.690	0.358	10.220	0.186	5.599	5.445	0.216
7.031	6.381	-1.068	14.190	3.892	12.317	0.113	3.602	6.752	0.925
6.162	4.056	0.867	3.026	2.826	11.430	1.108	3.434	9.199	0.553
2.317	1.505	1.175	1.805	1.812	11.203	0.442	5.767	5.055	1.381
1.951	2.243	1.056	6.527	1.698	7.807	-2.054	5.600	2.658	1.005
2.340	6.667	0.406	2.303	2.601	17.622	-0.783	7.475	0.033	3.833
19.128	7.351	1.012	7.700	0.118	14.905	-0.212	6.420	4.807	4.147
17.230	8.821	0.250	3.208	4.423	12.100	-0.391	8.920	7.644	0.469
0.659	1.858	-0.756	10.663	2.369	14.892	0.448	4.978	3.208	2.379
12.196	3.777	-1.042	11.293	4.607	4.892	0.896	7.156	1.419	3.819
12.845	9.950	0.613	13.827	0.704	2.814	-0.638	1.098	7.914	2.755
16.133	6.066	-0.335	8.313	0.413	9.385	0.748	0.142	1.573	0.731
12.030	4.220	-0.102	5.140	0.135	17.762	0.353	9.542	0.054	0.128
8.874	5.744	-0.160	6.725	0.915	14.049	-1.144	8.836	3.037	4.146
9.691	5.119	2.326	4.484	0.849	7.513	-1.479	0.897	8.233	3.266
5.578	0.800	-0.883	14.410	4.205	4.415	-1.951	2.177	2.012	2.648
7.220	2.175	0.350	17.013	1.252	19.751	-0.029	7.843	1.216	2.588
3.111	7.441	0.656	7.442	2.062	11.668	-0.892	2.992	5.870	3.104
16.795	8.332	-0.276	15.772	4.198	19.588	-0.006	1.936	7.795	4.951
5.126	5.177	1.297	1.564	2.849	4.398	0.867	3.835	4.571	4.658
11.008	9.246	-0.140	10.824	0.587	3.534	0.822	2.883	1.102	0.146
13.583	1.223	0.945	5.242	4.968	18.353	-0.956	7.867	7.724	1.390
7.643	6.598	0.707	8.069	3.464	18.637	-1.130	1.531	8.832	4.692
10.522	9.033	-0.440	6.545	1.812	19.419	0.456	2.481	4.491	1.229
12.348	8.169	-0.394	16.090	2.693	2.644	-0.292	6.452	6.675	2.734
14.710	3.918	-1.010	12.590	2.223	11.033	-1.583	8.938	2.469	1.798
11.384	8.769	-1.445	6.889	1.367	14.985	-0.141	3.868	4.949	4.649
7.073	0.861	-1.000	9.563	2.828	18.623	-0.369	5.937	3.692	1.579
7.399	6.906	-0.197	8.879	1.787	10.619	0.875	4.901	0.736	4.666
10.382	8.489	-0.650	2.131	0.358	7.604	-0.387	1.225	8.379	0.449
18.928	1.500	0.772	19.772	1.104	15.152	-0.194	4.737	6.451	4.900
6.693	0.540	-0.996	16.498	4.112	12.739	-0.220	9.782	2.564	3.869
3.901	5.397	0.398	5.856	2.923	18.895	0.944	2.955	3.116	4.136
18.091	1.417	-0.701	10.784	1.343	1.441	-0.221	7.021	4.192	3.479
7.292	5.707	0.515	12.038	4.702	8.898	-1.963	0.024	6.505	1.834
9.766	5.954	0.566	16.983	1.154	5.617	-0.211	6.409	9.580	1.020
18.190	7.237	2.166	17.006	4.304	9.503	0.549	5.578	9.656	3.430
9.995	9.564	1.315	11.750	1.868	3.287	-1.720	9.969	0.605	4.223
0.164	0.054	0.768	2.975	1.550	15.380	0.441	4.001	6.484	0.027
8.720	3.143	-0.650	2.596	1.480	17.836	1.979	7.889	3.023	3.748
8.877	1.787	0.805	15.217	2.789	5.899	0.826	5.793	7.155	1.585
19.867	7.316	-2.575	18.565	0.225	0.379	-0.982	0.444	1.654	0.641
4.248	8.172	-0.101	9.087	0.560	15.581	-1.605	5.833	1.688	3.759
15.630	4.601	-0.838	14.238	2.966	1.837	0.342	0.639	1.500	0.551
2.421	7.908	0.103	3.675	4.757	17.835	0.939	8.132	1.109	0.736
6.710	9.793	0.832	19.380	0.172	8.181	-0.886	3.677	5.182	1.381
19.201	0.964	1.079	3.072	3.796	9.513	1.200	4.888	6.886	4.264
16.539	4.170	0.716	9.992	3.597	18.274	-1.325	4.663	3.999	1.679
1.452	1.758	1.379	9.274	1.631	2.049	-0.699	1.215	9.503	3.904
7.144	7.282	0.401	13.088	3.740	14.865	1.595	8.372	8.462	1.526
2.592	7.072	1.274	7.442	4.550	10.093	-1.274	6.112	8.416	4.612
4.427	0.484	-0.319	17.923	0.927	18.925	-0.387	3.699	5.055	3.411
13.417	3.688	-0.813	14.617	4.121	17.693	-0.166	2.311	9.719	0.910
16.810	9.467	-0.226	12.165	3.911	0.275	1.033	3.879	9.866	3.601
4.334	7.748	-0.465	13.591	2.320	13.802	1.058	2.960	8.430	3.966
11.582	7.133	-0.308	11.175	0.582	7.835	-0.545	2.697	9.055	1.077
16.539	7.075	-0.332	1.506	3.130	16.116	1.309	4.118	2.150	2.377
5.339	1.085	-0.948	0.469	1.367	9.290	1.155	6.456	7.506	1.951
13.467	1.037	0.130	13.230	2.809	4.760	-0.698	9.516	0.225	2.523
0.877	3.048	-0.900	8.746	1.227	12.752	-0.630	2.939	7.620	4.594
12.108	9.002	1.078	3.019	3.489	7.580	-0.285	6.532	6.104	4.189
8.020	8.778	3.281	2.101	3.225	7.600	-0.463	0.022	3.377	3.285
2.221	7.378	-0.782	1.788	1.484	2.091	1.262	0.325	8.682	0.859
3.986	2.272	-0.319	13.943	3.813	3.205	-0.001	1.058	6.801	2.996
2.538	9.280	0.191	19.473	4.127	13.615	0.173	1.160	6.366	0.820
14.570	3.455	1.714	13.514	3.810	8.784	-0.051	3.363	0.061	3.906
1.082	8.430	0.829	19.953	3.854	14.784	-0.242	6.479	5.545	1.148
12.506	0.965	0.893	18.229	0.824	5.872	-1.183	5.296	3.300	2.686
16.256	1.557	1.234	2.745	1.047	18.886	0.209	8.422	8.886	1.891
1.054	1.890	0.583	0.359	0.644	9.940	1.089	5.591	7.326	3.157
8.597	9.000	2.025	0.934	0.387	9.595	1.636	6.864	8.436	4.336
16.173	8.287	1.150	9.236	0.845	5.648	-1.231	6.425	5.009	1.573
18.617	8.031	-0.240	10.136	0.332	13.671	-0.002	1.727	1.811	4.657
1.387	8.238	-0.904	18.617	1.693	6.939	-2.193	6.397	6.190	2.029
15.497	2.338	-0.020	10.496	4.184	7.289	-0.863	0.219	4.406	3.641
13.775	5.204	1.368	19.808	1.685	5.071	0.461	1.137	3.891	0.754
9.382	7.898	-2.426	13.500	2.216	5.784	-1.347	2.280	8.477	4.156
8.461	4.522	-0.183	9.238	1.183	8.995	0.213	6.921	7.817	1.047
14.108	6.005	-0.186	8.289	1.037	10.597	-0.389	4.412	3.997	3.845
11.100	9.193	-0.170	5.597	0.257	11.507	-0.596	9.077	8.431	2.306
1.483	3.176	0.326	18.730	0.379	13.191	0.222	8.295	7.379	1.257
16.857	0.276	-1.492	8.165	1.048	6.316	-1.114	4.488	7.119	3.075
14.501	4.889	-0.996	13.443	3.733	9.605	1.372	1.545	0.057	3.733
7.456	0.584	0.542	16.859	2.163	5.929	0.423	0.041	2.621	4.519
12.269	4.953	0.753	5.077	4.233	0.602	0.942	3.282	8.179	3.038
16.888	6.578	-0.033	19.436	4.419	1.671	0.020	5.386	4.115	4.542
12.614	7.526	0.419	7.253	0.978	11.558	0.768	3.751	1.679	2.706
8.041	7.354	-2.259	10.033	3.134	7.241	0.255	6.955	0.538	3.690
7.278	8.037	1.120	4.521	3.778	2.907	-1.160	1.200	7.573	4.256
2.283	2.774	0.145	7.816	1.030	18.009	2.026	4.931	9.755	4.083
11.027	4.619	0.091	10.873	2.580	6.313	-0.651	7.745	0.492	4.670
0.084	2.835	-0.484	15.951	2.030	2.614	0.254	9.909	3.116	0.141
10.011	4.600	-0.507	3.814	2.418	17.850	1.748	8.164	8.459	3.367
2.678	6.569	0.218	16.791	1.056	0.515	1.307	4.603	7.575	0.875
12.309	9.773	-2.144	0.714	1.636	19.618	2.599	4.564	8.626	0.415
5.578	7.032	1.367	12.329	4.987	13.308	0.494	7.932	5.907	1.322
17.692	4.429	0.839	10.581	1.829	5.008	1.078	8.343	9.361	0.837
4.638	8.369	0.503	9.816	0.450	18.230	-0.938	9.911	1.132	2.181
19.863	7.273	-2.324	10.434	4.343	6.589	0.626	9.847	6.771	1.412
9.791	6.405	-0.037	6.276	3.523	5.607	0.781	7.312	4.040	4.966
15.158	8.550	0.083	0.793	2.856	4.802	0.359	9.175	8.112	2.099
13.074	2.914	-0.272	2.850	3.888	4.590	0.581	5.840	5.451	0.312
10.424	1.452	0.254	5.022	0.833	4.274	1.112	7.334	9.224	2.728
0.941	4.187	-1.771	13.148	1.063	10.055	-0.569	9.967	9.658	1.028
13.864	7.954	0.353	11.560	4.635	11.831	-0.393	5.020	1.624	0.293
18.195	7.866	-1.002	14.621	2.167	19.385	1.842	1.346	8.639	1.660
11.288	6.194	-1.849	8.572	1.016	18.254	1.205	9.341	7.401	1.877
18.250	7.024	0.130	7.363	4.449	13.276	0.219	1.844	3.825	0.190
12.230	7.933	1.380	19.561	2.916	10.226	-0.601	5.289	0.237	2.690
10.156	5.651	-1.230	4.795	3.816	12.748	-0.089	6.397	5.993	0.176
11.823	3.158	1.633	13.289	3.918	0.129	-1.400	9.423	2.955	3.251
18.323	0.722	0.356	18.187	2.825	1.473	0.288	5.145	6.686	1.774
3.070	9.763	0.043	15.818	4.791	3.625	1.811	8.361	2.362	0.586
9.884	2.246	-0.588	12.585	3.455	9.078	-0.959	1.924	2.827	1.033
12.003	8.498	-0.878	8.647	0.829	9.952	0.154	8.196	2.316	1.013
18.818	9.114	-0.596	5.450	4.485	6.473	-0.236	8.397	6.791	0.848
16.761	1.936	-1.297	4.050	4.698	2.414	-0.020	2.064	8.955	1.002
3.593	6.994	-1.221	6.401	0.234	10.476	-0.034	2.504	5.910	0.815
1.742	4.270	0.501	8.394	2.913	13.451	0.822	2.765	9.255	3.746
18.892	6.132	0.001	16.607	3.193	11.632	-0.066	1.720	7.434	3.244
0.478	6.437	0.349	17.598	0.395	10.269	0.211	6.855	7.312	0.867
0.984	8.916	-1.942	0.847	4.641	11.136	-1.674	9.655	6.891	4.538
2.023	1.280	-0.101	17.614	0.795	0.814	0.974	8.906	9.997	2.018
14.932	2.623	-2.015	1.463	0.561	7.849	-0.523	0.862	5.257	0.674
10.128	6.732	-0.230	7.311	2.208	18.594	0.429	8.703	5.684	4.005
1.765	8.270	-0.852	15.231	1.546	19.357	1.644	4.045	6.105	1.287
14.812	0.591	2.029	6.175	1.924	0.023	-0.408	1.345	7.215	4.633
7.889	5.502	0.845	4.189	1.448	10.728	-0.674	2.505	1.488	3.471
13.032	4.005	-0.090	6.133	2.305	19.420	-0.346	6.468	7.911	4.222
17.287	1.864	-2.971	1.871	1.589	15.829	-1.120	2.821	8.971	4.793
19.454	7.605	0.585	5.991	3.194	18.887	0.459	5.601	4.777	4.664
16.739	0.198	0.451	5.488	1.153	8.245	-0.002	4.431	7.899	4.086
2.322	7.281	0.115	6.812	3.024	0.851	-0.515	0.222	0.946	0.381
9.046	7.882	0.190	12.123	1.620	16.521	-0.760	1.585	2.948	1.662
10.367	3.975	-0.636	16.022	3.827	18.680	1.852	3.548	9.447	1.252
19.954	7.295	-0.107	6.388	4.387	4.726	-1.017	7.593	8.387	0.642
1.162	0.509	-1.552	4.348	1.155	0.402	1.093	5.386	0.910	2.847
6.485	1.127	-2.259	1.316	0.266	6.365	-0.824	7.334	2.525	4.501
6.663	3.086	0.390	11.623	1.637	18.215	0.891	3.548	5.251	4.305
6.679	7.617	-1.041	13.875	3.486	15.152	-1.741	3.599	8.133	0.894
4.801	4.638	-0.735	19.376	2.758	1.855	0.098	0.029	3.702	1.759
12.411	5.551	0.698	19.985	0.086	15.476	-0.414	4.980	3.966	1.245
18.643	4.015	-0.887	16.436	4.554	1.065	1.361	2.470	2.949	1.678
11.708	5.015	0.311	19.525	3.533	18.942	-0.319	7.437	2.285	4.445
6.506	8.481	-1.066	12.952	0.199	1.244	0.075	3.524	4.883	3.056
11.644	1.771	1.513	13.919	1.516	4.902	0.412	5.611	3.920	0.741
4.681	6.596	0.002	19.133	4.921	5.467	0.496	7.240	8.794	0.807
14.820	2.370	0.642	9.422	3.101	2.054	0.198	9.505	0.207	1.124
17.902	7.905	-0.097	13.429	2.227	19.650	-1.405	8.842	6.180	4.625
17.753	4.850	0.662	2.364	2.311	15.559	-1.189	9.215	5.601	4.389
15.033	8.626	1.533	0.384	4.891	18.390	0.477	3.384	9.237	1.242
18.959	3.340	-0.274	1.689	0.331	7.477	0.541	9.966	6.865	1.796
3.417	4.293	0.440	18.955	4.152	10.193	-1.119	4.558	1.410	0.805
7.163	8.409	-0.734	14.687	2.834	1.118	2.400	6.505	4.462	2.887
17.038	9.494	0.482	18.854	0.907	14.146	0.462	8.178	2.501	2.577
9.592	6.995	0.561	4.472	2.370	3.678	-0.875	9.433	0.489	0.865
8.567	3.496	-0.014	16.769	0.046	11.627	-1.166	6.747	6.525	0.557
6.098	9.427	-1.403	13.849	0.806	4.339	0.201	4.820	2.000	0.235
3.269	7.912	0.100	12.143	1.265	9.527	0.834	7.068	6.506	4.277
3.716	1.040	0.260	18.256	3.519	2.634	0.395	3.262	1.478	1.794
14.166	7.458	1.458	2.772	2.456	6.311	2.080	8.151	1.325	0.113
3.986	3.501	1.153	19.531	4.004	3.687	-0.738	6.182	0.948	4.011
7.472	9.916	-1.298	16.371	4.335	5.334	0.632	6.963	6.398	4.076
3.536	7.577	-0.299	16.241	0.445	11.316	-0.154	6.904	1.870	4.115
6.201	1.218	-0.646	11.289	2.939	8.885	-0.778	1.215	3.877	1.667
14.328	4.169	-0.568	2.047	1.792	13.959	-0.523	4.601	4.775	1.160
18.995	2.181	-0.477	1.559	3.683	15.704	0.740	6.910	8.606	0.313
0.031	6.521	0.139	11.446	0.929	4.865	-0.453	9.476	5.917	1.526
18.272	6.218	-0.232	17.437	0.116	2.286	-0.557	8.375	2.093	2.331
14.076	3.307	-0.504	8.360	0.961	1.886	-1.411	4.343	6.988	0.409
18.189	4.352	0.371	15.065	1.050	13.009	0.088	0.949	9.391	0.886
18.772	2.548	-0.628	6.743	1.214	0.919	0.020	3.356	1.116	1.075
15.380	7.154	0.634	18.390	4.831	17.049	-1.145	2.801	1.241	2.912
18.244	4.574	0.427	15.179	2.498	19.973	0.941	4.015	7.771	1.873
11.280	1.916	-1.395	12.302	3.341	19.614	-0.227	5.327	4.578	2.209
17.527	9.307	0.944	11.245	1.730	9.091	0.381	7.797	1.904	1.245
8.011	2.375	0.288	3.948	3.946	0.251	1.643	4.891	5.907	3.357
6.599	3.235	-1.379	17.331	0.050	3.028	0.397	0.644	9.368	3.507
5.791	5.867	-1.227	4.630	3.638	3.742	-1.821	2.269	4.539	2.880
5.657	1.852	-2.032	5.786	4.120	10.793	0.541	6.087	3.900	3.385
13.065	8.997	-0.527	4.364	0.982	8.413	0.459	0.357	5.444	0.372
17.874	5.537	1.263	4.795	0.150	3.046	-0.393	9.475	9.578	3.033
13.830	2.216	-0.639	3.400	3.458	15.997	-0.487	6.143	1.153	4.122
11.679	5.537	0.944	11.327	4.947	11.065	-0.105	8.215	0.891	4.527
2.745	2.222	2.205	4.811	4.721	9.443	0.361	2.329	9.557	0.199
7.643	1.762	2.468	15.274	1.655	13.788	-0.572	2.804	1.051	4.356
2.349	9.685	-2.347	0.457	0.542	0.350	0.550	5.389	0.696	2.429
5.258	5.299	-0.563	15.983	1.640	3.917	-1.657	6.822	3.890	3.501
1.330	0.734	-0.725	2.336	4.937	9.371	0.845	9.173	5.317	3.568
16.568	4.107	-0.125	18.245	4.434	12.828	0.998	1.453	9.548	4.217
6.642	9.673	1.880	12.733	4.008	18.788	-0.444	7.863	6.982	2.317
9.728	9.190	0.352	10.984	0.491	8.179	0.580	1.822	4.745	3.182
13.718	9.809	-0.518	2.673	2.519	2.340	-0.757	4.755	6.874	4.129
9.174	6.150	0.979	10.035	2.012	12.298	-0.238	1.313	5.136	0.039
13.231	4.924	-0.569	9.999	0.106	15.766	0.876	0.173	1.294	0.204
18.539	6.764	1.436	7.941	4.271	8.626	0.883	8.517	5.393	0.462
3.806	5.953	1.123	1.679	4.965	10.100	-0.664	7.288	3.542	2.701
1.402	1.490	-0.460	16.270	3.238	3.715	-0.314	2.158	6.540	2.664
0.189	0.831	-0.840	6.542	2.088	0.884	0.498	6.087	9.519	4.458
11.010	8.604	-0.308	17.531	2.352	17.848	-0.032	4.212	9.120	4.705
4.866	5.252	-1.376	15.751	1.076	11.135	-0.368	6.856	7.351	0.577
8.342	9.914	1.236	18.898	0.269	9.390	1.022	5.410	3.706	3.489
16.578	3.832	1.807	11.245	1.074	19.039	0.749	9.226	8.345	1.392
12.712	3.733	0.436	0.853	0.196	8.235	1.124	4.285	0.420	1.728
7.972	8.087	-0.326	15.151	2.653	4.797	0.007	4.409	0.832	4.597
12.932	4.880	-0.002	3.950	2.250	0.171	-1.060	4.814	8.492	2.570
11.891	7.343	-1.339	2.173	4.087	19.837	0.757	0.246	3.001	0.774
8.378	6.233	-1.353	2.790	4.424	8.775	-0.223	4.880	2.527	4.872
18.479	1.989	0.423	18.149	1.405	8.025	-0.795	4.905	5.906	4.600
5.204	0.113	0.796	15.919	3.119	15.755	0.195	0.500	6.102	2.418
8.707	0.773	-0.440	13.208	0.752	0.214	-0.640	8.152	2.225	3.018
12.991	6.593	-2.093	6.241	1.076	17.001	0.711	7.433	6.208	3.792
7.555	2.587	-0.792	5.960	4.284	8.109	-0.865	1.150	3.611	0.468
2.742	3.068	-1.623	7.811	1.976	10.961	0.663	6.586	5.907	4.998
11.254	2.542	1.395	19.138	3.180	3.062	1.949	1.648	7.809	2.228
7.890	8.907	-1.610	1.099	2.920	2.724	-2.292	6.183	5.434	3.867
19.138	2.839	0.994	8.477	4.626	1.200	2.428	9.782	0.403	0.795
14.731	2.183	-0.066	9.483	4.159	13.392	-0.156	3.447	6.940	0.292
7.872	5.728	1.079	18.016	4.906	15.669	1.338	8.850	8.442	2.325
13.166	1.932	0.295	5.467	1.263	0.729	0.823	1.408	7.303	3.229
1.084	6.814	1.647	0.703	0.893	15.318	-0.451	0.781	4.269	1.141
14.526	5.989	-0.610	13.616	0.924	1.219	-0.934	2.726	0.869	1.670
3.084	1.076	-1.491	12.011	3.771	18.410	-0.595	9.465	6.250	0.876
8.758	9.494	-1.006	1.389	0.742	3.133	-0.885	2.837	0.175	2.189
10.385	9.078	0.723	2.584	0.139	3.502	-2.896	5.977	6.597	3.963
7.837	6.471	1.301	12.818	4.202	10.019	0.243	2.044	2.091	0.470
3.158	3.004	1.260	17.159	4.705	9.426	0.734	0.607	4.242	2.126
2.632	4.489	0.565	14.803	0.756	8.629	-1.723	3.176	9.986	4.908
9.139	6.320	0.426	15.701	2.704	19.163	-0.036	1.223	4.947	4.102
17.103	6.562	0.990	2.522	0.740	17.654	-0.001	6.149	3.518	3.739
10.275	4.308	-0.659	14.010	2.012	17.500	-0.794	9.956	8.870	3.386
15.604	8.088	1.222	14.104	4.919	11.280	1.256	2.099	9.480	3.132
12.659	9.767	0.461	17.502	0.795	12.471	-0.397	7.631	3.917	2.570
13.946	6.411	1.660	16.039	2.306	9.642	0.002	2.136	0.701	1.928
6.999	7.513	1.519	3.231	0.006	0.852	0.684	1.325	0.948	4.719
16.370	6.513	-0.235	17.756	3.824	18.950	-0.460	7.832	6.924	1.434
13.813	6.980	1.313	1.976	2.690	9.902	0.968	2.875	8.755	1.872
9.609	7.289	2.244	0.817	1.614	2.965	1.811	2.261	8.773	2.732
5.475	2.672	0.420	18.899	0.834	17.182	2.280	6.746	3.206	1.456
1.987	4.563	1.339	15.358	0.692	8.455	-0.009	0.943	9.233	3.745
2.882	0.058	-1.487	11.428	2.287	13.724	0.189	0.311	1.908	3.611
15.427	7.978	0.838	12.214	4.854	19.280	-0.675	4.725	7.063	3.916
13.769	4.601	1.028	3.340	4.176	1.024	-1.817	2.758	2.399	0.244
13.456	6.459	-1.071	1.713	3.424	4.945	-0.380	9.267	0.607	3.161
6.541	6.077	1.365	15.001	1.040	10.710	0.317	6.785	2.556	3.516
5.990	1.545	-0.463	14.507	2.051	15.843	-1.546	9.625	1.299	2.695
14.271	0.028	-0.066	12.760	3.652	5.292	-1.802	2.464	2.481	4.748
15.985	0.822	0.690	18.496	4.294	18.371	-0.421	6.090	7.989	3.773
11.715	7.559	-1.026	3.847	4.383	11.461	-0.539	9.530	3.520	4.807
16.713	9.256	0.348	15.903	1.130	14.121	0.771	7.453	8.014	2.436
9.639	8.573	0.491	2.783	0.781	7.308	0.327	2.784	5.450	1.700
11.756	3.099	0.927	2.127	1.278	13.019	-1.181	3.967	3.725	1.818
19.719	1.296	0.354	4.516	0.571	15.210	0.782	2.454	5.021	1.082
1.364	0.802	0.233	2.261	3.789	4.413	-1.143	0.730	2.729	1.263
10.683	6.895	1.060	5.814	3.521	2.515	-0.966	0.582	3.927	1.638
19.450	5.837	-0.700	8.986	0.635	1.081	-1.281	8.820	4.859	3.449
17.181	7.162	-0.145	3.874	0.183	1.017	-0.962	7.269	5.328	0.782
7.638	9.001	-2.094	8.009	4.065	17.316	1.101	4.303	4.080	1.256
19.688	5.190	-0.388	4.139	2.023	1.462	-0.414	2.533	4.457	1.574
18.139	7.911	0.909	13.291	2.172	19.511	0.687	2.810	0.559	2.492
7.442	5.172	-0.777	11.092	0.302	14.060	1.286	2.679	8.718	3.839
10.402	8.044	1.771	2.826	4.448	0.072	0.895	5.805	7.641	2.400
8.902	6.531	0.409	1.362	4.022	6.395	-0.861	8.913	0.308	3.934
5.279	8.540	0.623	15.854	4.315	9.613	1.329	6.796	9.777	0.830
10.297	9.437	0.276	18.208	4.971	3.619	0.663	5.703	6.251	2.509
18.893	4.072	0.893	16.793	4.706	15.043	-1.424	6.929	0.534	2.975
8.506	0.357	0.633	0.307	2.361	17.013	-1.026	9.652	8.760	2.296
14.515	2.609	0.176	10.462	0.051	12.817	0.391	0.188	1.736	3.777
0.167	5.854	-0.053	8.231	1.113	19.897	0.402	3.722	5.253	1.240
5.423	8.006	-0.357	1.877	1.445	13.963	-0.033	6.899	2.319	2.534
11.294	1.946	-1.056	5.985	4.818	10.255	1.750	9.287	9.257	3.824
2.499	9.382	0.058	3.829	1.742	4.496	0.150	9.037	4.866	4.572
18.348	6.562	-0.096	0.617	2.544	4.562	-0.352	9.517	3.332	2.204
8.040	8.591	-0.877	19.142	1.414	5.510	-1.953	0.302	5.978	4.407
0.524	8.802	-0.976	7.908	2.917	15.554	-1.394	2.843	1.758	1.161
19.625	7.472	0.264	3.998	3.957	8.751	0.730	5.634	6.456	2.582
17.455	8.852	-0.749	0.868	1.781	8.825	-1.449	2.499	6.109	1.537
5.990	9.115	-0.209	13.305	0.764	13.196	-0.312	2.685	9.985	1.650
18.768	0.625	-1.990	11.463	2.439	12.118	0.066	9.501	7.990	4.511
8.557	9.020	0.295	4.047	0.518	10.646	-1.622	0.381	6.237	2.583
2.214	0.983	-1.569	8.601	4.295	11.581	-1.286	5.057	9.885	2.959
3.986	7.082	0.291	0.120	4.860	3.880	0.121	1.962	2.001	4.149
5.747	7.495	-0.232	17.721	0.045	12.526	-2.246	1.617	0.173	0.317
3.542	8.779	0.165	17.629	1.556	15.631	0.626	2.569	2.022	1.145
7.485	0.163	-0.802	17.555	0.471	19.678	-0.269	3.758	9.908	1.469
8.379	0.101	0.750	12.129	1.005	17.451	-0.559	0.957	9.110	2.110
9.372	4.381	0.729	2.708	1.478	4.373	-0.585	7.502	2.872	2.991
19.070	4.637	0.320	11.622	0.371	4.511	1.268	4.366	2.618	0.249
10.078	0.325	1.264	3.096	3.273	1.730	0.368	6.454	0.075	2.356
0.227	5.267	-1.033	0.529	3.256	7.059	0.704	5.025	3.581	0.890
4.895	9.239	0.874	6.146	4.183	8.368	1.071	5.915	3.876	1.679
10.607	0.927	0.010	5.818	2.133	18.124	-0.369	5.857	1.579	1.337
12.935	5.701	-1.024	9.696	1.173	3.955	-0.884	7.682	6.416	4.953
12.249	9.061	1.849	14.985	0.885	9.326	0.168	6.242	6.367	2.535
13.580	6.202	-1.955	0.057	2.258	9.550	0.759	0.577	6.129	1.094
13.486	5.445	-0.292	5.345	4.204	4.957	0.225	8.229	6.498	1.578
13.816	5.023	0.769	19.836	1.287	4.670	1.410	4.652	3.835	1.063
1.734	7.106	-0.292	9.175	3.021	18.498	-1.392	4.606	9.778	0.396
17.424	9.117	0.814	19.756	2.048	18.400	-2.415	3.721	9.572	0.482
3.154	1.443	-0.117	9.268	0.973	15.700	-1.492	6.933	3.316	4.554
6.589	6.261	-0.991	2.157	1.053	4.065	0.203	3.894	6.484	4.071
12.057	8.090	-1.896	6.492	2.356	8.897	-0.415	6.819	5.658	3.865
18.712	8.068	-0.410	18.720	3.382	18.572	0.048	5.946	0.359	2.118
14.705	8.784	-1.291	16.107	4.173	9.821	-0.288	1.808	7.846	2.122
14.524	5.558	2.173	7.426	0.602	3.346	0.646	5.469	5.627	3.527
18.604	6.743	-0.229	3.784	0.578	7.120	2.384	7.875	1.831	0.998
4.560	1.732	-0.619	1.243	2.248	14.867	1.295	0.755	4.898	2.179
17.376	6.011	0.609	15.796	4.879	18.033	-0.190	4.454	5.642	1.651
19.301	6.210	1.031	7.978	2.176	9.268	-0.260	2.726	2.751	1.067
4.463	5.864	0.055	9.819	1.343	6.465	0.573	7.023	1.115	2.969
16.754	8.036	-0.192	0.097	4.359	0.862	-1.295	7.564	5.298	3.061
4.563	5.407	0.190	3.829	2.736	13.949	0.085	1.330	0.649	4.864
14.893	2.331	-0.301	1.776	1.520	10.046	-2.032	7.886	7.811	4.899
3.092	7.691	2.020	4.793	0.571	19.385	3.941	2.726	1.452	0.308
16.883	3.132	8.745	4.582	4.571	19.595	2.275	6.112	3.721	2.835
13.942	4.496	5.502	4.293	2.122	8.982	5.948	5.035	5.350	1.056
0.991	4.090	7.885	3.662	4.902	12.125	2.445	5.187	1.833	3.247
10.834	1.154	3.563	6.137	4.900	14.036	7.657	5.379	4.680	4.429
6.572	4.524	7.792	4.454	2.917	2.098	4.313	5.232	3.313	1.024
10.245	6.284	2.211	6.745	1.199	17.541	0.417	4.400	4.916	4.710
4.186	0.848	14.415	5.437	0.531	13.070	3.676	6.576	5.650	0.809
15.170	1.804	3.890	5.589	1.227	15.516	6.858	5.821	5.039	3.814
13.659	6.993	2.589	5.063	1.722	9.557	5.033	3.830	8.314	4.685
10.325	0.011	3.432	5.184	3.377	5.752	4.509	4.363	4.666	1.983
16.719	5.759	3.569	3.084	4.149	14.102	4.564	5.855	6.977	4.879
18.719	4.234	15.209	6.019	1.872	14.553	3.970	6.279	3.074	2.102
2.695	7.351	3.289	3.784	1.114	16.561	4.455	6.262	4.571	2.613
12.153	2.502	15.685	4.436	1.136	16.240	0.036	3.841	7.784	2.000
11.722	8.287	4.221	4.153	4.010	10.842	0.271	2.835	8.831	0.718
0.493	4.850	0.065	5.929	3.944	15.569	2.900	5.281	3.425	3.451
10.570	4.002	3.141	4.258	1.906	4.972	1.305	6.067	1.798	0.146
16.610	8.346	7.298	4.882	3.708	4.159	7.455	4.662	7.756	3.536
3.064	5.808	4.302	5.685	4.937	18.487	1.579	6.136	0.056	1.443
14.722	4.992	3.933	6.350	0.126	5.690	6.853	6.958	6.265	0.478
17.898	0.496	3.359	5.617	0.190	5.110	1.440	3.652	9.802	1.967
9.288	2.780	10.147	7.572	2.840	10.697	6.976	3.170	6.741	3.804
0.037	6.244	2.800	5.560	0.486	12.223	1.461	4.855	8.638	2.617
16.889	2.581	2.531	4.201	4.828	18.262	1.379	4.926	4.174	3.743
3.796	3.840	19.693	6.164	2.902	15.882	4.104	6.010	1.783	0.972
15.999	9.760	8.064	5.336	2.908	11.113	5.998	4.677	6.435	3.769
10.860	4.544	17.654	4.275	1.037	17.038	9.896	5.157	5.309	4.890
17.633	5.602	5.366	4.274	1.913	7.416	3.189	4.009	9.582	3.802
14.273	1.344	6.971	5.794	4.861	2.023	3.865	4.912	9.870	3.386
17.176	3.555	4.654	4.209	1.718	18.729	4.777	5.380	8.284	0.633
16.381	3.705	10.604	5.486	1.149	0.334	9.723	3.995	4.698	2.225
1.212	5.825	17.719	5.390	3.257	10.496	5.645	3.658	2.903	3.400
3.113	4.094	7.478	4.192	3.831	11.894	7.204	4.708	4.687	4.493
14.397	3.869	14.956	5.112	3.912	7.628	5.023	4.207	4.893	0.480
16.840	2.150	2.454	5.889	1.713	18.486	4.810	4.870	9.039	2.329
19.863	5.374	17.148	4.140	3.821	13.371	4.551	4.525	4.085	3.494
11.073	1.595	4.875	5.001	3.661	8.602	9.960	5.913	5.304	4.404
2.663	3.059	4.556	5.600	0.424	10.886	6.133	4.280	6.921	1.947
10.107	5.704	14.412	3.983	4.193	12.901	0.978	5.435	7.886	2.922
12.210	6.981	16.007	5.706	2.403	12.097	9.478	3.313	9.406	2.601
14.982	0.334	7.519	5.175	2.968	16.834	4.150	5.928	2.717	2.838
11.566	6.906	14.803	3.845	0.954	9.328	1.710	4.564	4.852	2.374
16.293	4.329	9.534	5.296	2.857	13.069	8.677	5.627	8.649	3.992
13.070	5.916	10.732	4.204	4.923	15.013	6.230	5.586	8.125	3.883
1.418	2.032	15.975	5.006	3.080	17.848	4.667	5.628	8.348	1.500
9.899	1.533	1.269	4.650	4.083	6.458	6.682	6.540	2.475	4.771
0.257	2.077	10.603	5.863	3.896	10.818	0.091	4.150	6.785	1.184
2.475	7.637	6.733	4.822	4.063	9.910	5.076	5.397	9.328	2.540
0.430	2.355	4.363	4.763	2.821	5.294	6.347	4.837	3.424	3.309
15.068	6.864	18.550	5.554	1.247	18.245	3.665	4.759	3.889	0.662
19.545	0.133	6.523	4.148	2.701	9.721	7.222	3.444	2.669	4.803
18.821	9.734	19.439	6.432	3.666	9.134	1.118	5.087	5.754	1.578
17.017	7.104	19.049	4.361	0.280	7.586	0.467	5.443	2.122	4.743
2.558	6.817	5.307	4.766	2.566	10.466	0.678	4.084	0.216	4.935
13.875	2.912	14.512	4.653	2.481	19.814	0.472	5.059	6.227	0.092
1.959	6.749	3.282	5.959	1.159	6.703	8.446	4.666	5.875	0.562
0.123	6.241	12.181	4.307	2.724	16.081	2.881	5.931	9.184	1.245
15.932	9.524	11.997	3.688	3.419	11.318	4.977	5.415	6.801	2.610
5.561	0.907	16.395	2.697	1.431	3.071	3.187	4.137	5.534	1.292
3.946	7.207	4.764	5.992	1.284	8.474	0.133	4.326	0.566	2.414
7.061	9.720	12.470	5.409	1.761	10.169	8.329	6.484	8.139	3.545
7.379	2.194	6.720	4.361	0.356	16.171	3.846	4.425	5.599	3.314
5.979	0.192	3.507	5.209	2.015	16.139	6.892	5.343	5.463	4.589
11.581	7.362	6.949	4.763	3.425	7.518	8.185	4.076	9.205	4.095
12.234	3.685	17.225	4.945	3.418	16.154	3.927	3.206	3.589	0.718
2.054	9.339	11.968	4.644	4.082	8.288	3.786	4.474	1.295	3.412
3.543	4.889	3.762	4.305	4.119	5.967	8.196	5.361	2.399	3.317
5.425	6.496	1.272	5.576	4.479	2.785	7.602	5.044	9.831	1.295
15.440	0.315	9.349	3.426	3.960	11.424	2.737	4.775	5.117	1.021
17.717	3.683	4.780	4.573	1.777	16.087	1.324	6.019	7.080	0.477
16.945	5.985	1.258	5.487	1.063	3.277	0.866	5.242	3.650	3.614
5.862	7.967	4.696	3.540	4.610	15.883	2.739	4.382	7.905	3.230
8.800	0.407	9.651	4.800	3.854	10.096	7.090	5.773	5.504	0.497
13.836	2.774	18.134	5.803	3.833	1.646	1.943	5.302	6.619	2.288
3.318	1.743	15.031	4.987	3.491	7.551	4.030	5.591	2.675	3.787
6.479	9.173	6.401	6.886	3.054	2.685	7.561	4.276	5.441	3.787
4.001	6.449	11.303	4.357	0.178	16.105	9.073	6.453	1.508	3.305
11.347	6.698	16.794	4.489	1.861	4.589	0.627	4.368	1.210	2.675
12.987	3.718	19.903	4.435	0.854	17.483	2.907	4.798	8.630	3.121
4.244	6.458	7.347	3.152	4.069	0.419	3.142	3.741	9.752	3.910
13.528	4.772	15.058	6.068	1.857	12.787	0.378	5.575	1.371	3.386
19.057	0.584	12.874	4.243	1.651	0.299	1.090	5.900	1.881	4.512
14.927	3.079	14.787	4.031	4.034	5.517	0.357	5.439	0.975	1.963
12.046	0.151	13.808	4.084	0.482	4.408	4.865	4.232	2.183	0.090
18.062	9.349	0.026	6.592	1.712	10.215	3.100	5.280	3.332	2.271
0.529	6.700	11.903	5.224	1.966	19.573	3.076	5.182	5.754	4.118
1.047	1.978	3.843	5.918	3.663	8.139	5.537	4.391	4.539	4.247
18.151	0.675	7.928	5.210	3.323	17.552	3.631	7.120	4.102	3.985
18.658	1.659	1.512	5.478	3.923	0.016	9.834	5.051	8.950	0.356
11.136	1.596	3.405	4.026	0.235	11.397	2.378	4.772	4.105	2.914
14.298	1.879	2.308	4.966	1.968	0.048	4.237	6.007	3.451	1.620
12.373	4.203	13.925	6.065	4.381	15.872	2.278	4.441	4.584	4.770
17.670	5.033	15.862	4.343	3.132	8.141	2.186	4.611	8.218	4.809
4.802	7.571	8.493	6.575	4.037	2.358	8.854	4.460	3.844	0.051
18.873	7.934	8.919	4.930	2.964	7.506	3.911	3.575	6.639	0.728
11.200	3.251	5.879	2.642	0.701	4.775	5.196	6.223	9.799	1.910
4.553	5.415	6.264	4.628	3.808	12.198	6.937	6.008	7.628	2.690
13.124	8.301	3.215	5.357	2.137	17.274	5.522	4.785	8.615	1.034
16.921	2.323	5.183	5.899	2.091	14.540	6.666	7.692	3.729	1.526
15.687	4.379	10.827	4.756	3.576	13.670	5.387	3.414	4.332	4.418
4.732	1.161	14.220	6.328	3.403	18.406	9.594	6.764	2.312	2.633
0.026	2.859	14.894	4.264	3.813	5.969	2.026	4.694	6.657	4.169
8.994	8.764	7.106	5.382	3.504	4.317	6.481	4.377	2.885	4.862
10.054	5.449	11.481	4.323	0.640	17.388	0.658	5.916	5.519	2.231
14.429	9.340	10.399	4.393	1.182	13.510	2.691	4.941	9.630	4.624
9.451	3.429	2.881	4.732	4.781	10.066	2.662	5.294	3.588	1.728
7.629	2.838	3.865	5.445	3.903	18.325	1.282	5.228	3.009	0.860
17.351	2.197	14.109	4.061	4.147	18.504	7.235	5.144	5.814	1.994
12.282	2.132	2.391	4.683	3.789	3.346	7.425	5.026	8.644	4.428
14.000	7.814	17.887	5.002	1.443	12.681	6.520	5.641	5.262	0.081
4.585	4.083	1.245	2.988	4.293	7.793	9.422	7.520	3.832	4.611
9.226	7.637	17.819	4.201	4.474	16.355	3.345	4.807	7.473	3.906
8.169	4.569	2.664	5.360	0.544	3.700	9.193	7.154	1.331	0.692
13.614	6.334	16.323	4.669	4.724	18.818	1.445	5.844	3.415	2.271
4.145	2.783	2.909	4.816	3.747	8.502	8.587	3.710	8.359	4.707
9.961	3.160	4.364	3.562	1.814	16.732	2.560	4.494	3.489	3.004
9.924	9.433	5.026	5.913	1.283	16.091	8.037	4.454	0.829	4.190
13.010	1.022	5.249	4.344	1.000	2.104	0.762	5.027	3.319	1.389
6.786	0.022	19.753	3.607	2.418	3.044	8.105	4.361	8.255	1.806
15.340	5.664	15.355	2.535	3.724	4.587	9.078	5.703	5.701	0.763
15.425	8.204	4.558	4.667	4.104	12.859	1.126	5.205	5.357	3.798
6.342	2.712	9.302	5.486	2.339	18.343	5.890	4.332	7.637	3.775
11.175	0.738	19.757	6.518	0.486	18.535	8.691	4.731	5.672	0.775
2.404	2.106	14.181	5.850	3.241	7.095	9.652	5.760	0.202	3.604
17.305	5.245	1.370	5.700	2.962	12.752	8.482	4.583	5.560	3.981
2.586	7.754	3.678	4.721	2.340	15.171	6.501	4.502	6.341	0.317
15.996	7.656	6.545	5.707	2.294	7.582	8.611	3.476	8.653	1.117
18.837	8.318	7.717	4.984	1.076	8.106	7.030	6.326	5.058	0.623
16.222	2.975	11.441	5.587	1.795	1.534	2.993	3.081	3.372	4.510
19.974	5.786	9.257	2.603	3.547	2.755	1.334	4.214	4.989	4.798
18.616	8.316	14.068	4.013	1.603	14.919	4.716	3.921	7.204	4.389
17.521	3.476	17.571	4.153	0.942	14.401	6.278	3.908	6.869	1.874
15.072	9.158	4.353	4.327	3.642	19.299	8.667	6.003	8.702	2.202
2.349	1.338	18.021	4.907	1.332	10.182	9.922	5.563	0.587	3.059
9.973	1.261	17.454	5.703	0.354	4.186	8.347	3.775	7.298	4.281
17.942	1.077	16.502	4.213	4.727	2.046	1.407	6.319	0.610	4.276
1.322	9.471	18.620	5.938	0.028	14.843	5.706	4.980	1.555	4.705
12.577	5.715	16.417	4.613	3.883	4.019	6.381	4.228	3.112	2.919
12.747	6.695	19.492	3.350	0.996	3.388	8.202	4.372	7.273	4.711
8.487	8.242	5.685	6.500	1.370	11.022	2.568	5.106	3.296	0.632
18.418	1.448	19.684	4.691	4.783	7.299	7.093	3.814	2.767	3.623
2.436	7.439	6.217	6.132	4.121	4.654	8.386	4.512	6.092	4.328
19.342	4.615	11.548	5.959	4.924	10.966	5.019	6.329	4.107	2.897
12.373	3.593	1.654	5.070	0.948	0.124	4.790	3.279	5.037	0.061
2.286	1.633	7.611	4.772	4.062	8.740	0.626	4.871	7.476	3.150
17.638	5.520	12.944	5.612	1.054	19.937	7.633	4.718	4.328	4.532
19.406	3.634	11.804	4.838	0.965	7.072	2.235	4.415	0.275	2.679
5.227	8.538	8.047	5.931	2.800	4.518	9.753	6.499	1.158	4.918
15.606	6.086	15.551	5.424	0.213	4.378	6.674	6.436	2.409	1.457
10.967	9.769	1.973	5.003	0.969	19.188	6.033	4.670	0.235	4.610
17.049	5.085	17.590	5.748	3.001	8.833	7.791	4.905	2.283	2.771
7.496	6.407	5.186	3.498	0.867	16.576	7.703	3.289	4.143	3.436
2.508	9.174	1.672	4.603	3.681	14.474	0.948	3.973	2.448	1.293
8.545	1.862	18.494	3.667	2.642	13.517	8.669	4.247	4.851	2.218
19.253	0.915	10.255	5.481	3.369	2.412	8.739	4.176	5.897	0.555
8.377	0.013	9.891	3.633	0.267	18.844	9.453	6.123	1.663	0.478
0.932	3.366	4.793	5.514	4.156	7.924	3.782	5.307	9.660	2.441
6.944	8.519	11.960	4.698	2.164	13.321	7.567	5.693	2.385	4.204
4.510	9.242	18.189	3.680	1.375	5.424	8.920	5.285	8.248	1.832
7.275	5.984	10.167	4.735	0.383	10.116	1.268	3.416	6.965	2.910
8.075	9.965	0.982	4.217	4.204	15.213	6.432	5.433	2.610	1.930
4.963	4.549	13.488	5.144	0.909	10.296	1.546	6.277	0.877	4.009
16.600	4.600	16.217	6.380	2.603	4.053	2.418	4.306	8.914	2.969
3.993	0.375	12.226	4.846	1.871	7.761	3.952	4.614	5.568	4.649
15.050	3.778	1.557	6.093	2.610	9.674	4.777	5.784	4.456	1.907
11.104	1.445	1.960	5.767	1.212	13.435	0.137	6.107	9.199	3.526
10.018	6.370	4.263	4.356	1.037	18.028	1.698	5.018	8.067	3.245
19.593	3.321	8.124	4.832	4.602	6.030	4.415	3.542	3.428	4.420
1.255	3.123	8.632	5.496	2.032	12.019	2.544	4.981	3.362	0.369
6.414	0.916	8.384	5.811	2.590	1.284	3.063	5.649	3.644	0.566
0.594	3.269	16.449	5.430	4.521	19.314	7.989	6.483	2.528	4.106
11.733	7.913	18.567	6.031	1.565	7.045	0.042	4.083	0.419	3.822
10.608	8.142	8.411	5.668	0.702	17.631	4.080	4.308	2.945	2.591
19.206	1.383	11.806	4.025	1.907	4.234	2.770	5.071	1.091	4.010
13.664	0.262	6.595	6.924	1.530	18.873	5.727	3.930	5.960	4.801
6.045	0.180	5.748	5.166	3.408	4.937	3.044	4.045	9.923	2.030
8.742	9.614	2.971	4.888	3.772	13.044	3.455	5.374	5.197	0.661
1.276	3.817	15.252	6.341	4.517	2.770	3.946	3.952	2.241	3.680
10.627	3.304	5.815	4.677	2.575	10.166	5.952	4.963	0.324	1.604
18.592	4.191	15.308	4.776	1.006	7.332	4.149	6.070	2.190	4.388
17.846	6.203	19.547	6.392	0.071	14.473	6.119	5.005	0.491	3.524
7.879	6.140	6.925	5.427	4.182	5.816	3.312	6.333	9.432	3.939
18.957	7.074	9.910	3.282	0.159	1.539	2.232	2.881	3.491	1.229
8.418	7.245	12.586	5.457	3.485	4.276	8.556	3.059	2.532	3.572
11.797	2.314	18.640	5.260	2.571	14.859	8.867	4.258	3.170	1.112
6.162	1.123	14.314	4.951	0.101	19.743	8.960	4.707	6.988	0.592
14.700	7.920	5.299	6.051	0.547	18.119	1.889	5.690	6.131	3.088
10.826	8.321	3.574	3.868	0.038	14.217	3.606	5.992	6.998	4.730
1.800	4.380	3.117	4.597	4.938	11.947	5.015	5.392	3.028	3.812
6.246	3.611	5.486	4.788	2.866	13.488	8.995	4.371	6.953	2.900
6.545	0.740	19.386	5.223	1.668	4.604	8.109	6.628	0.777	4.341
17.970	0.365	17.824	3.715	4.224	11.500	2.734	5.108	9.089	4.518
5.229	9.468	7.102	5.114	0.375	16.424	0.387	4.145	3.837	2.797
10.687	6.557	8.631	5.861	4.929	0.801	5.306	5.000	7.807	3.694
10.549	7.633	15.473	2.763	2.651	9.311	1.840	5.218	2.331	1.364
0.966	8.116	5.747	5.302	1.733	3.533	2.231	5.858	4.434	3.388
19.046	5.565	9.411	4.545	2.715	9.873	5.183	5.262	1.820	3.289
9.955	2.236	7.348	5.971	0.870	18.996	7.656	3.547	0.217	1.837
7.004	7.103	8.442	5.907	2.499	17.302	1.186	4.651	5.113	4.998
2.082	6.218	7.418	5.674	4.785	14.431	5.299	2.043	9.364	0.989
5.240	6.802	0.977	5.519	1.872	15.687	9.977	5.022	6.292	1.805
18.038	1.260	2.170	5.267	2.898	18.545	5.426	5.398	3.957	1.131
4.952	0.411	16.633	3.876	3.686	7.782	1.872	4.973	9.664	1.984
7.059	9.295	16.398	5.601	0.319	6.077	1.730	4.325	2.510	1.505
2.467	5.946	6.581	2.578	2.685	5.147	9.228	3.373	7.605	2.283
15.283	8.617	14.199	6.616	3.649	5.700	4.526	4.499	3.244	4.435
11.756	6.101	7.446	7.605	0.285	8.459	7.833	4.536	7.544	1.509
8.185	5.952	9.690	7.242	1.765	0.020	4.392	4.923	0.564	3.295
4.159	1.146	15.330	4.378	4.413	19.480	6.119	7.665	0.823	2.319
10.968	7.980	3.015	3.317	3.203	5.472	0.091	5.546	1.069	0.145
16.989	0.792	18.826	3.382	0.022	4.467	4.194	4.697	7.369	4.225
3.632	7.787	6.329	5.389	1.855	16.693	4.561	4.598	7.909	4.501
10.684	3.481	11.988	5.599	1.935	7.413	8.710	5.025	4.511	1.193
8.109	3.930	9.279	4.633	2.228	11.272	6.076	6.359	8.890	2.500
10.452	5.664	11.776	4.352	0.476	5.731	3.329	5.049	7.536	4.175
7.829	0.564	5.511	5.986	3.730	6.796	9.884	5.311	5.106	0.391
10.253	3.600	9.057	2.578	2.438	13.177	4.923	4.093	7.194	0.908
19.309	8.670	16.611	3.534	3.406	9.345	2.324	6.625	7.349	3.683
17.063	8.191	12.437	5.171	4.149	8.973	9.647	5.264	8.572	1.797
6.881	7.980	10.250	5.264	0.822	12.600	0.437	5.882	0.630	1.821
10.396	5.601	1.133	4.643	2.500	10.550	9.162	3.833	5.570	1.199
19.314	0.663	10.927	5.263	0.725	11.903	5.321	4.653	0.261	3.679
16.355	7.155	12.181	4.818	0.533	18.583	6.016	5.122	5.255	3.175
3.150	5.670	9.207	3.764	4.265	18.376	7.781	5.192	4.543	4.092
19.216	7.455	17.858	3.547	3.514	13.645	7.130	4.194	7.985	1.630
7.874	7.232	8.392	4.764	3.455	7.436	0.058	5.946	8.372	0.544
4.520	9.927	3.588	4.364	1.229	8.620	5.059	6.033	3.433	3.077
3.269	2.664	0.826	4.723	3.843	14.084	3.215	5.079	8.121	0.868
14.484	7.969	3.631	4.094	0.272	6.961	0.870	5.518	1.853	2.096
11.197	8.148	11.256	4.477	4.878	8.475	0.795	3.162	6.467	0.899
2.668	0.844	16.531	2.575	4.325	3.229	8.712	3.803	1.807	2.918
2.744	0.830	0.257	4.116	0.790	6.988	8.817	4.575	3.044	2.057
0.654	6.277	16.766	5.137	1.820	16.592	8.819	5.136	1.778	0.113
1.477	0.861	14.929	4.431	0.085	12.339	9.561	5.092	1.557	0.304
5.402	7.858	7.146	5.890	4.885	12.412	2.987	3.393	2.757	0.368
10.904	3.112	0.744	3.519	0.689	9.586	5.423	4.937	5.040	4.078
11.330	7.685	11.131	6.036	4.006	2.122	9.469	5.619	2.502	0.165
1.505	7.801	6.859	3.808	0.573	17.179	3.735	4.547	5.295	4.636
19.288	3.234	5.757	4.353	3.644	8.158	0.878	5.226	2.715	0.930
4.194	0.627	6.188	5.462	0.021	14.825	2.431	5.726	3.456	1.841
9.022	2.232	1.532	5.870	0.619	16.832	4.784	4.400	1.702	3.470
13.929	5.821	1.043	4.468	1.457	7.213	3.466	4.721	1.624	1.634
3.329	0.576	2.817	5.225	2.779	5.054	5.807	4.352	2.462	0.977
13.526	5.803	13.859	4.378	3.821	4.493	6.516	5.485	4.592	3.793
13.295	1.640	6.443	4.550	1.000	13.658	5.057	6.788	9.098	1.213
17.372	4.272	19.271	2.545	4.721	3.635	5.571	6.002	4.905	1.701
3.446	3.403	7.706	5.347	3.129	16.640	2.755	4.581	8.928	4.687
9.709	3.666	15.092	4.021	3.933	1.090	6.913	6.236	5.614	0.874
18.393	1.196	8.100	4.305	1.179	17.126	9.043	6.270	9.048	3.983
19.510	8.292	16.772	5.797	0.040	6.028	1.796	4.626	6.418	2.826
2.828	9.315	2.401	6.230	4.964	9.687	4.441	5.274	9.195	4.494
11.106	7.618	2.632	2.130	2.234	17.453	4.640	4.289	2.848	1.341
5.389	7.227	8.681	4.403	4.068	11.383	4.814	5.104	5.772	1.610
8.257	4.863	1.772	3.513	0.484	13.763	0.480	4.330	0.610	1.962
15.698	3.136	15.736	4.880	1.415	15.548	2.600	5.658	8.483	3.099
1.103	3.322	7.256	4.467	3.872	8.533	2.554	4.953	5.481	3.644
18.720	4.618	13.436	4.123	3.998	16.654	9.502	7.459	8.305	2.515
19.042	1.463	4.205	3.938	2.352	4.987	1.317	3.642	7.027	2.159
2.660	9.019	4.073	5.626	2.014	4.249	1.767	6.626	3.472	4.410
4.709	1.582	11.510	5.156	4.799	16.328	5.064	3.273	4.983	4.569
14.058	2.056	8.506	5.726	1.471	3.013	3.605	3.614	1.348	3.793
11.792	3.023	5.219	5.571	0.784	7.131	9.553	5.601	9.917	0.784
8.627	8.117	12.356	5.212	0.386	10.205	0.025	5.452	4.144	2.371
19.801	6.119	1.198	5.058	2.206	13.994	8.221	5.519	2.870	0.526
16.623	6.773	7.588	6.523	4.570	5.167	6.394	5.156	4.637	0.519
0.951	1.943	8.966	7.166	1.988	0.133	2.621	5.611	5.538	0.583
17.688	7.772	18.617	4.811	1.482	13.895	8.450	5.597	5.321	3.541
1.485	7.147	17.107	4.905	0.300	12.545	6.129	6.050	1.259	4.031
15.280	7.675	12.064	4.587	4.607	12.073	4.650	5.714	7.166	0.136
16.244	7.503	4.573	4.439	2.663	3.343	3.357	3.861	8.763	1.062
0.796	9.082	16.223	5.608	1.075	3.899	8.905	4.912	3.613	3.620
2.307	4.460	9.617	5.616	1.302	8.904	7.315	5.228	7.391	4.884
9.286	4.103	8.336	4.609	1.528	0.864	6.971	4.910	9.932	4.158
5.263	3.297	6.057	4.828	4.295	12.411	5.020	3.919	0.388	3.343
14.210	2.145	19.022	6.631	3.822	18.361	0.505	4.219	5.076	4.619
16.882	5.985	7.508	2.547	3.792	2.348	9.719	5.368	4.773	1.570
1.445	9.127	1.802	3.337	0.077	11.176	1.666	4.347	4.963	3.948
16.295	7.543	5.184	4.940	0.217	0.071	8.736	3.965	3.890	0.817
13.192	4.452	14.330	5.386	4.749	4.882	1.382	6.471	5.392	4.920
15.255	8.482	16.808	5.397	3.395	19.730	5.805	5.107	7.550	1.103
8.222	3.577	9.804	5.879	1.845	19.432	4.133	5.110	3.605	4.938
14.987	4.301	5.379	5.525	2.716	6.740	2.593	5.171	8.088	2.388
18.213	1.145	5.796	5.632	0.846	7.225	6.190	4.013	6.875	2.230
4.337	8.960	6.997	5.201	0.077	10.661	7.888	5.464	9.582	0.630
8.202	8.437	7.453	4.579	1.804	4.768	9.207	3.615	4.789	0.595
11.088	7.251	9.325	5.140	0.242	8.956	1.296	5.799	9.070	0.491
19.708	1.209	9.895	2.846	0.234	13.230	6.102	5.813	2.856	1.218
19.726	1.505	12.442	5.487	3.049	13.209	1.690	5.080	8.972	3.214
13.890	0.499	5.823	3.298	0.254	18.379	5.204	5.695	4.108	2.477
6.835	5.220	18.880	5.503	0.726	17.246	3.412	5.395	5.373	4.833
1.687	7.162	10.532	5.624	2.653	5.608	3.454	5.464	7.339	0.140
2.611	0.197	1.801	5.632	4.089	5.434	4.747	4.140	8.460	2.714
18.301	7.624	17.296	6.364	1.428	19.086	3.300	5.212	5.139	0.182
17.309	9.807	12.774	4.981	4.938	12.069	7.399	4.480	3.110	0.139
16.696	3.268	1.593	4.299	1.661	14.627	6.330	4.027	7.527	0.906
8.236	5.223	0.877	7.345	1.360	14.356	3.641	4.799	6.267	2.257
2.521	6.252	10.754	5.183	2.595	4.281	6.668	4.910	0.364	4.066
12.124	5.957	12.440	5.463	0.564	5.942	1.555	7.269	2.395	1.536
12.081	5.211	16.097	5.614	4.898	7.173	9.285	5.336	6.730	4.992
15.651	1.141	12.370	5.570	1.641	15.220	5.298	5.198	0.409	1.472
3.724	2.080	7.518	3.699	4.482	15.336	6.528	5.921	1.774	3.357
1.309	6.060	10.421	3.598	2.336	9.028	0.046	5.185	5.828	3.790
8.385	4.688	11.971	5.195	4.039	0.529	3.532	5.859	8.117	3.398
3.540	8.912	9.116	6.211	1.828	4.207	6.107	3.869	2.686	4.818
0.716	4.017	8.284	3.942	2.558	16.369	8.946	5.829	2.697	4.201
18.873	5.407	19.908	5.435	0.289	4.741	2.861	4.254	0.289	1.807
6.570	7.776	15.081	4.651	0.424	19.015	9.918	6.449	8.190	4.900
6.840	0.878	10.712	4.360	1.996	3.050	0.182	3.700	3.239	3.496
15.924	5.056	14.402	5.280	0.827	12.926	3.729	3.619	2.263	0.056
7.306	7.940	19.266	4.484	2.098	8.826	3.648	5.545	8.203	1.228
18.392	1.449	2.756	3.565	2.961	6.231	0.242	4.812	0.166	0.007
7.046	5.354	5.397	4.891	3.805	17.888	9.927	5.061	4.455	1.127
12.834	3.478	7.146	5.735	4.614	3.526	3.272	4.393	7.466	1.358
16.977	1.653	18.689	5.684	3.717	14.487	6.754	5.043	9.193	0.401
8.442	8.338	5.287	3.738	0.836	13.849	5.642	5.300	3.023	3.455
8.018	6.205	15.175	4.637	4.983	17.276	7.350	3.306	4.241	2.012
3.389	9.354	0.648	5.814	2.528	19.864	2.957	5.184	1.600	0.357
17.605	5.135	0.338	5.244	2.425	13.032	0.536	4.795	6.923	2.676
3.815	4.929	0.976	4.572	2.355	7.750	6.310	6.265	6.732	4.897
2.031	4.315	10.119	5.539	4.145	6.103	4.951	6.828	5.353	4.485
1.758	9.938	14.232	4.217	0.834	18.504	5.113	2.947	6.804	3.168
18.262	8.680	0.230	4.817	4.777	18.300	6.943	6.126	8.739	0.725
1.901	1.449	16.018	3.578	3.484	9.547	8.931	5.740	6.346	4.881
14.939	9.557	6.013	4.216	4.208	2.740	1.105	5.131	8.123	1.078
0.838	5.282	6.152	5.966	1.883	0.643	7.726	4.841	2.681	0.267
10.387	2.059	7.380	5.070	4.175	13.145	9.069	4.096	5.100	2.729
1.223	3.004	7.119	5.339	2.661	8.336	1.913	7.529	2.847	4.751
9.988	8.854	14.904	4.828	4.417	14.057	0.747	4.499	3.156	2.944
5.896	9.424	9.327	4.729	0.564	16.911	6.605	6.348	6.429	2.949
2.882	4.318	3.228	3.854	3.487	11.130	1.664	5.847	5.135	4.840
1.166	1.323	19.005	3.988	4.252	5.559	0.754	6.506	4.399	2.956
1.157	0.083	7.639	6.111	1.269	4.773	1.534	5.706	5.086	4.121
0.532	8.051	12.135	4.167	1.516	14.490	5.179	5.248	5.730	2.928
6.009	6.938	7.140	5.885	0.695	15.650	6.103	2.774	3.830	2.766
1.174	4.280	17.904	3.888	1.802	9.753	3.479	6.609	7.142	4.964
17.444	6.308	1.382	4.330	3.004	11.725	1.126	4.685	8.508	0.067
14.774	8.621	6.984	3.968	1.956	17.391	5.131	4.421	6.337	0.616
3.866	9.560	13.227	6.377	4.046	13.342	6.410	4.518	4.757	2.225
1.110	1.647	3.452	5.311	2.600	15.867	1.625	6.017	8.638	4.130
17.008	2.089	7.804	4.809	4.882	11.511	2.650	6.292	2.551	0.031
11.461	2.630	3.246	5.863	4.048	13.533	3.008	4.547	1.986	1.729
16.765	9.332	1.504	5.198	3.749	3.009	8.849	4.870	6.940	0.337
7.612	4.021	16.016	4.557	3.893	4.418	8.381	5.374	2.301	1.254
0.438	8.082	17.600	6.858	1.960	13.466	5.026	3.741	4.996	4.527
7.459	8.234	18.679	5.205	0.210	13.212	5.886	4.801	1.685	1.799
7.065	3.663	9.526	4.575	3.388	5.232	3.011	3.830	6.758	3.664
5.723	0.889	16.150	2.703	4.469	8.299	8.278	6.475	2.010	1.467
18.544	5.513	0.661	4.700	3.626	4.200	3.098	5.322	3.055	1.683
3.087	0.926	0.577	6.417	3.545	10.245	6.755	6.347	1.559	3.674
0.128	7.055	19.427	5.006	4.907	8.776	1.768	4.460	0.414	3.829
12.292	4.904	19.855	4.707	3.380	9.406	1.789	5.045	4.249	3.692
8.874	2.171	10.351	6.072	2.975	4.983	6.432	5.420	2.919	3.916
1.070	7.100	4.494	4.444	2.645	1.313	2.261	5.073	3.882	1.154
7.185	6.568	4.785	5.064	1.649	5.039	4.478	4.076	4.449	1.133
7.476	1.470	11.754	5.970	3.156	5.525	7.030	6.938	4.612	3.564
10.223	6.607	7.945	6.991	2.191	15.945	6.264	5.214	5.033	3.834
19.962	9.972	1.234	5.257	4.622	11.808	6.042	3.174	7.460	1.463
13.898	9.237	5.960	4.686	4.925	13.402	7.494	6.313	4.748	4.332
11.553	3.094	17.168	5.533	0.375	0.028	9.403	4.599	5.310	1.754
8.955	6.290	1.315	5.638	4.914	15.362	5.334	5.384	4.341	3.705
6.158	5.699	4.652	4.593	1.772	4.040	4.476	6.445	6.817	4.900
0.663	2.330	11.320	5.182	4.055	1.612	0.901	3.525	9.333	2.321
18.489	1.203	4.534	5.061	2.279	13.576	1.963	6.585	5.809	4.523
14.759	2.890	3.125	5.016	2.417	10.130	1.746	3.937	5.657	0.338
19.320	2.876	18.002	4.215	1.480	18.459	1.414	5.145	5.312	1.250
9.052	7.678	11.297	6.580	0.738	18.848	3.135	3.073	0.205	0.674
7.588	9.116	14.601	3.529	0.495	12.352	3.724	5.320	8.754	2.320
12.172	6.220	19.425	6.119	4.562	18.791	9.007	5.869	3.849	4.809
13.741	8.466	4.441	3.847	4.403	18.430	1.781	2.461	4.819	4.706
3.882	5.766	16.137	5.192	2.805	14.836	3.756	4.507	1.636	0.254
9.371	8.430	10.406	5.553	2.030	12.395	9.522	5.551	1.330	4.923
4.916	8.893	0.709	4.648	2.562	7.417	5.081	4.678	4.663	0.592
2.868	5.711	12.487	5.035	1.597	8.165	5.294	5.160	9.757	2.605
10.286	3.938	14.043	5.483	1.369	18.250	1.980	5.634	5.313	1.464
9.203	3.880	3.723	5.035	3.548	17.143	1.655	4.591	7.080	4.328
15.670	5.435	17.648	4.613	0.747	11.611	1.372	3.205	8.173	2.014
11.242	1.050	17.550	1.851	4.962	6.232	4.978	3.250	7.808	0.489
17.999	5.228	2.498	5.515	0.528	8.334	0.988	6.069	5.134	3.474
9.772	2.702	18.380	5.274	2.058	10.692	4.249	4.392	6.299	1.289
7.493	2.819	13.580	4.878	1.251	16.589	1.663	5.535	5.388	2.185
19.169	1.271	9.276	4.238	0.998	4.521	3.617	3.593	4.752	2.314
16.193	6.867	13.304	4.972	3.831	4.012	2.477	5.059	9.798	2.548
12.412	1.040	5.675	3.872	0.571	4.988	4.875	4.390	7.785	1.248
18.578	0.087	4.791	5.435	4.622	9.103	6.628	4.421	6.857	2.984
19.991	2.114	17.287	6.519	3.311	18.719	0.306	3.828	0.200	2.300
14.554	5.747	10.387	5.635	2.239	11.603	4.231	6.307	4.945	0.045
15.842	0.721	12.504	6.403	1.097	15.122	1.574	6.182	7.015	3.303
5.138	4.587	11.120	4.937	0.797	6.016	3.388	3.397	9.384	4.812
14.611	9.811	8.895	3.788	2.098	1.926	2.900	5.474	6.016	3.723
5.461	7.679	18.034	3.182	1.528	16.505	5.999	3.047	6.392	4.816
17.798	2.986	10.976	5.801	1.587	19.819	1.014	5.665	1.257	3.374
6.753	1.351	2.488	5.955	1.013	7.093	7.006	4.600	0.018	3.760
16.734	8.033	7.131	5.871	3.151	14.655	5.869	4.780	1.400	3.677
14.129	6.899	1.069	4.803	1.622	5.241	8.515	5.578	0.390	2.654
19.611	0.690	11.506	5.761	3.041	7.654	3.992	5.072	6.827	0.991
12.742	8.222	19.014	4.414	4.247	13.544	9.177	5.443	2.166	2.435
14.440	0.930	9.289	5.790	2.672	2.199	4.737	5.784	7.171	1.503
8.330	2.739	10.978	5.006	1.910	9.633	6.235	6.635	5.346	1.882
0.164	7.362	2.442	3.195	1.146	8.785	6.185	4.143	8.146	1.034
2.971	3.487	19.662	7.347	4.559	4.664	5.241	5.235	8.793	4.290
2.996	3.404	1.131	4.107	1.841	9.610	5.201	4.864	9.894	3.554
10.612	9.902	18.695	4.445	4.993	15.462	4.673	6.292	9.471	0.003
10.433	4.404	5.369	5.424	1.976	11.288	2.354	5.121	9.848	1.491
17.822	7.559	9.386	5.272	2.142	17.464	6.517	5.247	1.365	0.110
9.775	7.977	13.989	4.744	3.844	3.499	0.960	3.906	2.201	3.449
6.023	3.514	13.388	4.951	0.642	13.539	2.957	5.525	8.044	2.407
15.305	1.582	10.245	3.962	4.721	8.320	8.743	5.930	8.424	4.772
11.145	5.817	9.619	4.889	2.659	10.163	5.381	6.378	9.007	0.068
10.370	8.225	19.642	5.707	2.419	1.123	8.841	5.871	6.461	0.781
9.493	1.481	14.157	6.046	4.118	8.906	4.339	5.947	4.039	1.216
19.657	4.461	2.598	4.855	3.281	17.446	6.138	4.990	0.178	1.191
2.055	6.449	12.319	4.678	2.795	11.998	7.057	3.590	0.563	3.435
15.242	6.743	4.290	3.634	4.634	1.222	1.214	5.808	9.125	3.815
4.071	1.518	5.969	6.222	1.176	0.226	9.546	7.207	3.278	0.776
10.113	6.773	10.176	5.059	3.306	8.224	2.172	4.732	5.894	4.759
19.254	4.854	17.670	5.675	0.532	19.515	7.405	5.131	3.104	0.543
6.007	3.750	3.214	5.555	2.238	3.416	9.342	6.049	7.129	3.808
9.104	1.786	16.827	3.649	3.187	15.870	6.433	3.144	9.166	3.035
1.272	7.428	11.356	3.891	0.426	7.753	9.688	6.382	8.154	1.027
10.497	1.945	15.508	4.452	2.719	1.425	0.288	7.432	6.535	2.727
1.626	3.431	19.920	4.928	2.092	1.776	1.963	6.359	3.294	2.234
9.701	8.495	6.803	2.528	2.853	2.436	7.333	3.358	5.213	1.312
1.198	3.227	18.159	6.524	3.221	5.992	9.985	4.499	1.799	4.820
7.600	8.860	17.092	3.961	3.993	18.772	3.199	5.343	1.339	3.235
18.837	8.077	19.048	4.448	3.148	3.351	4.010	3.925	6.516	0.809
3.300	2.352	4.529	4.948	2.781	14.142	1.387	4.945	6.533	2.841
3.165	4.695	1.099	5.377	0.393	2.992	1.333	4.953	4.895	4.651
7.795	9.854	3.872	6.502	0.393	5.106	0.290	4.706	2.583	2.076
14.065	2.577	8.325	5.158	1.480	6.397	5.133	4.927	1.551	3.554
8.255	8.552	4.837	6.274	3.078	2.152	7.172	5.622	9.633	4.318
18.132	1.417	9.040	3.562	0.230	0.470	3.625	5.005	3.746	1.942
18.556	5.360	9.463	5.355	4.805	17.839	7.828	5.062	2.604	4.528
18.534	6.296	7.805	4.059	2.658	6.136	4.836	4.367	7.931	1.463
13.403	6.116	4.612	5.014	4.274	3.941	9.232	7.233	7.423	1.852
2.260	8.046	2.496	6.255	0.040	4.821	5.590	3.757	6.162	2.102
3.398	4.860	9.874	3.362	1.184	3.218	5.746	5.803	5.007	4.609
17.123	5.297	13.675	3.684	1.322	0.035	4.692	6.591	2.518	0.275
12.444	7.186	16.239	3.877	4.806	9.637	0.143	5.641	3.243	4.012
1.549	9.756	11.305	4.667	1.278	1.539	1.289	6.209	1.426	2.124
0.781	9.713	9.380	5.395	0.918	8.994	8.864	5.949	2.192	4.672
18.182	9.523	10.663	6.543	1.945	3.024	3.403	5.238	4.631	4.457
10.714	1.001	16.290	5.109	3.352	18.056	5.893	4.884	5.854	3.614
3.168	1.763	10.104	5.081	4.024	13.714	9.327	5.922	3.502	4.599
17.971	7.287	0.864	4.568	2.657	15.508	5.778	3.585	4.619	3.523
4.687	2.127	3.975	3.880	4.457	3.291	4.222	6.718	6.683	1.796
13.245	7.026	19.071	3.709	4.349	2.389	0.328	6.389	0.277	0.532
1.689	2.258	16.303	5.634	2.570	16.476	8.524	5.989	7.652	3.336
8.366	2.297	15.905	5.212	0.750	11.117	4.298	5.973	4.324	0.364
19.023	5.696	18.465	6.097	2.518	5.140	3.582	4.884	0.617	0.383
11.001	4.494	1.626	5.469	4.298	17.206	1.277	5.609	1.856	4.910
16.534	5.973	7.617	5.270	4.107	16.192	8.217	5.752	8.227	4.846
15.484	9.494	14.373	5.583	3.547	5.259	8.107	3.698	7.529	4.116
3.321	5.172	5.353	6.551	1.954	4.083	2.619	6.295	4.922	2.146
3.732	7.441	3.324	4.492	4.343	15.522	6.268	5.217	3.332	2.884
16.332	9.899	14.025	3.939	1.142	3.946	0.032	5.581	0.104	4.593
3.397	1.609	14.871	5.155	1.953	3.040	9.612	6.639	8.163	4.099
3.327	3.186	12.849	5.605	2.473	13.952	3.512	5.983	4.475	2.162
17.715	6.523	12.343	5.008	4.816	7.882	0.914	6.940	0.851	3.299
10.594	0.205	8.643	4.704	2.499	18.880	9.982	3.160	6.253	4.111
12.093	4.227	2.984	5.147	4.174	5.164	2.037	5.164	2.738	4.346
0.130	8.438	14.069	3.071	0.526	2.787	5.218	3.785	5.645	0.536
6.711	4.294	16.719	5.111	0.742	18.482	2.044	5.608	2.925	4.949
1.628	1.228	18.400	5.076	0.808	16.452	4.112	2.984	2.992	2.867
0.481	9.756	12.369	7.207	1.223	9.922	5.068	4.658	2.524	3.520
18.047	0.701	3.261	6.144	0.373	6.921	2.402	5.706	2.544	3.256
19.813	5.686	5.499	4.630	4.818	10.145	5.926	6.154	5.267	2.469
1.561	2.357	12.159	3.504	0.704	18.182	0.281	5.529	6.813	1.569
8.823	6.241	9.177	6.277	1.407	15.525	0.663	4.851	3.722	4.664
14.509	3.745	2.336	4.809	1.314	1.482	3.865	4.404	1.899	2.849
8.421	5.058	19.501	4.702	3.074	4.627	4.508	4.064	9.635	1.812
3.346	1.770	17.796	4.439	2.948	6.817	9.289	3.819	5.151	4.854
5.281	9.895	19.471	2.394	4.207	11.649	7.068	6.865	4.909	1.724
15.414	1.284	8.821	4.408	1.070	19.114	2.139	7.074	1.936	1.544
16.443	9.782	13.418	4.349	4.615	13.010	1.113	5.302	0.372	2.621
16.558	3.052	5.568	4.401	0.162	5.287	7.218	5.247	4.142	3.139
4.980	7.763	1.114	5.129	4.620	0.148	1.633	5.867	3.013	2.320
10.861	9.159	14.865	3.436	4.312	4.965	9.962	6.315	2.973	3.520
1.018	2.352	13.578	5.828	0.526	11.792	7.011	5.411	3.493	1.096
1.008	4.377	16.707	3.562	1.346	10.954	4.153	4.909	2.239	0.537
8.847	8.486	16.498	6.767	3.377	18.727	1.200	4.931	3.159	4.186
4.836	7.341	15.721	6.158	2.877	6.590	4.303	6.030	3.499	2.457
11.790	5.133	10.468	5.503	4.972	13.108	6.150	3.924	0.313	0.393
7.246	9.875	2.755	4.648	1.553	0.144	1.944	3.495	7.377	4.630
7.315	1.453	12.295	6.542	1.334	5.703	1.653	4.689	4.527	1.197
12.515	6.843	11.228	4.919	1.082	6.218	9.938	6.784	3.204	4.522
17.009	3.048	15.279	4.643	3.965	9.507	1.114	5.066	4.299	1.014
14.823	8.557	11.087	5.848	2.093	11.956	2.912	4.887	6.215	1.885
0.766	0.462	16.303	4.759	3.387	4.666	2.845	3.261	2.950	3.645
19.347	3.699	10.477	4.947	1.946	11.574	8.814	5.945	2.795	4.571
9.132	1.176	8.164	4.220	2.261	6.876	7.867	4.813	1.807	3.441
0.204	8.054	4.535	4.789	0.405	9.986	7.469	5.714	1.410	2.051
16.307	1.809	5.428	3.959	2.030	13.166	5.641	4.298	1.146	1.719
14.742	9.281	4.918	4.528	4.832	5.785	9.160	4.188	4.931	2.321
6.102	5.710	1.219	3.468	4.656	15.188	0.030	5.488	8.282	2.098
19.323	1.368	19.025	3.211	3.834	5.997	6.509	5.137	7.044	0.057
2.429	4.260	19.108	5.476	1.785	4.000	2.909	5.070	2.988	0.282
16.542	1.287	0.951	5.676	4.235	17.200	2.024	4.367	3.907	1.824
14.521	3.828	11.442	5.178	1.542	11.195	8.204	5.182	6.018	4.588
11.674	2.318	1.267	5.378	0.902	9.487	8.288	4.482	8.931	0.347
