18.307	0.918	1.848	0.635	-0.514	7.671	0.473	2.887	8.613	3.386
14.620	0.909	0.281	0.811	2.314	5.540	-1.196	3.808	1.588	4.245
0.456	1.169	-0.595	3.849	0.914	4.202	0.160	7.532	7.440	0.146
16.816	-1.087	0.100	0.718	-0.517	17.147	-0.349	0.059	3.480	2.174
1.097	-0.501	-0.025	0.149	1.301	0.433	0.210	4.290	0.435	3.823
4.583	-0.022	1.100	1.503	0.536	7.149	-0.004	5.124	4.883	0.711
12.820	-0.989	-0.655	0.723	-1.097	2.841	-0.219	1.551	0.716	3.709
19.402	1.306	-0.492	2.916	2.015	6.378	0.599	2.984	9.420	1.999
19.472	-1.213	0.736	0.732	0.648	14.577	-0.657	6.590	1.331	4.803
17.621	1.730	0.161	3.752	-0.597	3.320	0.263	2.513	8.283	2.025
16.589	0.285	-1.947	2.811	-1.003	16.845	-0.504	5.211	2.618	0.538
4.635	0.443	1.266	2.634	-0.145	4.231	-0.466	5.219	1.793	4.204
8.033	-1.020	-0.018	2.022	-1.721	4.919	0.949	7.063	7.066	0.982
17.820	-0.514	0.544	2.430	-0.753	9.904	0.022	2.256	4.208	2.183
3.498	0.544	-0.842	2.662	-0.024	19.184	1.206	1.548	6.286	2.558
12.670	-0.316	-0.718	4.102	-2.095	11.022	0.372	4.449	2.624	2.919
6.771	1.800	0.843	1.344	0.243	7.743	0.328	3.560	9.447	0.062
19.476	1.280	-0.029	0.906	0.471	14.951	0.321	8.165	8.871	4.012
8.573	1.723	0.038	0.562	1.440	15.266	0.412	6.466	8.223	2.298
15.684	-2.004	-1.174	2.180	0.687	19.485	0.530	1.907	9.227	3.502
19.691	0.158	1.137	2.698	0.015	7.452	0.808	7.129	5.398	0.898
15.873	-1.170	0.105	2.349	0.659	14.255	-0.936	4.361	7.358	0.075
2.702	2.954	0.378	3.413	1.490	15.779	-0.192	3.324	3.566	4.523
17.021	0.890	-0.485	3.402	-0.351	14.364	-1.264	0.015	3.828	0.268
2.366	0.536	0.872	4.612	0.503	5.482	1.089	2.620	6.828	0.940
3.223	0.726	-0.576	0.745	0.203	16.617	-0.340	9.444	1.227	4.120
17.638	-0.122	1.189	4.890	-0.150	2.415	1.075	2.712	4.376	1.530
0.564	1.505	-0.199	0.762	-2.106	9.052	0.497	0.658	8.285	0.354
15.613	0.810	1.426	2.574	-0.352	6.331	-1.758	7.911	4.164	1.887
11.264	1.488	0.941	3.257	-0.986	2.572	0.501	9.987	7.732	3.806
5.319	-0.905	-0.172	2.053	-0.189	4.235	0.492	6.626	7.531	4.574
4.082	-0.420	0.234	4.976	-1.209	7.032	-1.102	0.770	6.027	0.170
12.737	1.977	0.802	3.605	-1.875	4.099	-0.371	6.154	0.444	0.091
12.407	0.533	-0.766	2.099	1.376	1.924	0.057	4.750	6.333	4.341
1.345	0.803	0.392	0.157	0.184	16.659	-0.072	0.032	2.012	3.581
13.224	-0.947	0.662	1.223	-1.293	10.643	0.745	6.995	0.149	0.179
16.678	-0.926	1.307	3.111	-1.098	9.034	-0.424	3.759	3.435	1.833
14.160	0.269	-0.585	1.832	0.378	8.243	1.679	1.307	0.205	4.481
18.362	-0.768	-0.010	4.683	0.421	13.817	0.709	3.249	1.807	1.833
14.129	-1.815	0.796	2.304	0.135	0.535	-1.239	8.470	3.056	3.363
4.934	-0.062	-1.167	1.735	0.128	1.859	-0.812	7.635	2.324	1.135
14.374	-0.307	-1.224	0.886	0.607	13.574	0.613	3.252	7.361	1.577
15.715	-0.817	-1.128	2.356	0.182	10.122	-0.946	2.765	9.256	2.777
0.065	-0.127	0.789	1.065	-0.838	6.417	1.534	8.083	4.382	1.228
1.805	-1.677	0.584	4.826	0.920	4.652	1.904	4.678	4.186	3.442
12.257	-0.568	1.087	2.579	-0.516	0.992	-1.301	9.085	3.909	4.155
8.387	-1.448	0.252	3.573	1.719	7.574	0.608	0.469	4.324	2.432
13.106	0.448	-0.591	4.377	0.314	1.974	-0.010	5.498	1.012	1.886
6.450	-1.659	-0.630	0.664	-1.469	10.220	0.537	6.512	2.641	3.658
1.018	0.348	-0.566	0.150	-0.404	11.580	0.168	8.478	7.008	3.447
12.088	-0.753	1.964	3.470	0.178	10.650	0.442	1.457	9.383	4.992
7.113	0.430	-2.225	2.202	-0.334	15.800	0.278	8.490	9.185	2.631
15.876	-1.229	-1.127	0.722	-0.994	3.284	0.276	1.515	9.090	3.319
4.345	0.596	-2.141	0.759	-1.415	12.088	-0.015	5.890	7.504	4.462
1.507	0.323	-0.644	0.724	1.274	19.219	0.942	1.288	3.251	3.769
12.390	0.418	0.028	0.308	0.890	8.675	-1.990	7.902	6.925	4.467
1.890	-0.815	0.917	2.567	-0.279	9.977	0.341	4.272	6.274	1.189
18.964	-0.107	-0.422	0.915	1.438	7.639	-1.247	7.900	3.315	3.366
17.660	-0.416	-1.072	4.268	0.852	2.429	-0.003	2.817	4.103	3.237
14.390	-0.095	1.054	4.893	1.803	19.943	-1.702	2.714	5.222	2.446
13.121	1.171	-0.557	3.161	1.105	18.939	-0.500	1.768	4.487	0.927
13.902	0.868	-1.009	3.875	0.520	12.043	-0.013	9.244	2.534	1.187
10.729	-0.032	-0.473	1.712	0.348	4.061	0.115	7.898	0.549	4.280
8.944	1.343	-1.057	4.009	1.517	15.324	2.102	3.434	8.705	3.661
7.607	-0.130	0.374	0.998	-1.229	16.037	1.604	5.428	1.696	4.923
9.555	1.250	1.122	3.741	1.661	19.244	1.188	1.411	8.517	4.188
5.954	-0.968	3.126	4.170	1.075	17.383	0.620	7.897	8.633	0.774
8.750	0.797	-0.622	0.997	-0.863	7.330	1.475	2.123	3.162	2.791
13.452	1.549	0.468	3.102	1.527	6.379	-0.600	1.837	2.657	0.489
1.333	-0.465	-0.922	3.336	1.272	18.991	-1.412	0.460	8.668	4.284
10.053	1.314	-0.511	3.575	-1.169	11.180	1.657	0.263	2.538	0.439
8.864	0.167	0.806	1.442	-0.521	9.686	0.755	7.093	3.319	0.970
19.719	1.083	-1.159	3.157	0.272	17.556	-0.113	3.582	2.448	2.095
9.573	0.846	-1.895	2.436	0.842	14.304	-0.872	2.446	5.467	1.886
17.596	0.652	-0.970	3.457	-0.583	6.858	-0.546	7.540	8.147	4.447
8.208	0.879	-0.703	1.135	-0.064	4.127	-0.003	4.790	1.808	3.349
11.605	-1.387	0.754	3.812	-0.464	11.285	0.309	0.547	0.558	3.393
3.115	1.489	-1.492	1.294	-0.103	17.601	-0.126	2.819	3.275	3.615
2.490	0.929	-0.164	3.487	1.256	3.848	0.889	5.263	7.784	3.493
4.616	-0.152	1.121	0.093	0.635	7.925	-0.014	1.839	9.167	4.746
9.350	-0.040	0.588	0.885	1.372	15.455	-0.135	5.484	7.034	4.614
14.245	-0.486	-0.009	3.500	0.970	3.378	-0.016	9.476	5.615	1.997
5.281	-0.545	-1.004	0.121	-0.521	18.660	3.217	7.543	4.795	3.606
1.129	-0.200	0.879	3.752	-0.584	14.481	-0.165	6.467	7.298	2.242
14.736	2.652	2.480	2.165	-0.303	6.761	-0.932	7.834	3.304	4.980
7.357	0.564	0.713	2.244	-1.745	14.446	-1.643	4.660	4.721	1.755
18.009	0.104	-0.928	2.985	1.275	17.556	-1.175	6.679	4.993	4.660
1.283	-0.783	0.308	0.821	0.927	15.809	1.732	5.710	1.735	4.118
15.525	-1.273	0.600	4.004	-0.252	8.732	-1.261	9.895	4.102	1.838
8.980	-1.203	-0.077	4.505	-1.394	7.861	-0.276	5.580	1.386	3.205
11.641	1.080	-0.911	3.809	-1.236	10.727	-0.704	7.641	0.152	0.585
15.446	-0.347	0.472	0.172	-1.236	5.691	-0.134	3.659	8.433	1.301
19.152	-0.669	-1.541	4.031	1.096	11.397	-0.134	8.214	7.466	0.159
0.290	1.243	0.383	4.961	-1.206	5.090	-0.479	1.657	7.217	2.645
7.908	-1.721	0.021	1.290	-1.393	2.237	0.097	1.947	8.588	1.244
14.988	0.028	1.160	0.747	0.832	9.072	0.408	6.497	0.001	4.462
19.319	0.261	-0.431	3.264	0.650	8.650	-0.658	3.028	3.259	1.958
15.072	0.055	-0.370	2.418	-0.138	6.138	-0.732	2.592	6.095	2.448
10.423	2.464	0.404	1.077	-0.191	12.394	-0.641	3.267	2.165	4.376
12.487	-2.171	-0.098	4.215	1.758	19.108	-1.366	6.563	1.408	1.160
6.795	-1.178	1.723	2.237	1.113	3.004	-0.084	3.138	7.933	2.196
14.645	0.271	1.415	3.987	-0.918	5.302	-0.245	5.223	3.249	0.976
11.955	-0.809	0.958	0.205	-0.810	7.321	-1.248	1.699	2.500	1.587
6.678	-1.490	0.180	1.652	-0.687	2.420	-1.454	8.989	5.405	2.700
9.845	0.947	-0.257	3.366	-1.036	15.001	-1.388	4.906	3.885	1.023
16.694	0.180	-0.307	1.696	0.563	7.344	-0.259	2.346	7.324	1.351
9.469	-0.029	0.145	2.187	-0.175	9.558	0.775	9.281	3.614	3.592
4.651	0.729	0.423	0.656	0.014	10.268	0.236	4.468	0.937	3.101
18.298	-0.063	-0.162	2.695	-1.498	8.719	0.188	0.521	9.539	3.750
18.671	-0.739	-0.730	2.020	2.256	14.809	0.510	5.575	1.831	1.301
15.239	-0.519	-0.195	4.655	-0.189	8.275	-0.253	2.873	0.569	1.219
2.521	1.526	0.003	4.162	0.172	18.816	0.561	3.779	6.538	1.763
0.557	1.487	-1.934	1.838	-0.280	14.283	1.850	9.371	6.355	4.542
4.012	-0.228	0.887	4.917	0.806	11.428	-0.043	8.835	1.737	3.658
14.845	0.062	-0.671	1.539	2.653	1.028	-1.258	4.870	6.472	2.722
18.976	-0.443	-0.390	3.447	0.263	15.405	-0.740	5.999	7.290	0.785
16.365	0.592	0.576	1.333	-1.229	6.315	-0.416	6.301	7.100	0.333
9.477	-0.345	-0.536	2.091	0.536	4.609	-0.530	6.789	4.798	1.421
4.958	-0.001	0.776	1.107	-2.624	13.642	1.263	1.707	7.144	4.967
7.142	0.948	-0.847	0.384	-1.186	16.607	0.822	3.274	0.953	1.077
4.936	-1.397	1.378	2.601	0.115	10.374	1.547	3.937	7.053	3.064
13.114	-1.179	0.071	1.153	0.956	12.223	1.874	2.280	2.138	2.623
12.114	-1.379	-0.899	4.956	-1.667	7.117	1.002	9.075	5.687	3.388
5.718	1.054	0.468	4.901	0.982	14.543	1.583	8.747	6.720	1.177
10.477	-1.213	-0.474	0.852	-0.329	8.252	-0.968	8.666	6.940	2.583
9.784	-0.170	-0.482	0.432	1.668	1.843	0.689	3.343	8.404	3.850
16.794	-1.303	-0.749	3.942	-0.854	10.075	-1.851	0.924	0.955	3.871
12.051	0.543	-1.187	1.845	2.188	5.325	0.611	6.996	0.941	2.756
13.852	0.457	0.166	3.046	1.813	16.526	1.165	5.927	6.949	0.343
3.805	-0.735	2.031	0.398	-0.099	9.598	-0.489	5.266	5.169	1.794
10.287	-2.043	-0.731	1.501	0.436	9.703	-0.705	9.930	2.775	4.996
17.210	-1.975	1.455	0.911	0.294	4.862	0.146	1.941	9.033	3.518
6.802	1.912	0.541	0.448	0.619	11.581	1.460	7.751	7.511	1.309
16.905	-1.987	1.200	2.944	-0.026	9.067	1.098	3.996	2.435	1.770
9.003	-1.894	1.111	1.493	-0.216	2.416	0.282	9.110	1.203	3.682
9.950	-0.573	-1.193	3.929	-0.058	4.648	-0.376	1.679	7.010	1.658
17.724	-0.746	-0.320	4.807	-0.041	17.297	0.330	7.914	0.602	1.014
4.869	1.297	0.486	1.916	-1.436	14.393	2.371	1.070	0.351	2.252
4.070	0.295	-0.467	3.436	0.780	19.356	-1.478	3.180	7.716	2.884
5.700	1.026	0.235	0.659	-1.956	8.279	-0.668	4.350	7.841	0.464
1.412	-1.136	-1.112	2.004	0.542	5.027	0.962	2.784	0.381	3.625
5.151	0.842	1.209	4.461	-0.070	1.051	1.342	8.027	7.950	3.738
2.557	1.639	0.966	0.143	1.396	14.003	0.545	8.445	3.258	1.321
18.651	-2.031	-0.607	2.795	1.230	12.954	-1.588	9.637	2.218	0.463
4.851	0.750	0.933	2.054	-0.570	16.314	-0.274	4.492	8.554	3.316
3.279	2.274	-0.364	4.512	-0.946	17.871	-0.063	9.616	4.908	2.947
6.612	1.087	-2.149	0.104	-0.568	2.868	-1.293	7.776	9.994	3.780
6.434	0.504	0.580	0.206	1.384	0.376	0.150	5.826	8.129	0.698
12.770	-2.416	-0.243	4.432	1.562	11.337	0.008	4.367	9.405	1.753
17.363	0.874	0.109	2.009	1.564	7.564	-0.244	7.612	9.699	3.453
19.618	-0.507	1.187	2.900	0.398	10.106	0.556	3.675	0.547	3.572
14.266	1.094	0.969	0.092	1.412	18.240	-0.092	6.253	3.161	2.181
18.691	0.395	1.110	4.938	0.558	19.919	1.311	0.862	7.466	0.818
6.463	0.685	-1.608	0.687	-0.190	2.479	-0.830	5.810	7.528	2.279
8.516	0.228	0.866	2.580	0.633	6.269	0.381	7.849	2.373	1.311
7.522	2.179	1.149	3.839	0.437	16.756	0.043	7.249	6.404	0.782
5.083	-0.333	-0.942	1.868	0.221	9.672	2.252	8.857	2.037	1.542
10.946	-1.618	0.140	4.940	0.155	11.169	-0.703	6.987	8.627	4.456
18.797	0.388	2.073	2.263	2.757	12.515	0.076	5.401	0.384	3.405
0.290	0.273	-0.049	0.498	0.369	9.426	-0.342	4.894	9.509	1.642
15.837	-2.376	0.567	0.900	-0.003	14.270	-1.142	3.061	6.482	0.516
13.062	0.489	-1.090	2.217	-0.472	17.018	1.880	1.949	9.348	3.669
5.180	0.415	-0.331	3.441	-0.420	16.809	0.748	6.605	3.259	2.367
14.653	1.224	-0.013	1.339	-0.677	15.543	-0.525	6.694	8.066	4.463
10.946	-0.818	0.253	2.165	-0.739	10.966	-0.300	9.444	2.411	3.790
17.807	-1.246	-0.302	4.664	0.261	12.664	-0.917	6.123	2.621	3.257
6.525	1.076	-0.500	3.267	0.496	10.239	-0.096	3.130	8.774	1.329
7.223	-0.680	1.209	0.614	1.079	10.651	-1.210	3.054	0.480	1.140
13.583	-1.209	-0.426	1.224	-0.033	5.924	-0.806	7.868	5.851	4.553
16.481	-0.437	-0.932	4.555	-0.090	17.877	-0.918	0.597	9.716	2.016
13.474	0.108	-0.373	4.315	-0.916	16.047	0.503	8.849	0.350	0.359
12.802	-0.579	0.045	0.091	-0.180	9.611	-0.949	1.871	7.476	1.660
7.923	-2.032	0.387	3.723	-0.565	15.013	-0.606	8.536	0.579	3.365
17.050	1.805	-0.034	0.798	-0.487	8.803	0.685	4.475	3.361	0.828
2.544	0.735	1.696	0.840	-0.441	9.640	0.076	6.292	6.327	3.676
16.013	0.492	0.105	3.539	0.147	1.357	-0.176	3.984	8.714	2.315
7.394	-0.682	0.096	2.931	-0.366	7.807	-1.434	6.400	0.343	3.568
1.620	-0.498	1.075	4.347	-2.447	11.676	0.367	6.045	7.000	4.744
12.603	-0.656	1.178	1.048	-0.877	15.201	-0.334	3.982	1.832	4.123
16.512	0.929	-0.759	3.976	-0.813	16.303	-0.233	9.599	2.402	3.262
18.292	1.312	-0.186	1.924	-0.610	5.163	-1.747	7.031	4.994	4.121
4.811	0.459	0.286	0.357	-1.971	15.850	0.166	4.857	1.572	0.626
6.052	0.031	-0.881	4.142	-0.661	14.832	-0.379	5.548	7.346	0.050
16.019	-1.686	-0.669	3.619	-0.145	6.824	-0.334	4.531	9.697	0.536
11.352	1.095	-0.792	0.482	-0.324	19.929	-0.923	9.870	4.496	1.379
17.294	-0.862	0.857	4.814	0.669	18.685	-0.473	2.079	6.567	4.558
8.917	-1.691	1.052	2.565	1.171	1.694	-0.799	0.110	2.121	3.324
16.066	-2.034	-0.823	2.858	-0.400	15.365	-1.025	1.984	8.097	2.449
13.836	0.429	0.814	0.829	-0.140	17.396	0.291	1.667	2.760	3.638
11.511	2.387	-0.245	1.862	2.045	19.125	-0.623	6.872	2.881	3.078
0.704	-0.131	-0.984	4.230	-0.275	6.716	0.821	7.170	7.028	0.924
15.424	0.438	1.399	2.147	0.180	19.122	2.144	6.640	9.727	1.250
18.538	-0.211	-0.348	2.333	-2.377	7.060	-0.360	2.606	2.758	1.202
16.899	0.148	-1.085	2.133	-2.014	16.570	-0.866	9.549	7.703	0.611
10.568	1.608	-1.669	4.655	-0.321	9.012	0.197	4.937	8.143	1.171
6.724	0.651	-0.177	1.285	-0.064	1.623	0.766	9.460	8.957	3.357
19.593	1.653	0.508	0.355	1.226	2.877	-0.009	7.395	8.506	4.541
7.132	0.296	-1.422	0.214	-0.457	5.534	1.045	9.959	8.902	1.960
4.267	2.376	0.135	2.354	-0.466	0.325	-1.022	6.385	6.247	3.530
8.997	-1.509	-0.002	3.492	-1.679	9.585	-0.175	9.912	4.967	2.340
15.342	-1.313	0.057	0.090	0.144	19.783	-0.086	3.625	7.116	1.961
16.151	0.254	0.301	3.584	0.189	17.070	0.838	4.968	0.035	3.535
18.511	1.116	0.995	1.151	0.492	7.460	-0.570	3.211	9.889	4.617
2.474	0.393	-1.797	4.070	-0.541	14.270	0.255	1.723	3.235	2.761
19.433	0.387	-1.159	4.612	-0.969	6.908	-0.099	1.667	0.580	0.560
3.390	-0.966	-0.653	0.587	-1.237	1.617	-0.851	3.128	0.847	3.286
5.557	0.814	-1.272	0.340	0.440	11.716	1.003	2.262	9.032	2.840
19.074	-0.588	0.789	0.121	1.226	0.651	0.244	9.881	9.345	4.201
14.076	1.238	-0.295	1.979	-0.795	8.014	-0.079	5.258	5.673	4.406
18.261	0.412	0.572	3.808	-1.326	19.372	1.416	1.232	9.200	3.261
11.154	-0.383	0.340	2.152	1.089	11.962	-1.512	7.967	7.236	1.655
3.814	-0.909	-0.023	3.653	1.368	16.810	-0.570	8.726	1.450	2.170
16.328	-0.015	0.107	1.455	0.650	9.237	0.677	0.045	2.861	1.882
1.389	-0.348	2.061	0.667	0.958	14.024	-1.168	3.611	5.680	1.043
11.517	-1.153	-1.148	1.249	-1.300	18.651	0.461	9.910	3.012	0.891
18.332	-0.478	0.281	4.643	-1.614	19.477	-1.138	8.049	5.197	1.224
15.876	0.575	-0.683	4.349	-0.427	5.160	1.323	3.329	7.225	2.879
12.720	0.094	-1.584	1.365	0.182	10.576	1.700	0.985	0.559	2.413
16.210	0.018	0.631	4.456	0.735	3.944	-1.080	5.115	4.663	2.344
11.854	-0.723	0.593	4.254	0.081	17.421	0.708	9.090	5.470	0.691
6.115	-0.902	2.079	0.734	-0.277	12.429	-0.589	3.440	0.115	3.013
2.637	-1.105	-0.963	3.850	0.157	7.269	-0.233	8.709	0.452	1.823
6.902	0.137	0.312	2.520	1.366	0.855	-0.462	9.161	2.679	3.346
12.962	-1.074	-1.790	4.135	1.550	10.353	-0.744	1.653	7.784	1.476
3.613	0.145	-1.002	1.033	-0.574	0.753	1.655	3.228	2.691	0.863
4.069	1.077	0.248	3.406	0.688	4.369	0.292	4.304	1.955	4.749
9.878	0.844	1.035	3.096	-0.804	14.570	0.466	9.852	9.826	0.959
11.874	-1.142	1.199	3.018	0.838	12.791	2.236	8.207	4.128	1.097
12.828	0.135	-0.640	3.133	0.662	4.904	0.739	7.658	4.119	1.548
14.650	-0.699	-0.496	4.946	-0.135	18.950	0.117	8.708	9.152	2.330
17.696	-0.178	-0.346	3.034	-1.339	19.987	0.332	6.941	6.830	2.414
19.814	0.234	-0.544	3.667	-0.335	2.863	-0.933	2.656	6.393	3.304
7.730	-0.370	-0.051	3.285	0.186	3.335	0.172	7.602	9.811	2.191
6.481	-1.380	0.225	4.289	0.362	3.282	1.243	4.478	7.471	2.646
5.997	1.027	1.265	1.601	0.244	19.485	-0.002	3.111	2.199	0.431
17.712	-2.257	1.732	0.612	-0.947	2.773	-0.610	1.697	9.359	3.756
1.709	-0.413	-0.295	0.239	0.310	1.441	1.452	8.736	4.684	0.429
11.061	-0.590	0.621	1.500	0.497	11.181	0.259	2.669	9.857	0.234
2.680	-0.145	-1.310	2.873	0.039	16.958	-0.346	3.274	2.960	2.738
6.414	0.984	0.611	2.625	0.354	16.642	0.592	7.322	1.297	3.581
10.646	-0.975	-0.287	3.811	-0.653	2.542	0.126	6.409	1.248	1.086
19.766	1.564	0.454	3.446	0.354	19.101	1.485	1.705	3.055	0.552
19.853	-0.840	0.667	2.782	0.136	8.852	-0.574	5.267	0.567	0.677
17.296	-1.153	-0.838	4.101	0.605	4.704	0.500	6.664	6.446	4.978
2.862	0.330	0.937	1.360	-2.301	19.419	-0.552	5.716	2.467	1.015
13.907	-0.439	0.562	4.637	0.190	14.439	0.707	0.675	9.633	4.273
14.609	0.791	-0.183	4.407	0.589	14.158	1.962	4.997	5.993	4.579
5.350	-0.388	-0.127	3.568	2.488	2.028	-1.697	6.324	2.890	1.581
0.805	-0.996	0.158	2.520	-0.923	3.889	1.443	4.795	6.120	2.617
17.723	1.311	0.906	3.190	0.461	3.798	0.794	6.911	6.282	1.357
12.114	-0.812	-1.669	4.012	0.466	3.537	-0.629	8.122	6.967	4.891
10.272	1.024	0.891	1.316	-0.725	14.228	1.070	8.905	4.805	4.667
2.619	1.663	0.546	3.409	-1.245	5.598	-1.559	0.969	8.458	3.551
11.018	-1.368	1.207	3.375	-0.142	19.488	-0.191	2.076	4.600	3.625
2.985	-0.138	0.575	2.186	0.679	2.502	0.633	1.299	2.940	2.948
14.497	-0.552	-0.692	1.592	-0.659	6.667	0.005	5.866	1.431	4.697
18.554	0.161	-0.079	4.317	-3.268	3.818	-1.169	9.813	3.027	2.653
18.488	1.102	0.561	1.108	1.616	6.387	-1.261	7.377	7.871	4.293
7.977	-1.083	-0.404	4.946	1.629	11.266	-1.368	1.542	6.248	4.396
11.504	0.649	-0.547	2.438	0.231	1.404	-0.318	2.180	4.465	0.648
1.024	-0.523	0.613	0.990	-0.453	4.837	-0.835	3.487	1.882	1.475
9.238	-0.084	0.952	4.492	-1.184	14.456	-1.090	8.731	8.236	0.378
16.842	-1.358	0.780	4.212	-0.454	18.950	-0.098	8.736	8.404	4.469
3.155	0.068	-0.213	0.855	-0.363	17.072	1.237	6.925	1.869	2.638
3.416	-0.138	1.511	4.578	-0.196	14.230	-0.222	3.119	4.742	4.509
17.966	1.745	-1.211	1.880	-1.765	17.429	-0.878	1.268	0.519	1.181
10.672	-0.339	1.409	4.560	0.169	11.700	0.791	2.094	5.467	4.872
10.055	-0.582	-0.684	0.183	0.568	2.005	1.296	5.162	2.467	3.345
8.427	-0.535	-1.210	3.090	-0.014	7.578	-0.588	3.483	2.042	2.127
9.194	-0.416	-0.749	3.169	1.100	12.411	1.119	5.276	6.215	4.660
5.324	0.200	0.122	4.059	-0.118	16.711	2.145	8.695	2.636	1.095
9.255	-0.294	0.247	1.886	-0.465	4.746	0.773	1.239	9.393	3.979
4.729	0.267	-0.929	2.445	0.119	7.540	-1.264	1.455	2.793	2.102
12.351	-0.718	1.390	0.548	0.312	15.598	-0.673	9.440	5.773	3.885
8.003	0.270	0.480	2.442	0.578	17.903	-0.103	3.865	2.577	1.019
1.976	-0.259	-0.484	0.658	0.062	12.475	0.726	5.696	3.125	1.879
6.937	-0.177	1.167	0.714	0.237	5.057	0.227	0.018	0.544	0.764
4.378	-0.791	-0.861	0.560	0.421	12.563	-0.089	3.729	9.922	3.983
19.807	-0.085	0.063	0.312	2.475	14.279	-0.112	1.449	7.093	0.698
18.804	0.247	1.400	1.809	1.415	16.221	-0.957	4.863	2.484	4.859
7.081	0.322	-1.099	0.874	-2.247	13.662	-0.804	8.037	2.465	2.559
2.698	0.875	0.450	2.135	-0.802	1.983	-0.539	8.575	6.276	3.251
6.096	-0.494	0.270	0.033	-0.109	10.478	1.099	4.139	1.245	0.908
3.075	-1.525	-1.449	2.279	-0.940	19.411	2.000	7.215	4.104	4.912
12.457	1.457	-0.642	0.439	-1.643	6.511	1.409	4.957	4.875	0.116
10.863	-1.059	-1.022	2.320	-0.511	10.075	-0.790	6.094	2.649	4.825
14.268	-0.328	-0.139	2.307	-1.633	7.965	-0.476	3.717	7.382	4.656
3.412	-0.014	0.983	3.656	0.918	16.453	-0.209	2.963	2.829	4.423
10.085	0.765	-0.120	1.761	-1.621	18.433	0.037	6.735	5.075	1.304
17.222	-0.064	-0.439	3.885	1.392	3.976	0.918	6.420	8.748	4.107
5.400	-0.075	-0.187	1.034	-0.517	6.509	1.047	1.647	6.858	4.932
13.827	0.711	0.136	4.310	-0.332	13.601	-2.027	4.814	7.140	4.373
0.371	-0.505	1.513	3.439	-0.417	7.277	-1.117	8.739	1.753	2.500
5.239	-0.066	0.218	4.470	0.922	2.184	-0.583	2.528	8.203	0.260
8.693	0.649	-0.921	2.958	1.081	6.293	-2.686	8.865	4.623	4.763
3.724	0.124	-0.809	4.330	0.146	19.034	-0.911	9.093	1.672	3.257
10.932	1.245	0.147	1.777	-0.652	16.120	-0.395	7.639	6.466	2.339
12.309	-1.484	-0.423	1.902	-0.633	16.553	1.329	0.644	6.921	3.556
14.506	-0.709	1.194	1.141	-0.933	14.137	-0.737	9.397	8.936	4.450
9.641	-0.733	0.227	3.142	0.468	19.372	0.664	7.806	2.376	0.395
15.542	-0.605	-0.355	1.280	0.085	8.074	0.194	9.964	9.460	2.562
6.799	0.386	2.441	1.277	1.340	8.308	-0.504	4.904	3.462	0.536
18.274	0.581	-0.428	1.476	-0.409	0.117	1.516	9.973	2.540	4.529
15.705	-1.414	0.142	2.417	-0.628	17.756	-2.923	2.301	2.893	3.499
11.994	0.600	0.894	2.937	0.273	19.161	-0.272	7.967	7.603	1.410
8.279	0.219	-0.118	1.592	-1.175	19.607	-0.007	8.968	3.003	1.307
15.489	1.233	-0.128	0.649	-0.328	5.048	0.856	6.109	1.277	3.447
7.949	1.001	-2.210	3.714	-2.144	10.000	0.042	2.894	4.405	4.454
18.182	1.777	-1.181	1.879	1.762	16.980	-0.211	5.523	1.371	0.085
3.198	0.537	-0.645	4.488	-1.568	13.091	1.795	5.361	3.759	0.069
12.325	-0.256	0.877	1.926	-1.229	8.977	0.213	3.675	9.447	2.920
12.475	0.496	-0.551	4.969	-0.974	11.367	-0.128	4.717	4.651	0.891
11.072	-0.626	-1.128	4.783	-0.884	18.132	0.471	8.961	5.632	0.859
14.819	1.417	-1.273	3.701	1.905	15.034	0.096	3.443	5.818	0.369
10.910	-0.690	-0.494	0.413	0.710	19.681	-0.540	5.372	8.746	1.427
7.965	-0.327	0.525	0.878	-0.276	16.081	1.286	6.697	1.131	1.268
13.690	0.600	1.143	4.528	0.442	8.625	0.988	9.556	4.059	1.846
1.483	0.227	-2.487	0.527	-0.261	0.326	0.066	7.815	1.460	1.448
17.256	0.410	-0.992	2.235	0.639	11.399	-0.136	6.822	0.438	4.007
10.889	-0.906	0.471	4.011	-1.773	13.344	-0.675	0.381	2.704	3.691
4.820	1.132	-3.173	0.398	-2.985	5.058	-1.447	6.030	5.859	1.357
13.934	1.103	-0.147	3.597	-0.908	13.238	0.057	9.973	0.470	3.571
15.776	1.493	-0.657	1.345	1.358	16.246	-0.125	8.936	0.486	0.436
2.041	-0.792	-1.334	2.925	-0.577	6.862	-0.681	9.379	7.368	2.408
7.985	0.066	-0.743	2.912	-0.812	7.342	-1.046	9.012	9.698	1.642
9.993	0.969	0.444	0.745	1.968	7.611	1.939	1.285	7.888	2.999
13.947	0.315	1.033	2.507	0.564	15.705	-0.324	4.198	2.554	0.692
4.371	0.720	-0.105	0.908	-0.679	9.004	0.692	7.981	9.535	3.366
8.341	-1.485	-0.026	4.767	-0.314	15.875	-0.463	0.246	9.102	3.834
2.420	-1.382	1.094	1.731	-0.704	13.335	-0.164	2.101	0.357	1.582
10.680	-0.301	2.480	0.613	-0.449	4.773	1.641	4.098	9.197	1.998
2.565	-1.237	0.312	1.741	-0.540	19.513	0.618	6.272	7.446	2.944
6.619	-0.640	0.862	3.556	-0.021	12.955	0.363	3.629	9.141	3.417
0.670	1.272	3.465	2.379	6.398	5.546	4.364	6.081	18.767	4.467
7.007	8.814	2.571	4.189	4.856	5.433	5.056	3.782	13.153	5.000
9.568	4.611	4.100	0.124	6.615	5.910	5.767	3.514	13.890	6.008
9.897	1.121	0.477	1.798	4.867	5.385	6.910	7.660	13.417	5.637
6.791	7.579	4.182	4.801	7.372	5.959	6.883	0.804	6.207	5.623
17.308	9.051	4.613	3.091	6.440	5.845	7.010	3.101	10.437	3.914
0.069	1.401	3.756	3.754	3.290	3.680	7.290	0.998	10.136	2.445
11.321	3.045	3.242	4.233	5.391	5.109	4.857	2.642	9.681	5.190
10.208	4.037	2.336	1.687	5.278	4.877	6.070	2.960	12.460	5.526
11.774	0.540	4.192	0.372	4.464	4.777	4.839	3.904	8.264	6.453
14.165	2.672	4.813	1.937	6.027	5.323	5.348	2.563	0.828	5.406
17.531	8.369	1.894	3.180	4.507	4.152	4.277	6.301	6.994	5.556
11.846	0.844	2.367	3.247	6.799	6.476	4.722	5.840	2.629	5.063
15.776	7.558	1.082	4.643	3.761	6.928	5.263	5.118	17.352	5.291
9.766	7.437	4.115	0.406	3.114	5.462	4.991	10.000	10.550	5.464
8.218	3.926	0.800	4.489	4.622	5.301	4.663	5.325	7.835	5.947
12.308	5.167	4.579	0.863	5.169	5.278	3.910	1.617	11.036	4.906
5.305	4.619	3.690	0.876	6.032	5.482	4.595	4.568	2.657	5.929
18.510	3.064	4.070	2.469	5.348	4.185	4.880	7.354	1.916	6.213
2.507	1.849	4.870	3.517	4.684	6.140	4.462	7.950	10.650	4.930
8.493	7.630	2.794	0.601	4.849	5.566	5.577	3.052	19.348	5.966
7.481	3.876	3.596	2.870	5.098	5.071	6.953	6.802	7.033	3.564
13.276	5.592	2.259	4.466	5.704	4.121	6.100	2.570	16.879	4.624
7.699	9.165	1.003	1.627	6.696	5.136	3.641	6.910	1.015	6.154
6.324	5.387	1.031	4.053	5.647	4.296	5.414	7.741	7.792	5.144
6.010	5.264	4.004	3.078	4.502	4.708	6.304	4.865	12.183	4.351
0.632	3.827	0.101	3.102	4.093	5.266	5.215	4.886	19.894	5.688
11.163	4.495	3.023	0.650	4.742	4.955	5.985	2.426	1.616	5.979
7.618	7.170	3.130	2.472	4.947	5.476	5.969	6.914	16.134	4.649
4.618	3.623	0.876	3.413	4.402	3.771	4.488	5.549	17.117	7.138
0.145	6.041	0.196	4.469	5.894	3.369	4.775	4.056	5.634	6.111
1.142	4.627	2.717	1.251	7.977	4.117	5.326	0.851	13.572	5.423
5.908	9.813	3.361	1.824	6.256	5.431	5.346	9.234	7.663	4.723
13.457	2.874	3.858	2.835	4.245	5.600	3.742	1.745	5.143	5.018
13.588	7.144	0.234	2.208	5.727	3.848	4.288	9.470	16.234	4.428
10.636	7.944	2.978	2.042	5.509	5.216	6.100	1.668	14.537	5.070
14.668	7.479	0.738	0.554	3.330	4.953	6.117	5.010	1.214	4.535
17.497	2.198	4.036	3.196	4.906	5.568	6.339	3.726	18.074	6.526
12.888	3.107	3.707	3.793	4.676	6.406	3.357	5.418	11.348	4.663
15.526	3.472	4.610	1.855	4.542	4.504	5.179	1.055	1.319	3.984
12.175	4.127	3.694	0.795	5.440	5.570	4.618	5.188	11.362	3.973
14.699	2.112	0.563	2.049	4.933	4.898	5.379	3.447	16.194	4.777
11.279	4.825	4.394	4.681	4.043	4.888	4.903	0.113	14.513	5.042
13.059	7.710	4.957	1.997	4.325	4.341	4.665	1.068	16.858	3.745
17.704	5.655	4.267	4.932	4.879	6.026	4.624	9.344	18.591	4.878
19.082	5.942	2.301	3.644	5.600	7.170	4.197	1.692	10.019	4.187
3.823	8.374	0.903	2.504	4.983	3.839	6.428	4.857	14.183	6.146
16.120	5.346	0.210	2.709	3.991	4.126	5.252	7.669	3.643	6.316
8.197	5.200	3.877	4.136	3.635	5.031	4.932	7.395	5.723	5.362
12.638	1.000	0.673	3.315	5.649	3.538	4.865	9.534	1.305	4.780
16.287	1.155	3.124	0.521	6.703	5.111	7.142	7.895	0.849	6.298
4.357	6.905	3.251	1.970	4.887	4.831	4.546	3.376	17.945	5.505
17.416	5.618	2.147	0.403	4.565	4.243	5.094	0.339	13.107	6.722
0.273	4.457	1.334	4.398	3.946	5.206	4.267	0.797	17.702	5.065
15.671	6.597	4.416	3.109	6.810	5.874	4.747	9.470	17.252	5.341
13.638	0.268	4.730	2.158	4.471	5.589	4.065	9.101	9.553	4.052
17.847	2.272	1.606	4.963	5.159	5.819	5.066	8.453	11.652	5.034
14.021	0.001	0.812	1.595	4.382	7.065	4.922	0.111	5.324	5.194
5.035	5.601	2.482	2.529	5.252	6.461	5.511	6.569	8.790	4.477
0.596	8.943	3.503	2.010	4.146	4.972	4.957	4.944	14.614	6.136
9.131	1.089	0.714	3.311	4.615	6.272	5.466	4.187	10.438	5.397
7.944	2.831	0.687	0.710	5.251	3.930	5.782	6.452	15.904	5.030
3.937	2.397	1.501	2.002	5.879	4.206	5.087	9.112	0.462	3.866
14.764	1.237	4.923	2.291	4.862	5.912	4.086	1.592	0.803	5.433
6.675	7.207	4.171	1.376	4.131	5.575	3.920	7.745	3.719	5.596
4.391	8.960	4.770	0.074	3.621	5.524	4.697	6.073	13.906	4.807
7.967	1.456	3.800	0.859	5.245	6.472	3.742	6.491	19.279	5.613
7.871	1.140	3.559	0.898	4.855	4.288	3.733	6.901	4.406	3.175
8.953	5.449	3.872	2.132	4.310	6.111	5.133	3.392	8.043	5.119
10.502	9.504	4.066	1.852	4.825	5.049	4.477	4.046	18.039	4.537
8.160	6.455	2.508	2.024	4.381	3.883	5.764	5.224	10.674	5.952
9.179	2.391	2.671	2.839	4.429	3.774	2.490	1.045	14.037	5.835
10.098	2.464	1.028	1.045	5.531	4.013	5.118	7.038	7.065	6.050
16.280	8.591	4.644	1.234	5.825	5.787	5.418	5.132	12.421	7.408
6.964	7.838	4.712	2.269	4.850	3.696	5.408	3.863	8.682	5.339
11.949	4.853	4.187	4.562	5.064	5.066	4.545	8.921	0.510	4.167
10.083	7.312	1.156	3.369	3.617	4.815	3.946	7.494	8.574	5.747
8.325	1.246	1.488	3.402	4.797	5.272	4.753	6.088	15.025	6.420
1.045	8.269	3.939	4.654	3.046	5.181	3.963	2.735	9.311	4.639
3.534	5.040	1.908	4.351	3.908	4.752	6.803	8.362	16.174	5.512
7.464	2.942	1.090	1.902	6.829	2.916	3.330	0.176	7.685	6.340
9.082	1.086	0.690	0.246	4.748	6.806	5.772	2.042	18.813	4.422
1.569	2.899	3.972	4.279	5.427	4.739	4.691	3.515	17.341	4.959
2.375	3.689	0.104	2.239	3.101	6.489	5.185	9.433	4.982	4.696
8.540	6.950	4.019	4.677	5.551	5.170	5.039	1.289	17.951	3.621
14.985	3.871	3.688	3.109	5.844	5.365	3.507	7.588	6.721	3.466
0.808	1.245	4.057	1.961	3.765	6.951	3.851	8.556	7.823	4.848
17.961	4.009	1.237	0.602	4.437	6.056	4.790	7.307	5.088	4.346
0.259	5.937	4.926	3.985	3.774	4.940	3.169	9.910	14.650	5.675
0.927	5.172	4.537	2.883	4.523	4.602	6.078	5.948	4.745	4.933
2.420	9.190	0.440	3.594	4.875	3.280	6.077	2.587	16.224	5.264
10.797	3.350	1.006	0.548	4.561	4.218	6.321	2.404	8.929	4.497
12.570	2.523	4.460	3.842	4.841	4.019	5.361	7.528	3.700	3.997
11.087	8.118	2.209	2.110	5.072	4.802	4.521	3.771	19.874	4.578
14.012	7.455	2.466	2.209	4.724	7.679	5.793	1.027	17.740	5.559
15.160	3.491	4.288	2.787	3.335	3.972	5.313	0.739	19.431	6.660
15.664	6.030	4.379	0.778	4.737	5.218	5.852	3.394	19.282	4.584
12.269	9.319	3.510	0.865	3.303	4.491	5.659	7.418	4.330	6.171
10.602	9.738	2.376	4.439	6.330	5.032	5.130	3.393	18.715	4.418
8.300	8.631	3.684	4.505	6.005	5.260	3.912	9.913	2.533	5.723
4.807	1.379	2.052	3.788	3.772	5.886	5.994	0.502	5.414	4.143
1.632	4.852	4.464	4.131	4.282	4.554	3.874	3.068	2.016	6.366
0.940	5.012	2.154	2.877	4.313	4.418	5.754	7.439	0.967	5.967
11.654	1.856	3.497	2.852	4.831	3.720	4.554	0.134	7.909	4.404
15.043	1.684	1.137	1.164	5.673	4.156	6.038	2.533	8.806	3.633
13.449	4.182	1.595	0.925	5.633	6.243	4.690	6.185	19.282	5.413
9.761	0.796	1.201	3.400	3.758	5.513	6.091	6.292	17.123	3.107
12.331	3.653	2.353	0.641	6.306	6.356	5.114	2.815	12.107	4.726
15.222	8.336	3.899	2.915	4.088	6.059	6.378	7.540	5.975	3.964
18.854	3.455	4.310	4.240	4.043	3.553	4.779	0.524	6.536	4.330
19.579	5.002	2.833	2.214	5.041	2.692	4.090	0.240	4.198	6.768
5.819	5.445	2.292	1.765	5.505	4.363	5.205	4.382	3.699	3.740
19.450	1.815	0.090	3.139	5.373	4.630	4.245	1.152	19.438	4.409
8.557	3.728	0.765	0.667	5.852	4.699	5.541	9.619	16.859	5.208
4.381	5.113	4.963	2.939	5.992	4.485	5.576	0.541	5.139	5.832
19.881	0.818	2.019	4.588	4.487	5.590	4.320	4.133	14.798	4.589
7.779	3.631	0.436	2.748	4.853	4.346	7.502	7.094	2.942	3.480
0.651	4.069	4.431	2.663	6.205	6.535	6.747	6.744	4.544	4.034
8.579	1.579	3.590	2.975	4.837	6.732	5.379	1.059	16.729	5.088
12.044	9.320	3.803	2.003	5.089	5.726	5.045	9.748	5.074	5.144
5.417	9.923	2.830	4.473	4.233	6.007	6.385	5.741	11.122	5.120
12.462	9.666	0.395	2.743	6.353	4.451	4.520	3.763	18.216	4.683
16.710	0.932	4.130	2.852	6.302	5.549	5.485	4.661	8.869	5.508
0.448	0.686	0.371	4.734	5.150	4.447	5.218	9.855	10.177	5.120
3.117	5.210	1.881	1.019	5.979	5.031	5.664	4.127	1.702	5.497
11.048	6.427	2.623	4.269	5.807	4.825	4.565	5.848	7.545	3.798
0.455	5.117	3.881	2.991	6.947	5.151	3.973	6.721	2.798	4.369
4.600	1.390	2.444	1.130	6.645	4.869	4.359	2.348	2.950	6.649
19.467	7.915	4.204	4.634	4.097	6.261	5.431	7.658	1.460	5.334
17.829	2.997	1.705	4.117	2.966	4.454	5.966	0.257	3.809	5.905
18.783	1.046	0.846	1.731	4.752	7.420	5.000	0.723	12.972	6.346
9.617	5.691	0.919	1.268	6.387	6.075	3.923	2.993	10.393	4.811
13.406	2.724	4.469	4.632	6.062	3.941	5.623	0.375	1.542	5.156
12.339	0.019	0.701	0.840	5.978	3.752	4.495	7.593	5.963	4.042
8.439	8.561	1.945	2.164	5.866	4.922	5.472	6.745	9.572	6.679
19.942	2.363	1.210	0.553	5.551	5.397	5.836	3.841	5.627	5.265
12.549	8.684	1.440	2.165	4.154	5.759	5.803	2.871	0.492	4.941
19.502	6.085	1.253	0.295	4.819	5.170	2.887	2.208	2.615	6.209
3.173	4.000	0.681	2.477	5.572	5.337	3.856	8.461	7.180	4.986
10.710	4.457	0.010	4.203	4.388	4.173	4.047	9.734	9.653	6.103
6.983	7.692	3.452	3.089	4.080	5.292	6.132	0.825	19.002	4.498
14.422	3.924	0.389	4.894	4.857	5.051	6.294	7.840	9.657	4.444
10.074	6.599	4.155	0.921	4.261	4.015	4.241	7.728	7.900	4.805
13.930	2.249	0.733	4.648	4.652	7.088	5.465	9.430	2.872	4.947
8.155	5.744	2.404	4.256	4.285	5.223	6.212	5.710	13.857	4.110
10.462	2.117	4.129	1.451	5.204	3.901	3.015	0.951	4.623	5.385
12.780	4.930	4.318	3.235	4.509	3.861	4.003	8.496	11.751	3.285
13.849	2.448	1.806	4.520	4.027	5.049	4.023	0.454	4.733	4.457
8.088	7.390	0.773	2.120	5.744	4.788	6.070	2.610	4.252	4.396
15.092	5.865	2.722	0.862	4.660	4.181	5.411	3.649	1.279	4.291
17.886	2.479	4.954	4.132	5.408	4.958	4.814	3.580	13.154	3.806
14.381	9.398	0.325	0.715	5.108	4.529	3.101	7.971	6.944	6.645
11.077	4.822	1.720	1.868	5.167	4.763	3.322	8.270	4.410	3.372
13.465	5.353	1.078	3.291	4.621	6.007	4.921	1.601	10.724	6.584
8.875	2.748	1.840	3.390	5.604	6.855	5.330	4.016	3.853	5.000
10.221	4.267	1.165	2.439	3.384	3.975	4.746	0.984	6.348	4.264
7.312	2.837	2.388	0.729	3.305	5.604	5.720	3.986	8.096	5.029
2.956	3.975	4.110	1.506	2.276	4.414	4.506	3.894	18.613	5.973
1.208	8.626	1.405	2.980	5.405	5.838	6.202	5.168	11.763	5.774
17.632	6.414	1.690	4.625	5.329	6.347	5.757	9.182	6.249	4.860
0.062	2.574	3.058	3.213	4.248	3.665	5.760	7.842	1.916	4.175
10.276	2.168	3.883	4.288	5.192	4.441	4.507	4.429	18.712	6.299
12.827	0.551	1.494	0.068	4.501	3.850	5.321	8.856	12.048	3.464
4.982	5.084	3.919	4.912	2.415	5.977	5.446	4.407	10.317	4.094
12.081	7.191	2.234	0.376	4.494	5.884	6.388	7.546	18.279	5.722
18.398	3.773	1.561	1.736	4.834	5.480	4.238	7.773	7.132	6.155
0.606	3.848	1.644	1.064	5.142	4.037	4.128	8.070	8.968	2.770
7.043	3.754	1.774	0.168	4.636	3.534	7.390	9.702	2.058	4.873
14.893	8.614	0.193	1.032	4.413	4.299	3.258	9.994	8.887	1.714
19.396	4.250	3.458	1.949	4.333	5.368	5.566	9.930	18.064	5.508
17.447	6.061	0.375	2.865	4.272	4.770	3.292	2.300	0.914	4.388
19.522	2.277	0.423	3.758	5.877	4.991	6.305	6.523	15.279	5.707
12.064	6.057	2.773	0.604	4.783	4.107	4.474	9.659	14.228	3.600
10.266	4.537	1.801	2.333	5.099	4.407	4.449	2.211	10.260	5.227
13.527	3.752	2.009	0.707	4.175	5.371	4.527	3.321	5.798	4.581
18.582	7.094	0.140	2.687	5.131	5.956	4.688	2.482	9.615	4.546
5.096	0.275	4.811	0.217	6.803	4.318	4.280	8.170	13.220	4.190
16.423	0.716	3.294	0.603	4.786	5.586	7.055	5.880	15.880	4.747
10.555	5.300	1.915	4.213	4.113	5.133	5.676	3.240	13.302	2.972
10.078	5.594	1.624	4.822	4.162	5.452	6.701	8.741	12.809	4.478
12.231	1.112	0.148	2.578	2.380	5.311	5.215	6.916	7.445	6.039
6.965	7.912	4.520	1.027	5.424	5.986	6.726	8.378	3.387	5.163
2.772	6.767	1.453	1.320	6.419	6.454	4.599	0.508	2.464	5.465
1.082	6.586	2.002	4.185	5.221	3.960	7.245	2.082	12.972	6.937
13.016	5.114	2.968	4.657	4.519	5.789	5.848	7.165	0.925	4.233
0.544	5.875	4.406	0.762	2.486	5.710	3.952	8.304	9.228	3.851
15.841	5.159	3.168	3.852	2.297	2.555	6.502	0.364	0.332	5.149
19.012	9.820	4.334	0.309	5.953	3.466	4.219	5.616	8.570	7.097
8.149	3.945	0.080	0.429	6.382	6.247	6.326	8.396	16.862	5.077
2.204	1.069	3.028	4.965	4.676	5.835	4.618	4.565	6.667	5.245
10.455	8.170	2.901	1.351	5.336	3.805	5.462	4.246	14.115	5.162
6.767	4.543	1.541	1.492	4.403	4.609	4.843	1.595	4.061	4.326
6.656	1.724	3.079	0.539	5.366	4.766	5.172	4.244	3.246	4.282
12.783	8.397	3.705	2.329	3.206	4.851	6.053	3.452	12.744	4.737
19.331	7.338	0.704	4.052	5.200	4.469	5.117	5.768	10.042	5.097
15.202	9.550	4.990	3.233	5.249	4.155	5.030	7.175	11.101	3.196
12.629	9.101	4.826	0.856	4.773	4.257	4.244	7.417	1.428	5.070
19.673	0.931	2.641	3.174	3.104	5.094	4.646	8.475	13.963	4.570
17.722	4.243	2.390	3.816	3.417	5.080	5.314	7.932	15.038	4.462
10.496	9.698	1.282	0.310	5.365	5.924	4.999	5.281	6.431	5.514
6.391	3.506	3.260	0.214	4.788	5.616	6.832	9.046	10.698	3.659
15.602	2.777	4.383	0.177	5.149	6.425	4.479	2.414	17.548	5.895
17.765	8.480	1.401	4.550	6.453	6.584	3.786	0.940	5.111	3.786
14.304	8.160	1.746	2.470	5.195	3.822	5.052	2.761	3.618	4.974
3.755	0.236	3.918	1.816	4.782	5.723	3.299	0.816	9.869	3.800
13.200	5.617	0.487	1.590	4.489	5.451	4.482	2.197	17.887	5.496
5.827	7.321	1.335	2.925	6.622	3.406	4.827	2.476	19.461	4.882
11.775	4.430	1.385	2.330	4.765	5.350	5.745	2.687	11.944	4.148
9.777	6.989	0.131	0.508	5.898	6.407	4.460	3.438	9.876	5.323
5.034	3.620	3.550	1.619	5.222	3.453	3.464	7.526	6.639	5.170
1.002	2.247	3.675	2.923	5.992	4.969	5.029	0.583	13.701	2.601
6.313	6.523	2.233	0.481	4.222	5.493	4.388	9.230	18.505	2.808
1.443	9.031	0.357	0.817	5.979	6.674	7.219	8.137	10.263	4.184
7.422	9.850	3.793	1.400	4.516	4.048	3.342	7.523	15.081	5.051
16.154	8.972	0.851	4.299	5.260	3.654	6.136	4.787	5.194	4.048
17.327	5.157	3.768	1.855	5.355	5.931	3.236	9.663	5.457	5.377
12.355	8.648	1.035	4.874	5.527	4.259	5.066	3.843	9.668	4.553
5.065	6.176	2.996	3.157	4.034	4.902	6.185	4.761	4.304	3.757
6.395	2.726	0.341	0.071	5.515	4.768	4.677	1.099	15.991	4.789
18.394	5.931	1.857	1.043	4.303	5.753	6.065	5.805	14.999	3.721
14.802	3.245	1.626	2.911	4.335	7.041	6.486	9.036	0.704	5.582
10.874	1.035	1.340	1.396	5.618	4.490	5.460	4.153	9.561	3.492
8.387	9.064	2.227	4.146	5.030	4.894	5.788	6.656	14.861	4.438
1.458	3.141	3.909	0.720	5.456	6.090	4.897	3.106	16.847	4.405
12.915	0.676	3.277	2.568	6.724	3.957	5.602	4.506	5.849	6.283
17.541	2.365	1.958	3.323	3.359	5.565	3.633	3.862	16.163	6.654
19.446	3.229	1.670	4.689	4.543	5.854	4.790	1.399	15.171	5.519
16.299	7.048	2.343	4.212	5.046	3.714	5.202	5.979	3.727	4.795
6.735	0.009	3.411	3.492	4.134	4.049	6.034	5.507	2.074	5.891
5.536	3.120	1.924	1.055	4.393	4.579	4.360	9.409	15.158	4.419
16.841	3.256	0.767	1.709	4.592	4.320	5.059	3.755	1.548	6.187
8.414	2.469	0.664	3.709	6.144	3.547	5.257	8.161	1.365	4.734
8.313	2.429	0.664	3.806	3.594	4.694	3.879	6.661	17.777	5.081
19.562	9.466	1.375	2.834	4.467	4.702	4.571	5.275	11.311	5.455
0.716	5.027	3.843	0.892	3.273	6.035	4.500	2.564	5.291	4.379
9.379	4.558	4.181	0.172	6.173	5.973	2.844	1.219	9.735	5.575
14.528	9.758	4.154	3.007	4.366	3.877	5.981	6.210	4.352	5.185
0.419	2.905	3.908	3.523	4.820	3.919	4.844	6.958	13.717	4.338
2.382	0.291	1.694	4.211	4.328	5.341	6.590	3.604	13.594	5.857
3.285	2.509	2.103	2.861	4.406	4.914	4.667	3.696	15.862	4.023
2.956	9.234	1.587	3.213	6.073	4.481	4.936	7.757	2.937	4.165
6.211	8.873	0.581	3.329	4.264	5.530	5.874	4.547	4.617	3.783
3.544	1.514	1.922	1.609	5.029	4.151	5.567	6.937	8.112	4.281
13.131	6.373	2.203	2.321	5.198	5.231	3.762	6.308	10.208	6.007
1.025	3.973	4.087	2.520	5.111	3.555	6.622	5.439	1.771	4.298
19.325	0.469	1.482	4.990	4.457	5.593	4.913	6.308	1.224	5.983
9.527	5.923	1.862	4.958	5.406	5.024	5.203	6.625	12.941	5.676
9.159	7.657	1.226	3.927	4.366	6.668	6.394	2.335	8.974	4.845
19.793	5.369	4.773	2.737	4.777	4.644	5.255	3.111	9.575	4.114
17.182	4.330	0.826	3.734	4.817	5.401	5.170	4.304	2.294	6.298
14.393	9.559	4.772	3.342	6.195	5.173	3.942	2.880	2.392	5.859
17.777	1.567	1.220	4.286	5.647	6.285	6.158	0.086	18.393	3.705
16.120	5.885	4.311	3.228	5.301	3.993	3.443	5.242	0.561	5.442
14.596	4.118	1.754	0.194	4.099	4.803	4.873	7.695	11.466	4.802
19.782	9.573	4.520	1.219	6.778	4.779	5.023	8.898	6.829	4.771
19.472	0.579	1.183	4.412	5.184	4.579	6.566	7.301	16.297	4.390
13.214	8.676	0.609	1.284	4.776	5.197	3.996	2.233	0.353	5.926
19.627	0.951	4.478	0.914	6.003	5.140	5.355	5.047	0.815	6.693
13.780	5.520	4.656	4.959	4.835	3.584	5.617	4.620	4.888	4.655
2.416	8.073	0.765	1.452	4.632	5.670	3.143	3.274	7.028	5.659
13.718	4.923	2.894	2.569	5.112	4.542	5.449	2.673	8.103	6.888
4.285	3.216	3.480	4.493	6.070	5.456	3.072	7.421	17.474	4.636
18.232	9.485	1.835	4.536	5.452	4.162	3.684	8.037	7.228	7.090
3.150	6.986	3.673	1.939	3.814	3.887	3.980	0.539	5.605	4.989
4.418	3.871	0.749	4.459	4.350	5.776	3.018	0.193	8.978	4.556
19.189	6.054	1.046	0.397	6.085	5.429	4.143	2.154	5.732	4.416
5.458	2.680	2.583	0.445	5.341	4.903	3.290	2.329	2.011	4.903
2.660	3.261	1.254	4.571	5.540	5.062	5.923	4.502	13.575	5.309
7.790	2.154	3.373	1.617	4.022	3.817	4.010	9.589	11.294	4.624
12.211	8.011	2.580	3.657	4.801	3.947	5.877	4.951	1.219	5.388
19.097	8.506	1.837	3.530	3.618	6.046	3.690	7.184	13.196	3.569
9.873	3.761	4.963	3.749	6.176	4.165	6.063	2.199	7.940	4.325
8.416	0.845	1.706	4.465	3.337	3.550	4.679	4.092	13.935	3.540
14.116	7.039	3.546	3.421	4.227	5.880	5.363	7.679	18.604	4.439
12.081	0.294	1.514	3.747	5.602	4.660	5.401	6.788	3.443	3.746
11.739	7.077	4.082	2.909	5.445	6.401	6.151	2.081	16.353	4.045
12.221	7.246	3.477	4.467	5.416	5.058	4.810	4.305	12.079	3.536
4.215	1.389	4.713	3.013	6.451	3.267	5.818	2.030	15.047	7.041
5.176	7.972	2.384	2.048	6.180	4.133	5.634	3.113	12.785	4.757
6.799	4.607	4.844	4.903	6.102	5.636	6.139	4.150	0.615	5.628
18.290	8.766	1.384	2.371	5.568	5.850	5.711	0.231	9.252	4.727
10.413	8.075	1.653	2.263	5.491	4.780	5.314	6.624	11.369	3.567
0.596	6.138	3.332	0.086	4.576	4.557	5.380	8.376	8.114	5.710
13.909	3.206	4.506	4.718	4.689	4.575	3.965	5.256	1.832	3.922
7.868	1.402	2.907	3.082	4.964	7.087	5.724	4.380	17.724	4.222
13.372	0.629	2.441	4.224	5.816	4.804	5.456	8.379	16.873	4.228
15.259	8.010	3.663	0.468	3.983	5.977	4.996	7.153	12.739	6.663
18.660	4.606	2.545	2.843	4.633	6.602	5.190	4.671	6.129	3.527
2.609	0.407	1.404	1.691	3.016	5.305	5.726	5.265	16.166	7.122
13.440	1.085	0.981	4.522	3.180	5.017	3.637	3.904	10.362	4.553
2.235	5.575	3.020	1.623	5.359	5.668	6.715	2.272	2.032	4.138
14.905	1.360	2.564	0.007	6.569	5.503	5.122	7.542	8.895	5.691
4.266	0.958	2.379	3.998	6.229	5.358	6.456	7.929	8.671	3.746
15.444	9.294	0.801	2.505	4.291	5.413	5.341	6.443	1.978	5.661
16.000	5.882	4.576	4.683	4.808	3.780	5.554	0.813	11.863	5.861
2.372	0.740	0.214	2.762	5.086	4.662	7.615	3.905	14.205	5.431
4.122	4.935	3.690	4.511	5.159	4.971	5.655	9.243	7.986	4.021
19.120	3.236	2.291	1.744	5.433	5.465	2.452	2.987	12.957	4.148
18.904	0.566	4.308	3.940	5.649	5.201	5.227	6.687	3.205	3.368
17.786	8.396	1.184	2.142	4.880	4.920	5.267	8.759	18.006	5.597
6.775	3.502	3.290	1.696	5.276	6.879	7.173	8.012	12.660	5.449
15.233	2.607	0.136	3.929	5.616	6.831	4.128	7.414	13.047	4.692
5.080	7.449	0.326	0.420	4.588	4.128	5.738	9.312	15.151	4.666
15.997	8.504	2.340	3.883	3.921	5.719	5.846	1.037	6.577	5.356
6.863	0.598	0.124	0.308	4.834	4.041	5.663	1.660	16.398	5.250
18.874	8.297	0.564	3.620	5.211	5.295	3.189	1.494	14.095	4.741
3.705	5.088	4.504	0.098	3.853	5.216	5.410	3.595	0.622	5.911
1.484	6.920	4.669	4.961	4.023	5.628	5.957	3.257	10.465	5.072
6.589	0.755	1.400	1.403	5.370	4.148	4.132	7.752	9.588	4.685
0.190	2.565	1.579	3.572	6.579	4.778	3.635	5.406	3.748	5.467
9.867	3.827	4.099	1.895	6.466	5.805	5.553	2.102	5.168	5.266
7.741	4.085	3.384	1.136	4.765	5.692	3.895	3.296	1.658	4.607
13.601	2.947	3.659	0.754	3.209	5.731	6.094	9.025	5.704	4.596
6.861	8.415	0.387	0.109	3.808	5.633	5.493	6.540	8.437	4.306
12.579	8.021	4.960	2.412	2.969	3.623	4.303	8.850	5.769	4.395
3.582	3.240	3.965	3.198	4.046	6.188	6.797	3.447	18.830	5.203
16.370	6.961	0.055	3.196	4.942	4.975	3.387	7.305	11.425	6.123
14.588	4.356	2.748	1.657	5.516	4.619	3.243	3.499	1.412	6.065
19.153	4.090	0.247	2.158	6.758	5.738	5.252	6.902	13.817	4.867
0.096	9.713	3.478	0.826	6.198	5.293	4.509	9.046	3.422	5.276
18.468	8.072	0.638	4.849	6.665	5.509	5.098	4.969	15.762	5.252
12.852	4.220	2.727	1.350	4.998	4.081	5.594	2.917	2.806	4.534
19.685	7.995	0.182	0.841	5.797	3.588	4.943	9.024	16.269	4.563
10.557	3.119	2.204	0.479	4.297	4.092	5.063	9.203	9.075	5.828
1.139	1.884	3.034	0.062	5.695	3.809	4.403	6.300	15.059	5.736
9.203	1.877	3.502	4.180	5.019	5.687	3.160	7.240	11.199	5.879
10.365	4.449	4.396	4.869	6.574	3.070	6.362	6.578	13.840	2.441
14.814	6.708	1.802	4.590	4.418	5.462	5.790	8.065	9.876	5.438
1.526	9.577	3.253	1.054	4.850	6.841	4.948	9.513	11.124	5.960
9.879	4.657	4.664	3.415	4.877	5.583	4.971	8.093	6.074	6.775
9.090	3.764	1.370	4.175	6.262	5.286	6.285	6.821	12.441	4.367
0.042	5.599	1.072	0.451	6.019	4.681	3.858	3.547	8.949	4.073
17.771	8.704	2.341	1.091	4.336	4.895	4.451	5.360	7.918	4.736
19.117	8.785	-6.998	-7.240	10.056	13.470	0.909	-7.913	8.082	-6.025
4.926	6.186	-7.799	-8.464	10.979	4.686	3.759	-8.060	1.080	-6.344
1.636	7.589	-7.198	-5.728	17.003	6.715	1.064	-4.631	6.314	-6.532
12.400	9.263	-5.644	-6.223	15.565	14.402	2.909	-7.796	9.620	-7.218
10.590	2.453	-9.117	-6.115	12.316	18.284	1.144	-7.712	1.942	-7.377
10.877	3.018	-7.430	-5.261	19.738	19.670	3.831	-8.004	3.728	-7.739
5.042	3.586	-5.842	-7.353	10.800	0.438	4.313	-8.066	5.595	-8.780
11.639	2.948	-7.101	-5.209	4.676	15.729	0.708	-6.435	6.288	-8.075
9.360	5.640	-6.612	-7.546	0.814	0.171	2.278	-8.131	8.594	-6.542
17.984	3.594	-8.923	-6.014	15.598	9.441	4.538	-8.352	1.161	-7.076
10.361	0.938	-8.643	-7.044	7.500	6.153	3.069	-6.107	3.217	-7.623
19.861	1.691	-4.683	-5.769	8.982	16.427	2.001	-5.659	1.521	-6.348
19.381	4.293	-6.643	-7.801	1.952	1.105	0.371	-7.849	1.822	-5.150
0.002	2.565	-7.238	-7.475	6.955	4.977	2.149	-8.651	9.595	-8.493
10.921	9.331	-6.816	-7.156	18.863	4.578	0.565	-7.695	1.860	-8.527
11.146	6.872	-7.215	-7.839	12.081	16.472	2.262	-6.901	8.528	-6.820
12.448	4.724	-5.756	-6.188	4.878	0.840	2.017	-6.988	2.181	-6.619
13.763	5.657	-7.204	-7.192	0.563	10.493	0.331	-8.185	1.933	-8.163
17.869	6.728	-6.255	-6.963	16.482	3.195	0.325	-6.715	5.343	-7.145
15.185	2.297	-8.999	-6.069	1.641	16.586	4.410	-8.110	0.874	-6.826
18.454	4.815	-8.407	-7.546	2.013	13.340	0.797	-7.114	7.895	-5.371
2.390	4.213	-6.252	-6.669	9.459	6.550	4.218	-8.176	9.318	-6.357
0.929	7.402	-8.290	-6.218	17.253	0.276	4.374	-7.085	8.077	-8.030
19.032	6.827	-7.341	-6.492	18.813	13.648	0.474	-6.501	2.016	-7.417
3.528	5.214	-8.515	-7.007	10.903	0.126	0.432	-5.092	4.278	-7.690
13.100	4.185	-6.917	-7.091	5.294	6.701	0.167	-6.689	8.548	-7.103
19.891	8.624	-6.295	-6.127	19.574	0.599	3.076	-6.374	6.754	-8.622
14.534	1.430	-7.441	-6.292	8.106	15.873	1.077	-5.475	5.048	-8.213
17.043	5.100	-6.118	-7.478	15.878	3.722	0.296	-7.722	9.044	-6.487
4.730	3.334	-6.420	-6.754	18.880	6.188	1.361	-6.488	0.120	-7.572
0.693	2.682	-6.451	-6.997	3.360	10.072	1.593	-8.495	4.512	-5.355
14.819	4.956	-6.977	-8.503	8.874	3.325	3.400	-8.232	4.783	-6.495
11.753	1.558	-5.877	-5.990	12.049	10.126	1.031	-4.955	4.891	-8.049
0.593	1.078	-6.995	-7.530	17.080	4.847	4.994	-6.558	2.702	-6.709
12.142	3.495	-6.338	-7.417	11.446	6.195	2.516	-7.434	6.817	-6.680
8.049	9.520	-8.634	-6.656	15.203	1.118	0.933	-6.578	0.698	-6.731
0.194	6.503	-6.271	-8.143	7.060	3.739	1.992	-6.833	6.605	-6.067
9.171	3.750	-7.311	-7.950	19.530	10.872	3.360	-9.064	6.650	-6.683
7.201	0.871	-8.472	-5.911	0.177	18.202	4.855	-6.142	5.641	-7.238
6.986	4.489	-7.151	-7.059	13.936	2.812	3.007	-7.719	8.628	-7.014
8.024	6.811	-6.495	-7.450	1.639	0.036	0.758	-6.460	7.924	-6.493
4.120	2.963	-8.041	-6.717	2.953	8.987	3.055	-7.057	1.361	-6.780
5.870	4.723	-6.528	-6.236	15.204	7.842	1.937	-5.468	7.375	-4.201
13.555	5.324	-7.349	-7.096	15.339	3.180	3.227	-5.304	3.928	-6.577
3.656	3.122	-6.964	-8.579	1.001	7.046	4.740	-6.030	2.929	-7.593
15.934	3.895	-5.963	-7.216	4.772	16.866	1.213	-7.563	8.847	-7.457
8.375	8.072	-4.905	-5.865	7.558	8.133	4.701	-9.038	9.986	-6.811
4.151	2.245	-7.087	-5.996	2.899	16.213	3.985	-6.103	7.086	-7.964
8.573	5.972	-8.991	-6.711	18.250	19.458	0.132	-8.004	4.551	-5.881
11.305	0.453	-7.859	-6.144	10.286	19.039	2.868	-6.798	0.085	-7.267
15.103	0.530	-7.183	-5.761	8.547	2.333	1.985	-6.342	5.120	-7.562
14.343	9.997	-5.984	-8.234	13.498	7.237	3.086	-7.097	1.080	-4.762
13.017	2.473	-6.926	-7.091	14.804	6.755	4.330	-6.320	2.926	-8.054
0.228	4.351	-5.531	-5.362	13.986	13.714	0.695	-5.863	5.513	-7.232
18.427	1.668	-7.470	-7.503	7.549	12.405	2.121	-5.695	3.637	-6.254
16.632	7.700	-6.942	-6.531	0.667	6.369	2.803	-5.883	0.776	-5.995
6.550	3.688	-7.209	-8.211	1.052	12.986	2.752	-7.745	2.240	-6.201
18.924	9.861	-6.815	-6.740	17.101	12.938	1.471	-8.472	2.582	-7.193
8.637	3.259	-7.798	-8.495	2.866	6.712	1.144	-7.782	0.792	-7.950
13.727	8.363	-5.158	-8.750	2.073	13.172	2.450	-5.515	1.936	-6.010
0.497	3.380	-6.276	-7.280	10.049	9.706	3.934	-7.213	4.733	-6.935
13.759	6.738	-7.910	-4.964	11.035	6.808	0.303	-7.792	1.391	-8.192
7.786	0.155	-6.275	-7.753	0.983	5.254	1.262	-6.107	1.263	-7.339
6.310	9.061	-6.671	-7.253	8.945	9.383	0.572	-6.279	3.237	-5.706
6.974	0.763	-7.250	-6.499	7.383	15.856	1.030	-6.742	7.726	-5.202
6.931	8.962	-7.174	-7.673	15.159	15.402	2.518	-6.895	5.697	-6.926
10.442	4.779	-6.908	-5.952	16.668	14.678	4.854	-6.784	5.234	-5.308
10.319	6.914	-7.630	-6.645	12.841	18.365	1.501	-7.935	1.122	-6.665
1.911	0.126	-7.101	-7.117	4.756	12.686	3.545	-5.487	2.994	-6.671
9.281	6.919	-7.457	-7.386	12.109	18.072	2.080	-6.022	6.555	-6.202
18.011	2.349	-8.637	-7.394	0.830	11.089	3.578	-8.556	4.370	-7.068
12.580	7.156	-5.515	-7.305	1.445	1.763	1.930	-6.474	4.105	-5.142
2.797	2.526	-8.450	-6.806	8.869	5.726	0.487	-7.693	9.507	-8.405
8.046	5.567	-8.585	-7.043	4.414	18.989	3.713	-6.756	8.256	-8.623
8.256	2.196	-7.645	-8.347	1.676	14.745	3.699	-8.178	8.796	-7.144
10.934	5.777	-5.644	-7.640	14.928	8.192	1.500	-6.910	6.824	-7.270
8.598	7.722	-6.032	-7.086	13.907	9.526	2.984	-7.151	1.400	-6.831
5.666	4.565	-6.690	-6.980	7.192	19.234	0.315	-7.966	4.743	-6.669
8.161	1.239	-7.013	-8.140	12.564	6.923	0.628	-4.738	6.382	-8.108
12.768	2.878	-6.734	-5.852	15.797	11.170	1.293	-7.432	7.375	-6.463
5.534	2.171	-6.167	-8.734	9.204	19.859	1.975	-7.953	2.906	-5.821
11.802	2.976	-8.340	-6.018	3.208	15.702	2.360	-6.864	7.054	-5.930
8.395	4.952	-3.760	-6.192	16.098	19.344	4.417	-8.356	7.822	-8.553
1.030	0.054	-7.374	-6.880	5.783	9.766	3.791	-6.733	7.214	-4.906
7.301	3.845	-6.882	-6.737	11.961	8.356	4.830	-7.710	8.245	-7.005
2.948	2.458	-7.905	-5.421	4.059	6.318	4.548	-6.018	1.417	-7.185
18.822	5.562	-6.944	-7.922	14.282	14.959	0.321	-7.353	2.914	-8.487
4.231	1.860	-8.371	-4.887	5.247	11.026	2.542	-6.341	4.949	-6.406
15.173	0.258	-4.674	-7.101	19.609	10.312	2.307	-7.822	1.742	-6.482
8.705	4.884	-6.252	-7.261	11.122	17.838	2.744	-8.273	8.705	-6.094
12.521	4.645	-7.744	-6.795	5.446	12.104	3.345	-6.224	7.288	-7.447
14.491	5.832	-7.258	-6.923	4.909	19.163	3.334	-7.400	6.984	-6.458
2.289	5.983	-6.075	-6.877	3.918	6.754	0.722	-7.556	7.229	-6.716
18.485	9.447	-6.443	-8.110	11.816	17.401	1.991	-6.327	7.527	-7.655
19.862	4.756	-7.956	-8.183	7.438	18.426	3.524	-6.070	9.737	-6.866
9.174	9.780	-5.620	-5.000	17.237	19.153	2.588	-9.101	8.143	-6.086
11.831	2.033	-6.646	-6.604	3.497	9.654	1.644	-6.353	2.829	-6.641
17.524	1.152	-5.361	-8.620	15.882	13.110	1.659	-8.269	3.634	-8.110
4.299	2.966	-7.029	-5.269	10.107	8.756	1.007	-6.604	5.513	-6.479
17.676	2.708	-6.910	-7.591	16.876	0.454	3.169	-5.767	7.880	-6.706
1.078	2.802	-7.098	-5.408	16.271	15.790	1.736	-5.341	8.287	-6.462
4.602	0.628	-7.039	-6.025	1.476	8.969	4.546	-6.790	2.381	-6.785
6.455	9.464	-7.724	-7.023	16.819	4.760	3.910	-7.427	0.302	-7.036
7.928	6.397	-8.371	-7.242	3.328	11.200	3.196	-6.486	9.033	-6.907
5.897	1.667	-8.045	-8.862	10.217	5.535	2.094	-6.846	1.526	-8.592
1.573	8.567	-8.326	-7.444	16.874	16.796	0.431	-6.988	7.358	-7.523
15.367	9.053	-6.442	-5.861	9.167	2.834	2.638	-6.268	3.829	-7.212
9.994	5.103	-6.996	-6.904	13.296	7.452	3.637	-5.979	3.178	-6.556
19.938	1.382	-8.125	-5.908	7.681	8.579	3.948	-8.439	5.698	-7.426
5.312	8.216	-7.249	-6.582	19.210	4.472	0.849	-8.025	9.794	-7.682
18.383	3.725	-8.362	-8.888	15.261	18.376	2.741	-7.040	3.447	-7.007
9.974	2.946	-7.322	-7.207	1.398	13.185	2.694	-6.196	5.247	-5.717
10.620	1.714	-7.603	-7.604	12.948	14.147	0.521	-6.427	2.468	-6.707
15.646	7.568	-6.007	-6.660	6.450	13.018	2.966	-7.354	5.769	-8.679
15.190	6.071	-7.817	-8.129	18.244	9.529	1.182	-6.548	3.246	-6.237
9.962	2.443	-6.321	-6.652	1.574	7.102	2.085	-6.285	2.833	-7.244
8.210	4.734	-6.148	-6.222	16.408	8.041	4.762	-5.673	1.629	-7.191
18.069	4.258	-6.635	-7.609	19.037	13.785	2.274	-6.809	6.964	-5.510
5.494	4.179	-7.239	-8.497	16.784	0.083	0.826	-6.784	8.713	-6.753
5.738	4.726	-8.300	-5.821	16.039	7.494	0.963	-7.616	7.529	-7.293
17.447	7.324	-7.747	-8.187	5.326	1.122	2.619	-8.480	2.333	-7.776
9.001	5.496	-5.450	-7.221	7.604	15.355	4.674	-5.250	0.135	-8.502
2.028	1.544	-7.165	-6.766	5.889	13.456	0.337	-4.373	5.817	-7.370
4.570	1.307	-6.046	-6.630	10.677	14.789	2.306	-7.997	6.782	-6.156
16.238	6.222	-5.824	-5.511	18.308	12.336	4.114	-7.124	0.552	-7.448
9.140	1.980	-7.763	-5.780	10.113	8.020	3.838	-9.229	1.808	-7.788
19.325	6.491	-6.536	-5.776	14.840	1.029	2.620	-7.389	4.257	-6.477
4.457	0.732	-6.278	-8.316	5.766	8.778	0.917	-5.896	9.206	-6.799
5.177	5.858	-6.608	-8.139	17.021	6.633	3.945	-6.852	7.718	-7.614
11.036	2.738	-6.754	-7.731	0.662	6.870	0.293	-7.803	2.598	-6.583
2.115	8.770	-7.415	-7.959	14.133	14.914	2.561	-5.528	4.501	-5.349
19.619	3.121	-7.775	-7.788	16.986	1.153	4.675	-8.455	8.071	-8.398
9.340	2.824	-5.334	-6.596	17.819	8.926	3.203	-8.087	7.151	-6.640
19.611	1.895	-7.318	-5.943	0.173	6.701	2.533	-8.311	2.238	-8.464
19.435	9.997	-6.099	-7.164	6.252	10.984	2.201	-6.656	3.816	-6.270
1.932	8.466	-7.484	-6.593	1.594	14.731	3.153	-5.453	7.992	-8.062
15.713	1.201	-5.767	-6.762	5.536	0.895	4.529	-8.343	3.919	-7.898
3.126	7.889	-7.048	-8.661	14.663	8.929	2.253	-8.472	2.536	-6.388
2.631	1.616	-5.887	-6.079	7.292	11.590	3.063	-6.407	7.769	-8.114
9.947	9.911	-7.478	-8.474	6.614	11.104	4.467	-7.020	5.985	-6.398
13.825	7.582	-7.650	-8.145	2.963	1.491	3.804	-7.213	7.156	-6.079
0.479	7.259	-9.809	-7.867	1.848	12.844	3.987	-6.403	5.512	-7.257
2.561	8.055	-8.445	-6.318	18.552	12.864	4.010	-7.668	5.937	-6.820
6.983	5.473	-7.122	-6.938	15.222	6.693	1.861	-7.006	9.332	-6.834
9.403	0.087	-8.523	-7.183	14.837	14.295	2.383	-9.103	1.951	-6.473
3.446	9.036	-7.182	-9.294	13.888	7.795	1.064	-8.509	9.061	-5.712
1.818	7.623	-5.257	-5.554	7.697	17.055	1.764	-8.727	4.123	-6.761
2.519	6.376	-7.029	-7.178	5.800	5.287	2.826	-6.809	8.025	-5.181
16.190	1.850	-7.105	-6.240	17.537	8.496	3.870	-7.419	8.109	-8.576
2.060	4.588	-7.028	-6.412	0.657	0.426	3.897	-7.978	1.397	-7.802
19.581	3.479	-6.455	-7.472	16.996	12.446	1.065	-9.679	4.314	-6.580
18.160	1.925	-5.973	-6.907	12.879	1.220	2.026	-7.245	0.162	-9.273
1.642	8.046	-7.715	-6.777	5.103	10.102	1.711	-7.308	7.105	-7.326
7.261	3.962	-5.435	-7.390	12.507	17.069	1.782	-7.155	3.264	-6.913
10.171	3.844	-6.959	-5.682	11.751	17.355	2.301	-5.603	5.269	-7.604
8.103	1.689	-8.852	-5.899	7.125	13.319	1.472	-7.152	4.396	-8.212
17.450	1.114	-7.420	-6.723	6.854	13.597	3.905	-5.716	1.992	-9.016
13.307	3.992	-7.207	-8.862	8.842	17.885	0.109	-6.291	9.238	-6.580
7.483	7.359	-6.923	-6.659	3.961	4.447	2.676	-6.412	6.351	-7.644
10.762	9.556	-7.875	-7.744	2.627	12.933	2.931	-9.102	4.282	-5.231
6.440	1.002	-7.749	-5.635	5.127	10.321	0.916	-7.108	0.798	-5.818
8.568	5.325	-8.200	-4.576	2.009	8.743	3.877	-7.695	6.172	-6.044
8.278	4.181	-7.316	-6.642	12.299	13.014	3.944	-5.946	1.627	-6.967
16.994	0.042	-7.654	-6.695	18.040	18.837	3.256	-5.614	1.313	-6.554
4.360	2.013	-6.949	-5.771	8.068	9.451	3.510	-7.482	5.235	-8.134
3.369	5.112	-6.432	-7.179	16.618	16.320	0.009	-6.810	9.076	-9.059
13.198	5.367	-6.936	-7.141	15.251	19.260	3.848	-6.815	1.952	-7.900
17.973	7.133	-5.096	-6.936	19.459	11.748	0.676	-9.202	9.534	-4.214
0.660	5.966	-7.169	-5.981	4.900	12.761	4.918	-5.207	0.947	-6.327
2.488	6.801	-7.032	-6.246	2.001	19.012	4.952	-5.672	8.014	-7.615
15.092	8.853	-5.419	-9.283	15.247	11.212	3.024	-6.398	0.435	-7.663
14.117	4.732	-7.709	-6.354	9.036	17.139	3.144	-6.378	9.304	-5.630
4.978	0.447	-6.613	-6.302	5.704	18.821	3.813	-8.621	1.814	-4.065
14.647	2.278	-7.013	-6.758	10.813	9.460	1.011	-5.951	3.866	-6.725
9.470	7.828	-8.653	-7.280	11.499	6.999	0.863	-6.603	6.043	-6.458
15.883	2.089	-8.372	-6.682	5.272	4.852	2.744	-5.391	1.955	-6.912
8.149	5.067	-8.253	-6.850	19.674	12.694	3.688	-7.145	9.750	-7.022
2.457	7.008	-5.688	-8.326	8.568	11.858	4.938	-3.633	2.657	-5.998
14.841	0.292	-7.656	-6.044	1.471	1.041	1.073	-7.499	4.694	-7.897
16.487	3.846	-7.844	-8.456	0.785	15.651	4.892	-6.408	2.703	-6.334
12.083	5.443	-6.557	-5.107	8.852	15.805	2.746	-7.634	6.600	-6.598
3.528	6.981	-6.616	-6.558	15.532	10.728	2.404	-7.233	8.952	-7.464
14.930	7.062	-7.511	-5.025	4.191	6.107	4.076	-4.459	4.879	-6.619
5.031	3.287	-7.010	-3.974	17.835	10.123	4.884	-6.975	6.207	-7.458
13.046	1.755	-6.003	-7.087	13.850	5.625	3.640	-5.796	0.108	-7.223
10.241	1.549	-7.085	-7.271	11.423	3.134	3.101	-6.788	3.434	-5.875
19.783	0.192	-8.662	-6.892	13.301	0.287	2.653	-6.914	0.430	-6.567
4.611	2.410	-6.666	-6.998	6.366	5.758	3.638	-6.436	5.384	-7.472
14.275	0.682	-8.801	-5.537	10.771	13.243	2.537	-5.906	3.447	-5.668
16.454	2.750	-6.310	-7.345	6.114	17.030	2.432	-5.868	2.191	-6.175
13.786	4.515	-5.767	-8.066	5.738	11.403	4.330	-6.561	7.411	-5.859
11.364	0.915	-5.767	-7.779	10.203	18.192	4.723	-8.397	9.997	-4.755
16.831	3.697	-5.946	-7.418	0.288	13.451	3.946	-6.792	6.383	-7.734
19.696	4.467	-7.717	-7.039	18.747	1.676	0.280	-7.569	7.121	-6.927
19.162	5.667	-5.862	-5.659	1.203	10.531	0.312	-8.425	5.530	-8.408
4.872	3.656	-5.993	-6.315	8.807	9.931	0.784	-6.203	3.330	-6.660
7.326	3.005	-7.309	-6.169	8.761	3.718	3.412	-5.142	2.307	-4.200
8.267	1.871	-7.201	-6.699	5.746	0.141	3.616	-6.877	6.041	-6.779
15.884	7.314	-7.581	-5.914	16.341	16.192	4.577	-6.757	8.079	-9.696
2.314	9.474	-6.162	-7.051	6.827	13.266	2.527	-7.948	5.291	-6.674
0.680	7.508	-6.759	-6.669	17.237	8.577	4.593	-6.002	2.402	-8.080
14.301	7.862	-8.946	-8.032	14.921	12.438	2.235	-7.290	0.174	-6.813
12.410	8.250	-8.647	-7.686	0.376	19.653	2.260	-8.033	7.003	-7.657
1.616	9.203	-7.102	-7.902	8.812	14.104	0.399	-8.792	7.277	-6.933
16.459	4.855	-5.577	-4.831	0.330	14.136	3.881	-8.213	3.936	-6.369
0.834	7.517	-5.523	-6.514	11.875	13.671	4.284	-5.781	9.083	-6.053
12.834	4.509	-7.297	-6.952	12.965	12.717	1.391	-6.837	9.630	-7.589
9.713	2.525	-7.221	-6.190	17.492	1.943	4.689	-8.572	9.982	-6.200
17.252	3.048	-7.729	-6.766	12.264	15.568	4.205	-4.767	2.583	-6.047
0.957	0.170	-6.205	-7.194	15.035	6.034	2.048	-5.352	9.280	-6.009
19.930	1.677	-6.660	-4.529	16.961	16.103	4.666	-5.865	6.673	-5.722
18.337	9.160	-7.035	-6.771	19.808	11.036	1.890	-6.958	9.986	-7.514
15.093	1.028	-6.778	-6.498	4.734	0.813	4.998	-6.860	5.222	-8.329
15.421	6.167	-6.930	-5.874	4.579	15.104	0.987	-5.889	0.216	-6.928
19.868	3.599	-6.004	-6.038	3.207	18.885	1.833	-7.900	9.488	-5.481
10.961	6.023	-8.633	-7.375	10.801	5.038	4.572	-6.340	5.097	-7.798
14.550	8.976	-6.601	-6.884	5.226	0.057	1.594	-7.945	6.565	-6.899
11.330	0.823	-5.871	-5.381	12.599	12.865	4.593	-6.945	6.761	-6.867
19.724	5.396	-6.577	-7.083	12.433	14.683	0.457	-6.653	0.912	-9.414
18.293	6.028	-7.733	-6.879	7.107	15.366	4.180	-7.982	0.796	-5.363
11.821	3.046	-5.809	-7.929	11.134	4.924	0.552	-6.556	2.025	-5.509
0.060	9.163	-9.646	-8.695	4.146	15.527	3.646	-6.274	4.324	-4.813
0.458	7.972	-7.355	-6.286	13.620	0.927	0.936	-7.245	0.156	-8.065
17.510	8.044	-7.186	-7.207	6.119	15.528	3.172	-8.482	6.760	-7.570
17.788	6.507	-5.704	-7.619	3.190	17.312	1.189	-7.619	2.308	-6.232
3.612	7.575	-7.356	-7.406	6.514	15.295	3.730	-6.140	2.834	-7.044
4.862	2.330	-6.427	-7.570	1.394	3.490	4.717	-6.280	1.137	-8.916
19.517	3.672	-6.850	-6.748	6.323	9.605	3.849	-7.159	7.272	-7.147
16.589	1.393	-6.142	-8.840	17.542	10.608	2.195	-5.308	2.141	-7.551
14.646	9.392	-5.441	-6.492	17.292	19.081	3.992	-4.633	9.141	-6.878
1.126	0.519	-8.613	-7.122	7.660	19.241	0.172	-8.012	4.690	-7.060
3.363	7.397	-7.107	-8.654	19.130	9.902	0.805	-6.793	7.452	-6.910
2.961	6.728	-6.461	-8.707	1.691	11.313	2.536	-5.175	6.008	-7.346
7.432	6.381	-4.306	-6.551	14.667	13.786	3.584	-7.064	4.511	-5.874
1.299	9.067	-6.824	-5.720	3.497	19.015	0.566	-6.297	1.845	-6.303
15.517	4.157	-5.714	-6.474	3.411	18.173	1.587	-6.728	6.087	-5.917
7.605	7.121	-6.727	-7.139	7.875	8.838	4.409	-6.520	0.333	-7.548
7.993	1.797	-5.375	-7.420	2.925	17.929	3.261	-7.399	2.343	-5.981
6.782	3.068	-6.449	-7.158	15.088	16.508	4.191	-5.870	0.849	-8.470
7.381	4.148	-6.738	-7.320	15.505	14.759	4.253	-7.303	2.055	-5.586
1.003	2.285	-9.072	-8.542	2.944	4.118	2.980	-5.703	5.699	-6.545
12.523	0.916	-7.201	-5.138	14.891	14.607	0.676	-8.170	2.067	-8.663
0.598	8.928	-6.461	-7.075	10.294	6.834	1.169	-7.019	5.063	-5.758
3.543	6.477	-9.154	-7.622	14.347	5.523	0.513	-6.560	4.048	-6.366
18.819	2.159	-7.241	-5.363	13.240	10.638	3.122	-6.728	6.772	-5.676
11.094	6.306	-7.290	-7.183	2.006	9.954	0.980	-7.991	0.774	-6.802
7.863	9.189	-5.992	-7.912	1.337	2.629	4.704	-7.910	0.539	-6.006
16.363	1.901	-5.765	-8.586	0.346	15.972	4.846	-6.117	2.968	-7.053
18.983	1.242	-4.751	-8.456	8.218	12.880	2.105	-5.934	1.809	-7.540
19.835	5.067	-6.622	-5.287	14.941	15.118	3.017	-7.029	5.596	-5.672
8.076	2.171	-5.609	-6.719	12.405	19.731	0.832	-7.442	1.335	-6.823
15.434	1.493	-7.610	-5.595	5.777	13.048	0.006	-7.275	5.190	-5.913
5.316	7.925	-6.586	-8.944	9.796	0.765	1.214	-6.762	4.514	-7.222
10.197	1.617	-7.883	-7.226	2.363	9.721	0.132	-5.853	5.234	-7.137
10.547	8.864	-7.147	-7.893	1.059	5.567	4.010	-7.878	0.316	-7.399
3.415	6.283	-7.695	-7.620	2.597	16.228	4.115	-6.940	0.583	-7.579
9.200	2.498	-6.258	-9.076	14.515	9.219	3.713	-7.829	1.431	-8.150
2.024	7.620	-7.242	-7.342	19.129	7.999	0.446	-7.946	8.135	-6.290
0.636	5.559	-6.372	-6.916	5.779	10.758	2.689	-6.057	9.239	-7.007
3.714	2.354	-6.625	-6.850	8.986	0.771	4.643	-5.886	0.065	-7.378
6.136	9.831	-5.893	-6.510	12.908	19.250	3.441	-8.888	3.103	-7.703
19.292	6.000	-7.380	-8.502	12.863	13.035	2.530	-8.263	4.744	-7.353
2.748	0.308	-7.104	-6.220	2.850	7.707	3.329	-5.969	1.774	-7.385
9.626	6.041	-6.964	-7.192	13.074	2.493	2.157	-5.716	0.662	-6.857
13.034	8.512	-8.623	-5.717	8.228	16.740	1.255	-7.990	7.845	-8.187
12.810	0.176	-6.671	-7.801	10.541	1.734	2.820	-6.617	9.362	-7.512
14.116	5.660	-6.708	-7.176	10.004	18.034	3.487	-8.296	1.089	-6.036
14.780	5.185	-5.787	-5.868	4.174	1.294	2.159	-6.983	6.268	-7.407
6.784	9.567	-7.551	-6.302	3.899	5.699	1.183	-7.695	7.201	-9.225
4.080	8.931	-7.268	-7.064	3.085	6.018	1.431	-6.905	0.371	-6.182
16.951	7.380	-6.340	-9.000	16.158	17.616	3.194	-6.722	1.379	-6.138
11.027	7.113	-6.131	-6.569	19.936	12.162	0.028	-5.596	3.412	-6.716
1.360	1.917	-7.830	-6.102	14.148	6.735	3.197	-5.411	4.226	-6.169
11.492	7.097	-7.993	-7.478	7.173	11.197	3.845	-5.176	0.705	-6.553
6.368	0.275	-8.455	-6.077	4.668	9.560	1.268	-7.659	5.731	-5.139
10.344	7.691	-6.825	-7.260	2.816	16.729	1.471	-6.291	8.058	-7.796
5.543	4.484	-6.254	-6.856	9.857	2.948	2.022	-6.579	4.701	-7.205
0.357	7.726	-9.615	-5.876	8.425	3.768	1.088	-7.010	6.299	-7.289
5.650	7.247	-7.524	-7.277	19.758	17.060	2.810	-7.628	7.608	-6.692
16.816	9.173	-8.548	-8.710	15.773	16.899	4.294	-7.327	5.497	-7.554
10.653	9.626	-7.252	-9.048	0.236	17.788	4.697	-6.958	6.946	-5.811
16.112	9.599	-6.507	-5.984	3.210	1.483	0.148	-8.035	6.064	-6.697
16.437	9.803	-5.977	-6.163	16.183	15.583	1.801	-7.595	3.405	-7.343
8.437	5.857	-6.300	-6.578	8.518	6.056	2.688	-7.457	3.192	-6.972
10.188	9.131	-6.702	-6.923	2.929	1.925	3.275	-7.508	5.675	-6.173
1.307	1.292	-5.778	-6.722	18.603	2.243	2.160	-6.824	4.062	-6.484
6.361	6.056	-6.873	-6.809	9.878	17.787	4.106	-8.280	8.422	-7.384
16.487	3.345	-7.032	-6.915	16.744	18.860	1.904	-5.821	8.226	-7.529
17.967	2.701	-7.750	-7.038	16.194	7.906	2.177	-6.939	0.485	-7.121
19.832	8.969	-4.745	-6.761	13.214	4.482	1.973	-7.318	4.925	-5.431
11.127	9.559	-6.784	-7.136	11.981	15.450	0.776	-6.293	0.787	-6.417
8.963	4.336	-7.018	-6.757	13.227	10.597	2.104	-7.563	8.539	-6.617
11.177	4.701	-6.284	-6.103	9.556	5.844	2.875	-7.776	7.203	-10.370
12.733	8.584	-6.208	-6.029	12.175	10.478	4.927	-7.097	2.783	-8.600
11.616	7.665	-5.931	-7.472	16.049	15.366	4.049	-9.569	0.010	-5.420
12.713	1.105	-6.661	-7.122	9.282	9.894	4.806	-6.965	4.074	-6.719
16.471	8.204	-8.864	-5.904	7.888	11.392	2.478	-8.258	8.781	-8.203
8.023	7.078	-7.570	-8.284	0.319	11.167	0.922	-7.311	1.493	-6.555
1.229	2.722	-7.523	-7.318	1.907	13.244	4.969	-7.152	4.686	-6.786
2.040	2.879	-6.475	-5.443	7.630	4.502	4.512	-7.280	7.237	-5.401
5.929	0.788	-4.855	-5.458	1.314	13.101	3.755	-7.492	3.981	-6.660
9.021	9.871	-7.335	-7.302	2.509	8.740	4.182	-7.030	7.799	-7.570
12.639	9.725	-4.905	-7.224	6.644	1.294	4.708	-6.821	8.298	-7.169
10.863	3.002	-6.160	-5.931	9.906	8.321	2.552	-6.180	6.613	-6.433
10.258	8.773	-8.051	-5.617	15.966	13.243	3.295	-6.956	7.133	-7.742
15.935	2.713	-6.638	-7.343	3.607	8.053	3.776	-8.036	4.775	-7.864
12.187	4.535	-5.871	-7.578	15.246	19.731	1.759	-7.458	0.570	-5.639
15.954	8.392	-7.346	-5.225	5.140	0.460	1.711	-7.120	1.050	-7.405
15.338	8.166	-6.510	-8.029	13.191	14.847	1.123	-6.080	1.665	-5.148
17.774	1.075	-6.026	-8.176	2.737	3.104	1.846	-6.753	9.534	-6.915
9.499	7.645	-8.181	-6.078	18.744	15.776	3.598	-7.744	7.350	-7.543
6.255	0.665	-7.838	-7.669	6.582	15.460	2.626	-7.439	0.131	-8.402
8.872	0.260	-6.588	-7.088	14.551	15.911	4.592	-6.014	5.490	-7.131
2.794	6.552	-6.739	-4.772	16.849	10.640	3.907	-5.098	7.576	-7.507
8.136	5.850	-6.998	-8.187	13.206	17.782	2.065	-7.631	4.117	-6.797
14.187	2.444	-7.977	-6.159	18.623	15.218	3.967	-8.068	7.443	-6.408
0.728	8.356	-7.933	-6.405	4.982	8.827	3.130	-7.396	2.739	-6.491
11.022	9.390	-6.966	-6.011	19.109	5.040	0.442	-6.246	3.919	-7.943
8.225	2.093	-6.420	-8.132	17.190	10.598	1.513	-7.120	5.608	-6.179
13.400	2.898	-4.637	-6.006	4.488	5.243	0.390	-8.555	4.509	-6.742
2.148	4.382	-5.488	-8.287	18.588	18.788	0.187	-6.638	1.539	-4.215
7.532	0.228	-6.117	-9.101	8.115	12.027	4.883	-6.983	8.449	-6.403
11.626	4.727	-6.968	-7.160	17.244	15.327	3.150	-8.246	9.220	-8.209
13.528	9.770	-7.542	-6.369	2.109	18.758	4.700	-7.996	4.632	-8.245
6.878	4.606	-7.440	-6.787	17.421	11.703	2.558	-7.404	6.160	-5.280
8.402	3.635	-6.177	-7.361	13.947	1.271	3.309	-6.388	9.942	-7.663
19.016	6.975	-6.810	-7.181	13.435	4.144	0.471	-6.181	0.096	-6.142
16.559	8.944	-6.109	-5.574	14.839	10.662	1.010	-5.565	6.965	-5.957
15.464	6.219	-6.251	-6.922	0.522	11.095	0.356	-7.902	7.884	-7.434
6.455	8.539	-5.601	-8.020	2.992	3.955	0.495	-6.134	3.657	-6.919
10.640	5.518	-4.192	-6.373	12.888	15.373	1.173	-6.060	3.744	-6.384
2.422	4.990	-7.739	-6.474	16.956	8.301	1.156	-5.426	1.207	-7.886
10.566	5.491	-8.170	-6.768	10.114	16.055	0.871	-5.063	8.324	-7.324
10.773	9.224	-5.721	-8.142	2.997	14.898	0.682	-8.201	9.433	-6.763
