-1.090	-2.228	1.067	6.759	19.925	5.910	9.397	2.035
0.674	2.466	-0.276	4.833	6.193	5.041	5.987	3.555
1.344	1.231	-0.417	13.571	5.998	9.270	6.877	0.525
1.718	-1.465	-0.961	15.938	1.757	0.822	1.525	4.673
-2.500	-1.387	0.885	15.613	13.770	8.490	8.920	1.960
-0.312	-0.433	0.766	18.412	17.066	3.188	7.969	2.371
-0.579	1.334	0.923	3.675	4.143	6.885	0.395	4.597
0.410	-0.094	-1.358	2.029	1.508	9.012	4.329	0.361
-1.470	0.497	-0.627	7.501	13.458	3.650	8.032	0.183
1.376	1.911	1.514	4.219	19.677	8.622	2.342	3.039
-0.837	-0.186	-2.501	9.267	2.061	6.476	5.121	2.458
-1.391	-0.388	-0.103	6.030	17.186	1.689	5.087	3.812
0.573	0.551	-0.556	1.690	15.144	8.406	7.091	4.054
-0.244	0.047	-0.788	5.353	6.967	6.706	5.216	3.812
0.394	-1.249	3.309	3.296	12.350	4.263	6.622	4.800
0.192	0.493	0.757	13.571	10.725	8.706	8.394	0.140
2.182	0.721	-1.855	5.311	6.674	7.223	4.895	1.321
0.177	1.086	0.151	0.604	12.457	5.052	0.003	4.933
0.372	-0.703	1.455	19.063	10.956	8.261	2.327	2.929
-0.999	1.209	0.658	18.200	6.291	9.217	9.112	4.387
-0.271	-1.785	0.319	3.690	16.989	6.748	1.626	1.618
-1.252	0.993	0.246	9.367	6.761	5.809	4.400	3.981
-0.313	0.212	-1.495	15.237	16.358	7.769	6.058	4.516
0.982	-1.092	0.880	15.033	10.902	5.374	6.834	3.221
0.661	-1.854	1.660	10.570	7.406	9.057	6.837	3.178
1.124	-1.316	-1.401	14.583	13.559	0.157	0.064	3.068
-1.009	-0.133	-1.319	14.134	13.301	4.303	8.411	2.266
-1.071	0.389	1.283	10.441	0.827	4.741	7.592	1.863
-1.195	0.412	0.989	1.607	1.872	3.536	5.098	0.404
1.289	3.205	-0.765	14.408	5.408	2.004	4.679	0.448
-0.677	-0.159	-0.286	12.093	12.917	9.607	0.237	0.737
-2.421	-1.166	-0.850	12.398	9.270	9.878	0.084	4.105
-1.259	-1.603	0.959	11.854	6.019	8.624	5.588	3.231
0.445	-1.344	1.616	9.891	0.606	9.683	6.077	0.956
1.291	-0.293	-1.517	13.283	10.063	3.524	7.524	2.668
1.194	1.630	-0.215	1.765	15.394	2.790	0.596	1.464
0.483	0.494	0.599	1.586	4.842	8.539	1.153	0.645
0.870	0.891	1.075	4.790	5.804	3.342	4.083	1.010
-0.421	0.914	-0.835	0.459	11.312	3.532	6.816	4.015
0.070	-0.834	0.146	15.205	8.750	9.618	1.150	1.425
-0.301	0.621	-1.487	10.275	14.010	0.089	7.229	2.198
-1.059	-0.691	0.368	2.442	8.316	0.820	7.181	0.056
1.018	0.077	1.773	8.647	19.671	9.127	5.970	2.570
1.487	-0.645	-1.301	12.928	6.828	2.358	3.329	0.512
-0.412	-0.326	1.886	13.826	17.279	7.914	2.312	1.794
-1.929	0.968	-1.287	18.437	6.245	0.788	9.857	0.029
0.878	-0.521	-0.276	14.021	12.842	6.451	0.167	1.283
0.205	1.422	0.709	17.801	18.529	9.626	4.178	4.101
-0.282	-0.601	-0.922	7.101	17.753	2.879	0.858	2.122
-0.401	0.009	-0.547	18.697	4.485	3.270	8.495	4.847
0.335	-0.751	-0.217	10.415	18.525	4.779	2.307	0.799
0.811	-1.343	1.539	4.837	14.980	9.630	4.299	0.021
1.013	-0.092	0.309	19.164	10.411	2.313	8.364	1.889
-2.271	-0.340	-1.580	9.676	19.753	1.755	4.201	4.731
-0.448	-1.121	-0.755	13.311	13.974	0.025	2.299	4.853
0.068	-1.663	-0.894	5.006	13.824	8.111	9.731	1.020
0.838	-0.289	-0.325	18.956	19.671	0.370	1.749	0.546
0.193	1.247	-0.135	6.274	4.745	0.867	3.347	0.967
0.580	-2.579	0.868	0.293	12.188	0.099	1.730	4.782
0.581	0.121	0.556	16.414	13.908	4.950	4.711	2.161
-0.337	0.051	0.220	4.572	13.213	2.314	7.480	3.520
0.626	-1.635	-2.381	9.915	2.638	4.054	8.326	4.188
0.225	-1.082	0.469	4.988	0.304	6.426	8.364	3.450
-0.507	-0.697	-0.494	10.619	16.501	9.114	5.930	4.069
-0.566	-0.035	0.197	12.163	2.093	1.328	0.333	0.102
-0.558	1.071	-1.486	0.283	0.940	2.220	3.395	1.357
-1.358	0.310	0.427	17.841	1.341	8.552	3.887	2.819
0.211	-1.147	1.170	3.170	5.067	4.766	5.962	2.054
0.280	1.706	-0.270	18.562	3.290	8.009	7.837	1.189
-0.642	1.964	-2.190	7.225	17.901	9.559	3.571	2.134
1.546	0.898	0.315	19.802	7.930	5.818	5.665	4.686
-2.419	2.039	-0.931	11.742	10.533	9.900	6.295	1.065
0.967	0.221	0.413	3.019	17.753	4.888	4.670	2.126
0.491	-0.910	-1.416	18.864	9.321	1.366	8.130	1.781
-0.810	1.251	0.769	6.975	16.775	0.500	4.040	3.582
1.270	0.469	-0.165	5.524	3.583	7.690	6.973	4.808
-0.204	-0.009	-1.098	11.081	2.733	6.077	8.607	0.258
1.773	-2.580	0.151	12.326	3.217	0.043	3.900	2.263
1.413	-0.394	0.746	16.670	1.911	2.757	0.411	0.447
1.202	-1.280	1.653	11.942	2.681	7.009	1.802	3.292
2.411	-0.457	0.577	11.748	10.444	6.869	2.224	3.369
0.074	-0.739	-0.844	14.397	3.558	1.508	5.095	2.979
-1.296	1.968	-1.565	13.877	7.638	0.310	2.719	1.072
0.343	0.464	-0.622	12.758	16.679	3.579	5.208	4.009
0.724	0.768	-0.867	9.878	13.385	1.010	3.762	4.693
0.600	-0.635	-1.359	19.481	14.479	1.910	0.988	3.267
-0.880	-0.152	-0.306	2.260	18.548	4.148	8.055	1.655
1.934	0.301	0.741	13.591	19.470	3.462	9.514	2.239
-0.262	-0.113	-2.277	14.453	14.807	5.647	9.448	1.132
-0.102	-0.698	0.777	0.813	9.051	2.772	8.289	3.697
-0.969	0.483	0.674	10.707	2.583	2.229	4.938	1.358
1.360	-1.434	0.837	19.174	3.672	7.951	5.127	3.548
1.935	-0.380	1.038	8.247	13.481	3.517	5.551	4.245
1.092	0.346	0.440	13.273	5.944	9.880	6.257	3.449
1.187	1.860	-0.201	13.746	0.759	0.812	0.624	4.213
-1.474	-0.531	-0.951	5.840	9.666	9.339	7.331	4.379
-0.255	0.208	-0.685	16.419	11.771	0.568	6.459	2.207
-1.385	0.796	-1.813	15.292	16.773	9.097	0.141	2.377
0.135	-0.505	0.695	14.295	10.276	1.833	6.115	2.202
1.448	0.029	-1.202	8.235	9.229	7.096	9.786	3.966
2.058	-2.427	-1.309	8.576	0.373	6.225	4.876	3.835
0.947	0.708	0.296	19.711	0.585	4.158	0.473	1.443
-0.566	-1.542	-0.251	8.619	18.778	7.707	1.059	2.471
-1.088	-0.385	-0.558	17.397	2.759	0.126	1.301	3.532
-0.345	0.416	2.015	18.973	4.420	5.134	1.591	0.535
1.410	-0.070	-0.727	4.635	5.511	1.431	3.234	1.542
0.760	0.867	1.393	4.476	12.624	1.405	1.251	0.426
-0.241	0.339	0.494	15.630	13.821	9.752	7.217	1.339
-1.040	-1.573	-1.490	4.948	10.127	4.366	7.914	1.310
-2.532	-0.499	0.175	18.299	15.949	2.950	3.507	0.587
0.867	0.761	0.050	16.469	0.839	7.406	8.363	0.970
0.014	-1.096	0.644	3.586	9.327	1.361	9.644	4.627
-1.984	-0.898	-2.057	12.618	4.233	2.750	0.002	1.020
2.367	0.220	0.744	2.125	3.741	7.522	4.164	0.916
0.176	-0.197	-0.750	3.846	1.045	0.294	4.591	4.732
-0.372	1.324	-0.447	6.021	15.223	4.045	0.020	0.160
1.014	-1.907	1.056	1.826	3.080	0.048	0.060	3.612
0.032	-0.785	1.097	11.320	11.564	5.239	1.139	4.829
-0.128	0.178	-0.338	16.749	2.753	7.778	9.711	2.428
-2.398	2.096	-0.160	9.413	3.829	7.598	5.158	3.594
-1.369	0.192	0.649	2.424	7.055	3.038	7.080	2.897
-1.663	0.613	-1.223	11.639	18.739	8.050	6.995	0.236
1.233	-1.362	-0.827	7.754	16.910	3.431	6.628	2.855
-0.158	-0.492	-0.056	18.587	17.167	9.942	2.734	4.919
-0.035	0.547	-0.398	4.224	3.717	1.098	0.864	3.083
0.227	-0.292	1.332	15.406	11.314	9.592	2.146	0.339
0.774	0.310	0.619	14.229	4.300	3.762	2.478	1.600
2.032	-2.111	-1.007	10.776	9.635	1.758	2.975	3.162
-1.060	-1.046	-1.707	9.142	18.934	0.249	7.118	4.723
-0.132	1.113	0.664	8.351	17.713	8.359	5.131	3.859
0.661	-0.984	0.417	2.766	5.994	8.593	7.936	4.645
0.374	-0.562	0.054	6.981	6.976	2.378	5.656	4.547
1.195	-0.702	0.447	14.964	13.293	7.214	5.008	0.300
0.044	0.850	0.529	18.341	11.732	5.273	6.501	4.501
-0.109	1.205	-1.103	17.453	11.882	8.307	0.667	1.858
0.688	-1.858	2.436	1.338	7.135	4.101	5.134	2.000
-0.356	-2.475	-0.972	19.284	2.632	8.888	7.619	0.212
-1.469	-1.693	-0.712	0.476	2.629	4.321	8.678	4.296
0.438	-0.080	0.115	5.089	11.670	4.771	9.117	4.291
-0.889	-0.118	0.065	16.771	2.829	7.771	3.879	4.286
0.351	0.504	-1.457	12.057	10.445	2.058	2.169	2.549
1.013	0.462	-1.549	3.674	17.058	7.038	7.570	1.961
-1.204	-2.228	-0.978	11.188	19.513	0.973	2.729	4.883
-0.082	0.717	-0.511	13.742	0.654	3.455	4.852	2.255
-0.741	-1.003	-0.801	11.702	9.804	9.173	7.126	2.290
1.097	0.925	1.058	17.844	5.362	1.332	3.356	0.707
0.463	-1.497	0.802	11.793	6.287	3.374	2.604	3.613
1.046	-0.206	0.025	9.606	1.872	3.330	1.098	4.382
-1.666	-0.928	-0.252	13.428	4.894	4.092	4.584	1.567
-0.127	-1.467	-0.513	15.506	9.238	5.726	2.386	0.503
-0.362	-1.389	-0.563	18.057	8.134	7.745	2.226	3.601
-0.805	0.980	1.563	15.605	17.424	8.046	9.797	2.289
0.186	-0.335	-0.153	12.130	13.841	0.789	2.200	3.492
-1.466	-1.566	-0.750	7.084	1.085	5.951	6.857	0.378
0.513	-1.284	1.003	2.011	4.396	8.466	4.784	4.939
-0.455	1.334	-2.399	0.677	13.856	3.730	5.009	0.230
-0.350	0.888	-0.854	7.530	12.453	0.685	5.290	0.805
0.021	-0.987	0.284	15.579	16.769	9.810	8.113	4.513
1.563	-0.614	-1.262	12.908	3.356	9.567	5.800	0.152
-1.288	0.230	-0.029	4.897	14.471	8.693	4.377	0.808
0.765	1.824	1.150	19.735	19.371	4.089	7.048	2.632
0.346	0.007	0.839	11.878	3.424	1.995	9.403	0.309
0.965	-0.282	-1.010	0.375	18.788	7.028	7.294	0.022
-0.749	0.098	-0.184	1.896	19.633	7.284	0.522	4.787
-1.338	-0.174	-0.062	11.025	5.176	5.152	3.201	4.124
-0.191	0.204	-0.508	3.013	14.613	0.552	2.613	2.763
1.002	-0.989	0.715	5.975	8.467	4.136	0.767	1.853
0.935	4.904	6.182	1.926	4.333	3.515	0.403	3.933
9.593	4.473	2.709	6.318	2.825	4.994	1.198	2.455
3.077	4.146	4.151	15.709	8.178	5.287	5.670	1.148
3.969	4.870	5.243	8.888	7.560	6.282	5.860	0.101
7.425	4.279	5.221	6.955	6.171	4.453	1.159	0.315
8.202	3.830	5.654	5.327	5.032	5.994	8.536	2.076
8.906	4.767	6.520	5.321	3.698	3.569	0.414	4.190
6.394	3.913	3.516	19.614	13.871	2.840	9.026	2.333
1.542	5.764	3.047	0.897	7.432	6.768	4.304	4.205
5.396	5.462	6.410	12.700	2.632	4.947	6.725	2.447
8.812	5.597	4.038	9.773	7.243	5.933	7.072	3.610
8.832	5.440	4.800	2.004	13.656	5.543	8.144	3.839
0.388	6.947	4.079	8.437	10.170	1.970	1.653	3.391
5.061	5.373	3.783	10.265	0.161	6.646	0.976	0.638
8.048	4.951	4.348	5.150	10.119	4.809	6.219	3.273
1.087	4.921	3.649	8.696	7.007	5.719	8.347	0.247
6.498	5.788	4.740	17.393	3.190	5.435	7.984	2.206
2.536	3.471	5.970	3.095	6.607	5.057	6.202	2.818
5.769	4.011	6.135	11.355	4.766	6.013	2.918	4.784
4.838	5.079	7.403	2.635	14.352	3.219	6.423	0.020
4.012	4.458	3.003	9.512	6.006	5.647	1.350	2.194
9.220	4.190	6.045	3.643	9.775	4.508	6.533	2.216
3.059	4.942	6.361	5.537	10.769	5.671	6.071	3.483
0.840	4.940	5.846	4.149	17.892	4.733	9.196	3.915
2.691	5.298	4.176	10.437	9.781	3.467	8.634	0.884
7.310	6.743	6.272	15.607	13.903	4.878	6.575	0.323
3.608	2.931	4.302	6.455	2.928	3.163	0.991	0.320
3.048	7.856	5.461	1.385	13.054	4.243	8.731	2.689
9.716	3.606	6.648	15.451	10.316	5.343	7.180	0.701
8.259	5.786	3.432	5.285	8.341	4.371	9.730	3.297
7.167	4.066	2.970	13.665	8.222	4.581	5.777	2.594
1.271	4.218	7.170	14.140	1.503	4.634	6.316	3.403
2.163	5.050	3.429	7.970	5.104	5.557	5.560	0.345
6.427	3.877	5.195	4.022	13.711	5.471	9.327	0.654
6.593	4.717	5.265	11.292	13.822	6.797	8.990	3.999
8.338	6.261	4.792	1.627	17.187	3.065	3.923	1.842
0.177	3.873	5.193	1.022	1.188	4.010	0.757	2.995
5.327	4.251	3.936	11.740	5.168	7.744	2.694	0.135
5.924	4.527	5.044	18.044	0.452	3.773	6.296	0.712
0.332	4.278	4.135	5.909	12.083	5.745	9.650	0.544
0.224	5.158	5.356	12.166	6.539	6.775	0.433	2.232
1.953	5.281	4.360	19.323	18.789	4.771	7.156	1.832
7.433	5.277	5.902	16.813	4.809	4.978	4.817	2.560
0.827	6.700	6.671	4.391	1.634	4.935	1.015	4.408
3.013	5.225	4.916	11.875	6.627	3.446	9.013	4.439
1.046	7.155	5.908	11.188	15.179	2.888	7.510	3.197
1.311	3.629	3.397	4.688	17.916	4.643	0.807	3.188
2.714	5.021	3.543	19.312	2.489	6.614	6.485	0.334
5.154	4.731	5.493	16.794	1.751	6.565	3.962	3.188
8.998	5.621	6.375	9.131	19.321	4.379	2.021	4.042
2.990	3.365	4.392	11.482	8.856	4.872	5.559	0.329
6.650	5.963	3.661	17.763	1.637	6.091	3.642	2.399
9.532	5.473	5.314	6.752	1.642	5.274	0.422	0.963
1.234	7.017	4.419	19.737	18.949	3.923	8.753	0.982
6.530	4.350	4.546	3.536	3.013	5.512	7.447	0.541
7.003	4.203	6.612	1.727	15.800	5.767	1.224	4.262
9.828	4.880	6.902	14.565	4.204	5.533	1.686	3.862
4.556	5.317	4.280	18.122	4.247	4.812	2.672	0.842
9.946	4.793	4.731	1.731	16.456	4.027	6.202	4.900
4.638	4.868	3.930	8.823	4.079	3.734	3.704	2.047
0.602	6.455	5.700	8.106	4.403	5.844	9.289	2.045
4.448	7.345	4.241	12.712	14.888	4.705	4.639	0.311
0.215	5.784	4.023	4.914	0.460	5.241	8.427	0.019
9.476	4.160	4.379	2.268	13.928	4.766	8.578	1.530
9.904	5.693	4.998	10.898	0.449	4.038	0.701	4.872
7.919	5.918	4.842	10.267	8.017	5.673	8.072	1.092
9.500	6.183	3.297	19.755	2.318	4.186	9.237	3.030
0.444	3.298	5.750	5.717	0.353	5.233	8.984	4.561
3.702	5.917	5.562	5.474	10.997	4.353	8.659	0.201
1.425	4.806	5.448	1.233	1.262	3.847	2.151	4.727
9.871	5.472	5.276	1.901	19.057	6.339	1.440	2.060
9.193	3.257	5.905	13.450	0.856	5.274	7.331	1.232
6.149	5.968	5.331	13.610	10.392	5.827	5.083	4.549
4.532	7.172	4.696	0.867	11.234	4.630	6.964	4.496
6.381	4.191	5.518	18.397	0.543	5.281	8.883	3.616
1.204	4.130	3.252	7.513	13.625	5.289	5.161	4.033
8.406	5.880	5.664	5.983	1.959	3.733	6.931	1.264
0.103	4.985	5.199	5.855	10.085	4.929	4.062	4.102
6.721	6.544	6.046	3.533	10.427	6.667	7.511	2.052
6.637	6.828	5.904	8.184	18.668	5.114	2.053	2.663
0.990	3.103	3.829	17.696	4.019	5.648	7.895	3.707
7.899	3.831	3.311	10.366	3.652	3.731	8.362	4.130
4.487	5.565	2.909	15.853	13.311	4.237	9.581	1.333
5.331	4.207	3.553	13.435	18.979	5.097	3.123	3.763
5.813	3.094	4.044	12.068	2.074	5.162	7.827	0.497
5.555	7.434	4.629	5.069	17.855	6.988	9.922	2.081
1.935	6.521	7.737	17.865	10.085	6.917	7.622	4.915
1.710	6.306	4.468	13.322	8.963	5.890	2.749	4.437
3.294	4.349	6.448	14.514	15.763	5.149	8.455	0.044
7.872	5.627	5.159	8.773	1.069	4.451	2.200	3.102
9.622	4.895	3.664	17.019	16.774	5.189	4.845	2.680
8.464	4.734	6.267	4.142	7.455	5.363	8.641	3.070
7.275	4.756	4.291	11.262	16.602	4.124	6.039	0.448
6.048	4.678	5.710	18.844	2.711	4.940	5.650	3.628
7.312	5.012	3.336	11.269	4.718	5.037	6.714	1.974
6.854	7.378	3.143	5.716	5.893	4.858	3.362	0.703
5.676	3.997	4.483	2.733	18.507	5.217	0.487	4.696
6.025	4.889	4.430	6.101	11.759	5.346	0.748	0.126
9.042	5.709	4.997	17.223	19.594	5.781	9.534	3.031
5.148	6.143	5.882	0.289	1.818	3.743	1.857	1.179
9.645	7.277	4.642	9.520	4.602	2.449	5.143	1.023
7.633	6.550	5.204	5.867	13.176	5.698	4.867	4.256
8.154	5.472	5.681	14.597	4.974	5.104	0.946	0.684
7.669	5.768	4.285	5.885	3.458	6.575	7.088	1.848
7.857	4.772	4.470	9.694	4.430	5.015	6.190	1.330
4.816	6.957	4.492	5.687	9.553	6.544	1.445	3.080
9.335	5.348	5.360	4.038	0.793	3.935	0.378	0.005
5.154	5.265	6.008	13.900	6.062	5.537	1.758	2.877
0.143	5.174	6.940	19.646	10.815	4.428	6.176	3.049
5.698	6.594	6.917	14.787	12.839	6.687	4.947	1.217
6.394	5.291	5.919	1.608	5.805	5.250	3.022	0.596
1.346	3.897	5.667	17.676	16.207	4.678	3.978	1.200
3.960	5.656	3.414	11.139	9.114	5.814	4.161	1.417
3.360	6.391	4.592	15.412	2.667	5.162	3.936	3.216
2.444	4.159	4.813	14.952	16.842	3.146	4.147	3.150
5.082	4.611	4.842	10.421	7.455	6.893	2.537	0.071
8.756	6.274	6.438	8.059	10.578	4.327	0.987	4.413
7.640	4.880	3.405	13.313	0.020	4.854	2.384	1.732
1.494	5.348	5.047	7.093	7.605	4.367	7.293	0.314
5.240	4.649	2.424	7.582	13.486	4.610	6.257	1.166
8.664	5.485	4.869	10.733	1.738	5.632	7.276	1.527
0.910	5.751	4.765	4.883	3.274	5.211	0.048	2.930
4.329	3.934	4.906	4.457	12.249	4.884	9.642	4.184
9.640	5.017	5.753	6.523	9.568	4.754	8.200	1.408
9.967	3.677	5.906	1.408	12.436	6.080	6.667	0.795
4.036	4.067	3.751	8.961	3.409	5.096	9.839	4.570
5.759	3.881	3.815	11.688	7.284	3.614	8.677	3.814
5.910	4.708	4.496	9.291	18.633	5.319	7.880	2.757
0.731	6.298	5.043	5.816	13.033	5.524	1.907	3.524
0.869	5.790	2.735	18.435	1.679	5.972	9.266	3.780
8.463	5.642	6.494	13.158	13.889	5.880	7.759	1.387
6.119	5.897	5.154	8.545	0.828	3.928	2.954	2.103
4.904	6.016	4.904	0.995	19.310	3.962	9.937	1.832
2.994	1.852	5.517	7.573	9.761	3.523	7.008	0.802
4.189	6.013	5.015	2.095	8.740	3.537	8.242	0.901
3.984	3.940	5.039	7.997	0.863	3.252	8.374	2.948
1.465	4.172	4.793	14.725	15.735	6.049	9.339	4.390
2.078	5.220	4.149	3.259	17.528	6.286	3.747	4.267
8.511	4.753	5.554	12.510	5.670	5.149	6.084	0.931
6.566	5.219	3.354	16.064	16.588	5.735	4.310	2.885
7.786	5.886	5.696	11.630	6.864	4.771	9.992	1.667
6.899	5.374	4.402	7.019	2.639	4.730	1.595	1.826
1.369	6.873	5.559	9.255	0.625	4.558	1.595	4.667
4.570	3.880	4.415	13.491	16.559	3.794	3.643	1.476
4.976	4.194	5.105	18.648	8.884	5.751	5.056	1.062
9.142	5.280	5.279	3.659	11.939	4.185	2.681	3.358
5.397	4.654	3.540	6.154	16.551	4.234	2.855	1.423
5.787	5.062	6.480	17.203	7.245	4.639	3.839	1.965
9.762	3.458	4.023	13.674	17.534	5.242	4.952	2.967
8.054	4.502	5.674	5.824	0.747	3.794	9.097	4.572
1.271	5.528	6.152	3.997	5.363	5.034	6.058	2.069
0.342	4.628	2.314	9.912	8.870	3.967	0.148	1.776
4.197	5.959	4.879	12.666	11.489	5.229	6.603	3.953
3.080	3.610	5.080	17.296	16.902	6.924	0.269	2.038
1.436	4.798	5.557	3.517	5.061	5.586	8.854	3.251
9.822	5.158	4.335	4.233	12.702	5.123	7.572	0.237
5.331	4.998	7.095	0.605	18.984	4.902	0.350	0.002
6.114	5.978	5.066	3.495	1.260	4.324	1.548	3.252
4.997	4.529	5.308	7.141	7.616	4.386	7.427	3.942
8.209	5.858	4.922	2.359	4.566	5.729	8.253	2.070
1.333	6.008	4.773	3.209	12.400	3.771	2.066	4.815
6.993	4.556	4.804	19.568	7.526	4.987	6.602	1.495
5.446	4.420	4.784	17.406	13.287	4.474	6.284	0.014
4.484	6.338	5.644	16.759	2.899	4.352	2.097	4.773
8.250	5.038	6.156	9.534	13.617	4.290	2.581	4.013
6.425	5.510	5.391	13.453	2.286	4.049	7.044	1.867
5.762	4.861	5.375	19.635	7.811	4.314	7.650	3.654
1.602	-5.948	0.737	6.574	-6.132	-6.206	0.613	2.108
2.448	-7.191	4.327	10.564	-6.892	-8.123	2.196	4.191
4.278	-5.382	4.816	1.993	-5.744	-8.685	0.444	2.798
7.288	-4.562	3.485	17.888	-6.070	-7.200	7.704	3.807
7.768	-7.507	1.407	7.411	-7.199	-7.952	5.915	4.035
4.646	-6.270	1.592	2.206	-5.940	-6.966	9.839	1.609
7.598	-9.230	3.435	19.862	-6.905	-6.727	5.949	3.997
7.054	-7.457	2.054	2.055	-6.549	-6.446	2.282	4.407
9.752	-6.973	3.334	11.315	-6.302	-6.549	7.977	3.103
3.019	-8.090	3.287	6.425	-7.302	-5.979	3.709	3.620
5.603	-7.498	1.957	2.009	-8.238	-8.105	0.968	3.211
5.383	-7.203	2.148	13.871	-5.983	-5.371	1.544	1.844
5.576	-8.570	3.174	19.273	-6.882	-8.766	6.357	2.181
2.619	-6.369	2.452	19.460	-6.623	-8.760	0.976	4.805
4.691	-5.726	3.125	11.455	-7.513	-6.918	4.186	3.568
7.303	-7.591	4.424	13.956	-7.099	-5.087	0.780	4.070
9.690	-6.996	1.762	0.941	-7.638	-6.849	1.905	3.175
1.266	-4.690	1.623	0.160	-7.575	-6.094	7.008	0.100
6.740	-5.639	1.794	9.680	-6.515	-6.045	2.407	1.934
3.937	-6.109	3.133	14.221	-8.894	-6.578	6.011	3.692
3.578	-7.024	3.551	17.491	-8.886	-7.864	2.251	3.421
8.501	-8.792	1.187	16.238	-7.793	-5.763	0.470	1.087
6.633	-7.093	1.526	16.750	-5.774	-5.296	8.069	3.070
0.155	-6.997	4.527	3.925	-8.623	-7.746	9.905	2.732
2.508	-5.998	0.847	17.272	-6.339	-6.097	1.780	3.899
3.582	-5.612	2.893	18.516	-8.029	-7.481	4.815	0.408
3.116	-7.960	4.374	8.264	-5.868	-5.455	3.102	2.663
7.018	-6.718	2.710	19.936	-8.490	-5.968	7.934	2.874
6.996	-5.508	1.031	8.343	-8.555	-6.713	2.106	3.534
3.282	-8.332	0.139	16.586	-7.616	-6.346	1.028	4.568
5.226	-5.925	4.385	0.631	-6.682	-7.991	5.967	1.018
0.253	-5.883	4.108	4.831	-6.325	-5.649	3.784	4.843
2.513	-8.327	2.123	7.958	-8.382	-8.709	3.192	2.517
0.523	-7.637	3.073	10.529	-6.304	-7.586	6.547	1.582
6.961	-8.257	4.393	13.867	-5.833	-6.746	7.794	1.660
2.990	-6.675	2.891	4.937	-7.282	-5.395	3.045	3.663
2.020	-6.064	3.900	17.852	-6.588	-5.223	5.291	2.080
8.396	-5.596	4.661	5.152	-7.344	-7.916	2.622	1.184
1.942	-7.485	2.985	5.352	-9.057	-5.936	9.059	4.238
1.293	-8.110	2.152	12.523	-5.549	-6.393	1.412	4.207
6.733	-7.701	1.492	5.300	-5.969	-6.538	1.524	4.558
3.667	-7.804	4.908	10.675	-8.192	-7.509	4.187	1.679
3.038	-6.989	0.243	12.128	-7.127	-6.328	7.935	0.857
3.370	-7.561	4.380	1.385	-5.736	-8.139	6.289	4.615
1.006	-7.687	4.909	7.519	-7.533	-7.938	3.771	1.722
2.880	-6.389	0.663	10.675	-6.344	-6.992	9.992	0.203
4.990	-5.467	0.031	6.112	-6.459	-7.134	9.776	2.180
9.308	-5.059	1.105	4.280	-7.504	-7.593	0.789	0.512
6.167	-8.129	0.507	16.259	-5.358	-6.154	6.759	1.616
3.467	-7.056	0.464	10.293	-5.976	-7.859	4.162	3.300
3.550	-7.858	0.127	5.049	-8.285	-7.574	3.398	1.246
7.185	-6.768	3.850	4.268	-6.627	-6.558	8.801	3.569
7.454	-7.511	4.045	12.523	-6.099	-5.265	2.788	2.342
9.205	-5.505	3.207	6.436	-7.250	-6.295	4.293	0.360
0.071	-5.979	2.642	6.041	-5.913	-7.075	5.701	0.790
6.127	-5.606	2.939	13.697	-7.508	-7.837	8.885	0.785
6.565	-6.557	2.026	3.940	-6.754	-6.567	0.316	3.460
9.587	-6.878	2.750	9.463	-7.311	-7.073	8.815	1.742
1.068	-8.030	3.692	17.603	-7.177	-5.910	3.611	1.044
1.880	-6.198	0.693	9.487	-6.405	-8.192	5.346	2.801
1.123	-9.587	0.515	2.246	-6.218	-6.713	8.057	2.245
9.934	-8.975	1.461	1.985	-6.673	-5.477	6.220	1.266
2.221	-6.725	1.314	17.370	-6.935	-5.419	8.334	0.175
5.082	-7.765	3.437	9.035	-5.065	-5.912	6.503	3.178
1.810	-6.473	3.338	17.246	-7.936	-7.005	7.201	1.813
1.241	-7.392	4.712	11.191	-6.167	-5.160	9.670	2.722
2.472	-7.319	4.347	12.932	-7.044	-5.667	9.150	2.279
8.349	-6.388	0.839	5.883	-5.573	-5.155	9.125	1.656
4.615	-5.303	1.040	0.710	-8.157	-8.254	2.184	1.194
3.359	-8.859	3.308	14.424	-8.019	-6.600	9.942	3.406
0.331	-5.410	0.740	11.150	-8.507	-5.611	5.555	3.640
5.372	-9.170	2.488	3.667	-6.857	-5.989	8.163	4.214
4.225	-6.393	4.408	19.380	-5.344	-8.083	6.669	2.810
0.956	-6.099	0.131	3.799	-4.914	-6.531	6.450	3.494
9.379	-7.354	4.709	14.630	-7.864	-8.823	3.243	0.707
0.279	-7.203	2.900	17.841	-7.843	-7.811	4.899	3.591
5.534	-7.938	2.698	10.753	-5.868	-8.048	5.978	3.061
9.402	-6.114	1.956	2.813	-6.447	-6.962	4.713	1.734
4.820	-8.262	3.229	19.428	-8.336	-7.537	6.706	1.817
0.482	-7.680	0.681	9.391	-6.995	-7.924	4.812	0.886
9.676	-6.924	4.730	18.706	-4.844	-7.390	8.256	2.037
4.798	-6.600	4.180	0.181	-7.030	-6.335	8.625	1.320
2.867	-6.885	2.674	6.107	-6.969	-5.643	1.991	2.621
4.791	-6.841	0.963	8.651	-6.437	-5.860	2.254	0.298
7.585	-7.706	2.364	9.617	-7.598	-7.795	4.590	0.159
0.631	-7.943	1.867	17.812	-7.780	-8.352	0.590	1.956
8.096	-7.360	3.601	19.220	-7.201	-8.290	5.540	1.592
5.905	-4.733	4.747	13.731	-7.277	-7.700	3.199	2.880
1.032	-6.388	4.586	12.421	-5.666	-6.952	1.695	1.319
0.515	-7.311	1.765	18.497	-7.446	-7.018	0.651	2.821
7.148	-7.844	4.177	12.542	-7.162	-7.742	2.730	2.571
5.525	-6.344	2.157	17.842	-7.751	-7.645	2.916	0.207
8.260	-7.438	0.818	0.261	-7.963	-7.549	2.852	0.712
7.455	-7.719	1.698	1.650	-8.175	-6.006	1.149	1.980
6.830	-5.913	4.465	13.915	-7.873	-7.505	4.897	0.995
8.595	-5.246	1.719	13.201	-5.464	-8.296	6.046	3.038
7.081	-7.276	4.930	8.800	-8.171	-4.760	4.295	1.858
8.611	-6.916	3.601	13.331	-8.469	-6.172	8.998	3.836
8.271	-6.841	0.325	13.689	-6.845	-7.258	7.466	3.629
0.607	-7.340	0.772	2.179	-7.922	-8.206	1.992	4.612
7.935	-8.882	0.839	3.043	-7.982	-7.126	7.483	4.969
7.784	-6.867	3.916	9.069	-7.106	-7.689	1.590	2.802
4.722	-7.037	1.817	19.508	-5.483	-6.015	5.889	0.379
0.537	-7.893	3.208	16.298	-5.594	-8.641	4.219	4.891
1.281	-7.504	2.813	3.271	-5.230	-8.509	1.632	0.061
0.831	-7.012	3.424	13.637	-7.386	-7.978	2.077	1.810
0.986	-6.836	1.015	10.617	-7.215	-5.438	8.653	1.546
2.200	-7.331	3.906	5.845	-6.418	-7.404	3.434	1.129
7.558	-6.892	0.674	10.094	-5.119	-7.171	7.754	2.671
2.924	-6.597	1.539	17.999	-6.452	-7.906	1.922	3.429
9.280	-8.570	2.172	12.050	-5.753	-4.156	5.150	3.338
2.569	-7.993	3.108	5.923	-8.578	-6.953	1.527	3.594
8.201	-6.627	4.970	19.233	-6.706	-6.065	0.898	2.189
9.056	-6.865	1.909	1.996	-5.926	-6.539	4.419	0.933
2.476	-6.607	4.654	16.327	-7.561	-6.373	9.803	1.228
4.094	-6.681	0.434	13.066	-7.589	-6.116	3.899	0.119
4.495	-8.546	2.685	11.344	-7.422	-7.126	5.162	4.948
2.139	-7.189	3.428	1.562	-6.280	-7.192	1.907	3.196
2.705	-6.929	2.806	19.534	-7.668	-6.485	9.161	4.805
5.173	-7.425	1.948	17.873	-8.364	-6.551	7.207	2.049
5.603	-7.683	1.251	13.254	-6.992	-7.264	7.640	1.444
0.432	-7.493	0.492	17.142	-7.947	-5.941	2.725	4.651
5.661	-7.497	1.363	15.908	-6.909	-6.919	0.048	0.877
6.898	-6.673	4.148	15.003	-9.275	-7.290	6.529	1.688
7.862	-7.635	0.944	4.663	-8.299	-5.884	3.159	4.410
4.919	-5.126	2.066	12.470	-7.675	-8.215	2.742	1.685
0.692	-7.594	4.802	8.555	-5.539	-7.952	4.316	0.978
5.244	-5.858	0.933	2.455	-7.737	-7.069	4.910	4.813
9.968	-6.908	0.267	8.124	-7.283	-6.536	5.829	2.471
9.991	-6.118	2.358	1.343	-7.295	-7.821	6.484	0.939
7.539	-5.871	2.688	9.902	-5.796	-7.545	0.496	0.052
8.297	-6.379	1.034	7.089	-7.973	-7.307	8.993	2.494
7.687	-9.091	4.449	8.810	-6.126	-6.565	8.801	4.735
6.879	-5.544	1.286	19.971	-6.118	-9.336	3.494	2.734
2.929	-7.688	4.103	4.858	-7.958	-6.318	2.316	4.783
2.404	-6.788	1.249	0.913	-7.403	-6.382	0.413	4.172
9.200	-6.004	3.272	3.185	-7.377	-6.563	0.829	0.894
0.469	-6.796	0.173	1.370	-6.841	-7.548	8.251	2.426
2.343	-6.959	0.483	15.987	-6.812	-7.718	2.873	3.718
6.706	-5.124	2.473	8.676	-5.805	-7.396	6.335	0.689
4.539	-7.618	4.333	18.962	-8.729	-8.534	4.839	3.271
6.696	-7.259	3.629	8.028	-7.152	-6.298	2.882	2.652
6.215	-7.003	2.855	19.064	-7.696	-6.417	1.366	4.407
6.265	-6.951	0.770	6.447	-7.091	-5.860	6.727	4.360
6.948	-6.384	0.443	13.929	-7.525	-7.400	5.806	1.518
9.903	-7.975	4.435	18.139	-7.533	-7.435	1.020	0.846
6.471	-7.243	4.026	17.621	-6.714	-6.256	5.307	2.303
9.156	-4.488	0.545	1.084	-8.028	-6.526	9.183	1.162
7.945	-7.756	1.008	11.904	-7.618	-5.541	1.601	1.446
6.367	-7.919	4.419	4.495	-6.542	-7.668	4.995	3.344
8.187	-5.412	4.168	16.562	-7.266	-5.528	8.594	0.589
4.614	-7.451	1.111	2.796	-7.132	-8.104	9.842	2.572
6.025	-8.234	0.986	11.923	-6.159	-6.633	5.977	0.581
3.038	-8.118	4.107	18.920	-8.004	-8.118	7.601	2.156
6.709	-7.709	3.050	1.453	-7.946	-7.393	8.948	0.290
6.300	-7.422	2.391	11.392	-7.591	-7.817	0.568	1.865
9.106	-9.407	0.401	8.581	-6.242	-5.497	5.538	4.720
1.411	-6.652	2.191	6.815	-7.354	-6.575	1.185	3.831
3.936	-6.817	2.249	9.712	-6.777	-7.833	2.113	4.855
1.107	-8.110	4.855	19.524	-7.773	-4.989	9.197	0.564
6.942	-6.879	2.222	3.806	-7.824	-6.785	8.371	3.229
5.463	-7.233	2.389	15.104	-7.199	-6.659	9.298	3.554
6.553	-6.904	2.693	14.406	-6.893	-7.038	0.385	4.583
8.196	-6.057	1.896	3.216	-7.335	-5.779	3.194	1.472
4.706	-6.805	2.347	18.790	-5.746	-6.533	5.932	3.316
0.976	-6.229	1.417	9.435	-8.849	-8.214	8.355	1.492
