2.491	8.223	0.291	0.918	2.132	2.517	-1.384	-1.097	0.176	-0.621	1.710	-0.279
7.432	7.503	-2.130	-0.185	1.981	1.321	0.428	-0.017	3.534	0.037	2.342	-2.515
2.498	0.777	-0.827	-1.129	1.386	8.112	-0.904	0.261	1.627	-1.155	3.090	0.812
14.833	4.594	0.162	0.845	2.449	6.591	-0.190	1.315	2.453	-1.231	0.242	1.324
5.836	18.244	-1.785	1.278	9.333	5.851	0.628	0.018	3.381	-0.467	3.768	-0.226
18.851	19.952	-1.508	-0.106	6.344	9.692	-0.166	0.729	1.529	-1.041	4.963	0.957
12.328	19.881	-0.396	0.605	3.573	2.791	0.482	-0.852	0.616	-0.184	0.248	0.018
12.564	5.536	0.301	0.441	3.515	5.828	-0.005	-0.180	2.662	1.004	0.841	-0.906
18.692	1.619	1.964	-0.120	1.481	1.216	-0.016	-0.771	1.167	0.364	1.967	-0.392
8.267	13.029	-0.850	0.551	2.829	8.678	0.398	0.049	1.799	0.970	4.222	-0.469
6.622	17.618	0.406	1.202	1.516	3.103	-0.776	0.340	4.045	-0.742	2.256	1.295
14.059	13.004	-0.279	0.008	8.916	1.691	-0.118	0.522	2.374	-0.683	1.078	0.527
3.765	6.328	1.337	-0.803	5.802	2.936	0.303	-1.412	3.041	1.060	3.638	-1.008
14.742	8.376	1.143	-0.968	4.330	0.500	1.498	0.900	1.007	0.025	4.144	-0.548
19.316	5.664	-0.070	-0.220	9.032	9.320	-1.700	0.231	0.304	-1.235	2.434	-0.281
5.589	10.514	0.457	-0.511	7.587	4.503	0.274	-0.709	2.014	0.715	4.119	-0.060
15.071	16.758	0.832	0.847	8.146	5.143	0.806	-0.382	2.340	0.064	4.713	0.133
1.392	13.040	1.200	0.735	2.801	0.292	1.604	1.525	2.566	1.579	4.077	0.648
0.358	2.352	-1.871	0.460	1.960	5.231	-1.224	0.066	4.463	-1.458	0.613	0.674
10.397	9.924	0.213	-1.238	7.018	6.276	-0.522	0.467	3.525	-1.705	4.788	-0.591
15.082	2.043	-0.070	1.063	9.963	1.899	-0.494	0.206	0.995	-0.292	1.263	0.529
17.500	15.738	-3.040	0.928	3.861	9.206	0.077	-1.618	1.840	0.052	2.342	-0.328
5.585	7.298	-0.009	-0.920	5.523	0.309	-1.658	0.015	3.282	0.398	3.058	-0.029
14.923	11.454	0.715	1.875	7.154	9.738	0.790	1.052	1.855	0.078	4.999	-0.697
7.742	19.082	0.758	-0.174	0.989	9.649	0.218	0.890	3.390	-1.437	1.069	-0.057
15.207	2.614	0.435	0.640	8.487	0.444	-0.274	2.037	4.658	0.785	3.233	0.895
3.551	4.562	1.950	-2.524	4.123	3.806	1.569	-0.080	0.930	-1.288	3.089	1.664
10.526	15.579	-2.008	1.321	0.382	5.468	0.093	0.307	3.140	-0.293	1.858	0.522
17.239	16.227	1.942	0.950	0.188	0.897	1.315	0.044	0.604	-0.463	3.431	-1.388
7.375	15.069	-2.209	-0.779	9.468	4.321	0.837	-0.785	1.046	1.252	0.547	0.873
16.929	10.565	0.912	0.414	3.415	5.988	0.234	-2.226	1.533	-0.689	1.485	0.527
0.953	9.162	0.114	-0.706	9.963	4.471	-0.317	-0.638	3.031	-0.066	4.577	0.682
5.377	17.709	-0.713	0.819	8.059	2.729	0.780	-1.451	3.196	-0.172	3.119	2.023
13.651	16.417	0.670	0.750	6.562	1.390	1.439	-0.584	2.535	1.293	4.793	0.400
11.565	10.461	1.239	1.727	8.423	5.459	-0.026	0.068	1.939	-0.908	4.154	0.225
5.622	3.914	-1.074	-0.792	1.649	9.236	0.942	-1.411	3.814	0.758	1.923	-0.156
0.947	11.540	1.204	-0.490	2.864	1.836	-1.523	0.839	3.337	0.647	0.234	0.177
18.659	0.099	-0.430	-0.037	5.370	2.655	0.660	0.414	1.210	-0.249	3.691	0.006
7.674	12.707	-0.746	0.520	1.895	4.878	1.593	-0.273	0.296	-0.071	3.015	-1.837
1.180	18.452	-0.235	-0.187	0.756	7.426	1.103	0.826	1.606	-0.617	2.942	-0.446
19.143	2.226	1.242	-0.336	0.806	9.864	0.826	1.425	0.848	0.469	3.384	-0.650
7.463	17.803	1.242	1.543	6.709	3.226	0.034	-0.311	3.098	1.136	4.809	-0.061
11.630	7.545	-0.847	0.536	1.964	2.484	0.402	-1.004	4.437	-0.713	4.608	-0.810
11.784	1.321	-0.074	-0.466	4.915	5.173	0.969	-0.740	2.775	1.540	2.107	0.276
17.269	18.798	-0.807	-1.000	2.723	8.083	-0.718	-1.977	2.525	1.027	4.544	0.937
10.853	13.979	0.837	-0.312	8.855	6.331	-1.313	1.385	2.476	-0.369	3.156	-0.607
19.990	3.978	-1.760	0.696	9.341	1.731	0.669	0.416	3.864	-0.003	3.892	0.112
5.428	16.438	1.643	0.102	7.578	4.578	-0.678	0.602	0.534	-1.295	4.042	0.752
10.262	14.708	0.835	-1.230	5.853	7.052	1.431	-1.080	3.077	0.187	2.205	0.071
14.677	16.081	0.077	0.529	8.183	3.732	1.517	0.603	0.096	-1.699	2.044	0.561
12.108	2.177	-1.882	-0.337	1.842	9.508	0.056	0.970	0.067	0.668	0.618	-2.138
0.624	13.817	-0.279	0.109	3.316	3.469	-0.513	1.287	0.382	-0.799	1.339	-1.105
0.678	8.170	0.397	0.496	5.619	1.247	2.394	1.379	0.948	1.070	1.048	-1.705
4.353	18.810	-0.638	0.296	8.771	6.983	-0.131	0.133	4.337	-1.232	0.109	-0.340
10.726	2.565	-0.691	1.252	4.797	1.212	1.373	-0.696	0.401	0.931	4.368	-1.227
10.450	5.582	0.184	1.425	0.847	2.770	0.102	-1.033	4.349	-0.510	3.467	-0.107
16.756	6.032	-0.215	-0.581	7.816	2.763	-0.314	1.287	3.756	0.021	4.483	-0.954
14.968	1.697	0.155	0.894	7.299	8.235	-0.891	-0.148	2.598	-0.217	0.537	0.454
14.580	4.567	1.316	0.698	5.791	7.202	-1.445	-0.314	4.035	1.552	1.710	-1.981
12.842	17.808	1.435	0.497	3.100	4.856	-0.820	2.098	2.669	1.302	3.365	-1.415
2.970	14.847	-0.036	0.121	2.744	7.659	-0.123	-1.426	0.922	-0.014	4.258	1.192
4.834	5.629	0.318	0.757	8.550	8.268	0.163	-0.318	2.087	-1.996	4.573	-1.149
10.719	14.007	0.072	-0.810	8.236	5.178	-0.572	-1.056	1.515	0.416	2.510	-2.479
18.520	10.702	-1.253	-1.761	0.423	4.227	0.470	0.081	3.780	0.784	0.315	0.093
15.679	7.853	-1.004	-0.197	2.170	9.735	0.541	-0.675	0.489	-0.592	4.044	1.415
13.788	7.280	-1.876	-0.382	0.649	1.721	0.057	0.469	4.398	-0.238	4.752	0.358
9.625	0.713	1.684	-2.373	6.113	6.326	-1.352	-0.827	1.939	-1.551	0.046	0.673
1.265	1.961	0.407	0.850	7.067	9.187	0.190	0.269	2.715	0.066	3.085	0.369
17.200	15.637	0.815	0.654	8.365	2.957	-0.400	0.932	4.684	-0.920	3.097	0.605
13.018	7.344	-0.297	-0.099	7.434	2.055	0.983	-0.371	1.081	0.243	2.833	-0.079
11.232	0.393	0.195	0.760	1.084	2.540	-0.810	0.388	3.229	0.910	1.642	-0.365
10.664	8.638	-0.636	0.833	9.427	3.306	-1.954	-0.068	0.040	-0.233	1.873	-0.685
4.558	11.463	-0.637	0.156	1.911	0.354	-0.232	0.668	2.909	1.001	4.208	-0.510
2.468	4.129	0.146	0.251	7.613	4.485	0.141	-0.244	2.805	-0.757	3.910	0.699
10.377	13.868	0.911	-0.552	4.110	4.367	-0.826	0.326	0.879	0.226	0.020	-1.890
19.892	1.500	0.748	0.576	4.101	9.282	-0.025	-2.268	0.712	0.638	2.630	-0.387
15.474	12.702	-0.176	-0.929	9.352	0.088	0.666	-0.437	0.550	-2.083	4.711	0.724
19.851	1.223	2.129	0.060	7.482	7.230	0.121	0.004	1.714	-0.559	3.641	-0.053
14.330	11.962	-1.197	-1.241	6.172	4.638	0.328	-1.494	1.047	-0.329	0.753	2.305
9.378	5.575	0.551	-0.064	9.132	9.599	2.039	0.511	3.790	0.013	2.354	-1.258
7.813	0.559	0.981	-0.955	7.784	9.388	0.668	-2.349	4.600	-0.449	1.203	1.116
11.610	1.517	2.629	1.054	6.886	7.958	0.066	0.447	2.647	-0.692	0.745	-0.815
10.875	10.946	0.967	-0.025	8.127	3.266	-1.612	0.437	4.939	0.915	1.087	-0.778
3.864	1.505	0.181	0.120	5.256	4.708	0.523	-1.244	4.111	0.840	3.310	-0.195
12.222	16.199	-0.731	1.013	4.153	9.787	1.406	0.368	1.855	1.436	2.596	-0.659
17.686	13.740	-0.853	-0.666	5.086	6.764	-0.275	-1.683	0.762	-0.055	1.533	-0.552
15.819	8.397	1.409	0.404	1.848	6.654	-1.527	-0.643	4.533	1.194	4.537	-0.600
11.899	12.374	-0.318	0.257	1.078	8.401	-0.816	0.691	4.042	-1.286	2.400	0.527
1.676	14.864	0.560	0.106	6.735	3.399	1.488	-1.993	0.668	0.412	2.267	0.611
7.921	15.780	1.026	0.759	8.245	9.631	0.224	1.441	4.393	0.598	4.482	-0.842
14.146	5.758	-0.815	-0.727	3.725	0.318	1.131	-1.425	2.240	0.479	0.675	1.170
15.898	5.898	1.215	-0.720	4.017	7.874	0.250	1.369	3.825	-0.426	2.620	0.777
7.342	7.695	-0.877	-0.368	4.434	4.788	0.138	0.186	2.455	1.194	1.671	-1.003
7.726	11.668	-1.466	-0.051	6.917	7.652	-0.379	-0.631	2.684	0.814	1.122	-0.340
1.628	12.011	2.226	0.012	7.571	6.588	-1.065	-1.394	3.005	-0.804	4.133	-0.149
12.300	3.512	-0.392	0.747	3.032	6.225	0.173	0.643	3.935	0.757	1.902	-0.384
5.421	0.567	1.125	0.786	5.455	3.031	-0.192	-0.520	1.921	0.462	2.171	-0.342
8.502	11.127	0.179	2.371	8.529	9.289	-0.677	0.298	3.365	-0.358	2.502	-1.389
17.651	11.527	1.679	0.236	9.051	7.902	0.106	1.384	2.429	-0.334	1.014	1.754
7.911	5.959	-0.545	0.301	2.631	2.265	-1.086	2.309	1.065	0.726	1.713	1.081
2.305	5.938	-0.963	0.461	1.183	3.215	0.579	-0.124	4.445	0.749	4.919	-1.923
2.812	1.799	0.199	0.022	5.601	2.470	0.966	0.889	3.180	1.071	3.454	-0.045
4.009	2.392	-0.401	-1.158	1.413	1.204	-0.721	-1.858	3.840	0.273	4.001	-0.529
19.356	11.223	-0.501	-0.951	1.554	7.330	-0.218	-0.510	1.959	0.110	1.916	-0.636
16.396	6.298	-0.252	-1.077	2.030	1.363	-1.697	2.324	4.460	-0.309	3.666	0.072
19.298	7.819	0.928	-0.152	5.681	5.418	1.122	0.613	4.650	-0.375	2.658	-0.813
5.045	1.934	-1.508	-0.944	2.617	2.952	-1.008	0.189	1.289	1.801	3.023	-1.017
11.188	8.486	-1.493	1.284	2.379	6.210	1.510	1.435	0.331	0.934	3.041	-0.975
14.785	4.616	-0.243	1.526	5.667	5.789	-0.189	-0.109	3.799	0.109	2.758	-0.120
16.818	7.883	0.296	-0.220	5.314	9.966	-1.054	0.153	1.129	0.247	1.697	-0.436
11.559	7.019	-0.859	0.082	8.744	8.730	1.262	0.303	2.816	-0.016	1.622	-1.208
9.462	9.082	-0.644	0.099	5.495	1.255	1.539	-1.671	4.799	-1.655	4.158	1.009
11.947	12.781	-0.787	-1.582	4.044	0.747	0.804	0.560	3.996	-1.273	4.560	-0.453
16.412	13.780	-0.656	-1.954	7.103	4.692	-0.931	-0.404	0.844	2.024	3.804	0.975
0.521	8.797	0.116	-0.002	6.684	0.870	-0.688	-0.313	0.970	0.087	4.920	-0.910
6.313	6.418	-1.389	0.021	6.288	4.164	0.960	0.341	1.024	1.636	1.789	-0.157
2.732	12.045	-0.511	-1.334	8.373	2.656	-1.175	0.474	2.942	-0.719	0.848	1.060
1.755	4.911	-0.761	-0.291	3.418	4.324	1.243	1.119	3.866	-0.589	0.452	-1.905
2.048	6.648	0.320	-0.209	9.062	2.140	-0.711	-2.123	2.965	0.145	0.700	-2.278
10.356	3.869	0.765	1.335	2.396	2.049	1.130	0.443	2.167	0.884	2.060	-1.745
1.590	10.958	1.741	0.796	6.455	8.780	-0.163	1.259	1.353	0.454	0.342	2.063
8.981	8.280	1.034	-2.229	2.260	2.970	0.698	1.458	0.822	0.495	0.655	0.261
2.648	7.961	-0.450	-0.160	7.519	2.402	-0.027	1.733	2.880	-0.864	3.492	-0.187
2.469	19.629	0.596	1.989	9.473	2.864	-1.352	0.956	3.033	0.102	4.699	-0.586
13.280	18.627	0.132	0.753	3.556	1.884	-1.533	-0.856	0.410	0.085	1.198	-1.414
18.036	10.557	0.208	1.565	2.297	3.754	2.029	-1.810	1.866	0.482	4.095	-0.399
0.760	17.617	-0.882	0.857	5.722	2.791	0.461	0.428	0.043	1.252	4.554	-0.353
3.641	1.833	-0.670	-0.482	6.362	8.207	-1.219	-1.352	2.685	0.327	0.321	0.177
11.495	0.906	-1.539	-1.229	2.387	8.229	0.576	-0.585	0.903	1.085	3.125	-0.165
16.113	19.733	0.709	-1.729	3.488	3.479	0.151	-0.060	4.720	-1.050	2.981	-0.385
8.666	4.637	1.239	0.227	2.817	9.000	0.835	-0.700	0.012	-0.949	1.097	2.078
3.746	8.498	0.700	0.760	9.711	4.597	1.371	2.181	3.557	-0.243	3.161	0.557
3.141	17.240	1.488	-0.905	9.611	5.189	0.964	1.485	1.076	1.066	4.300	-0.612
17.847	11.304	-2.630	1.224	2.413	3.282	0.814	0.414	2.652	0.111	0.354	0.906
16.445	12.422	-1.191	-0.039	2.980	4.820	-0.123	0.484	4.583	0.497	0.121	0.445
8.992	8.498	2.292	-0.553	5.314	5.994	-0.057	-0.715	1.767	0.894	4.230	-1.367
7.543	12.792	-0.258	1.415	6.014	6.645	-0.623	0.148	1.100	0.229	2.920	1.365
5.316	11.497	1.200	1.269	5.909	5.204	0.015	0.148	3.445	0.718	3.820	-1.371
12.995	11.358	1.158	-0.811	4.440	2.471	1.481	0.826	3.975	0.861	3.187	-0.688
9.562	18.390	0.011	-0.547	0.861	8.876	-0.688	2.072	2.186	1.454	4.221	-0.145
5.509	4.770	-0.458	1.664	7.660	9.335	-0.992	3.267	1.233	1.043	4.519	-0.183
16.072	18.775	-0.809	-0.637	6.341	2.455	0.602	1.319	4.408	0.590	1.181	-1.251
2.178	0.617	-0.773	0.001	9.619	6.785	2.603	0.197	2.907	0.918	1.914	-0.172
9.737	5.361	0.492	-0.894	6.123	9.776	1.832	-0.065	3.689	-0.920	0.538	0.690
7.840	5.290	-0.463	0.727	9.299	3.814	-3.448	0.212	3.443	1.095	3.879	-0.628
0.639	9.489	0.205	-1.423	7.399	7.138	-0.330	-1.439	2.773	0.463	1.673	2.116
12.532	7.839	0.124	-0.593	4.160	4.128	1.891	0.780	4.126	0.078	1.687	-1.114
2.660	3.580	1.056	1.692	1.589	8.266	1.095	0.559	0.396	0.505	1.157	-1.281
5.065	6.854	-0.323	-1.443	9.106	5.296	0.364	0.687	4.754	0.136	1.266	0.109
16.513	5.721	0.581	-0.815	9.203	4.251	0.387	-1.611	0.663	-0.578	4.415	1.735
6.896	1.539	-0.172	-0.297	2.524	7.923	-1.119	-2.257	3.346	-0.223	3.148	0.006
13.519	1.920	0.769	-1.008	6.415	4.675	-0.904	1.183	0.351	0.762	3.890	-0.578
11.192	13.989	-2.016	0.929	2.098	3.142	1.380	-1.871	2.368	0.550	2.484	0.224
13.505	6.902	-0.131	-0.774	1.415	9.928	-0.263	-0.699	2.923	0.336	3.200	0.822
10.604	8.314	0.593	0.414	9.269	4.581	1.120	1.020	1.310	2.103	4.101	-0.441
18.545	17.669	0.158	-1.350	7.066	6.079	1.013	0.274	3.714	-1.666	2.352	-0.647
16.856	12.988	-1.204	1.585	2.807	1.771	0.997	-1.470	4.951	0.759	3.137	1.362
10.781	11.827	1.724	-0.168	1.973	3.016	-0.489	-0.205	0.970	0.584	3.431	-0.067
2.278	18.323	1.926	-0.234	8.911	5.217	-0.336	-0.663	4.863	-0.539	1.052	-1.312
17.558	16.442	-1.314	-2.351	7.215	2.482	-0.429	-0.897	1.459	0.591	4.207	-0.066
6.403	5.334	-0.032	0.607	0.676	7.281	-0.051	-4.237	1.328	-1.586	2.834	-2.248
14.889	13.101	0.989	0.472	2.290	4.167	-0.444	0.174	0.002	-0.248	3.225	-0.157
17.962	1.814	0.015	-0.051	5.415	3.474	0.441	0.356	1.289	0.414	3.082	0.198
12.272	0.065	-0.323	0.796	1.731	4.290	-1.992	-0.968	3.921	0.037	0.793	2.299
12.038	9.615	-0.287	0.399	1.157	4.380	-0.589	-0.031	0.454	-0.496	1.615	0.989
5.501	2.355	-0.179	1.122	7.780	9.414	0.253	1.133	2.441	0.926	1.809	0.563
15.000	18.777	0.830	0.962	3.872	4.348	-0.011	-2.162	0.841	1.047	2.293	1.170
0.241	18.639	-0.651	1.172	4.680	8.562	0.158	-1.177	2.213	-1.006	3.412	0.326
17.009	15.167	1.279	0.420	5.298	4.261	-0.219	0.508	2.208	0.087	1.632	1.148
6.606	16.015	-0.313	0.156	1.176	4.304	-0.779	1.207	4.345	-0.035	1.439	0.563
6.345	17.592	-0.264	-1.218	0.740	4.693	-0.607	-0.082	3.768	0.082	1.437	0.240
15.767	4.443	-0.701	1.561	6.910	2.168	-0.265	-1.727	0.749	1.555	1.916	-0.973
11.146	14.819	0.161	0.217	0.668	8.091	0.018	-0.803	4.457	0.521	1.667	-1.920
19.479	4.212	-0.275	-0.730	2.255	6.899	-0.487	0.063	1.149	0.224	0.320	-0.386
9.076	9.128	0.008	0.237	3.060	9.957	0.890	0.318	4.729	-0.425	2.330	-0.336
13.071	12.669	2.572	0.744	7.154	3.489	-1.136	0.078	0.635	0.360	4.547	2.494
9.414	13.951	-0.673	-0.624	7.350	5.728	0.609	0.316	3.262	0.870	2.269	-1.301
10.239	2.023	0.799	0.536	7.406	0.349	1.416	-0.734	4.868	-0.728	0.676	-0.515
18.261	6.914	1.168	-1.189	4.839	5.643	-2.019	-1.346	0.095	0.538	3.035	-2.185
4.844	13.713	-1.768	-0.815	5.486	1.915	-0.013	0.227	0.254	-0.480	1.164	-0.716
17.992	4.651	1.607	0.840	5.577	6.688	0.016	-0.202	1.329	-0.060	0.877	-1.207
2.854	6.042	-1.232	-0.672	4.341	8.378	-0.369	-0.350	0.948	1.229	4.782	0.443
15.489	8.291	-0.875	-1.463	2.067	0.912	-0.455	-0.283	2.645	-0.221	0.330	-2.333
10.901	15.933	0.432	-2.494	6.646	7.308	1.873	0.079	4.661	0.352	1.475	0.530
10.420	11.719	-0.551	0.032	6.930	2.730	-0.405	-0.352	3.850	-1.450	0.644	0.032
7.160	11.362	-0.023	-2.056	0.696	4.280	-1.102	-0.636	2.603	-0.951	0.535	-0.241
17.924	16.758	2.214	-0.644	6.048	0.197	-1.436	-0.165	1.026	-0.029	1.162	0.172
12.295	0.836	-0.024	-1.022	5.921	8.236	-1.713	1.287	2.165	1.258	2.125	1.107
3.873	8.873	0.217	0.698	1.488	4.108	0.290	-1.330	3.843	-0.247	0.067	-0.838
17.747	1.020	0.553	-0.214	8.820	4.350	0.292	-1.553	0.904	0.041	4.032	-0.655
10.398	18.786	0.548	-1.143	6.249	5.768	0.321	0.627	0.873	1.033	0.246	0.733
6.685	15.303	0.838	0.301	3.078	3.908	1.170	-0.271	3.532	0.152	0.866	-1.858
11.432	16.397	-0.502	-0.163	3.756	3.726	0.724	-2.062	1.797	-1.304	0.009	-0.422
9.233	5.726	-0.530	-0.158	5.109	0.726	0.623	-0.506	1.381	1.622	4.548	-0.658
11.955	16.014	0.290	-2.510	1.485	5.014	0.097	-0.498	4.023	-1.016	3.248	-1.855
15.811	2.527	-0.421	0.810	1.651	1.270	-0.305	0.176	2.568	-0.130	2.796	0.907
5.083	13.151	0.879	-0.246	2.723	2.878	0.377	-0.075	4.723	-0.002	1.228	-1.557
8.561	12.944	-0.412	-0.097	6.609	7.890	0.114	-1.393	0.235	-0.460	0.045	-0.333
10.788	2.673	-1.221	1.059	3.558	1.993	0.538	-0.258	1.162	0.916	3.571	0.200
18.607	0.283	-1.848	-1.651	4.951	5.513	1.338	0.567	2.482	1.694	4.601	-0.274
1.064	19.036	-0.277	-0.709	5.372	0.226	1.411	0.099	4.269	0.185	1.191	0.998
18.673	6.033	0.550	0.027	2.687	9.066	-0.182	0.552	4.032	1.980	2.388	-0.913
13.540	8.271	-0.469	-0.108	7.502	0.488	0.758	0.422	3.628	0.152	1.284	-1.069
2.693	13.981	-0.349	0.166	6.298	0.353	-1.676	0.247	4.103	-0.333	4.383	-1.063
3.274	6.706	1.046	2.005	4.490	5.043	-1.172	1.461	3.328	0.473	4.265	-0.964
7.564	12.041	-0.926	-0.101	1.268	8.639	-0.157	0.623	1.801	0.126	3.841	-0.664
19.216	8.020	0.279	-0.922	2.799	9.869	0.315	-1.400	3.499	-0.353	4.443	0.025
0.830	9.741	1.177	1.807	9.647	6.392	0.156	0.462	3.939	1.711	3.853	1.050
19.829	18.366	-1.321	-0.290	0.719	3.770	0.778	-1.213	4.919	0.904	1.714	-0.469
11.237	6.817	-1.229	0.730	5.760	1.396	-0.048	0.095	0.215	-0.880	2.268	0.266
17.426	10.822	-0.736	-0.467	5.099	2.361	-1.398	0.724	4.689	-1.003	4.001	0.321
1.846	9.076	-0.945	-0.031	5.242	1.866	0.677	1.247	0.864	0.323	2.397	-0.304
15.354	9.264	-1.571	-0.827	2.968	9.541	0.025	-0.452	4.402	0.680	0.994	0.786
13.747	2.085	0.867	-0.485	0.433	2.337	0.152	-1.713	1.769	-0.693	1.319	0.166
17.881	12.560	1.324	1.001	7.943	5.117	0.628	-0.121	3.682	-0.011	1.698	1.006
15.517	13.421	-2.666	0.621	4.412	0.237	-2.055	-2.449	3.193	0.697	0.582	-2.017
11.176	19.739	-0.282	-0.164	9.269	5.402	0.643	-0.958	3.502	0.441	3.873	1.168
16.127	14.219	0.363	0.016	6.666	7.953	-2.106	1.627	0.106	0.457	2.586	-0.418
13.311	19.671	-0.249	-1.182	3.068	2.783	1.558	-0.931	0.504	-1.525	3.120	-0.695
12.813	6.513	-0.780	0.160	0.073	7.011	0.280	-0.294	0.906	-1.476	0.054	1.174
15.231	15.620	0.597	-0.378	0.172	8.555	0.309	0.132	0.698	-0.409	0.261	-0.163
14.027	14.594	-1.300	0.192	9.074	9.219	0.471	0.125	4.452	0.269	2.605	0.831
4.142	14.676	-1.643	-0.781	4.610	9.887	-0.002	-2.408	2.633	-1.456	1.202	-0.143
11.330	6.717	-0.172	0.581	2.521	9.616	-1.050	-1.528	4.475	0.910	4.606	-0.032
9.631	16.067	0.482	-0.658	8.176	2.440	-1.127	0.422	0.247	-0.296	2.860	-0.281
11.447	2.215	0.865	-1.527	7.666	3.799	-0.687	-1.298	1.716	-0.210	1.248	-0.644
1.167	1.882	1.324	0.155	3.833	4.868	-1.318	-0.338	3.986	-2.040	0.019	-0.563
11.991	3.523	1.415	-0.696	7.778	9.409	0.212	-0.299	3.537	-0.887	0.050	-0.056
3.438	2.864	0.172	-0.760	9.006	7.895	-0.553	-1.184	0.042	-0.133	0.942	0.894
13.815	19.219	-0.724	0.843	5.862	8.389	0.834	0.519	4.770	-0.832	3.732	0.466
5.984	11.745	-1.110	-1.012	5.831	4.780	0.445	-0.076	1.521	-0.881	2.741	-1.164
17.718	5.874	-0.463	-1.019	3.742	0.940	-1.067	0.583	1.086	0.811	2.701	1.118
16.302	13.416	0.762	3.107	6.192	5.542	0.930	1.254	1.580	1.341	2.312	-0.309
8.732	12.007	-0.044	-0.733	0.398	9.467	0.998	0.019	3.084	1.264	4.651	0.350
11.942	14.162	0.843	1.827	7.896	4.474	-1.012	-0.786	2.382	-0.286	2.792	1.152
9.919	1.172	1.028	0.296	9.756	7.650	0.188	0.288	3.302	-0.454	2.124	-0.288
14.451	14.613	-0.087	0.855	7.105	5.023	-1.302	0.374	3.584	0.031	2.778	-2.092
16.775	9.634	0.029	0.006	6.493	3.901	0.323	-0.732	4.638	1.503	4.271	1.119
1.103	18.726	-1.853	-0.063	7.057	5.921	0.447	-0.096	0.629	-1.417	4.663	-0.058
2.763	3.243	-0.264	0.171	6.176	4.096	1.555	1.498	3.207	0.523	0.431	-0.667
10.000	13.147	0.285	-0.943	7.134	3.244	0.448	0.091	3.525	-0.671	3.587	0.371
9.705	5.554	-1.392	0.982	4.403	3.367	0.335	0.190	0.737	-1.077	1.428	-1.015
14.470	11.456	-1.146	0.225	2.667	9.249	0.888	0.173	0.359	-0.055	4.443	1.410
17.981	4.140	0.445	0.063	7.215	3.297	0.797	-0.189	2.487	-0.523	4.900	-0.749
10.447	10.180	1.048	-0.344	2.893	1.551	-0.778	2.207	3.146	-0.426	0.975	-1.237
8.818	9.524	0.151	1.531	0.570	0.066	-0.663	-0.068	0.131	-0.005	0.767	-0.131
9.799	12.954	0.189	-0.309	5.832	5.703	0.227	-0.298	0.087	0.990	3.554	0.231
16.469	19.096	-1.803	-1.695	9.744	0.631	-1.120	-0.376	3.108	1.789	4.109	-0.617
10.393	4.160	0.169	-0.667	5.489	9.936	0.512	-0.833	2.647	1.002	2.484	1.356
17.411	17.847	-0.281	-1.133	2.354	6.253	-0.499	-0.375	2.197	0.162	3.431	-0.316
4.670	5.224	17.688	4.706	2.806	7.994	3.045	6.063	1.563	3.226	5.081	3.709
0.291	3.977	6.041	5.851	4.048	9.757	9.651	6.005	2.102	4.485	5.747	4.567
13.645	5.201	17.977	4.303	5.013	0.123	7.443	5.296	2.127	3.631	5.951	4.785
2.507	6.174	9.954	5.055	4.994	4.728	1.097	5.284	3.891	4.936	5.138	3.127
7.173	5.916	10.869	7.076	5.003	6.950	4.299	5.149	1.188	4.942	3.897	1.259
15.391	5.972	1.591	4.436	5.784	3.831	4.049	3.904	2.540	4.457	5.257	1.100
17.987	4.826	12.073	4.188	4.497	3.771	9.995	2.913	1.771	3.312	2.400	2.706
6.204	5.521	10.169	4.020	5.425	4.747	8.307	5.060	0.087	4.523	4.237	2.691
17.977	3.621	13.862	6.511	4.191	1.199	9.888	4.728	3.078	5.913	4.905	4.456
3.790	5.370	3.506	5.175	4.139	3.485	7.461	4.459	0.737	4.737	4.723	4.546
14.559	4.701	16.487	5.333	6.402	0.476	0.843	4.430	1.986	5.036	5.381	3.953
3.266	5.377	9.036	5.883	5.868	1.021	1.779	5.995	3.734	5.996	4.759	0.220
13.863	7.023	1.586	4.051	6.184	3.394	0.579	3.818	1.686	5.944	5.058	1.232
0.268	7.558	11.398	5.664	4.888	9.863	6.705	5.083	3.311	5.761	4.851	3.030
3.168	5.014	8.389	2.858	5.373	9.578	0.998	6.157	2.782	3.793	5.089	2.626
7.047	5.229	12.926	3.101	4.728	5.470	1.967	4.484	2.553	4.798	5.869	1.073
8.307	4.138	9.798	6.256	5.477	8.174	4.438	6.120	3.105	5.172	4.156	0.963
10.887	3.886	14.230	4.441	5.757	8.294	7.702	4.920	2.174	5.271	6.431	4.783
2.437	5.503	0.139	5.616	5.187	3.257	0.601	4.187	3.708	4.625	4.448	1.609
6.846	5.887	16.817	5.306	4.310	9.868	2.925	6.185	3.348	4.894	4.410	3.000
9.654	3.863	12.853	5.802	5.526	8.188	0.192	5.707	2.369	6.343	4.173	2.592
16.926	3.318	18.273	6.578	4.674	7.976	9.593	4.342	4.643	4.146	4.200	3.580
8.103	3.004	4.545	6.532	5.567	7.823	3.883	4.586	2.326	5.786	5.468	0.640
9.365	5.911	9.923	3.598	3.957	9.619	1.053	5.823	1.304	4.841	6.009	2.507
9.298	5.352	3.532	4.789	5.672	7.062	4.404	6.065	4.801	6.074	5.977	3.043
2.312	5.523	6.573	4.216	5.985	8.108	9.132	5.776	1.684	5.210	4.647	4.657
2.236	4.368	15.563	4.833	5.745	1.637	4.125	4.944	0.928	6.011	5.334	4.114
12.714	6.518	6.684	3.394	5.624	8.051	2.680	5.496	2.785	4.298	4.724	4.290
16.625	3.945	3.094	5.797	6.153	7.222	8.522	5.486	3.125	4.443	7.156	2.740
17.170	6.119	3.032	5.547	6.142	0.282	0.418	6.587	3.193	5.172	5.356	4.399
2.089	4.524	4.271	5.881	6.033	8.802	5.721	6.558	0.011	5.777	5.934	2.869
10.513	4.384	10.649	4.652	4.958	2.776	6.929	5.916	4.755	5.678	5.797	4.772
15.301	5.326	4.968	3.709	4.717	4.949	1.903	4.992	3.443	6.087	4.058	2.837
2.101	4.945	2.862	4.191	4.068	2.052	4.077	5.086	3.724	4.147	4.231	0.632
2.731	4.374	2.824	5.015	4.661	8.254	9.870	4.773	0.601	7.034	6.064	3.969
11.406	3.932	3.140	5.789	4.561	8.808	2.728	3.408	2.501	3.149	4.684	1.407
5.110	3.117	4.992	6.376	5.977	5.797	3.951	5.168	3.514	6.412	5.787	0.922
5.491	2.777	11.397	6.137	4.359	0.725	1.156	5.118	0.325	5.549	6.446	2.174
9.319	5.164	19.905	5.496	4.950	9.124	1.792	4.738	1.564	4.968	4.280	0.337
18.503	6.538	16.083	5.680	4.630	2.076	1.986	4.748	0.098	5.718	3.713	4.919
7.030	5.042	7.834	5.521	5.433	8.303	9.027	5.585	3.837	4.928	5.854	0.831
18.381	4.282	6.334	4.887	4.499	1.174	4.787	5.583	0.933	2.304	2.955	3.296
3.781	5.107	13.185	4.980	5.050	0.519	1.266	5.427	2.607	5.476	5.671	2.607
16.664	5.099	4.257	4.424	4.137	2.418	8.100	4.499	1.283	4.457	5.769	1.635
3.230	4.679	14.612	6.960	5.829	0.434	2.115	3.916	3.446	3.906	5.795	1.942
1.698	4.329	10.289	5.948	4.494	6.919	5.060	4.121	4.455	5.702	4.762	4.721
15.017	5.822	5.817	4.698	5.886	8.203	9.599	5.663	4.497	4.854	6.013	0.814
6.156	5.316	1.502	5.721	5.923	2.776	6.708	3.226	0.302	3.213	6.725	0.994
11.799	4.104	10.232	4.110	5.212	7.024	7.609	4.266	3.391	3.182	3.963	3.537
3.671	4.389	11.524	5.317	5.426	2.265	1.361	3.940	3.623	6.024	5.021	4.743
6.909	4.341	9.712	3.896	2.711	3.099	5.551	5.102	1.141	6.062	4.691	2.046
2.964	4.453	11.816	3.558	6.393	8.887	3.087	4.132	2.304	3.656	4.941	4.019
18.257	6.038	10.895	3.488	6.081	7.708	4.173	4.974	4.754	6.887	7.407	3.614
11.745	6.084	15.246	4.598	4.463	9.914	9.404	4.226	3.557	6.587	7.323	2.700
12.386	6.068	5.948	4.868	4.947	2.368	8.319	6.090	4.314	6.038	5.805	3.073
14.061	6.769	14.682	5.029	5.027	0.156	7.972	6.507	4.093	5.450	5.581	3.177
9.169	5.477	2.603	4.236	5.891	4.681	0.527	5.214	1.406	5.294	4.723	2.461
8.705	5.301	19.990	4.353	4.696	1.460	5.141	4.704	1.326	4.378	3.565	2.140
14.510	4.045	14.942	5.328	5.825	9.952	7.938	4.073	4.864	4.016	5.606	1.592
12.838	4.574	18.457	5.393	4.335	6.478	6.155	5.915	1.324	6.091	5.241	1.106
13.998	5.479	19.749	5.323	3.362	1.058	4.209	6.279	2.529	4.848	4.533	4.693
8.525	3.861	6.232	5.898	6.011	5.583	4.232	4.558	4.201	5.421	3.607	3.807
15.752	3.623	11.176	4.118	5.212	8.839	0.533	4.906	0.385	4.749	3.629	2.342
2.666	4.325	5.901	5.152	6.718	2.250	6.175	5.001	1.800	5.841	6.639	1.502
3.919	4.095	9.484	6.404	4.213	8.398	7.168	4.988	2.044	4.299	7.020	4.131
19.126	4.696	16.404	5.449	3.626	1.509	1.979	5.151	1.655	4.839	5.302	0.836
7.571	5.221	6.846	3.380	6.983	6.777	4.637	3.566	1.007	4.715	4.000	4.682
0.101	3.112	2.182	5.532	5.312	4.165	6.635	6.144	4.633	8.050	6.499	1.434
5.026	5.328	7.760	5.050	5.360	3.508	5.985	6.068	0.809	3.486	6.797	3.649
12.887	5.529	2.118	3.428	4.583	8.406	8.710	4.567	4.637	3.733	6.012	1.909
16.869	3.937	3.905	5.886	5.659	1.799	6.702	5.476	4.531	4.793	3.188	1.294
17.919	3.947	3.463	4.377	3.884	3.553	6.265	5.122	3.116	6.330	4.285	4.260
19.394	4.067	18.732	6.236	5.042	5.560	5.732	5.042	1.145	4.460	4.693	1.170
13.283	5.806	4.385	6.753	6.624	7.193	9.993	3.793	3.433	5.374	5.431	4.556
15.504	5.189	0.524	3.557	5.046	2.505	7.939	6.405	2.961	2.755	6.052	1.540
4.387	4.291	15.150	4.090	6.312	9.255	6.651	5.973	1.614	4.459	5.162	0.529
14.017	5.338	12.510	6.593	5.870	9.999	8.627	4.946	3.706	4.510	5.458	1.459
10.861	5.881	8.096	4.799	4.432	3.496	5.839	3.249	4.400	5.309	3.300	1.605
11.685	5.419	8.968	3.822	5.232	3.904	8.947	6.435	1.149	3.617	5.881	2.400
17.392	3.678	11.333	3.981	4.740	8.777	1.046	4.829	3.629	4.888	5.244	0.971
17.585	4.616	17.702	4.920	4.727	0.552	8.668	4.854	2.417	5.500	6.285	3.161
19.266	4.470	13.245	5.699	5.018	6.132	4.983	5.636	2.356	3.444	4.312	2.485
11.239	6.180	13.523	3.894	6.295	8.247	5.224	3.865	2.495	4.811	6.621	4.222
15.449	4.183	19.201	4.757	4.908	7.403	0.397	5.877	2.951	4.622	4.452	1.757
5.362	5.701	13.591	5.439	2.112	5.653	8.302	5.293	3.822	5.787	5.177	3.284
11.662	5.650	8.361	6.188	5.891	0.241	2.513	4.189	3.867	5.737	6.434	2.473
1.924	4.349	10.765	5.233	3.544	0.307	0.504	6.645	2.393	6.741	5.991	1.399
13.356	4.373	8.363	4.208	4.709	3.722	8.710	3.883	3.457	3.717	5.457	0.691
0.031	7.166	0.145	5.108	4.833	4.483	6.460	5.348	1.027	4.654	5.555	0.484
10.187	5.795	17.905	5.594	4.634	7.091	7.659	5.480	1.291	4.133	5.556	1.502
7.338	5.315	15.247	5.790	6.230	2.281	3.437	4.576	3.330	3.472	4.548	1.678
9.060	4.464	13.150	4.549	5.627	1.462	0.946	4.251	4.317	5.118	3.172	0.775
8.686	4.968	19.298	3.788	5.907	9.381	2.336	4.666	2.413	4.900	3.380	0.321
5.235	4.581	4.559	5.876	5.900	4.702	2.632	5.316	2.232	4.663	5.004	0.966
3.372	3.351	14.891	4.016	5.646	1.748	9.414	4.132	0.144	4.849	5.568	1.350
18.327	5.195	13.589	5.710	5.298	1.058	5.028	4.515	3.394	5.101	4.762	0.337
1.509	5.125	17.669	5.592	7.997	7.076	1.361	4.164	3.084	4.693	5.897	2.581
12.381	6.570	9.997	4.327	3.546	9.635	2.050	5.384	1.442	6.620	3.259	3.380
9.990	3.754	2.096	4.479	4.832	7.228	3.279	5.150	4.161	3.844	5.624	3.613
1.088	5.823	12.486	4.176	3.901	2.124	7.947	5.433	3.324	6.153	4.670	1.431
19.958	7.784	5.728	4.842	5.613	0.472	1.500	5.469	0.036	3.020	6.043	1.891
9.463	5.728	9.180	6.449	4.956	3.421	8.259	5.617	1.107	6.168	7.008	3.098
9.399	5.407	12.251	6.291	3.413	1.774	8.111	5.204	3.080	4.586	4.064	0.788
0.689	4.972	5.647	3.647	5.467	7.105	7.949	5.398	2.017	4.014	4.858	2.707
16.146	4.911	4.002	5.517	5.748	6.704	8.120	4.035	3.043	4.203	5.412	0.507
9.376	8.278	3.145	5.539	2.852	6.534	6.184	3.969	3.711	4.990	6.230	2.373
19.352	4.479	18.742	6.082	5.462	4.112	3.872	4.939	3.663	3.304	4.394	2.372
4.185	4.310	3.615	5.316	4.242	3.623	1.952	3.796	3.619	3.944	5.433	2.620
4.249	3.011	19.934	5.742	7.057	8.049	5.435	3.319	3.489	4.933	7.296	2.945
1.175	6.090	12.574	6.244	4.023	1.230	2.674	4.495	2.662	3.470	6.416	1.880
5.807	4.356	1.747	2.596	5.512	2.350	3.415	6.144	4.854	3.698	4.685	0.204
17.266	3.438	1.465	5.995	5.404	4.867	9.088	3.409	4.161	4.952	5.858	1.745
10.870	5.654	12.711	6.705	4.390	1.474	2.230	5.026	4.836	4.279	5.385	3.440
4.201	5.748	18.904	5.215	4.524	5.302	3.491	5.824	2.153	5.552	6.096	4.441
10.021	5.847	13.212	4.453	4.374	4.438	7.582	6.362	2.547	4.006	4.804	2.798
0.449	5.219	7.529	5.642	4.345	0.461	9.477	6.040	4.077	4.770	5.063	4.637
1.278	5.309	8.054	4.242	4.832	2.445	4.133	3.826	0.865	5.999	4.568	3.635
13.458	4.629	3.324	4.942	4.550	0.065	9.470	3.481	4.423	5.250	4.988	1.125
12.233	5.310	8.000	5.376	4.463	2.860	4.395	4.538	3.215	6.449	4.606	3.106
14.130	4.501	10.950	4.956	5.599	3.072	5.799	5.004	2.782	5.070	4.770	2.449
5.643	3.847	1.043	3.753	5.169	3.465	4.672	5.116	2.394	3.892	5.658	2.670
11.641	6.637	18.632	4.202	3.841	5.526	5.604	5.176	1.074	4.598	6.582	2.481
8.265	5.198	10.719	3.508	5.623	0.211	4.143	5.369	3.371	3.797	4.251	0.279
0.275	7.254	5.183	4.737	6.019	5.995	0.650	4.873	0.429	4.194	5.570	3.881
6.715	3.966	12.123	4.391	6.078	4.220	8.363	5.461	1.813	3.840	5.651	4.865
1.800	3.625	6.378	3.923	2.962	6.053	9.836	4.167	0.468	3.535	5.555	2.774
7.367	5.713	7.405	4.446	5.338	2.205	2.165	4.469	2.349	4.960	5.530	4.355
6.074	5.078	3.921	5.669	3.219	2.410	7.125	5.217	2.461	3.596	4.923	0.924
3.811	5.455	17.824	5.064	4.286	6.437	9.040	5.089	2.055	4.389	4.964	4.708
16.665	5.117	19.190	5.386	4.121	1.985	4.756	4.924	0.583	5.540	5.296	4.486
11.220	4.614	9.487	5.939	3.630	6.930	3.672	3.884	3.588	6.355	5.663	3.669
14.927	4.803	13.090	6.085	5.753	6.491	6.625	5.165	2.539	3.685	4.730	0.577
14.043	4.701	6.397	5.457	6.121	6.838	2.396	5.380	2.853	4.503	5.361	1.935
17.158	4.889	14.596	4.744	4.969	2.724	7.507	4.366	2.387	6.398	2.742	2.264
4.515	4.550	2.583	6.116	4.828	6.238	0.964	4.830	1.355	4.605	5.362	2.547
7.659	5.256	14.883	5.102	4.797	7.438	0.567	5.540	0.360	4.784	4.999	0.856
19.924	5.351	9.540	5.069	4.039	5.319	1.852	6.491	2.646	4.749	4.882	2.885
17.612	4.762	5.536	5.631	4.005	9.958	5.967	6.234	2.630	4.400	5.456	1.161
4.266	4.874	5.568	3.945	5.063	9.635	0.336	4.275	2.913	4.550	5.444	3.117
17.334	4.194	3.794	4.645	5.236	4.520	6.208	4.687	2.075	6.151	4.601	2.720
10.690	5.506	6.351	4.038	4.301	5.357	6.704	5.254	1.741	5.348	5.795	0.197
17.652	3.904	7.211	5.233	4.431	8.907	3.553	5.356	3.726	7.512	4.980	2.023
11.385	4.488	2.496	6.697	5.165	8.725	6.194	3.961	3.482	4.758	4.838	4.584
9.125	4.529	11.834	4.535	5.688	3.982	8.821	6.265	3.820	4.703	6.236	0.231
12.774	5.276	9.137	4.701	3.702	7.797	9.287	4.259	1.840	4.930	3.545	1.493
7.872	5.689	5.545	4.574	3.678	3.120	9.696	4.247	2.948	4.586	4.737	0.579
4.872	7.766	5.373	2.591	3.165	4.488	7.168	4.924	1.399	4.992	3.918	0.070
2.818	5.706	17.852	5.106	4.255	9.537	2.275	6.204	0.849	4.913	5.023	0.220
19.997	7.121	19.976	5.037	4.618	5.567	8.760	5.635	3.778	4.710	4.001	2.563
15.452	3.555	12.795	4.341	6.277	4.424	2.675	4.337	1.855	4.496	5.822	2.070
10.568	5.891	15.881	4.800	3.731	5.420	4.141	5.782	1.474	3.645	2.535	3.401
11.132	5.685	16.090	6.240	4.707	0.447	3.464	4.200	0.557	4.366	5.695	2.461
15.674	5.263	3.637	5.057	7.745	2.558	8.193	6.384	3.729	3.918	4.750	1.180
9.384	4.652	10.570	5.360	5.020	5.023	0.144	4.997	3.142	4.847	5.680	3.004
7.755	4.697	7.085	4.612	5.923	0.015	8.370	4.252	2.782	5.956	4.177	4.232
11.080	5.648	9.176	4.502	3.620	2.874	9.471	4.484	0.248	5.293	3.527	0.568
6.212	7.102	13.266	5.379	4.284	7.747	5.436	3.512	3.541	4.967	3.897	2.118
17.069	5.252	7.657	5.713	3.391	9.173	4.909	4.306	2.230	5.715	6.330	4.631
18.545	5.483	9.455	4.763	3.993	4.208	8.619	5.632	1.478	5.482	5.516	1.944
18.559	4.588	12.369	5.405	5.119	6.241	8.605	5.835	0.169	4.320	5.368	1.472
13.891	6.015	19.488	5.710	6.095	8.271	1.841	3.308	2.397	5.481	6.156	1.783
16.382	6.049	18.170	4.701	5.021	9.935	6.720	4.692	4.547	5.517	3.425	0.364
5.658	2.726	7.771	4.015	5.336	5.745	8.341	4.889	0.749	5.730	4.876	4.484
19.938	5.290	19.891	5.164	5.249	1.642	5.659	5.783	0.543	4.147	5.226	3.771
2.857	5.433	3.056	3.771	3.999	2.261	8.162	4.076	1.276	5.809	5.599	2.573
16.239	3.484	16.106	5.534	7.289	2.036	4.518	6.065	4.738	4.246	5.297	2.543
17.968	6.270	18.439	3.977	8.212	0.816	9.904	5.943	0.753	3.310	4.620	3.941
3.786	4.609	3.126	4.610	4.245	2.609	1.534	6.493	2.090	5.703	4.599	1.381
16.948	4.870	12.327	3.613	3.766	5.127	3.118	5.046	2.049	4.558	3.294	4.173
2.026	5.252	3.749	5.034	3.677	9.050	2.121	5.661	0.804	4.245	5.424	0.557
17.270	4.685	7.150	2.779	4.516	8.198	7.294	6.321	0.066	4.577	4.406	4.159
12.893	3.904	16.751	5.972	6.255	4.755	8.396	5.224	1.299	4.674	4.458	0.259
10.009	6.746	19.902	6.544	4.685	9.861	1.875	4.105	2.105	3.849	5.708	2.662
7.822	5.230	0.873	3.233	3.411	9.746	1.688	4.786	3.594	6.989	6.055	3.404
0.242	5.331	12.298	5.215	4.931	9.064	1.423	6.029	2.140	4.653	2.879	1.316
0.569	4.404	12.000	4.469	5.548	8.235	3.127	5.675	0.776	3.032	4.884	3.787
0.712	6.983	17.265	4.255	5.245	7.735	0.635	6.885	0.201	5.482	5.023	3.889
16.789	3.668	10.015	7.380	4.207	7.212	3.877	6.340	3.981	4.367	4.482	2.126
0.688	6.857	9.695	4.884	4.901	7.511	1.946	6.513	1.240	4.681	5.932	2.223
10.594	7.259	2.540	5.354	3.827	8.190	0.476	5.159	0.576	5.095	5.137	4.925
17.032	4.668	8.390	4.952	3.966	5.769	3.997	6.149	1.358	5.659	4.361	0.636
4.963	4.782	10.602	4.901	5.707	6.582	8.491	3.615	4.882	5.119	4.800	2.548
9.947	4.364	14.823	4.853	3.764	7.935	8.334	5.358	3.979	5.432	7.341	4.681
8.664	6.046	4.776	6.056	4.767	0.458	8.643	4.689	1.511	4.709	4.953	1.817
17.641	4.655	3.702	4.537	3.753	0.029	4.866	5.245	0.688	5.272	4.311	2.001
15.953	4.906	0.672	4.065	5.884	1.480	7.669	4.574	1.738	4.898	4.823	0.988
8.021	4.289	5.708	5.009	4.707	5.260	0.168	5.638	2.542	6.947	4.623	1.625
10.608	3.688	5.207	3.872	5.423	7.708	0.650	5.662	4.563	4.973	5.623	0.227
13.646	5.213	11.544	3.647	4.376	0.251	9.270	5.111	0.354	5.155	4.237	4.345
19.087	5.957	1.571	5.506	4.572	6.193	0.399	6.991	2.475	4.717	4.394	4.199
9.581	2.930	2.120	6.741	5.979	1.276	5.591	5.022	0.518	4.942	5.220	1.621
10.524	4.122	8.836	3.468	4.680	1.303	3.312	5.419	2.710	4.406	7.391	2.766
2.155	5.167	1.275	5.313	4.336	6.714	9.202	5.386	4.109	3.573	3.651	4.109
13.070	3.144	4.509	5.278	5.577	2.070	2.864	4.448	2.996	4.708	4.118	1.209
6.004	3.522	18.267	4.778	3.886	6.054	0.572	5.924	3.815	6.221	4.532	2.893
7.359	3.676	18.598	4.552	4.876	7.663	9.914	4.519	2.653	5.852	5.593	4.612
13.955	5.298	1.756	5.322	4.999	8.082	9.125	5.275	4.179	4.302	5.959	3.911
8.834	3.359	4.772	5.006	6.169	4.203	7.824	5.043	3.470	5.766	3.484	3.035
14.362	4.358	18.644	5.293	5.128	3.689	6.514	6.984	4.727	5.055	5.069	3.758
15.196	4.209	1.600	4.137	4.732	6.958	9.397	4.482	1.795	5.746	3.840	4.712
6.272	5.058	18.034	2.621	3.880	7.622	7.236	4.155	2.770	4.696	4.847	3.159
9.816	5.674	4.809	5.073	5.086	5.349	6.485	3.895	3.521	2.700	3.924	3.136
1.904	4.760	13.663	6.240	5.535	7.058	7.971	5.672	4.546	6.312	4.110	1.327
5.729	7.003	9.562	2.887	3.983	0.736	3.417	5.761	1.784	7.511	2.540	4.582
8.548	5.657	9.133	6.180	5.676	1.778	0.309	5.504	3.775	5.912	4.718	2.223
16.975	3.656	17.739	6.024	6.014	0.840	2.421	5.552	0.510	4.130	4.042	2.870
8.194	5.594	12.065	5.037	7.131	4.850	2.092	6.037	4.303	4.218	5.906	4.854
13.270	5.222	15.102	5.580	4.686	6.009	9.688	5.082	0.254	3.774	5.191	3.501
11.842	7.813	1.825	6.920	4.538	9.866	9.787	4.795	1.548	5.239	6.238	0.688
13.659	4.936	12.019	4.185	8.209	3.231	5.364	3.887	0.214	5.576	7.125	0.891
14.520	5.226	19.111	5.003	3.092	1.147	6.628	6.319	4.466	5.571	6.242	1.646
17.839	4.414	14.381	5.143	4.931	1.418	1.073	4.821	0.191	3.144	4.582	3.353
14.972	5.627	9.444	4.729	5.314	0.983	0.652	5.382	1.592	5.516	6.984	0.142
1.788	4.876	5.676	4.405	5.926	0.209	5.532	6.143	3.078	5.345	5.382	2.829
6.514	6.577	2.348	4.067	5.968	2.017	4.627	5.632	0.648	4.636	5.865	0.020
19.601	6.403	6.253	4.575	5.320	9.312	2.481	6.077	0.181	5.086	4.444	4.217
8.232	4.841	16.925	5.552	5.793	6.298	7.663	3.708	4.932	4.437	5.951	1.381
10.638	5.237	10.575	3.689	5.160	5.384	5.336	6.562	3.007	4.847	5.660	1.383
5.136	3.622	14.383	4.102	4.033	0.502	1.009	5.631	2.135	4.576	6.775	1.059
13.805	3.793	6.648	5.111	5.052	4.409	5.485	5.644	2.045	3.822	4.689	3.429
4.498	5.193	14.740	4.128	4.215	6.296	3.120	5.255	0.139	3.472	4.926	0.159
17.709	4.325	6.207	4.501	5.888	8.147	8.593	4.309	3.955	5.416	4.943	0.471
7.522	4.799	1.524	6.117	3.038	2.280	4.539	5.920	4.832	4.341	5.259	2.759
10.906	4.335	13.587	4.104	5.521	5.232	0.719	4.094	2.119	6.596	3.580	3.805
14.786	5.386	8.500	4.851	4.411	6.550	0.928	3.879	4.195	3.447	6.721	1.383
14.211	6.100	19.205	5.768	4.988	4.898	4.236	4.855	1.764	4.959	4.621	4.991
15.224	6.473	11.181	3.418	4.430	8.416	4.632	5.695	4.022	3.539	4.057	4.901
14.485	6.189	4.982	5.649	5.181	4.433	5.031	4.917	1.951	6.249	7.258	0.453
5.645	6.334	7.315	5.559	4.948	4.122	2.046	4.916	2.336	4.599	4.462	4.295
0.282	5.816	9.175	6.185	3.385	1.731	6.624	5.532	1.893	4.249	4.719	0.932
1.538	4.412	3.332	6.535	4.727	0.140	7.518	6.254	4.350	5.328	6.973	2.191
10.074	5.869	6.186	5.734	4.448	1.763	8.371	4.981	2.561	5.661	5.649	2.795
4.580	4.235	10.467	3.467	5.575	9.701	8.858	3.657	2.683	2.499	6.099	0.920
4.256	4.468	15.139	3.518	4.550	7.385	2.818	6.216	2.078	5.082	5.165	2.733
0.703	3.776	13.963	4.007	5.936	3.673	7.525	5.267	0.702	6.576	6.398	1.514
0.358	5.185	15.203	3.536	4.750	4.036	8.270	3.402	1.408	4.734	2.535	1.950
6.869	4.920	7.209	4.949	6.349	1.906	8.616	4.914	1.051	4.530	5.762	2.975
18.710	5.356	14.808	4.154	4.817	5.449	5.160	6.265	3.042	6.161	3.799	2.520
3.637	4.922	8.611	4.655	3.947	4.349	6.282	4.948	3.547	3.681	4.961	4.132
6.411	4.675	2.414	5.523	4.160	4.475	6.578	3.972	3.930	5.536	6.874	4.076
17.176	5.267	6.868	3.216	4.099	8.106	2.749	3.513	3.826	2.778	4.340	1.892
15.942	3.644	4.334	4.370	6.151	7.632	1.604	4.510	0.183	4.815	3.412	1.196
11.314	6.370	12.230	5.719	5.397	9.295	4.438	3.630	3.771	6.512	5.389	1.316
2.651	6.622	7.860	5.089	4.405	8.734	5.855	4.101	3.420	4.528	4.499	2.641
2.274	5.178	13.032	4.909	5.618	8.669	0.596	3.951	2.241	3.394	4.584	1.324
9.406	5.028	14.664	6.186	4.548	4.164	0.335	4.891	0.778	4.170	5.983	1.214
9.606	5.514	6.642	4.963	4.586	4.625	5.660	3.946	0.649	4.402	5.017	1.664
9.254	4.528	2.509	4.685	3.890	3.388	6.664	5.744	4.227	5.468	5.202	2.194
15.227	2.366	1.364	5.534	4.812	8.847	7.905	4.928	2.146	5.571	4.041	3.158
11.217	3.846	14.280	4.596	6.204	0.559	0.578	5.585	1.037	5.348	4.035	4.380
