-0.917	1.507	-0.316	0.548	-0.427	18.847
-0.425	0.574	-0.090	3.974	-0.933	10.694
1.802	-0.047	-0.778	1.288	1.198	2.647
-0.249	-0.202	-0.402	4.514	-1.003	10.642
0.315	0.066	-0.310	0.050	-1.829	7.171
1.396	-1.669	-0.708	3.404	-1.380	4.856
-1.419	0.697	2.250	4.474	0.662	6.152
-0.957	0.003	-1.866	4.260	1.049	11.381
-0.520	0.331	1.504	0.934	-0.285	1.912
-0.138	1.252	-0.702	0.492	0.409	0.652
-0.613	-1.650	1.846	2.757	-1.184	6.082
1.240	0.997	2.478	4.899	1.616	8.694
0.000	-0.982	-0.334	3.447	0.122	10.920
0.813	0.505	-1.000	0.893	-0.358	15.048
1.250	-0.958	-0.303	4.451	0.748	14.130
-0.543	1.540	-0.249	2.003	0.014	17.139
-0.696	-0.801	0.615	0.388	1.335	15.554
-0.731	-3.114	-0.685	3.849	0.758	10.162
-0.957	0.388	-0.942	1.800	0.417	3.010
-0.794	0.469	0.046	2.808	-2.493	11.523
-0.441	1.352	-1.042	1.535	-0.019	11.896
1.584	-0.531	-0.531	2.604	1.116	2.943
-1.431	-1.945	-0.127	2.772	1.223	15.738
-0.999	-0.167	1.302	2.737	-0.818	15.314
1.205	-1.416	-0.861	0.243	1.155	11.223
-0.123	0.354	-1.312	4.345	-0.543	1.633
0.357	0.700	-0.309	3.969	1.026	19.580
0.870	-1.344	-0.403	3.494	0.548	19.278
-1.556	-0.438	-1.315	3.530	-1.454	19.739
-1.832	-0.207	-1.159	1.590	1.526	13.363
0.883	0.048	0.496	1.185	1.820	4.486
-0.719	-0.734	-1.616	1.070	1.658	19.985
-0.301	-0.517	0.528	0.459	1.232	3.026
-0.503	-0.287	0.649	0.495	-0.542	10.694
0.957	-0.305	-0.622	1.815	-0.621	1.832
1.553	-0.818	-1.255	1.841	1.739	3.123
0.263	0.891	-1.254	3.684	1.168	1.672
0.217	0.271	-1.315	0.202	0.702	18.389
0.860	0.378	1.188	3.620	0.196	12.765
1.570	0.987	-0.304	4.095	2.451	12.641
0.849	-0.327	0.233	4.244	-0.329	16.905
-0.629	-0.050	-0.091	1.737	0.701	17.251
-0.148	0.173	-0.193	0.224	0.346	6.901
-0.622	1.659	-0.721	4.219	-1.961	8.566
-0.092	0.851	0.341	4.400	0.930	15.548
-0.632	-0.015	-1.223	1.251	0.976	13.955
0.067	1.131	0.381	3.737	2.591	18.949
1.349	0.513	0.476	4.187	0.769	5.581
-0.014	1.460	-0.371	4.611	-0.506	2.228
0.323	0.507	1.930	0.568	2.003	15.351
-1.930	-0.612	-1.504	3.170	0.696	10.660
-0.420	0.376	-2.262	3.738	0.357	12.263
-0.513	1.259	-0.772	3.421	-1.042	15.337
0.650	1.100	-0.300	3.977	0.447	3.266
0.054	3.533	-0.158	1.759	-0.607	18.098
1.479	0.295	-0.815	2.703	-0.900	0.331
-0.845	0.566	1.079	2.508	1.200	3.287
-1.051	0.257	-2.245	4.223	-0.205	5.975
0.601	-0.210	1.940	0.600	-1.000	8.568
0.436	1.133	1.738	2.017	0.387	16.148
-0.354	-0.524	-0.335	1.259	-1.045	1.192
1.612	-0.404	-0.171	3.614	-0.552	1.118
1.225	0.013	0.290	0.293	0.570	6.629
-0.329	-1.323	0.550	2.984	0.773	9.817
-1.022	-1.708	1.163	0.942	0.220	1.434
-1.344	-0.764	-0.808	4.104	-0.321	4.957
-1.620	-0.384	-0.665	1.173	-0.079	12.109
-1.469	-1.708	0.016	2.541	1.214	19.189
-0.558	-2.580	-0.444	0.889	-1.778	16.630
-0.933	-1.039	0.148	0.200	0.079	6.569
-0.414	-1.765	1.426	4.006	0.792	8.304
-0.047	-0.706	0.225	2.697	0.568	4.046
-1.300	-0.287	0.597	2.370	2.142	15.016
1.589	2.415	0.738	1.753	0.314	19.755
0.505	-0.342	0.788	4.671	-0.230	13.459
-0.231	-0.503	-1.191	4.486	-1.143	10.555
0.907	0.668	0.084	0.777	-0.113	1.492
0.282	-0.207	-0.052	1.809	0.314	8.782
-0.076	-0.350	-0.413	0.866	-0.298	9.723
0.094	-0.371	-0.133	1.840	0.586	9.558
0.306	-0.291	-0.281	1.845	-0.495	0.623
1.395	-0.012	0.083	4.093	0.485	5.431
-0.198	-0.004	0.954	0.544	1.841	18.535
1.022	-0.374	0.445	4.883	-0.103	1.719
-0.435	-0.267	1.023	4.016	-1.039	5.869
2.286	0.514	-0.890	0.848	-0.504	16.167
0.785	0.662	-1.283	2.285	-0.026	4.309
-0.476	0.101	1.395	2.050	0.684	8.595
-0.795	1.896	-0.300	3.895	0.260	18.221
-0.737	0.391	0.601	2.449	0.453	13.340
-1.280	2.108	-0.185	0.333	0.020	3.066
0.539	-0.054	0.182	2.428	-1.396	7.682
-0.635	-1.222	0.175	1.697	0.153	9.694
-1.633	1.264	-0.658	0.079	-0.868	2.021
0.035	-1.383	1.274	3.765	0.624	1.037
0.189	-0.738	-0.140	2.966	-0.537	10.714
-0.361	-1.439	-0.495	3.368	-1.331	13.562
0.908	-0.227	-0.147	2.293	-0.964	14.771
-1.160	0.231	0.203	0.523	0.389	2.868
1.700	-0.724	0.368	0.068	0.040	15.348
-0.004	-0.122	0.326	2.405	0.232	13.867
-2.567	-1.412	-1.447	3.496	0.096	12.428
1.161	-1.368	-0.105	3.131	-1.972	19.484
0.989	0.650	-0.297	2.986	-0.047	17.262
-0.011	0.030	-0.383	2.501	0.455	10.697
-0.551	0.331	-1.641	1.092	0.050	13.406
-0.881	0.195	0.160	2.455	-1.639	11.789
-1.150	0.025	1.788	1.673	-0.127	5.002
1.359	2.133	-0.867	3.274	0.151	7.345
0.372	1.425	-2.259	1.523	-0.291	14.136
0.260	-1.802	-0.186	3.757	-0.448	2.206
-1.523	0.861	-0.242	0.995	-0.634	7.649
-0.473	1.798	0.015	4.589	0.035	4.644
0.443	1.077	0.476	2.856	0.158	9.419
2.407	-1.166	0.035	4.909	-0.804	16.441
-0.479	0.500	1.936	4.876	0.372	14.891
0.092	0.073	0.642	3.921	0.897	11.439
-0.294	-0.960	-0.632	4.297	-1.152	8.406
1.962	0.136	-1.089	1.946	-0.035	1.268
0.542	-0.870	-0.210	4.862	1.441	3.793
-0.015	0.372	0.187	1.046	0.775	12.572
-1.748	-0.138	0.761	1.594	-1.586	2.744
0.047	0.778	-0.599	4.405	1.737	1.190
-0.027	1.295	-0.850	4.240	-1.001	2.244
-0.560	1.216	-0.327	3.183	0.719	17.508
-0.990	0.272	0.306	3.059	0.376	16.677
-0.191	0.636	-0.383	0.273	-1.459	5.278
-1.052	1.916	-1.585	4.689	0.843	18.407
0.143	-2.103	0.366	0.074	-0.454	4.137
0.523	-0.136	0.182	3.775	-0.674	19.683
-1.000	-0.233	0.882	4.132	1.677	6.979
-0.214	0.162	-0.887	2.807	-0.805	3.795
-0.016	-0.580	-0.394	4.949	-0.780	1.376
-1.389	-0.127	0.114	4.090	-0.163	18.176
-0.468	1.566	-1.396	1.878	-1.188	2.696
-1.236	-1.618	2.205	4.150	-1.605	19.415
0.601	0.864	-0.334	3.280	-1.728	12.395
-0.774	-0.910	0.146	4.808	0.893	12.793
-0.508	-0.197	-0.048	2.155	-1.796	17.602
0.809	1.305	1.472	4.238	-1.821	1.820
-0.432	-0.285	-1.012	4.749	-0.838	8.399
-2.299	-1.776	0.192	2.335	-1.914	2.558
0.229	-0.369	-1.168	1.714	2.526	18.989
0.668	-1.377	1.513	3.955	1.219	10.503
-0.546	0.156	-0.419	1.920	0.730	15.202
-0.914	-1.123	-0.106	2.803	-0.700	2.581
1.142	-0.495	-1.286	0.732	0.569	18.215
1.747	0.252	-0.189	4.370	-0.527	11.687
0.231	0.272	-0.775	4.657	0.372	13.711
0.146	-1.384	-1.371	3.468	0.004	3.631
-0.984	-1.018	-0.295	1.336	0.212	4.349
0.231	0.121	-0.394	2.156	-0.322	11.817
-0.720	-0.353	-1.257	0.039	-0.864	17.957
-0.391	0.828	0.817	0.642	-0.178	17.765
-0.738	0.836	0.481	1.424	-0.435	14.698
-0.497	-1.448	-0.843	2.308	0.809	19.149
1.317	-0.815	1.644	0.024	2.341	6.795
-0.009	1.574	0.261	2.649	0.121	15.878
-0.114	-2.060	0.532	2.977	-1.431	2.769
0.533	-1.719	1.407	3.088	0.320	2.835
1.481	-1.169	-0.296	1.033	-0.708	16.457
-0.036	-0.288	0.498	0.382	-0.135	15.400
-0.239	-0.490	0.061	2.736	-0.494	6.213
-0.061	0.388	-0.121	3.627	-1.573	15.644
-0.803	-0.011	-1.111	1.963	-0.771	11.432
0.899	-0.620	-0.597	2.279	-0.666	4.996
-0.012	0.257	1.003	2.359	-0.771	15.861
-1.519	-1.835	0.476	1.326	-0.585	19.419
1.262	1.950	0.663	0.084	0.866	15.389
0.081	0.883	-0.886	0.733	-0.371	17.265
-0.220	0.278	0.726	1.455	-0.954	19.856
-0.122	-0.756	-0.033	2.148	-0.246	0.328
-1.099	-0.387	2.029	1.997	-0.537	5.594
-1.145	1.624	0.559	0.902	-1.259	16.733
0.940	-1.617	-0.368	3.313	-0.303	12.321
-0.740	-0.768	1.863	3.584	-0.207	3.103
0.608	-1.017	-0.046	0.659	0.004	11.108
1.168	0.975	0.783	2.786	-0.157	15.714
-0.725	-1.632	-1.327	0.285	1.953	10.742
-0.287	-1.556	0.728	0.614	0.089	18.585
-1.093	-0.066	0.052	0.316	0.243	6.250
-0.383	1.036	-0.374	1.795	0.617	15.534
1.806	0.455	0.393	2.666	1.527	2.913
0.015	0.480	-0.572	1.586	0.355	11.976
-1.929	-0.932	-0.197	4.521	1.030	11.649
-0.321	1.020	-0.625	2.330	0.934	15.263
-0.761	-0.678	-1.285	1.845	0.062	8.005
0.243	1.516	-0.287	2.939	0.238	17.387
1.385	0.497	-2.475	1.226	-0.530	18.324
-1.311	0.250	1.893	1.032	-0.679	19.532
-0.276	-0.376	0.238	4.417	-0.880	5.537
-0.379	-0.161	0.042	3.299	-1.130	12.128
0.283	0.019	-0.427	3.578	0.127	17.213
-0.565	1.450	-1.014	1.502	1.704	17.604
0.369	-0.007	1.294	4.256	-0.512	9.015
1.411	1.659	0.450	4.907	-0.935	9.359
0.003	0.216	-0.461	3.363	0.288	5.727
0.948	1.365	-1.372	1.497	-1.203	16.412
-0.310	1.164	0.278	1.090	0.457	18.703
0.814	-0.016	-0.087	0.950	2.076	5.251
0.657	-0.873	-0.079	4.621	-1.257	3.528
0.737	-0.351	-0.901	2.869	-0.537	8.265
-0.873	0.893	0.380	0.054	1.304	15.355
0.519	1.465	-0.558	1.573	1.467	15.106
0.750	0.354	0.891	3.634	1.008	7.938
0.848	0.046	-0.901	4.528	0.211	18.803
-0.084	0.426	0.915	0.580	0.361	0.228
0.637	0.584	-0.800	0.252	-0.949	10.224
0.651	0.354	-1.525	0.572	-1.297	10.724
0.631	-0.404	0.416	1.828	-0.950	17.224
-0.984	-0.015	-1.154	4.897	-1.090	6.081
0.655	1.240	2.196	2.079	-0.028	1.187
0.047	-0.532	2.035	1.938	2.056	12.505
-0.251	-0.642	1.465	4.862	-0.371	8.089
-0.604	0.099	-1.685	4.250	-1.010	5.068
1.261	0.073	-0.225	0.988	-0.029	1.723
1.004	-0.132	-0.718	0.388	0.492	4.534
-0.588	1.299	1.388	0.598	1.196	6.059
0.406	0.244	-1.075	0.304	0.006	17.500
0.824	0.815	-0.244	3.674	-1.286	13.695
0.113	1.058	0.150	1.566	-0.560	18.465
-0.406	0.086	0.761	2.806	0.216	7.034
-0.893	-1.324	-0.650	2.936	2.250	14.384
0.409	0.580	-0.605	3.552	-0.542	11.312
-1.670	-0.737	0.200	3.099	-0.898	2.859
0.060	0.812	0.938	3.935	0.795	0.778
-0.873	-0.611	-0.868	1.588	1.478	0.053
0.891	-1.468	0.648	3.017	-0.850	13.703
-0.002	-0.872	-0.732	1.880	-1.374	16.436
-0.117	-0.836	-0.196	1.999	-2.423	10.663
-0.521	-0.791	1.083	0.234	-0.223	1.199
0.402	-0.436	0.598	4.367	-0.622	12.078
-0.795	0.498	-0.367	4.099	0.534	11.686
-1.020	0.387	-0.432	4.954	1.551	4.984
-1.392	0.306	-1.161	1.170	0.409	15.440
1.945	1.811	1.039	2.490	-1.300	11.647
-0.334	0.532	-1.687	0.937	0.809	18.943
-0.114	-0.950	-0.400	4.251	0.025	19.289
0.565	-0.367	0.605	0.565	-1.031	19.137
1.072	-0.692	-0.872	1.996	-0.341	4.101
-0.225	-1.395	0.180	4.542	-1.173	11.352
-1.817	0.608	-0.608	0.367	1.155	8.807
-1.252	-1.919	0.454	2.890	2.027	1.009
-1.153	-0.607	0.059	3.401	1.549	8.925
-0.081	-2.086	-0.973	4.089	0.066	5.378
1.431	0.999	-0.389	1.670	-0.025	8.016
2.684	2.298	-2.186	2.581	1.108	13.511
0.183	0.641	0.079	2.982	-1.163	17.889
-0.004	-1.206	1.700	0.359	-0.501	14.784
1.183	0.572	0.274	4.992	-0.514	1.426
-0.689	-0.625	0.883	1.409	-0.596	5.450
0.186	-0.750	0.569	2.431	-0.325	13.459
1.039	-0.183	0.941	3.386	0.977	10.558
0.179	-0.029	-2.142	2.207	0.693	13.466
-2.531	0.987	-0.415	1.665	-1.245	13.945
-2.001	0.876	0.361	2.847	-1.007	3.770
-0.212	-1.255	0.114	1.724	-1.629	15.024
1.342	-0.321	0.523	2.983	0.351	13.133
-0.302	1.090	-0.094	1.104	-0.859	4.884
2.005	-0.433	0.550	1.967	0.522	5.428
0.036	0.194	0.365	4.781	1.902	2.147
-0.301	0.572	0.972	2.801	1.093	3.600
-0.757	0.828	-0.131	2.305	-0.189	0.350
0.345	0.947	1.671	4.820	0.545	0.793
-0.338	-1.590	-0.315	3.101	1.693	4.125
0.147	-0.808	-1.981	1.151	1.216	9.618
0.346	0.232	1.436	4.504	0.364	14.680
1.444	-1.693	1.476	2.276	1.121	7.947
1.961	-1.937	-0.023	4.085	0.366	9.256
1.082	-1.384	-0.094	2.912	-1.863	17.660
-1.172	0.629	1.960	3.750	0.218	18.876
-0.087	-1.917	0.457	3.636	0.810	12.060
0.432	-0.688	1.068	3.445	0.657	8.983
-0.332	0.397	0.041	2.374	-0.800	18.638
-0.432	-0.594	-0.752	0.276	-0.946	17.534
-1.039	-1.639	1.150	2.360	-1.149	5.119
-0.134	0.310	-0.714	2.561	-0.523	15.509
0.422	1.193	-2.077	1.576	0.508	5.584
-0.494	0.644	-1.692	3.442	0.668	12.473
0.111	-2.405	0.206	2.556	-0.715	18.677
-0.346	0.985	-0.484	2.220	1.232	12.007
0.838	0.007	-1.864	4.961	0.949	12.630
0.895	-0.183	-0.002	1.531	0.260	3.493
1.424	0.031	-1.013	4.714	-1.676	17.677
-0.320	0.079	-0.592	1.869	0.876	5.384
1.903	0.841	1.884	0.340	1.841	0.576
-0.559	-0.367	0.184	3.525	0.091	10.041
0.218	0.505	0.987	1.844	-0.812	10.441
-0.069	0.219	-0.021	4.270	0.281	17.841
-0.240	0.498	-0.002	4.141	-1.838	15.370
0.545	-0.644	1.587	1.583	-0.764	8.444
-0.087	1.481	2.338	1.683	0.551	0.316
1.525	-0.133	-0.424	0.297	-1.330	17.034
-0.586	-0.333	-1.754	3.792	-0.544	17.178
1.074	1.339	0.327	1.488	1.030	14.065
1.572	-0.248	-0.426	2.666	-0.483	4.483
-0.163	0.816	-1.218	4.044	0.025	19.278
-0.536	-0.182	0.427	4.294	0.430	1.378
0.048	1.536	0.362	3.928	-0.591	14.297
-0.777	-2.289	0.062	1.083	0.429	9.791
-0.682	1.031	-0.601	1.152	0.378	12.148
0.589	1.462	-0.369	1.649	0.629	19.460
-1.120	-0.563	0.192	2.053	-0.252	9.369
0.372	-2.384	0.389	0.468	1.032	10.006
-1.631	0.544	-1.078	0.315	0.695	5.312
1.900	1.400	0.449	2.524	-0.904	7.189
-0.654	0.530	-0.486	0.393	1.016	16.841
0.071	1.363	-0.407	2.442	-1.615	8.949
-1.155	0.846	1.199	1.660	-1.599	16.829
-0.783	-0.327	-0.236	4.958	-0.476	3.357
0.239	-0.416	-0.341	0.616	0.041	13.822
-1.466	-0.289	0.117	2.326	1.203	16.702
0.268	-1.612	0.520	1.466	-1.256	4.615
-1.172	-0.390	-1.581	1.709	0.831	14.442
2.088	0.126	0.078	0.511	-0.189	8.747
-0.913	0.374	-1.528	0.057	-0.294	15.738
-0.654	1.149	0.376	1.258	1.000	13.410
-0.131	1.272	1.278	2.091	-0.675	17.678
-0.679	1.620	-2.786	4.932	0.442	11.938
0.044	2.767	0.187	0.011	1.833	0.521
0.343	-1.467	-1.437	1.112	0.317	12.181
-0.441	1.039	0.434	0.851	0.131	7.365
1.378	0.368	0.263	2.127	0.072	6.419
-1.384	0.262	-0.564	4.814	0.240	12.452
0.508	-0.472	-0.844	1.056	-0.217	11.522
0.127	1.085	0.780	4.212	-2.362	10.865
-1.205	0.728	-0.720	2.171	0.948	12.862
1.992	1.068	0.199	0.239	0.152	7.005
1.908	-0.697	-0.623	3.026	-0.312	1.847
-0.418	-1.068	-1.510	1.898	0.443	9.199
0.082	0.008	-0.135	3.079	-0.176	12.442
0.551	-0.450	-0.094	0.108	-0.117	9.596
-0.565	0.266	-0.322	0.591	-0.258	2.255
8.232	1.792	7.913	5.086	6.049	6.993
3.917	3.883	5.397	6.263	5.798	3.287
5.474	4.573	3.807	5.369	4.521	3.343
4.960	3.598	5.610	6.553	5.400	3.736
3.846	2.835	2.645	3.433	5.105	4.709
4.925	0.943	9.518	4.832	4.648	4.868
2.624	3.514	5.719	5.326	4.916	5.022
4.523	2.635	5.209	5.156	6.100	2.884
5.203	4.218	4.852	4.580	3.682	4.290
5.330	4.959	7.593	5.621	6.849	6.351
4.331	0.052	3.492	3.934	4.532	7.136
4.085	3.641	6.567	5.496	5.105	4.068
3.034	1.792	0.694	6.418	4.330	4.623
7.106	1.863	0.677	5.036	5.454	5.291
4.638	1.459	4.891	5.088	6.161	5.473
2.989	4.441	2.561	5.835	5.007	5.004
4.954	1.075	4.121	4.051	5.983	3.672
4.678	4.847	5.501	5.821	6.489	4.692
3.887	4.123	7.171	5.971	6.141	5.110
7.323	3.190	8.878	3.488	5.885	6.047
6.561	4.656	8.296	2.940	4.899	6.982
4.625	1.766	9.452	5.416	4.773	3.991
6.128	1.050	6.570	6.260	4.848	7.466
4.972	0.311	4.030	4.075	3.150	5.297
6.168	1.552	0.004	4.529	5.275	4.622
4.981	0.184	4.508	3.424	5.046	5.204
3.639	2.708	3.771	3.804	2.883	3.814
5.886	3.642	0.377	4.886	5.687	5.664
4.563	0.431	8.218	5.925	4.658	5.642
6.038	4.046	7.405	5.021	5.306	3.879
4.310	0.328	1.532	4.142	5.243	4.430
4.657	2.323	3.702	6.187	3.299	6.116
6.645	1.184	9.678	4.996	7.948	5.487
6.290	0.965	1.168	5.072	4.867	5.243
5.122	4.880	2.228	5.529	4.968	4.827
4.300	0.508	2.491	4.401	3.875	6.806
4.387	4.059	8.197	5.336	4.813	3.374
4.451	4.124	8.256	5.708	5.403	5.181
7.008	0.075	1.282	4.124	5.818	4.747
5.398	3.173	6.065	5.698	4.181	4.656
4.636	3.145	6.915	4.222	5.276	5.474
5.491	4.105	6.667	4.659	6.156	5.727
4.904	3.791	9.745	6.916	4.646	3.171
6.593	0.030	9.619	4.946	5.864	5.831
3.657	4.294	3.615	5.804	5.072	5.238
5.406	1.267	2.404	7.173	4.293	5.457
4.701	1.536	6.252	4.721	5.609	4.061
4.766	3.137	5.498	6.766	4.669	4.455
4.749	3.758	0.695	5.285	5.035	6.052
4.682	1.884	9.281	5.813	2.019	5.856
5.334	4.438	4.641	5.695	5.999	5.120
4.560	3.572	9.113	4.205	5.522	4.402
5.145	3.306	2.371	6.485	5.973	4.292
6.835	3.867	1.129	3.150	5.502	4.837
4.164	3.667	1.598	3.078	4.288	4.557
6.627	2.393	3.759	4.377	5.156	4.261
5.051	2.676	3.627	4.890	4.494	5.256
5.712	3.370	9.543	5.562	3.794	4.007
5.551	4.508	9.458	3.757	5.100	3.811
3.018	2.503	0.449	7.117	5.812	2.431
5.770	3.396	4.654	5.450	4.267	5.771
6.332	3.009	9.702	4.271	3.812	3.996
4.751	3.078	1.458	5.421	5.494	5.564
5.410	0.695	0.612	5.985	7.047	6.988
3.529	1.478	2.439	4.248	5.045	6.112
4.969	2.092	3.581	4.630	3.729	5.131
5.906	4.809	1.646	5.189	2.533	6.046
4.988	1.943	7.110	5.969	4.316	4.415
5.539	3.474	0.017	3.725	4.056	6.350
6.251	1.176	3.401	6.048	5.402	5.834
4.976	2.746	0.744	3.333	5.824	5.077
5.423	3.629	1.397	2.994	5.374	5.722
4.787	4.730	5.853	3.008	6.088	6.306
4.474	3.459	2.957	5.401	4.125	5.770
5.105	2.386	2.988	3.417	5.057	4.796
6.722	3.074	3.655	5.080	6.350	5.040
7.425	1.819	2.655	4.498	3.035	6.772
5.084	2.033	8.210	4.771	5.538	4.093
5.117	1.008	2.940	4.862	4.080	5.575
4.550	3.500	2.596	6.664	5.882	5.329
6.352	0.947	5.753	4.716	5.420	3.989
4.455	4.086	3.106	5.628	4.896	5.277
4.222	4.581	9.440	6.931	4.901	5.520
4.650	3.375	4.030	4.559	4.437	5.632
2.684	1.791	2.000	4.929	6.157	4.267
4.335	2.094	8.755	4.981	6.604	5.351
6.200	1.071	7.968	7.023	6.019	4.884
4.457	2.834	5.158	4.245	3.585	4.932
6.278	4.414	2.112	4.814	4.571	4.546
4.869	1.721	6.495	5.029	3.758	5.594
4.721	1.436	7.023	6.943	4.405	4.565
4.568	4.456	2.789	4.270	5.481	4.582
3.643	0.911	7.280	4.140	4.332	3.483
5.273	4.104	2.011	5.865	5.049	3.532
5.362	2.341	3.900	5.118	5.067	3.465
4.712	3.332	6.449	5.085	5.279	5.435
4.038	2.568	5.788	4.050	4.003	5.248
4.363	3.621	2.505	5.181	4.459	4.082
4.985	4.041	3.654	4.771	5.212	5.804
4.956	1.952	9.518	3.666	4.174	5.848
3.387	0.707	5.961	5.825	4.573	2.135
6.210	2.727	1.273	5.817	4.176	6.533
5.815	3.298	7.756	4.252	5.434	4.995
5.397	3.665	9.906	4.086	3.964	5.488
5.198	1.628	9.461	2.149	3.764	4.364
6.706	3.057	4.018	4.930	5.240	6.624
4.966	4.520	4.933	4.752	5.317	5.407
4.087	4.140	7.838	5.234	6.104	5.504
5.185	4.020	2.864	4.690	4.118	5.116
6.006	4.215	6.452	7.674	5.228	4.519
6.032	1.887	6.949	6.080	4.830	4.895
4.291	1.518	1.323	3.981	7.403	4.697
1.764	1.028	4.955	6.603	4.520	3.854
4.360	1.063	4.854	5.623	4.151	6.240
3.287	0.150	3.138	4.428	5.867	4.231
5.438	1.034	6.948	5.531	4.294	5.355
5.045	4.967	5.147	5.435	4.984	4.264
3.965	2.423	0.156	5.814	6.551	6.660
2.896	0.283	7.946	4.456	3.489	3.533
3.361	1.752	5.107	5.879	5.108	6.001
6.382	0.140	2.620	4.126	4.909	4.562
6.182	4.846	0.323	5.065	5.058	5.542
5.328	1.823	4.883	5.929	5.522	5.662
5.792	0.975	6.755	4.340	4.742	4.078
5.467	4.054	7.290	3.669	3.792	3.127
5.038	4.954	1.240	5.331	4.159	5.887
6.855	0.686	0.954	3.128	3.256	2.554
5.166	3.883	7.800	5.408	4.516	5.952
4.362	2.913	1.567	5.082	5.535	4.280
4.842	0.950	1.219	6.900	5.484	3.404
5.347	0.894	4.253	6.954	4.854	4.819
5.498	2.832	6.202	5.491	5.281	6.865
3.329	1.382	1.845	4.180	5.151	4.694
3.079	3.044	5.108	5.169	4.832	6.435
4.828	1.765	1.742	6.213	4.963	5.417
5.911	2.104	6.975	5.206	4.909	6.320
5.273	2.013	1.328	4.222	3.998	5.046
3.613	4.360	4.890	4.456	4.279	5.676
5.549	2.139	9.057	5.432	5.705	4.555
5.758	3.454	4.547	6.850	4.608	3.366
6.082	3.850	8.211	5.326	4.710	5.373
3.789	1.885	1.014	6.481	6.319	4.254
6.531	2.690	3.056	6.391	4.084	5.448
4.555	4.157	0.347	3.823	3.846	4.082
5.301	0.795	7.293	4.554	4.824	3.542
4.946	2.380	4.522	4.750	4.436	4.094
5.610	4.162	7.692	6.277	4.468	5.886
5.735	2.187	5.479	5.118	5.411	6.405
6.416	3.863	7.581	5.799	3.761	6.658
6.271	2.097	4.136	5.537	4.592	5.408
5.581	3.001	2.541	3.232	4.647	5.874
5.098	4.526	3.507	5.587	5.851	5.190
6.206	1.669	6.093	4.569	5.768	4.728
4.871	4.442	0.948	4.458	3.534	4.557
5.838	0.311	5.129	4.946	4.673	6.010
4.755	1.675	1.437	3.779	4.386	4.975
4.353	4.290	8.197	3.026	4.835	6.171
5.652	3.192	0.898	4.344	4.912	4.620
5.051	2.280	9.156	5.383	4.392	5.284
3.203	3.994	1.435	5.172	4.689	3.103
2.997	0.042	6.905	4.912	4.122	5.175
4.173	2.066	3.095	5.920	5.154	3.972
5.565	0.221	0.042	3.787	3.317	6.596
6.167	3.241	8.707	4.137	6.423	6.266
4.776	0.103	4.029	6.715	4.478	4.439
5.870	0.957	9.666	3.927	5.692	5.904
3.634	3.806	6.537	4.598	4.387	3.533
5.352	0.115	6.095	3.340	3.903	5.489
5.389	4.098	3.932	4.714	6.598	4.515
3.306	4.627	8.583	5.986	5.729	4.821
5.529	3.901	7.219	4.232	5.513	5.489
4.923	4.617	0.100	4.465	4.875	7.173
4.292	4.561	8.326	6.976	4.437	4.493
4.744	2.824	5.463	4.390	4.913	4.225
5.140	3.403	8.040	5.736	5.229	4.810
5.299	3.053	0.073	4.466	5.301	4.056
5.740	3.527	5.670	5.511	4.735	5.434
5.441	1.607	5.874	4.851	5.052	5.589
4.434	0.535	8.659	3.542	4.664	4.397
3.337	1.087	1.695	7.733	2.791	3.964
5.305	2.484	2.309	4.454	3.198	5.072
5.816	1.206	9.517	4.055	5.712	3.481
5.444	4.242	3.751	4.490	6.790	5.155
5.385	1.051	6.598	5.248	7.018	4.233
3.671	2.119	3.466	4.743	5.235	3.704
4.544	3.241	9.607	5.059	2.869	4.909
5.150	1.530	3.847	4.896	5.577	6.553
4.630	4.074	1.775	7.431	3.844	6.184
2.708	1.831	5.697	5.427	5.287	5.712
4.579	3.054	5.088	4.246	4.421	6.157
4.539	1.142	2.009	3.525	5.934	5.591
4.943	0.587	0.215	5.718	4.315	3.439
4.754	2.270	1.784	7.478	4.909	5.348
6.363	3.655	8.133	5.375	5.668	8.289
6.017	2.267	3.671	9.836	4.239	4.695
5.446	1.800	1.150	5.326	6.175	6.085
3.741	2.781	0.627	5.516	4.464	6.280
4.274	4.974	8.121	5.698	7.420	4.115
5.356	2.649	7.708	6.416	6.466	3.419
5.565	0.550	8.302	6.469	5.697	4.547
5.678	0.699	5.443	4.669	4.459	4.544
6.009	1.357	6.951	6.152	5.318	6.891
3.756	0.483	8.450	4.971	5.232	4.038
2.883	1.495	9.103	5.949	4.558	5.008
4.283	2.447	0.259	5.351	5.489	4.019
5.084	2.659	5.299	5.639	5.176	2.924
5.190	1.048	4.591	5.545	3.344	6.337
3.995	0.834	0.362	6.072	5.668	4.789
4.760	1.809	1.444	3.712	5.205	5.001
4.289	4.596	4.072	6.100	4.549	7.198
3.637	2.210	6.718	5.142	3.845	3.480
5.346	0.016	5.575	2.620	4.888	3.957
4.697	3.115	3.309	4.999	5.769	2.775
5.424	3.864	0.206	5.366	5.434	4.648
5.246	3.592	6.944	6.645	5.152	3.379
4.119	0.604	5.514	5.838	5.482	5.096
4.872	4.673	2.045	5.327	6.171	5.164
6.588	1.530	5.472	4.752	3.772	5.363
6.402	4.276	7.088	4.346	5.015	5.758
7.353	2.684	2.010	4.463	6.000	6.237
5.993	2.798	0.427	4.635	3.369	3.889
4.863	1.972	2.196	4.046	5.059	4.874
4.204	0.931	2.126	3.761	6.643	4.106
5.338	2.254	6.848	5.847	4.681	4.949
5.662	2.064	7.572	6.746	4.493	3.620
4.689	1.117	3.154	4.250	2.914	3.789
5.339	4.616	4.379	4.977	5.463	3.677
4.699	4.996	2.381	5.319	4.910	4.616
5.840	4.974	4.140	5.769	4.743	5.626
6.720	0.992	3.273	4.132	4.721	2.571
5.085	4.002	5.878	5.818	4.809	5.128
4.795	1.935	7.475	4.237	3.903	5.897
4.947	4.046	5.904	3.934	6.385	4.498
4.637	3.953	9.632	5.383	5.118	4.085
2.669	0.746	8.629	4.857	3.961	3.276
4.282	2.955	2.788	4.420	5.185	3.517
4.710	2.262	2.235	4.724	4.361	4.413
5.632	0.216	2.433	3.930	4.930	4.171
4.611	4.525	1.451	4.107	6.414	5.726
4.892	3.425	3.418	5.137	5.511	4.654
6.464	1.953	1.330	3.698	5.685	3.894
3.474	0.076	7.457	7.710	3.659	5.232
3.941	3.020	9.820	4.927	6.744	5.245
4.763	3.754	4.001	6.244	3.140	3.488
5.845	2.258	6.633	6.170	5.465	3.530
5.221	3.507	4.832	5.355	5.880	4.981
4.129	1.401	2.572	5.169	3.772	5.259
6.059	2.715	5.890	6.181	4.407	3.556
5.079	4.740	0.428	5.372	4.819	5.487
5.783	3.764	9.185	5.791	5.455	3.955
5.990	4.866	4.837	5.827	4.604	6.689
5.636	4.252	5.817	6.971	5.338	5.054
5.947	2.350	8.380	6.607	3.961	5.482
5.186	0.442	6.927	6.348	7.445	3.817
5.566	1.144	4.766	4.658	4.958	4.314
3.043	0.583	7.572	3.501	5.156	4.639
3.108	1.116	9.439	3.692	5.031	5.552
6.181	1.688	8.004	5.686	4.406	5.366
4.340	4.371	0.562	5.416	4.873	4.982
4.670	4.782	0.954	1.974	6.054	4.974
3.888	3.085	5.291	6.731	4.637	5.670
4.447	2.885	9.383	5.577	4.746	5.362
6.521	3.471	8.275	4.543	4.305	3.893
5.654	2.883	2.190	5.316	4.583	4.638
6.345	3.645	9.880	4.961	5.672	3.717
4.881	1.567	1.943	5.193	5.797	5.465
5.650	2.237	2.160	4.992	4.800	4.824
4.923	0.574	9.523	5.764	4.661	4.162
6.152	0.636	7.173	5.997	2.312	6.377
5.221	2.746	5.862	4.362	3.682	4.725
5.903	3.991	6.241	4.690	3.553	4.885
6.633	1.934	0.672	5.993	4.845	5.001
4.369	2.339	8.414	4.436	6.305	4.724
6.292	0.241	4.790	5.608	5.308	4.551
3.850	0.781	6.034	6.388	6.107	5.365
3.550	4.726	1.480	4.262	4.051	6.597
8.090	4.319	8.060	4.078	5.637	6.001
5.851	3.181	4.420	5.936	5.947	5.122
5.202	1.444	8.899	4.766	5.065	4.317
6.170	2.039	5.848	6.778	4.046	7.587
6.133	3.045	6.204	5.010	5.579	5.248
5.555	1.440	6.090	4.944	4.564	5.305
4.451	4.297	4.500	5.769	5.274	5.435
4.606	2.441	4.779	4.770	6.109	6.005
4.342	2.314	5.757	2.372	5.997	4.649
3.879	4.670	9.813	5.643	4.440	5.385
4.979	3.656	5.768	4.878	5.229	2.885
6.527	2.749	6.474	3.040	4.841	4.625
4.562	2.376	9.833	4.597	6.511	5.877
4.709	3.378	9.123	5.665	4.417	6.103
5.402	0.766	1.613	6.078	4.972	3.077
5.751	3.574	3.776	6.370	5.018	4.264
6.148	2.975	7.180	3.270	5.069	3.352
4.987	3.114	9.970	3.959	7.003	3.231
5.516	0.083	9.500	6.744	4.890	5.016
3.584	1.808	2.548	4.650	3.076	5.799
5.248	0.607	7.021	3.888	2.594	6.887
5.324	0.724	5.958	4.034	4.787	6.440
4.402	3.013	5.167	6.038	7.072	6.864
4.583	3.197	7.113	4.580	4.481	7.847
4.914	2.024	7.564	4.254	5.936	4.505
3.104	0.130	9.943	6.139	6.069	5.710
5.902	2.743	7.794	5.331	5.573	5.122
6.402	4.673	2.344	4.963	4.921	6.287
3.937	1.822	0.777	4.559	4.366	4.957
4.400	3.437	5.768	5.866	4.508	4.821
6.458	1.910	9.428	3.774	4.474	5.115
3.249	1.303	9.373	5.622	4.050	4.458
6.422	0.507	0.815	5.436	4.197	5.004
3.101	4.711	5.867	5.540	4.479	4.190
5.190	4.213	0.655	5.238	5.219	4.754
5.373	1.933	5.935	5.437	6.937	5.604
4.209	3.641	7.070	4.341	4.947	5.790
4.909	1.976	1.877	1.864	5.150	6.029
5.593	4.562	4.243	5.914	6.418	5.395
4.877	1.953	3.952	6.382	4.099	6.008
5.058	3.296	6.915	5.720	3.510	4.430
6.565	2.957	7.563	5.731	6.776	6.181
6.349	4.289	0.169	5.557	5.641	4.775
5.280	0.261	9.601	4.477	5.314	5.093
4.035	0.522	6.041	5.443	4.333	3.688
3.710	0.840	1.144	4.385	6.571	6.344
5.684	4.113	7.932	6.610	5.926	4.265
5.428	0.412	5.389	6.090	4.191	5.197
4.665	2.881	0.764	4.376	4.232	5.188
4.906	0.160	1.419	3.989	6.088	4.333
4.388	1.499	3.237	6.897	5.694	3.645
4.898	0.931	2.958	5.137	5.653	4.052
5.655	0.617	4.590	4.134	5.254	5.540
3.841	2.628	7.928	4.365	3.863	6.382
5.604	3.516	7.344	3.089	6.219	3.071
4.902	2.234	1.188	4.520	3.735	4.339
5.574	1.312	0.663	4.298	4.928	6.349
-7.649	-7.300	5.214	-7.038	-6.060	8.916
-5.637	-7.105	4.307	-5.628	-8.102	6.447
-7.196	-6.797	7.440	-5.478	-6.996	4.019
-8.704	-7.874	6.727	-6.755	-5.827	1.901
-7.825	-8.376	7.478	-8.447	-6.726	3.521
-7.180	-7.166	0.940	-7.229	-8.345	3.446
-6.681	-7.210	2.108	-4.666	-6.864	17.746
-7.351	-6.025	2.169	-6.798	-7.178	10.260
-8.587	-5.994	0.955	-6.065	-7.414	1.905
-5.775	-9.760	9.718	-6.155	-6.692	5.923
-7.466	-8.758	0.112	-6.279	-8.155	14.079
-6.711	-5.652	7.516	-7.903	-7.455	9.516
-7.181	-6.327	0.318	-7.974	-8.046	16.101
-6.254	-6.478	0.401	-6.386	-5.449	13.203
-6.975	-5.351	1.206	-6.477	-6.557	9.990
-6.140	-6.112	7.191	-7.176	-7.836	4.105
-7.513	-5.552	3.220	-5.685	-5.201	12.086
-8.002	-7.915	9.547	-6.280	-6.320	13.079
-7.706	-5.887	4.274	-6.452	-7.443	7.898
-6.001	-6.957	3.978	-5.320	-7.535	5.275
-8.438	-6.875	4.960	-6.308	-7.484	14.752
-7.828	-8.256	3.030	-7.098	-6.876	2.579
-7.544	-8.225	9.528	-7.224	-5.503	18.225
-6.683	-6.862	0.408	-6.643	-8.358	15.416
-7.664	-7.730	4.433	-7.377	-6.059	8.765
-7.461	-6.749	1.492	-7.547	-5.273	14.997
-7.194	-7.633	4.056	-6.347	-5.518	0.683
-5.659	-5.707	6.471	-7.210	-5.600	11.873
-6.876	-6.300	6.294	-7.002	-6.439	8.609
-6.330	-6.055	0.580	-9.174	-7.067	17.587
-6.578	-7.977	7.364	-6.615	-6.577	17.607
-6.642	-6.829	3.180	-8.539	-5.704	16.973
-8.489	-6.934	7.320	-7.719	-6.878	6.766
-3.431	-8.349	9.009	-7.013	-7.988	3.326
-5.889	-6.640	3.619	-6.639	-7.386	5.523
-6.731	-8.167	3.376	-7.269	-6.119	5.930
-7.643	-6.334	6.618	-7.075	-7.146	2.573
-6.898	-7.641	6.566	-8.358	-9.570	5.985
-8.056	-7.058	3.966	-7.690	-7.237	5.306
-6.657	-5.835	1.643	-7.407	-6.695	17.386
-7.213	-7.108	1.261	-5.992	-5.815	10.126
-7.712	-6.017	2.225	-6.110	-6.883	13.794
-7.281	-7.102	6.360	-6.154	-6.599	7.220
-6.187	-6.162	9.410	-8.037	-6.001	10.109
-6.722	-6.289	5.687	-7.037	-6.872	3.186
-9.808	-8.276	5.663	-8.215	-6.793	2.533
-7.228	-8.697	3.650	-7.449	-6.307	16.276
-8.077	-6.124	8.062	-7.983	-5.383	1.567
-6.394	-6.417	8.673	-6.452	-8.167	14.370
-7.031	-7.050	2.512	-6.501	-7.289	4.952
-7.231	-7.248	2.138	-6.303	-6.452	12.450
-8.591	-7.912	9.363	-7.090	-7.276	1.557
-8.031	-6.143	1.509	-7.502	-6.652	14.892
-7.868	-9.547	1.422	-8.531	-5.484	6.471
-7.460	-5.998	6.630	-6.526	-5.631	1.978
-6.566	-8.314	4.295	-7.468	-6.956	15.998
-6.616	-6.408	0.274	-7.541	-7.135	19.182
-6.173	-8.798	6.464	-6.828	-8.172	16.281
-6.951	-8.204	1.100	-6.772	-6.804	12.659
-7.324	-6.725	3.248	-7.083	-8.373	8.120
-7.197	-8.563	1.265	-7.684	-6.575	2.840
-6.446	-7.242	7.130	-7.582	-7.540	0.098
-7.041	-8.694	4.544	-7.104	-7.181	4.288
-6.302	-7.705	2.047	-7.567	-6.069	6.262
-6.923	-7.419	5.185	-6.730	-8.054	1.174
-6.985	-5.956	2.082	-6.480	-7.001	5.424
-6.933	-6.874	1.433	-7.193	-5.568	5.294
-6.002	-6.526	4.531	-7.502	-5.529	19.929
-5.434	-5.499	3.430	-8.824	-4.739	0.065
-6.789	-5.705	9.698	-7.466	-7.994	13.213
-6.227	-7.515	8.600	-6.511	-4.857	7.691
-5.883	-7.337	2.267	-6.559	-6.775	0.558
-5.471	-7.055	9.200	-6.601	-8.462	10.796
-7.392	-6.615	8.404	-8.467	-6.074	10.036
-7.637	-5.607	5.365	-6.820	-6.606	14.404
-6.503	-7.229	5.254	-7.083	-6.254	2.049
-8.535	-9.381	6.197	-7.075	-8.368	18.863
-6.866	-6.998	2.683	-8.060	-5.154	17.044
-8.844	-8.266	7.866	-6.677	-5.526	16.772
-6.140	-8.233	5.941	-7.517	-7.511	0.391
-7.552	-5.279	9.416	-6.446	-5.649	18.545
-6.073	-6.041	4.605	-7.619	-7.953	12.479
-6.053	-5.848	9.283	-7.171	-6.687	15.563
-6.456	-8.205	6.226	-6.101	-6.836	2.377
-6.948	-7.186	9.332	-6.182	-7.658	1.416
-6.540	-6.871	6.422	-5.306	-6.043	16.149
-6.786	-7.642	3.087	-7.737	-6.823	17.973
-7.309	-7.522	1.721	-6.939	-4.890	10.612
-6.641	-8.820	4.895	-6.941	-7.232	17.941
-8.414	-5.949	9.418	-7.589	-7.133	10.035
-6.810	-6.872	9.477	-8.187	-5.770	10.683
-8.273	-6.280	7.516	-6.554	-7.038	2.208
-6.989	-7.346	0.515	-6.131	-7.039	7.793
-7.980	-8.449	6.740	-6.239	-4.880	16.200
-7.019	-6.306	3.476	-8.018	-7.777	1.442
-8.211	-7.950	7.795	-7.199	-6.517	3.978
-8.063	-8.249	8.079	-4.946	-9.467	9.137
-7.509	-7.962	9.270	-5.869	-7.006	0.439
-9.163	-7.953	0.889	-6.152	-7.502	17.355
-5.042	-5.093	8.470	-6.581	-7.990	3.082
-4.949	-7.218	8.987	-7.536	-6.997	9.294
-8.286	-5.910	2.572	-8.153	-7.360	13.104
-7.456	-6.056	2.377	-6.717	-7.871	5.769
-8.978	-5.721	3.362	-6.732	-6.566	8.604
-6.147	-9.067	2.607	-5.041	-6.182	1.429
-6.840	-6.636	3.049	-7.340	-8.346	19.020
-6.147	-8.064	9.911	-7.309	-6.428	0.515
-6.941	-8.588	5.571	-7.275	-5.747	6.391
-7.527	-7.147	3.325	-7.424	-9.073	3.505
-6.308	-6.717	4.564	-6.689	-7.870	8.487
-7.577	-7.972	7.503	-7.302	-7.638	17.610
-5.253	-7.561	6.680	-5.925	-6.565	18.808
-6.066	-6.828	6.950	-6.658	-6.015	9.481
-6.765	-7.716	2.982	-6.096	-8.938	2.683
-7.357	-8.473	6.730	-6.836	-7.697	12.215
-5.931	-7.400	0.378	-7.498	-6.973	15.858
-7.427	-6.822	3.268	-6.380	-7.870	17.209
-7.670	-7.126	4.408	-8.728	-6.713	1.849
-7.847	-5.753	7.746	-5.807	-8.795	18.635
-5.423	-9.210	9.045	-8.114	-8.118	3.989
-6.853	-6.400	7.620	-5.956	-6.989	16.902
-5.924	-7.501	9.852	-7.873	-6.998	5.575
-6.966	-7.979	5.986	-6.026	-7.829	13.429
-7.796	-6.619	0.438	-8.322	-6.748	7.889
-6.935	-6.761	4.955	-8.030	-8.755	19.733
-8.034	-6.022	0.989	-6.192	-6.505	0.100
-6.480	-6.241	8.011	-6.988	-6.862	11.766
-5.396	-7.086	8.346	-6.763	-5.307	4.713
-6.742	-7.439	8.641	-9.402	-7.102	2.044
-7.891	-6.876	6.772	-7.768	-7.793	18.720
-7.583	-7.624	2.121	-7.474	-6.791	1.201
-6.909	-7.749	7.873	-8.985	-4.967	4.287
-6.291	-8.602	2.943	-7.159	-6.519	7.119
-6.590	-7.466	9.947	-7.166	-5.988	1.080
-6.378	-8.312	3.403	-6.321	-6.938	17.789
-8.566	-6.646	7.767	-6.913	-6.925	6.568
-6.765	-6.791	5.942	-8.193	-5.891	10.529
-6.003	-8.347	6.342	-6.786	-7.652	16.813
-7.358	-5.565	7.582	-7.909	-8.633	16.283
-5.556	-8.137	5.452	-5.613	-8.540	18.819
-5.499	-7.884	3.209	-7.257	-6.540	13.223
-5.869	-8.677	4.447	-6.371	-7.641	6.417
-5.980	-6.708	9.495	-6.293	-7.231	8.714
-8.741	-5.266	1.605	-6.868	-7.225	7.361
-5.605	-7.731	7.262	-6.774	-6.736	7.564
-5.931	-7.406	2.751	-7.956	-7.397	15.169
-6.532	-5.914	3.979	-7.109	-7.991	14.794
-8.664	-7.788	0.786	-7.129	-6.071	6.776
-6.018	-7.890	1.813	-7.244	-6.633	11.452
-6.430	-8.096	3.927	-7.491	-7.458	5.617
-6.600	-8.784	1.109	-8.062	-8.037	16.318
-6.682	-8.108	6.497	-6.893	-5.344	4.070
-8.640	-7.141	2.155	-7.946	-7.150	7.241
-7.106	-7.784	8.273	-6.346	-8.928	2.524
-7.030	-8.157	0.964	-8.241	-8.389	12.430
-5.143	-7.105	6.676	-8.037	-7.296	14.385
-7.392	-6.041	3.522	-9.092	-8.372	13.697
-7.698	-6.620	5.399	-6.910	-5.875	2.453
-5.857	-4.527	0.134	-6.191	-7.526	2.239
-7.941	-5.492	2.617	-6.715	-7.268	5.037
-6.501	-7.727	6.854	-8.093	-7.179	12.567
-6.618	-5.922	0.342	-8.395	-7.078	18.972
-5.099	-6.274	2.575	-7.580	-7.054	19.163
-7.816	-7.591	8.624	-5.266	-6.786	5.843
-4.811	-7.923	6.757	-9.946	-6.165	8.876
-6.220	-5.943	7.916	-7.206	-7.732	15.637
-6.259	-7.897	1.233	-7.750	-7.784	1.651
-5.050	-9.055	5.738	-6.224	-7.653	1.726
-7.358	-5.961	1.534	-5.708	-6.184	16.917
-7.848	-5.634	2.248	-6.300	-6.392	5.160
-7.085	-8.038	3.088	-7.625	-7.657	8.215
-8.744	-6.878	6.970	-6.798	-6.807	9.565
-6.648	-8.160	0.870	-5.426	-6.472	3.743
-7.947	-7.435	1.667	-6.716	-6.469	10.516
-7.897	-5.741	9.073	-6.534	-6.699	3.971
-7.376	-6.970	2.793	-6.531	-6.685	17.990
-9.466	-7.706	7.489	-6.274	-6.771	1.484
-4.702	-7.689	0.142	-5.670	-6.149	12.823
-8.105	-6.342	8.212	-8.622	-7.529	8.622
-5.349	-9.785	5.023	-7.563	-5.826	12.146
-7.234	-7.533	9.288	-5.437	-5.726	14.650
-7.934	-8.827	5.677	-7.855	-7.703	19.540
-7.059	-8.369	2.113	-9.121	-6.214	11.790
-7.013	-6.441	0.054	-8.673	-6.665	3.960
-6.716	-5.402	8.361	-7.749	-7.623	13.375
-6.932	-7.837	0.685	-6.119	-8.647	1.911
-6.878	-6.198	7.278	-8.317	-6.782	3.260
-7.922	-7.038	8.296	-5.526	-7.381	19.833
-6.158	-6.769	4.161	-5.217	-7.038	6.259
-5.512	-6.670	0.993	-6.781	-7.671	15.372
-7.561	-4.763	1.493	-6.056	-6.677	8.523
-6.988	-7.029	2.301	-7.380	-7.684	0.145
-8.569	-8.763	5.058	-7.255	-6.490	12.807
-7.446	-7.731	6.019	-7.003	-7.525	0.282
-6.640	-6.012	2.962	-6.204	-6.609	1.849
-6.814	-7.445	0.895	-6.442	-6.692	5.500
-5.831	-7.010	5.394	-5.522	-5.550	5.846
-6.281	-5.185	0.436	-6.017	-7.410	0.944
-6.572	-7.362	2.383	-7.031	-6.955	18.320
-8.207	-8.076	0.811	-7.198	-7.863	14.558
-6.461	-7.023	1.562	-7.733	-6.613	16.658
-8.958	-6.711	4.038	-7.921	-6.392	17.614
-6.622	-7.353	7.499	-6.692	-7.213	6.179
-8.604	-6.859	1.947	-6.937	-7.587	3.691
-7.031	-7.240	0.358	-8.037	-7.777	9.866
-7.381	-6.786	7.424	-8.091	-5.279	0.905
-9.463	-6.422	7.944	-7.116	-7.213	13.820
-5.177	-5.178	4.508	-7.153	-5.875	14.059
-7.034	-4.327	1.752	-7.251	-6.753	11.434
-5.786	-8.293	2.746	-6.473	-5.123	5.561
-7.649	-6.731	3.495	-8.345	-7.286	5.329
-6.598	-6.008	3.550	-7.516	-6.751	2.395
-9.257	-6.226	5.322	-5.612	-6.102	5.517
-6.812	-6.578	3.281	-6.597	-6.953	12.207
-5.933	-7.230	5.445	-6.364	-5.108	17.993
-5.964	-6.675	0.177	-6.488	-6.332	17.616
-6.585	-6.078	5.310	-6.187	-7.905	10.391
-7.447	-8.820	9.027	-9.124	-6.535	13.184
-7.046	-8.174	0.412	-4.716	-8.442	0.109
-7.446	-7.291	5.153	-6.907	-8.551	18.317
-7.681	-7.256	7.331	-8.735	-5.328	13.954
-6.475	-7.994	4.522	-4.832	-6.229	5.164
-6.742	-7.323	3.886	-7.102	-8.055	15.714
-7.228	-7.154	6.397	-6.242	-7.645	3.749
-7.167	-6.396	9.178	-5.347	-9.307	9.257
-5.661	-6.092	8.292	-6.555	-7.128	9.983
-8.711	-6.085	2.295	-6.708	-9.762	8.297
-5.844	-7.543	0.895	-6.176	-6.284	19.557
-7.334	-6.684	7.608	-9.057	-5.757	14.318
-8.406	-6.231	3.295	-7.521	-8.935	1.876
-5.255	-7.466	9.433	-7.238	-9.086	7.386
-7.142	-6.041	6.320	-9.651	-6.891	10.811
-7.564	-7.523	2.972	-6.715	-6.885	18.089
-7.345	-6.074	8.747	-7.603	-7.154	0.413
-5.588	-6.626	0.203	-7.567	-8.727	12.564
-5.828	-7.568	6.414	-6.243	-7.977	4.250
-8.185	-5.580	2.444	-7.335	-7.077	6.205
-6.555	-6.173	1.671	-6.906	-7.600	13.508
-4.070	-5.251	2.460	-6.978	-7.026	13.204
-8.045	-8.743	9.611	-5.816	-7.684	9.012
-8.427	-6.801	3.160	-7.476	-6.026	7.337
-7.149	-6.126	7.961	-6.529	-6.679	19.923
-6.891	-7.417	5.908	-6.880	-5.255	9.260
-8.427	-7.203	3.244	-9.285	-7.634	9.998
-6.979	-6.063	7.953	-7.491	-7.461	7.015
-6.946	-8.793	7.419	-5.917	-7.021	1.085
-6.208	-6.839	6.639	-5.734	-6.379	17.626
-7.063	-5.366	0.481	-7.105	-8.426	7.838
-6.153	-8.014	9.616	-6.749	-6.436	12.943
-7.686	-7.816	0.509	-6.439	-6.552	3.021
-9.118	-8.522	8.450	-7.185	-7.761	5.692
-6.484	-5.638	8.500	-8.536	-5.282	3.051
-7.521	-6.591	7.674	-7.037	-5.592	2.495
-8.068	-6.471	4.664	-8.068	-6.841	12.281
-6.026	-5.484	5.084	-6.915	-5.531	2.125
-4.576	-6.783	3.807	-8.348	-7.288	3.547
-7.458	-7.924	4.916	-5.471	-5.926	1.720
-5.401	-7.252	6.798	-6.889	-6.221	15.582
-7.554	-7.948	3.109	-8.828	-5.833	11.851
-5.503	-7.370	2.940	-5.378	-7.489	18.536
-6.202	-7.899	3.644	-6.238	-6.743	9.623
-6.191	-6.416	7.725	-7.540	-6.647	4.019
-6.951	-6.703	0.304	-6.769	-8.798	12.602
-6.464	-7.893	0.538	-5.233	-7.155	10.348
-7.237	-7.970	9.808	-6.681	-7.587	12.199
-7.300	-7.664	6.749	-7.355	-9.561	3.843
-8.053	-7.629	3.872	-5.435	-4.894	0.289
-5.163	-7.462	1.397	-7.065	-6.431	19.658
-6.435	-6.353	5.087	-4.668	-5.631	6.894
-6.920	-6.958	7.885	-9.067	-5.898	0.518
-7.381	-5.026	4.938	-5.940	-5.683	8.613
-7.954	-8.927	4.959	-6.845	-6.228	4.024
-7.160	-7.224	3.768	-7.621	-7.530	9.509
-8.656	-5.464	3.364	-7.630	-6.974	16.787
-6.610	-7.441	3.671	-9.373	-6.089	13.591
-8.526	-6.159	1.635	-6.805	-4.757	0.477
-7.489	-6.599	9.169	-8.007	-5.528	2.466
-7.578	-6.871	9.906	-6.648	-6.698	1.010
-5.949	-7.539	9.213	-7.281	-7.009	10.179
-5.705	-6.935	9.212	-7.432	-6.361	2.289
-4.845	-7.404	3.736	-6.485	-7.306	5.179
-7.210	-7.248	3.501	-5.736	-7.798	4.961
-7.903	-6.034	3.192	-7.540	-7.563	1.821
-5.653	-6.903	4.352	-6.353	-5.674	3.244
-7.179	-7.448	8.840	-7.268	-7.335	13.489
-7.715	-7.531	7.930	-4.067	-7.780	7.835
-7.612	-8.383	9.666	-7.716	-5.721	7.226
-7.001	-5.357	3.770	-6.838	-7.230	14.890
-6.675	-6.374	6.229	-8.349	-7.305	16.667
-6.154	-8.469	5.205	-6.384	-8.041	17.214
-5.973	-7.079	2.530	-8.544	-6.604	11.692
-7.535	-6.936	1.684	-7.503	-6.937	18.399
-8.341	-5.638	2.836	-7.136	-8.176	7.340
-7.346	-6.077	4.302	-8.023	-5.983	11.701
-6.842	-4.941	0.133	-4.214	-7.421	5.705
-8.257	-6.336	3.620	-4.881	-6.665	11.110
-6.630	-7.406	3.759	-6.977	-7.652	8.539
-7.701	-6.541	3.015	-6.561	-8.588	13.209
-5.212	-6.950	7.297	-7.023	-5.670	12.385
-7.007	-6.666	4.092	-6.032	-5.922	10.179
-8.012	-4.739	2.834	-5.986	-7.130	18.015
-7.049	-9.113	1.200	-7.343	-7.434	5.348
-6.011	-7.556	6.303	-7.054	-7.464	15.317
-7.003	-4.934	5.264	-9.049	-6.729	8.325
-6.048	-6.529	1.151	-7.025	-8.248	19.446
-6.007	-5.828	2.366	-6.310	-7.925	2.347
-5.511	-7.894	9.001	-7.071	-7.132	4.810
-6.656	-9.098	0.869	-8.465	-6.552	9.017
-7.363	-6.803	4.658	-7.476	-6.274	4.286
-6.233	-6.575	9.568	-7.735	-9.446	12.552
-6.377	-8.371	8.806	-8.144	-4.950	11.136
-7.097	-7.513	4.397	-5.797	-7.200	18.049
-4.550	-7.274	9.635	-5.821	-8.263	14.052
-7.693	-7.255	8.047	-6.441	-5.397	19.482
-6.499	-6.726	2.652	-5.979	-5.926	3.492
-5.935	-6.811	5.342	-7.584	-5.128	4.435
-8.087	-7.001	9.987	-7.691	-8.857	11.703
-6.704	-5.370	9.808	-8.745	-5.017	12.143
-7.254	-8.382	8.479	-7.027	-8.064	8.901
-8.652	-7.828	1.153	-7.397	-7.310	11.062
-7.282	-6.251	2.547	-8.282	-7.176	16.925
-8.473	-7.015	6.684	-7.294	-6.167	12.615
-7.207	-7.231	7.538	-7.758	-8.315	17.133
-5.950	-8.106	9.527	-5.486	-7.980	19.532
-6.901	-6.044	8.647	-6.770	-5.974	7.008
-5.716	-8.546	2.945	-7.763	-6.072	2.857
-6.375	-9.037	8.705	-7.111	-8.926	5.487
-7.542	-6.667	4.910	-5.784	-7.546	1.583
-7.940	-8.519	2.524	-6.748	-7.328	16.638
-8.232	-7.485	7.623	-7.367	-6.976	19.311
-6.455	-7.320	2.273	-7.088	-5.951	19.350
-6.811	-5.361	1.652	-5.408	-7.775	7.087
-7.641	-6.342	4.142	-7.218	-8.411	6.594
-8.251	-6.529	4.633	-6.457	-7.012	0.559
