-0.433	6.221	-1.112	0.070	2.040	-0.250	2.659	7.198
0.015	17.602	-0.562	-0.005	-1.221	-0.107	0.500	5.751
0.562	11.628	-1.108	0.263	-0.440	-1.054	-0.518	5.484
-1.100	15.529	0.919	-0.143	0.404	0.010	-0.519	2.241
-1.405	16.325	-2.132	-1.517	0.267	-0.068	1.305	8.093
0.025	16.332	-0.999	0.134	1.009	-1.390	-0.903	7.766
1.376	18.470	-1.002	-0.943	0.631	0.808	-0.580	7.308
-0.481	15.793	-1.882	-0.154	0.307	0.749	0.988	7.958
-1.410	5.488	0.518	0.638	0.989	1.201	-0.561	0.344
-0.914	12.412	-0.749	0.380	-0.719	0.143	-0.289	9.352
-0.137	17.929	-0.036	0.065	0.209	-1.571	-0.971	1.047
-2.019	11.060	-0.696	0.899	0.570	0.656	-0.861	5.636
0.297	12.840	-0.267	0.123	-0.212	-1.016	1.763	0.253
-1.091	6.197	-1.737	-1.130	0.939	0.646	0.546	1.147
-0.026	11.137	0.274	-0.495	1.304	-0.159	-0.972	7.800
-0.087	4.518	2.208	-0.116	-1.805	-0.782	1.102	4.556
0.369	11.345	-0.421	1.145	1.526	-0.994	-0.070	5.914
0.600	11.611	0.171	0.161	0.009	3.195	-0.442	7.042
2.368	1.709	0.949	-0.583	-1.087	-0.800	1.666	9.233
1.183	14.611	-1.708	0.304	-1.313	-0.840	1.692	8.886
-0.116	18.991	-0.585	-0.189	-0.773	-1.329	-0.130	3.017
0.038	10.671	-0.692	0.748	-1.455	0.903	1.608	0.965
-0.734	10.997	0.375	-0.715	-0.909	0.442	1.480	4.334
0.261	18.460	0.140	0.429	1.383	-1.298	-0.592	4.541
-0.004	0.105	-0.584	1.268	-0.390	-0.449	0.456	6.877
1.910	0.884	-1.085	-0.944	0.537	-0.590	-1.149	6.985
1.926	6.524	0.949	-0.578	0.945	0.009	0.917	6.778
0.429	17.012	0.975	1.724	-0.886	-0.677	-0.286	7.848
-1.254	14.211	-0.176	-1.191	2.260	-1.259	-0.076	5.561
-0.343	6.680	1.434	0.675	0.505	1.473	0.336	9.673
0.336	4.727	1.874	-0.011	-0.723	2.019	-0.923	4.773
-0.149	13.555	0.780	-0.916	0.950	-0.075	0.853	3.112
0.609	6.738	0.187	0.443	0.302	-0.305	0.825	0.733
0.738	6.605	1.379	-1.083	0.468	0.475	-0.338	4.226
2.627	9.481	-1.281	1.055	0.876	-0.380	0.016	3.510
0.025	12.109	-1.569	1.477	1.095	1.145	0.162	6.883
-1.953	15.104	-0.684	-0.389	-0.287	1.453	-0.522	9.538
0.849	0.904	2.427	0.237	0.353	0.759	-1.147	9.773
1.302	10.038	-2.064	-0.806	-1.082	0.193	-1.500	7.558
0.462	4.321	-0.059	0.193	-1.179	-1.493	1.674	6.947
0.550	1.671	-0.375	0.507	2.601	-1.251	1.304	2.784
0.664	14.973	0.257	0.215	0.284	0.296	0.015	4.568
2.293	9.255	0.207	-2.055	2.713	1.830	1.119	5.771
-0.653	16.323	0.915	-0.129	-1.248	0.400	0.240	4.384
-0.975	5.252	0.173	0.527	-0.009	-0.367	-1.359	8.691
1.992	11.658	-0.265	1.331	0.603	0.939	-1.286	8.307
-0.577	17.518	-0.153	-0.114	-1.239	0.257	-1.410	1.637
0.265	5.075	-0.359	0.076	-0.494	-0.247	1.322	7.785
0.407	12.858	-1.930	-0.188	0.004	-2.210	1.145	7.171
0.366	7.508	-0.505	-0.761	-0.048	0.540	-0.746	8.965
-1.632	1.617	-0.657	-1.074	-0.926	0.468	0.891	5.893
-0.849	18.221	-2.412	1.895	-0.536	0.878	-0.931	7.552
0.906	5.087	1.529	-0.486	-0.748	-0.454	1.523	1.775
0.485	9.784	1.271	-0.223	0.467	1.308	-1.353	0.804
-0.784	9.989	-0.249	-1.393	-1.332	-1.075	-0.399	1.696
0.815	16.366	-0.089	-1.323	0.198	-1.237	0.647	2.463
0.501	2.457	-0.836	-0.005	-0.670	0.624	2.556	5.243
-0.988	15.457	1.387	-0.129	0.711	-0.091	-0.329	7.586
0.633	10.891	0.146	-0.053	-0.212	0.757	-0.086	4.793
0.598	15.112	1.554	-0.277	0.432	0.878	0.044	4.500
-0.066	9.462	-1.601	0.911	0.772	-0.014	-0.957	7.020
0.779	11.319	-0.238	0.321	-0.058	-0.989	-0.812	3.836
-0.047	18.196	-0.385	1.993	-1.255	-0.001	0.111	3.988
0.183	4.232	0.632	0.744	-0.760	-0.513	-0.043	9.725
-0.202	19.200	-0.572	0.382	-0.359	-0.534	1.028	2.804
-0.806	1.890	0.677	-1.292	2.013	1.385	0.035	6.933
0.977	12.400	-0.986	-2.107	-2.110	0.452	0.874	3.251
-1.122	13.071	1.953	0.809	1.539	-0.227	-0.600	1.600
0.022	16.153	-0.183	0.225	0.152	-0.041	-1.119	8.481
1.317	19.362	0.840	1.138	-0.911	2.064	2.419	8.047
-0.621	12.234	1.378	0.440	1.432	1.493	-1.658	0.757
-0.975	16.095	-0.010	0.251	-0.791	-0.258	1.894	3.863
0.031	12.986	0.731	0.749	-0.033	0.958	1.137	2.656
-1.140	18.463	1.415	-2.337	1.144	0.124	-0.332	6.500
-0.299	0.837	-0.122	1.503	1.162	-0.425	1.005	4.313
2.560	0.215	-1.040	-0.216	-0.104	2.359	-0.554	0.381
0.112	18.604	-1.880	0.868	0.233	1.143	-1.896	1.183
-0.219	8.076	0.356	1.539	-0.419	0.803	0.214	4.883
1.247	7.859	1.197	-0.286	-2.405	1.219	0.887	7.308
0.430	16.352	-0.751	0.702	1.584	0.915	-0.100	3.156
0.699	9.365	0.506	-0.814	-1.499	-0.636	-0.951	5.050
-0.724	17.215	-1.019	-0.297	-0.184	-0.061	-1.074	0.273
0.639	9.489	-0.214	0.417	0.881	-1.049	0.211	5.546
-3.681	7.980	0.144	1.232	0.426	1.389	0.523	1.359
1.113	8.699	-1.556	0.614	-0.246	-2.145	-1.089	4.140
1.196	15.919	-1.056	-0.910	2.112	0.945	0.357	6.423
0.013	9.562	-0.132	0.154	0.384	1.252	0.693	5.727
-0.149	2.932	0.227	-0.420	1.034	-0.698	-0.272	9.871
0.921	6.233	1.092	-0.297	-0.027	-1.568	0.973	2.150
0.344	14.102	2.832	0.916	0.892	-0.023	1.335	7.530
-1.664	0.938	0.005	-0.342	0.955	0.898	0.530	1.257
1.043	15.508	2.314	-0.442	0.565	0.084	-0.194	7.040
0.250	4.325	0.493	-0.824	1.143	-0.248	0.270	0.271
0.796	1.605	1.631	-0.084	0.818	-0.442	-1.087	4.679
0.715	16.353	-0.730	0.319	-0.706	-0.541	-0.544	9.555
-0.916	14.680	0.191	1.827	-3.498	-0.807	-1.712	0.533
-0.152	10.623	0.247	-1.003	-1.129	-0.577	-1.181	9.649
0.910	5.660	-0.518	1.991	-1.220	1.017	1.645	9.761
-0.290	11.830	-0.731	0.125	-0.955	0.927	0.056	6.915
-0.193	10.080	1.541	-0.065	1.057	-1.753	-1.118	8.777
0.064	1.337	4.069	-0.757	-0.409	1.034	1.473	4.716
0.768	9.951	1.663	0.061	1.683	1.138	-1.307	9.261
0.508	17.518	-0.341	-0.285	-0.024	-0.169	0.169	8.899
-1.288	4.508	-1.224	0.236	0.336	-1.216	-0.774	5.699
-0.193	18.711	0.121	-0.075	0.098	1.869	0.530	3.865
1.494	4.863	-0.613	1.772	1.778	-0.594	0.648	5.427
-1.080	0.985	-0.693	-0.577	1.812	0.509	0.080	4.575
-0.443	8.140	0.001	-2.070	-0.482	-1.416	-1.216	8.405
-1.165	12.388	0.816	0.756	0.040	-0.272	0.285	3.823
0.803	16.586	0.802	0.474	1.069	0.347	-0.459	4.711
-1.603	15.394	-0.484	2.413	0.485	0.441	-1.018	2.384
0.222	17.946	0.159	-0.973	0.355	-1.026	-0.769	5.008
0.175	13.146	-1.480	0.512	0.483	2.073	-1.142	0.229
1.110	16.058	0.541	0.502	1.237	0.400	0.679	2.874
0.470	6.163	-0.773	0.617	0.333	-0.519	1.557	0.477
-0.583	0.558	0.722	-0.924	0.700	0.077	0.007	5.222
-0.400	3.887	1.521	0.068	1.554	0.039	1.610	6.953
-1.662	7.622	1.005	-0.526	1.430	-0.478	1.615	5.337
0.846	4.586	-0.896	2.858	-0.114	-0.321	1.084	9.274
-0.446	19.188	-0.028	-0.252	1.581	0.463	-1.085	1.245
-1.052	10.487	-0.764	-1.998	-0.349	-1.075	-1.492	6.584
-1.169	1.357	-1.818	-0.083	-0.160	1.193	-0.464	2.431
-0.798	7.551	0.214	1.893	0.837	0.328	-1.402	9.927
-0.051	7.452	0.594	-0.614	1.487	0.272	-0.657	0.250
-0.318	11.539	-0.750	-1.434	1.672	-0.356	0.368	2.422
0.515	1.547	1.259	-0.200	-0.722	0.429	0.418	3.106
0.243	16.588	1.646	-1.256	-0.051	1.749	-0.687	2.094
-0.460	10.666	-1.473	1.485	-0.883	1.356	1.584	5.782
0.370	19.047	1.268	-2.353	-1.350	0.334	1.164	7.298
-1.786	1.286	1.175	-1.572	0.767	-0.403	-0.374	2.720
-0.292	4.629	-0.851	1.666	0.045	-0.057	-0.117	3.207
-0.178	3.349	-2.428	1.026	0.920	0.609	-0.994	2.088
-0.255	6.395	-0.548	0.409	0.114	1.330	-0.043	0.463
-0.843	14.929	1.146	1.888	0.354	-1.174	-1.542	1.645
0.248	3.179	0.418	-0.570	-0.453	-1.351	-0.303	9.988
0.118	7.847	-0.638	-0.659	0.402	0.583	-0.907	2.859
1.406	6.630	0.574	-0.734	-1.765	-1.054	-0.401	8.484
-0.175	3.303	-0.454	1.761	0.765	-1.845	-0.265	7.802
-0.590	6.224	-0.613	0.737	0.610	-1.450	-0.352	6.703
2.466	17.225	1.864	3.123	0.463	0.982	0.151	4.155
0.890	14.935	-0.361	-1.143	1.105	0.256	-0.017	3.939
-0.136	14.219	0.141	-2.678	-0.728	-1.605	-0.055	3.789
-0.348	12.819	0.095	2.169	-1.351	0.237	0.787	7.336
0.418	12.441	1.171	1.897	0.212	-0.880	0.196	2.734
-3.321	12.325	-0.825	-0.647	-0.376	-0.760	1.025	5.690
-0.659	6.384	0.824	-0.699	0.513	-1.816	0.632	8.670
0.295	13.675	-0.619	0.287	1.667	0.164	-1.291	1.726
0.157	18.125	-0.527	-0.458	-1.453	-1.679	0.917	6.368
-0.452	4.382	1.454	-0.894	0.108	0.038	-1.110	3.411
1.775	19.013	2.158	-0.871	0.747	0.838	0.089	0.138
0.863	2.610	-0.116	1.870	1.477	-0.881	-0.232	0.447
-0.753	15.935	-0.088	0.915	-0.126	-0.712	1.576	1.892
-0.256	8.681	-1.063	-1.600	-0.888	-0.329	-0.824	5.857
1.305	13.827	-2.453	1.716	0.576	0.751	-0.130	1.046
1.082	10.495	-1.053	-0.123	-2.322	0.250	-0.498	3.770
1.083	15.121	1.061	0.729	0.584	-1.475	-0.536	9.591
1.242	4.990	-1.271	0.824	0.391	-0.905	-0.056	4.162
-1.842	9.706	-0.419	0.871	0.230	-0.274	0.771	3.312
0.736	7.399	-0.456	0.011	0.823	0.715	1.275	2.637
0.943	2.305	-0.117	1.989	0.520	1.497	-0.785	6.502
0.333	12.509	-1.363	0.125	-0.747	-1.147	-0.526	5.379
-0.436	12.145	-0.281	0.248	-0.829	-0.208	1.256	9.167
0.410	11.753	-0.084	0.408	0.229	-0.178	0.111	4.412
-1.540	7.873	-1.516	-0.005	-0.697	-0.027	-1.693	7.446
1.825	12.446	0.182	-0.102	0.908	0.676	-0.745	3.490
-0.668	19.498	-1.330	0.543	-1.745	-0.510	1.069	0.052
-0.810	9.784	-1.424	0.694	0.735	-0.099	0.126	0.017
0.672	13.229	-0.384	1.081	0.830	-0.526	-0.712	9.298
0.545	13.449	-0.188	-0.047	-1.203	0.663	0.676	9.915
0.318	18.432	0.305	-0.548	1.913	1.442	0.032	7.735
0.371	2.812	0.662	-1.823	-0.916	-0.864	0.158	1.434
1.310	14.693	0.412	1.539	0.624	0.905	0.727	9.056
0.125	7.417	0.001	0.162	-0.106	1.378	-1.060	0.349
-1.921	17.342	-0.065	-0.921	-0.283	-0.276	-0.469	3.326
1.125	7.102	-0.507	2.183	-1.715	0.450	-1.534	5.570
1.464	12.743	0.338	0.532	-0.122	-0.447	0.620	1.156
0.439	4.589	-0.724	0.977	1.870	-1.064	-0.139	0.683
-0.441	8.363	0.452	0.342	0.672	0.486	-1.406	5.920
0.851	6.615	1.868	-0.013	-1.347	0.502	-2.548	2.312
-0.455	7.617	0.743	-0.222	-1.012	0.693	0.820	3.327
-0.103	5.395	0.938	0.097	1.296	-0.762	-1.938	0.974
0.579	7.786	1.753	-0.200	-0.165	-0.686	1.310	7.489
-0.333	16.657	-0.600	0.717	0.788	0.895	1.710	8.316
1.652	1.754	0.277	-0.561	0.012	-1.613	-0.391	0.073
1.046	5.800	-0.090	1.503	2.559	-0.461	1.270	8.007
-0.604	3.691	-0.640	-0.249	1.507	0.023	1.907	1.124
1.495	14.002	1.233	-0.245	0.080	0.735	-0.566	4.895
0.214	18.714	0.053	-1.080	-0.665	0.962	-0.529	0.118
-1.418	6.397	-0.521	1.111	0.417	-0.313	0.205	1.592
0.443	12.243	-0.705	-0.971	-1.766	0.174	0.609	1.902
0.601	17.732	1.287	-0.589	-0.874	1.774	1.580	7.316
-0.818	4.209	0.387	1.052	0.375	1.292	-1.044	1.081
1.426	1.628	0.596	-0.108	-0.033	-1.443	0.913	4.741
-0.127	19.885	-0.577	0.256	-0.257	0.339	0.148	3.325
-1.351	1.209	0.393	0.714	2.418	-0.099	-2.690	8.985
1.127	11.421	1.305	1.062	-0.432	-1.620	-0.978	3.136
-0.904	2.002	-1.627	-2.609	-1.423	0.475	-0.911	1.901
-0.555	17.044	1.412	-2.886	0.103	-0.113	-1.571	8.758
-1.563	0.120	-0.120	0.085	0.245	-1.783	-0.606	2.045
1.483	9.404	0.188	-0.045	0.083	0.079	0.085	4.431
0.941	0.608	0.848	1.049	0.168	-1.060	-1.548	4.085
-1.803	0.529	1.695	0.079	0.210	-1.020	0.207	1.179
0.828	18.537	0.029	-0.900	1.000	1.687	-0.655	7.632
0.957	15.620	-0.348	-1.337	-0.905	-1.359	-1.275	1.225
0.005	17.305	0.526	0.195	-1.557	0.030	-1.524	9.891
-0.767	5.994	-0.876	-1.047	-0.861	0.502	-1.425	2.531
-0.503	6.460	0.508	-1.403	-0.633	-0.497	0.129	6.627
2.147	14.374	0.325	0.632	0.015	0.324	0.555	4.341
0.649	14.075	1.501	-0.448	0.977	0.422	0.185	5.456
2.019	13.032	0.584	0.180	0.814	-1.109	-0.576	0.552
1.383	15.184	0.738	-1.606	-1.053	-0.081	-1.410	2.420
0.611	9.263	1.340	-0.033	-0.908	-0.441	0.824	7.947
0.556	7.894	0.944	0.802	0.164	1.228	-1.059	2.481
0.095	10.689	-0.528	-0.783	0.315	-0.453	0.764	7.611
0.364	7.809	0.608	-1.233	-0.690	-0.987	0.061	5.924
0.432	15.872	0.735	0.159	1.055	2.012	1.529	4.517
0.006	11.842	-0.913	0.943	-1.641	0.087	1.154	1.452
0.023	15.437	0.987	-0.241	-0.032	1.565	0.631	9.853
1.489	19.773	0.024	0.114	1.529	1.181	0.848	6.515
0.436	19.927	-0.541	0.179	1.439	0.004	-1.685	7.387
0.971	3.802	-0.072	-0.766	-0.334	-1.128	0.425	8.040
-1.149	5.341	0.310	0.552	0.424	0.889	-0.065	7.744
-0.214	10.932	-0.605	1.586	0.760	-0.485	-0.488	6.536
-1.030	12.088	0.131	0.762	-0.901	1.405	-2.103	6.097
-1.063	7.402	-2.993	-0.672	1.601	-0.011	-1.041	0.134
-0.548	19.984	-0.870	1.634	-0.542	-2.217	2.123	6.724
1.407	4.625	0.461	0.082	-0.398	1.216	-0.729	9.778
1.409	8.529	1.301	-0.096	1.842	-0.257	-1.049	8.297
-0.753	0.540	0.831	-0.935	0.322	-0.300	2.396	2.415
0.184	11.023	-0.180	1.012	-0.186	-0.582	0.567	8.900
-0.033	11.432	0.124	-0.432	0.269	-0.335	-0.632	5.362
-0.366	15.078	0.071	-1.969	1.383	-0.393	0.728	3.454
0.878	4.681	-0.575	0.815	1.952	0.668	0.193	6.172
0.021	15.043	-0.699	0.593	1.274	2.398	0.697	9.124
1.444	14.421	0.552	-0.412	1.798	0.762	1.662	1.641
0.064	4.781	0.465	0.403	1.845	0.347	-1.606	6.523
-0.588	15.927	-0.633	0.875	-0.209	-0.004	2.123	1.812
-0.603	10.925	0.806	1.574	-0.144	0.530	0.321	3.132
1.633	6.444	0.610	1.158	0.239	2.218	1.796	8.926
-0.136	5.024	0.624	0.863	0.289	0.518	0.061	9.290
-0.092	9.069	-0.803	0.525	-0.993	-0.581	0.574	3.196
0.289	13.380	-1.312	1.218	-0.047	0.078	-1.668	6.194
0.165	9.861	-0.565	-0.429	0.631	-0.887	-0.858	7.306
0.005	9.300	0.709	-0.914	-0.836	0.059	-1.155	8.751
0.329	17.513	1.245	0.847	-0.567	-0.600	-1.659	5.069
0.166	19.185	0.130	1.136	-0.077	0.219	0.267	2.656
-0.162	10.124	-0.516	-1.151	-1.901	0.490	0.761	1.961
-0.441	7.093	-2.789	-0.780	-1.294	0.476	1.999	2.803
-0.405	19.421	-0.388	0.448	-0.260	0.167	1.126	3.883
-0.850	8.591	-1.298	-0.378	0.128	0.291	1.302	9.949
0.218	16.701	1.883	1.123	0.166	-1.264	1.727	5.805
0.064	6.743	2.280	-0.142	1.104	0.476	0.343	9.092
-0.067	18.422	-0.009	-0.951	1.214	0.442	0.940	9.833
0.690	19.480	-0.920	0.647	-0.634	-1.415	2.180	2.101
-0.071	16.284	0.262	2.682	-0.383	1.709	-2.038	1.471
0.270	18.931	-0.987	1.489	0.966	0.174	1.781	6.699
-0.789	4.727	-0.566	1.944	-1.712	-1.355	1.526	5.448
-1.156	18.951	1.513	-0.350	-0.084	1.032	0.066	6.548
-0.206	10.594	1.558	-1.831	0.707	1.587	-1.237	3.479
0.547	18.993	-0.781	0.333	0.423	-0.783	-0.599	6.471
-0.062	3.558	-1.004	-0.260	-0.237	-0.045	0.939	6.329
-0.153	11.805	-0.397	0.432	0.230	-1.210	2.448	3.543
1.152	9.291	2.125	-1.219	0.444	-1.425	0.656	9.398
0.952	17.914	0.962	-0.385	0.260	0.018	1.213	3.885
0.195	17.670	-0.422	0.349	0.231	-1.689	-2.009	8.126
0.085	12.739	-1.370	-0.238	0.818	0.712	0.038	9.988
-0.219	3.800	0.315	0.502	-0.702	1.368	0.645	3.754
-1.099	14.373	-0.047	1.026	0.827	-0.198	0.078	5.934
-0.321	11.120	3.395	-2.261	1.176	0.951	0.358	6.628
0.744	4.329	0.514	0.700	0.612	-0.030	1.422	6.368
-0.796	5.287	2.114	-0.570	0.544	0.713	0.741	7.756
-2.252	4.490	0.359	0.438	0.793	-1.505	1.248	5.746
-0.648	2.822	1.415	-1.622	-0.594	-0.043	0.287	2.975
-1.209	9.189	1.376	0.106	1.087	0.118	0.030	3.510
-0.064	0.289	-0.604	-0.497	0.015	1.413	-0.304	2.397
0.003	4.798	0.514	-0.926	-1.470	0.083	-0.342	2.889
-0.764	4.859	-0.344	1.637	0.218	0.745	1.567	4.776
0.583	5.924	0.277	0.055	0.763	0.234	-0.560	4.662
-1.220	7.955	-0.224	-0.968	-1.641	-0.736	0.167	9.079
-0.901	11.222	0.246	1.611	-0.330	0.709	-1.180	0.234
0.195	12.800	1.302	0.957	1.893	0.122	0.003	9.576
-0.130	4.895	-0.590	1.531	-0.273	0.101	-0.657	8.202
0.252	9.833	-0.433	0.528	1.149	0.490	-1.278	8.417
1.169	13.015	-1.937	-0.158	-0.795	-0.304	-0.823	5.193
-0.250	12.013	-1.700	0.766	0.092	-0.107	0.326	2.238
2.894	7.517	1.837	-1.240	-0.196	0.080	0.981	7.517
-0.505	0.737	-0.226	0.999	-0.471	-0.918	1.300	9.558
-1.300	18.160	-1.910	-0.095	1.539	1.596	0.547	0.959
0.297	14.051	-0.516	-1.253	0.846	-1.052	0.384	4.241
1.116	8.904	0.196	1.344	-0.279	-0.929	-1.569	3.975
0.124	15.341	-2.758	-0.075	-0.718	0.256	0.328	6.045
-0.138	3.485	0.045	1.020	-0.566	-1.146	-0.330	5.131
0.165	17.490	-1.822	-0.276	-0.347	0.233	1.405	8.394
0.077	3.700	-0.188	2.138	-0.499	0.374	0.455	2.178
-1.047	5.670	-1.335	1.161	2.035	0.942	0.552	7.503
-0.826	1.357	-1.274	1.767	-0.018	0.392	-0.857	5.448
0.354	9.757	-0.343	-0.184	0.216	-0.373	-0.181	3.515
1.410	3.121	-0.465	0.157	0.851	1.699	-0.351	7.235
-1.427	17.053	2.178	0.596	1.614	-0.870	0.770	1.041
1.061	18.392	-1.349	0.284	-1.528	-0.803	-1.308	9.817
-0.185	10.981	0.598	0.076	-0.347	1.290	-1.374	4.181
-1.319	17.896	0.429	1.763	0.306	0.077	-0.270	2.393
0.230	5.562	-2.235	-0.093	1.196	1.581	2.555	2.484
1.794	10.424	-0.391	-0.025	-0.548	1.368	0.552	8.449
0.540	10.170	0.635	0.569	-0.691	0.526	2.366	1.916
-1.329	16.130	1.544	0.661	2.985	1.610	0.080	9.281
-0.726	7.657	0.036	0.677	1.065	1.564	1.465	5.600
1.189	18.223	0.152	0.648	0.079	-1.374	1.689	1.733
0.211	8.632	0.569	-0.308	1.702	0.622	-1.004	1.691
0.169	14.461	-0.695	-0.331	-0.379	-0.511	-0.690	3.073
-0.546	2.525	-1.381	0.888	-1.420	-1.450	-1.048	8.482
-0.622	17.693	0.671	-1.230	-2.073	-0.213	0.548	1.839
0.351	14.814	0.172	-0.493	0.316	1.452	0.428	2.851
-0.966	8.481	-0.039	-0.939	-0.242	-0.583	1.127	4.685
-1.242	1.838	0.615	-0.347	0.794	0.053	-0.288	0.906
0.354	9.532	0.804	-1.073	0.599	0.964	0.547	4.726
-0.493	12.503	1.594	1.578	0.795	0.559	-1.355	8.576
1.436	13.018	0.178	-0.666	1.895	0.406	1.348	4.568
0.851	3.549	0.133	-0.516	-1.285	-0.928	-0.354	9.918
0.951	1.231	-0.780	-1.568	0.839	1.086	0.318	5.886
0.125	1.567	-1.615	-0.266	-0.904	1.328	-0.772	0.327
0.927	16.388	-1.375	-0.183	-0.156	0.482	1.155	1.298
1.880	2.621	0.790	2.032	1.414	0.421	1.482	4.080
1.477	16.801	-0.815	1.319	1.125	-0.019	0.087	9.710
-1.555	19.524	-0.060	-1.213	0.449	0.367	0.660	7.232
-0.001	19.854	0.328	0.290	0.826	-1.744	-1.607	3.668
-0.969	0.900	1.197	-0.460	1.901	-0.585	0.508	6.560
-0.817	16.572	-0.156	-1.204	-2.602	0.746	0.397	9.839
1.050	9.406	-0.657	-0.303	1.120	-0.467	1.427	0.526
0.887	11.623	1.113	0.994	-0.333	-1.935	-1.004	2.324
-0.096	0.697	0.260	-0.402	-1.207	0.736	-1.015	0.058
0.144	3.110	-0.553	0.107	1.499	0.768	0.757	3.717
0.579	3.656	-1.251	-0.457	-0.559	-0.284	0.081	6.150
-0.496	4.546	-0.037	-0.846	-0.465	-0.355	-0.523	2.203
1.589	5.659	-0.458	-0.194	-0.114	0.726	0.718	1.308
1.647	1.403	-2.016	1.895	-0.248	-1.028	-0.795	6.078
1.140	19.263	-0.129	-1.785	0.586	-0.441	0.542	1.865
-1.232	13.135	-0.238	-0.111	-1.522	0.788	0.131	7.544
0.800	19.162	-0.139	0.405	-1.427	-0.452	1.282	2.404
1.440	16.611	-0.163	-0.989	-1.351	0.376	-1.418	4.624
-0.787	3.535	0.809	0.600	-0.917	-1.449	0.902	3.433
0.416	10.435	1.239	-1.264	-1.159	-0.165	-1.030	8.512
2.679	2.107	0.402	1.284	-0.642	1.227	0.661	8.532
-1.099	2.404	-0.317	0.451	1.926	-0.072	0.996	0.980
-2.528	12.566	-0.261	0.465	-0.156	0.602	-0.105	7.490
0.437	0.581	0.438	0.483	-0.392	1.240	0.104	3.654
0.459	5.663	0.601	-1.342	1.740	0.747	1.167	9.344
0.263	5.864	1.038	1.087	-0.560	-0.787	1.177	3.920
0.671	6.711	-0.851	-0.625	0.934	-0.714	-1.593	3.349
0.883	0.734	0.356	0.630	-0.583	1.290	-0.539	1.305
1.258	13.825	0.128	-1.765	2.376	-0.007	-0.693	2.214
-0.010	17.040	0.523	0.580	1.617	0.948	-1.285	2.293
0.577	15.079	-0.972	-1.613	0.783	-0.002	-0.130	9.442
-0.542	16.900	-0.578	0.356	-0.770	-0.373	1.843	3.901
-0.824	2.947	1.870	-0.795	1.456	1.982	0.671	7.347
0.177	7.108	-0.131	1.691	-0.124	0.333	-0.563	1.760
2.481	13.082	0.527	0.285	-0.120	-1.337	-1.189	9.487
-1.424	13.496	1.061	0.616	-0.309	-0.779	1.409	5.624
0.874	14.098	0.744	-0.301	-0.206	0.492	0.659	8.572
-1.367	19.446	0.611	-0.220	0.316	-0.544	-0.697	0.773
1.463	0.107	-0.166	0.937	-0.005	-0.618	2.004	1.970
-0.840	6.030	-0.363	-0.765	-0.741	-1.128	1.460	5.846
1.288	16.555	-0.482	-0.263	0.782	-0.345	-0.572	0.521
-1.171	13.296	0.393	-0.115	0.550	0.595	0.896	1.252
-1.227	2.851	-0.293	0.407	-0.889	-0.323	-1.560	5.270
2.448	3.143	-0.868	-0.896	-0.205	0.566	-1.086	3.162
-1.505	15.726	1.134	0.478	0.658	-1.036	0.319	3.973
0.478	8.360	1.228	0.982	0.216	-0.869	-1.586	6.311
-1.565	17.825	-1.524	0.754	0.592	-1.320	-0.216	4.795
-0.623	15.866	-0.147	-1.069	-0.240	0.013	0.289	8.719
-0.912	12.049	1.564	0.389	0.377	2.261	0.236	4.753
0.549	7.510	-0.620	0.728	0.968	0.578	0.624	2.005
2.071	9.145	0.703	-0.858	-0.233	-1.473	-2.586	0.607
1.501	2.130	0.323	0.937	-0.455	1.250	-0.162	5.712
-2.066	7.292	-0.506	-0.232	-0.182	0.103	-0.358	9.866
-0.362	4.954	-0.613	-1.235	0.042	-1.414	0.712	4.810
-1.678	6.757	0.547	1.066	-0.850	0.035	0.878	9.063
0.266	11.403	-0.490	0.446	1.768	-0.583	3.657	1.632
0.406	13.813	-2.025	-0.773	0.259	0.427	1.406	9.925
0.670	2.824	0.585	0.332	0.361	-2.478	0.061	9.844
0.345	17.634	0.056	-0.263	0.351	-0.420	0.321	0.748
0.725	1.368	0.656	-0.698	-0.605	0.887	-0.157	2.060
0.729	1.906	-0.181	1.470	0.446	-0.065	-1.836	6.129
0.675	18.564	-0.908	0.581	0.970	0.239	-1.530	1.910
0.709	4.566	-1.252	-0.518	1.153	-1.411	-0.123	3.709
-1.076	16.983	1.314	0.090	-1.111	2.119	-1.010	7.060
0.155	9.127	1.416	-0.789	1.324	1.005	-0.009	5.585
1.092	2.286	-0.134	0.831	-0.497	0.758	-1.206	2.438
-1.289	16.007	-1.061	-1.974	1.538	-0.066	-0.831	4.763
0.069	14.200	0.514	-0.714	1.048	-0.117	-0.019	1.659
-0.522	19.180	-0.944	0.178	1.237	1.414	-1.354	2.493
0.033	2.000	-1.501	-0.046	-0.333	-0.387	-0.221	1.640
0.771	9.063	-1.100	-0.622	0.407	-2.882	-0.577	4.232
-0.474	3.460	-2.300	-0.905	0.046	0.238	-0.967	6.887
-0.872	17.254	0.555	-1.441	-0.949	0.437	-0.769	8.185
-1.854	10.306	-0.508	-0.261	-0.013	1.181	0.910	3.120
-0.309	10.729	-0.690	0.954	0.209	2.155	-0.859	0.993
-0.703	19.768	-0.189	-0.649	-1.434	-1.957	0.741	8.542
-0.074	10.832	-0.904	0.355	-0.909	0.819	-0.397	3.523
1.729	17.958	-0.279	-0.975	-0.629	-0.339	-1.702	2.028
0.554	12.629	-0.631	0.434	-0.867	0.136	0.780	0.379
-0.946	10.729	-0.517	0.954	-1.468	-0.662	-0.633	4.347
-1.853	17.674	-0.358	-0.530	-0.690	1.843	0.981	8.970
0.835	0.940	-1.014	0.208	1.929	0.520	0.216	6.091
-1.101	5.116	-0.884	1.291	1.388	0.657	-1.771	2.118
0.451	1.949	-0.701	0.511	-1.494	-1.095	-0.225	5.966
1.177	6.304	0.764	1.290	-0.345	0.067	1.579	4.827
0.368	6.427	-0.947	-0.564	-2.144	-0.779	0.025	0.433
-0.404	10.890	0.133	-0.657	0.671	0.432	-0.142	2.113
0.286	4.051	0.280	0.424	-0.144	-0.807	1.691	4.760
0.016	10.221	-0.417	0.066	1.447	-0.921	-1.411	8.070
0.105	9.933	1.267	0.287	-0.566	1.564	-0.908	8.309
0.215	15.742	-1.215	-0.022	1.049	0.850	-0.927	4.290
0.758	18.843	-1.182	-1.824	0.875	-0.867	0.935	3.667
2.383	7.184	-0.728	-1.402	0.811	0.101	1.043	4.688
-0.222	2.161	0.991	1.480	0.506	0.013	-0.193	7.234
0.632	12.390	-0.356	-0.466	-1.196	-0.125	0.611	4.616
1.115	3.920	-0.194	0.195	-0.283	0.090	0.396	9.299
0.564	0.479	0.389	1.076	0.394	-0.266	0.291	0.372
0.045	14.743	1.218	0.574	0.758	0.484	-0.287	3.197
0.802	4.813	0.040	-1.233	-0.447	0.357	1.379	5.703
0.755	12.953	-1.291	-0.311	-0.165	-0.088	0.175	7.885
-0.509	19.958	-1.816	0.003	2.106	0.836	-0.751	1.699
0.618	18.244	1.147	1.333	-1.263	-0.785	1.323	6.491
-1.414	1.349	-0.094	-0.308	-0.754	0.081	1.106	0.651
-2.105	13.880	0.450	1.287	-1.540	2.094	-0.111	8.339
0.994	18.300	-0.573	-0.247	0.676	-1.543	0.838	3.838
-1.051	10.548	-0.373	-0.881	0.360	0.604	1.539	9.130
-0.558	4.637	-1.094	-1.829	0.787	1.015	1.084	2.925
-0.292	4.434	0.095	0.931	0.451	-0.046	-0.681	1.612
0.929	3.788	-0.520	0.646	0.672	-0.286	-0.064	4.442
0.112	7.617	0.815	-0.729	0.147	0.980	-0.177	2.188
-0.396	16.746	-0.262	2.289	-1.763	-0.220	1.693	6.563
0.196	7.627	-0.148	-1.565	0.831	0.256	-0.836	0.501
0.015	0.723	0.611	-0.282	0.326	-2.131	-0.156	4.267
0.696	11.002	-0.372	0.585	-0.641	-0.929	0.508	9.435
-0.725	15.405	0.126	-0.004	-1.322	-0.613	3.264	8.991
-0.112	2.033	-0.553	-0.708	1.679	-0.726	-1.146	8.125
0.269	3.929	0.205	0.627	-2.076	-0.308	0.973	2.645
-0.879	11.987	-0.273	-0.163	0.370	0.857	-0.948	4.803
1.383	10.576	0.458	2.074	-0.549	0.540	-0.898	7.207
0.901	8.484	-1.444	0.362	-0.960	-0.045	-0.757	9.801
-0.425	16.765	-1.557	0.418	-0.104	-1.163	0.167	2.102
0.453	7.613	-0.953	0.349	-0.695	0.895	0.303	9.373
-0.024	11.930	0.173	-0.405	-0.383	-0.179	-0.271	7.540
-0.492	16.943	-0.430	-0.538	-0.550	1.108	-0.709	1.371
1.098	3.739	1.499	0.680	1.224	0.359	0.685	8.574
1.123	8.352	1.237	2.016	1.111	-1.565	0.880	1.975
0.083	10.423	0.971	0.353	0.235	0.703	-0.836	1.885
-0.180	5.137	-0.088	-0.547	-0.818	0.545	-0.350	8.038
-2.109	9.425	0.901	-2.408	0.795	0.457	0.150	5.074
1.022	11.907	-0.462	-1.202	0.590	0.572	0.251	7.267
-0.246	9.076	-1.620	2.333	1.508	-0.324	0.127	2.078
0.701	12.503	-0.459	0.242	0.622	-0.618	1.144	9.494
-0.517	12.638	0.482	-1.193	-0.207	-1.168	-0.997	0.352
0.232	8.029	-1.122	0.401	-0.232	1.799	0.864	3.895
2.008	17.281	0.795	-0.761	-1.772	-1.373	-1.009	4.960
-0.549	10.799	-0.501	-0.318	0.263	-0.313	0.283	7.256
0.012	18.751	-1.333	1.534	-0.898	0.688	-0.965	2.617
-1.296	0.932	1.476	-0.918	-0.223	-0.618	-0.301	6.592
-0.676	4.728	0.442	-0.104	0.207	0.399	-0.930	2.316
0.073	7.389	1.154	0.133	-1.432	0.707	1.068	0.744
1.095	7.987	-1.086	0.815	1.667	0.365	0.622	5.511
0.421	9.783	-0.502	1.792	-0.225	0.429	1.227	8.126
-0.133	0.724	-1.113	1.009	-0.406	-1.894	-0.188	8.215
2.048	5.282	-1.374	-0.086	1.294	-0.053	0.186	8.751
-0.147	11.875	-0.197	1.025	0.526	-0.926	-0.570	0.891
-0.473	16.284	-0.106	-0.127	-1.026	2.088	0.894	5.226
-0.945	13.419	0.191	-0.075	-2.943	-0.612	0.352	5.903
0.244	5.028	0.642	-0.029	-0.109	-0.749	-0.054	5.843
-0.561	9.594	-0.053	1.119	-0.727	0.485	-0.037	0.365
-1.499	3.804	0.449	2.646	0.090	0.708	0.297	1.940
0.541	17.036	-2.022	1.340	-0.455	2.385	-0.264	5.906
-0.648	15.571	0.264	1.179	0.845	2.241	0.094	3.991
0.622	3.079	-0.127	1.023	-0.223	-0.481	0.956	4.803
0.213	10.908	-1.917	-0.053	-0.197	-0.581	-0.273	5.626
0.075	18.066	-0.237	-0.473	1.364	-0.863	-1.061	2.333
1.158	1.455	-0.592	0.361	-1.673	-1.536	-0.359	7.235
0.883	15.880	-0.774	-0.860	-0.540	-0.970	-0.724	6.091
0.448	3.297	-0.909	0.535	-0.629	1.686	-1.052	6.598
0.740	9.540	0.161	-0.521	-0.246	1.164	0.238	3.522
0.417	10.122	0.526	0.795	0.125	0.791	1.007	3.191
0.121	17.029	-0.582	-1.674	1.201	-1.179	-0.517	9.162
-0.941	9.641	-1.400	-0.553	-0.487	-1.223	-1.309	0.590
-0.921	7.534	0.546	-1.018	-1.217	-0.533	-1.501	7.918
-0.853	19.203	-0.048	-0.822	1.019	-0.836	-0.916	7.081
0.191	18.847	0.110	0.061	-2.596	-0.210	0.666	1.148
0.368	5.787	0.098	0.881	0.619	1.122	0.677	0.948
0.705	17.111	-1.577	0.229	2.820	-1.334	-0.288	8.537
-1.688	12.514	-1.237	-1.104	-0.053	-0.780	-0.365	2.591
0.081	1.587	1.418	-0.033	0.096	-1.463	0.639	7.923
-0.346	12.190	0.645	2.252	-1.038	0.401	-0.793	4.733
0.225	17.950	-0.125	1.041	-0.377	1.075	0.766	2.324
-0.033	18.181	1.040	0.683	0.508	0.365	0.873	6.883
-0.267	12.219	0.367	-0.073	-0.496	-0.617	0.206	9.348
-0.513	19.583	1.268	1.243	0.235	1.578	-1.071	8.379
2.248	7.531	1.495	0.022	1.709	-0.264	-0.308	7.371
1.345	10.094	0.622	-0.225	0.721	0.540	-2.197	1.658
-0.181	1.731	-0.057	-0.421	-0.501	1.771	0.349	5.811
0.356	8.428	-0.068	0.630	1.361	1.710	-2.482	5.146
5.314	3.055	6.547	5.861	11.649	2.306	5.118	4.293
6.116	2.419	4.651	6.563	4.263	9.394	2.708	5.004
4.047	5.877	5.289	5.828	11.510	7.510	5.861	4.297
5.104	3.777	5.354	5.990	18.833	9.398	3.125	4.347
2.710	5.981	3.215	5.555	19.019	9.357	5.113	4.716
4.659	5.625	5.788	6.496	12.838	0.490	4.379	4.475
4.730	5.693	5.316	5.365	14.083	1.264	4.025	5.140
5.573	5.491	6.317	3.954	15.570	6.998	4.574	5.332
4.959	4.458	5.137	5.451	9.089	3.145	6.984	3.787
5.897	5.137	3.801	4.481	11.636	6.044	4.338	4.207
5.541	5.927	4.654	5.166	0.318	1.643	4.867	6.571
4.572	6.445	6.231	7.255	7.763	3.841	7.767	4.766
5.755	4.258	5.103	4.639	11.794	5.084	3.768	6.257
4.203	4.880	4.295	4.257	2.809	4.145	5.729	4.322
3.364	5.587	3.716	5.607	10.130	3.478	4.052	3.822
4.211	5.982	5.050	6.001	7.365	9.631	7.142	4.162
5.683	4.927	5.365	3.675	19.383	2.144	4.503	3.208
3.793	4.734	3.860	6.405	11.063	1.608	5.279	4.032
5.704	6.708	4.270	4.671	7.101	7.028	3.562	5.113
3.602	4.247	4.600	4.544	16.892	8.881	5.029	6.375
5.420	3.989	4.127	6.170	12.727	7.515	4.474	3.307
5.925	4.896	5.946	4.706	16.796	5.831	5.000	4.542
4.683	4.755	5.627	5.524	11.016	8.516	4.789	6.714
5.169	4.267	5.078	5.123	0.087	0.063	4.419	5.985
4.985	3.868	3.781	5.645	19.419	3.933	5.917	5.334
5.118	3.929	5.079	4.953	3.126	4.282	4.598	6.371
4.214	5.350	7.115	4.295	19.635	4.497	3.878	4.944
5.686	5.204	4.241	5.095	10.073	6.799	6.594	4.419
3.848	7.315	2.552	7.021	18.167	2.393	5.417	7.551
4.460	5.068	5.142	4.169	5.639	5.184	5.683	6.304
4.774	6.116	4.094	5.627	18.625	4.974	4.676	5.559
6.246	6.008	5.280	5.880	15.612	8.053	5.031	6.191
5.106	4.013	3.632	5.096	15.889	9.499	4.775	6.381
5.945	4.656	6.977	3.194	9.409	5.138	6.350	4.737
4.697	3.591	3.522	3.590	19.930	9.222	4.388	4.912
3.846	5.624	3.738	5.590	15.828	4.882	4.560	2.763
4.363	4.015	3.524	4.632	3.783	2.592	5.918	6.549
6.686	5.059	4.637	4.630	15.566	4.609	4.873	4.071
5.786	4.437	3.699	5.490	0.802	0.484	4.626	4.572
4.966	5.936	4.037	5.594	3.968	9.146	6.179	3.887
3.351	5.773	6.258	6.459	6.052	2.239	4.873	6.199
6.746	5.861	5.790	5.844	12.132	6.114	3.520	4.946
6.000	5.039	6.285	5.357	8.056	6.689	4.416	4.628
3.177	4.414	7.315	3.090	15.308	2.931	5.598	4.663
4.306	3.283	3.363	4.205	13.369	1.500	4.764	3.867
4.233	4.514	4.566	5.803	18.260	8.684	3.455	4.321
5.273	5.587	4.536	4.209	10.186	9.343	5.166	6.127
5.641	6.012	6.294	6.307	14.352	0.648	5.430	5.270
5.083	5.602	7.671	5.286	13.202	0.821	5.582	5.132
6.872	4.931	3.850	3.618	16.848	9.471	4.165	7.579
5.651	6.933	4.677	5.957	8.674	8.818	5.145	4.180
4.860	4.314	3.798	6.248	16.765	8.227	4.627	5.165
7.570	4.936	5.330	6.671	1.171	2.953	5.476	3.903
5.020	3.895	4.045	5.266	7.143	4.859	4.477	5.275
6.077	4.984	3.082	6.796	10.601	7.306	5.628	6.069
3.864	3.472	4.963	4.414	6.129	0.869	6.407	6.201
5.551	4.416	5.072	4.119	15.343	0.020	3.429	4.512
6.992	6.222	4.972	3.871	1.501	9.911	4.345	6.637
4.315	6.460	5.235	5.587	5.539	0.632	5.558	3.751
4.942	4.051	5.210	3.921	2.146	3.136	5.946	6.134
5.763	4.456	5.437	6.313	10.253	9.413	5.903	4.041
3.258	4.139	4.066	4.571	15.238	4.841	4.726	5.080
3.820	7.136	5.667	5.156	19.295	5.605	3.581	6.601
5.748	4.719	4.285	5.331	17.440	5.796	6.356	5.497
4.751	4.543	3.733	5.654	16.353	1.499	5.749	4.240
4.302	5.626	2.769	3.784	16.905	8.162	5.878	4.922
4.849	6.125	5.759	3.793	4.373	7.315	5.043	4.412
7.039	4.649	5.392	6.317	17.879	2.826	2.926	4.852
4.989	5.799	6.374	4.731	19.095	0.042	6.039	3.920
4.446	6.450	5.727	3.732	17.285	9.159	4.186	5.420
5.813	3.752	5.803	4.868	0.161	1.106	4.568	5.285
4.736	4.804	3.096	6.178	16.303	1.392	6.172	6.798
5.406	5.617	4.243	4.901	15.594	4.783	4.156	4.928
4.323	5.926	5.330	6.407	19.084	5.261	5.835	6.686
3.828	5.950	6.132	4.670	10.144	5.209	5.147	5.444
3.536	5.263	4.287	6.321	6.648	2.823	6.856	5.640
8.018	4.093	6.147	5.411	11.251	7.727	4.740	4.690
5.783	3.460	2.232	4.940	10.491	8.021	5.104	5.363
7.196	4.305	3.479	6.954	0.497	5.458	6.360	5.854
4.690	4.595	5.577	6.205	3.700	4.093	6.026	3.991
3.377	4.679	5.198	5.132	5.434	9.905	4.084	6.582
6.542	5.069	4.146	6.267	4.431	9.419	5.574	4.390
5.078	4.467	5.544	5.378	13.006	5.651	2.892	4.103
5.086	5.669	6.273	5.189	14.523	7.248	7.559	6.948
5.810	5.325	7.129	4.440	17.835	7.915	5.728	3.429
5.593	5.137	4.131	4.663	3.737	6.798	6.917	5.283
4.388	4.727	4.165	5.385	5.359	1.419	5.523	4.551
7.190	3.703	6.389	5.293	6.091	8.898	7.727	5.034
5.439	5.091	4.034	5.246	2.843	4.154	4.737	5.135
5.271	5.341	3.978	3.990	11.202	1.286	6.495	5.811
4.667	5.553	5.004	4.472	17.028	5.794	5.386	4.776
4.137	7.398	7.308	3.926	13.766	8.058	3.370	4.262
3.616	3.871	4.884	5.025	10.747	0.782	3.559	4.890
4.424	5.552	6.887	5.725	16.992	9.446	5.057	5.120
3.978	5.887	5.830	4.214	17.643	0.822	5.143	4.325
3.912	5.055	4.776	6.512	19.131	6.075	6.339	2.716
4.502	4.078	5.406	3.041	4.690	8.690	4.389	5.030
4.676	3.591	5.460	5.561	10.514	6.501	4.396	6.316
3.016	5.139	5.660	5.761	2.926	7.641	3.844	3.248
4.988	4.009	5.518	5.664	13.843	8.605	4.547	5.761
5.261	3.103	4.924	5.432	7.710	7.945	5.291	6.298
6.273	4.855	3.948	5.337	16.329	6.402	5.949	5.039
3.826	5.917	5.473	5.150	15.125	4.886	5.399	3.967
4.752	4.927	2.925	4.503	2.317	4.680	4.721	4.231
5.867	5.048	5.113	4.304	14.165	4.471	6.478	3.396
3.117	4.122	4.193	4.106	18.374	9.546	3.928	4.310
4.824	4.337	3.979	4.631	10.442	4.405	4.781	6.348
6.067	4.659	4.604	4.866	17.670	8.014	6.232	5.595
4.467	5.627	3.748	6.430	9.330	2.663	4.476	4.305
4.839	5.671	5.044	5.313	16.356	7.295	4.178	5.149
4.823	4.896	4.872	3.946	8.588	4.942	3.946	5.886
3.322	4.398	3.411	5.253	0.076	5.350	4.815	4.695
6.530	5.752	3.876	7.125	5.599	9.461	6.759	4.627
3.717	5.316	3.058	6.203	4.426	5.199	7.926	4.029
5.461	4.781	5.629	4.443	1.652	1.997	4.889	2.904
3.235	4.733	4.118	3.578	8.942	5.328	5.615	4.350
5.610	5.488	5.970	5.574	18.814	1.592	4.249	5.375
5.669	7.820	4.017	5.404	6.983	2.972	4.911	5.709
6.509	5.972	4.080	5.480	0.532	2.439	4.193	2.394
5.331	4.795	5.440	4.264	7.799	7.123	5.164	4.578
5.601	6.445	4.787	4.072	11.694	3.755	5.713	4.710
4.014	3.911	6.261	5.860	12.825	1.837	4.273	5.195
5.231	2.669	6.418	5.647	12.519	0.538	5.474	3.482
4.197	6.865	5.167	7.321	16.107	5.785	5.115	6.997
4.455	6.171	4.608	4.217	18.486	6.289	5.824	5.970
4.321	4.635	2.937	4.272	0.243	5.259	4.466	5.821
4.735	4.443	3.542	4.353	16.012	0.406	5.082	5.690
4.374	4.750	4.374	5.010	16.165	1.946	4.397	5.211
5.918	6.781	4.846	3.939	14.715	6.884	6.783	3.952
5.321	3.781	5.299	4.607	1.316	0.772	4.508	5.575
5.347	5.312	5.440	3.587	4.212	1.165	5.998	5.171
4.205	6.206	5.068	3.951	12.117	6.890	6.211	5.262
3.785	5.390	4.560	7.709	6.745	8.272	7.570	2.912
4.336	5.154	5.060	5.144	13.392	4.917	3.562	4.258
5.155	6.278	3.698	4.321	16.764	9.846	6.632	4.105
4.724	6.156	5.137	5.963	13.920	1.015	5.794	5.877
5.524	6.398	6.327	5.095	15.321	7.899	4.564	4.910
4.521	6.643	5.349	5.869	19.973	1.890	5.746	3.323
4.323	5.771	4.682	4.863	0.547	0.587	4.585	2.997
3.791	3.901	5.160	2.909	19.678	8.241	3.434	4.439
4.221	4.235	5.123	4.931	0.644	4.493	3.199	5.980
5.003	5.076	5.314	5.756	17.813	1.904	5.299	6.560
5.906	4.021	4.865	6.111	15.232	5.566	5.324	2.965
5.804	5.371	6.573	7.051	3.785	3.491	6.238	5.950
5.686	5.181	1.594	4.628	12.023	6.262	5.113	5.438
4.650	3.738	4.400	4.697	15.667	4.676	4.337	6.185
6.428	4.238	5.820	4.495	12.205	4.718	5.261	3.897
5.644	4.102	3.614	5.803	9.021	4.334	5.688	5.156
4.942	3.690	5.832	5.942	19.938	0.516	4.535	4.733
5.336	5.448	2.753	4.524	15.665	6.333	3.504	6.281
5.148	6.682	5.099	5.219	2.734	0.427	4.693	5.753
5.133	5.356	4.139	6.191	9.811	9.183	4.590	3.057
6.256	6.607	4.026	4.611	18.475	7.257	5.695	5.765
6.017	4.371	3.996	4.899	0.205	2.479	4.913	6.375
4.849	5.370	3.915	5.827	1.395	7.703	4.631	6.336
6.257	2.843	4.375	3.011	10.890	6.413	3.961	4.463
6.698	3.600	4.473	5.583	10.717	5.875	5.469	6.702
5.181	4.027	6.039	4.794	13.341	9.359	4.167	4.989
4.773	4.422	5.473	4.403	8.710	6.714	6.233	6.448
4.368	5.837	3.762	5.038	15.492	1.074	4.348	3.937
4.366	5.606	6.546	5.748	0.496	7.761	4.711	5.429
3.512	3.977	3.517	4.952	11.690	2.371	4.504	4.799
4.203	3.609	4.247	4.686	17.278	1.983	6.655	3.884
5.096	4.216	5.168	4.488	5.401	8.543	4.484	4.841
5.111	5.167	4.923	3.414	7.750	0.375	5.146	5.534
7.569	6.761	4.229	5.855	0.736	1.465	3.863	4.805
4.630	4.482	5.266	5.269	0.627	2.347	6.279	3.727
4.838	3.495	5.792	4.451	10.412	1.999	4.713	4.418
4.780	5.497	5.337	5.171	8.988	5.260	5.038	4.827
7.150	5.055	5.620	5.574	5.783	3.674	5.113	4.258
5.794	5.401	3.984	6.206	12.415	2.398	5.091	6.141
4.480	5.662	4.761	6.695	9.787	7.557	5.111	4.534
5.518	5.198	4.857	5.229	1.000	7.094	3.329	5.469
4.718	5.867	4.553	4.609	0.046	2.303	4.829	6.111
5.689	5.877	5.773	5.537	13.944	8.052	4.962	5.394
4.193	6.755	4.527	4.155	18.423	9.592	4.006	4.884
5.134	3.849	5.958	3.970	19.790	2.973	5.372	5.211
6.587	6.645	5.906	6.127	0.025	1.048	5.739	5.285
3.309	6.568	5.015	5.468	3.899	8.421	2.879	5.689
3.677	4.096	4.238	4.225	2.874	9.259	4.726	5.837
3.453	5.208	5.052	7.179	3.095	2.343	6.153	2.901
6.415	4.216	6.511	5.419	8.089	1.650	4.803	4.640
7.136	3.821	4.493	4.547	10.602	5.910	5.138	3.728
4.790	5.819	4.271	4.224	3.785	8.475	4.211	5.846
4.400	3.600	4.587	4.392	6.370	1.298	5.086	4.669
4.520	5.522	4.582	5.992	11.946	2.373	6.710	7.053
6.703	5.512	3.383	4.773	18.162	0.013	3.469	4.005
5.624	4.670	6.194	5.443	19.228	1.137	3.633	4.442
4.867	3.793	2.733	6.502	16.667	7.950	4.826	6.164
5.020	6.149	4.319	4.384	6.310	9.376	4.890	3.427
3.928	2.394	4.150	4.669	2.389	6.718	6.762	5.567
5.277	5.123	6.715	4.562	15.174	4.653	5.779	5.043
5.220	5.249	5.958	5.684	3.516	4.276	4.278	4.502
5.336	6.541	5.106	5.049	8.381	7.574	6.275	4.885
5.258	6.348	4.087	6.207	5.611	8.493	4.817	4.731
5.704	5.023	3.948	5.528	0.155	6.517	5.514	3.609
3.348	2.641	4.775	5.107	7.359	5.752	4.710	4.336
4.057	5.420	4.275	3.286	12.725	5.906	2.498	4.529
5.457	5.891	6.018	4.317	17.958	9.532	3.746	3.655
4.703	4.527	5.794	5.278	11.147	8.350	4.469	3.102
5.164	5.676	4.340	4.501	11.827	0.583	3.640	3.168
6.486	6.306	4.399	3.278	19.248	0.432	4.893	6.069
5.096	5.845	4.170	4.213	1.696	7.758	4.939	5.844
2.896	4.620	3.111	3.784	16.713	8.670	6.373	4.878
5.295	4.740	5.492	3.829	17.662	7.025	6.327	3.535
4.029	4.888	5.118	5.177	4.762	2.910	5.938	6.241
5.678	6.800	4.204	5.552	16.014	8.674	5.879	5.094
3.223	4.276	5.048	5.293	14.207	2.902	5.179	6.865
5.716	5.789	4.868	6.323	16.130	0.111	4.034	5.903
4.703	3.048	5.695	6.033	2.499	3.447	5.545	4.332
6.168	5.516	5.236	5.516	13.170	9.625	4.606	5.492
4.922	5.509	4.561	0.236	16.013	5.975	6.115	4.350
5.853	6.384	5.515	6.266	19.529	1.467	4.224	4.659
5.204	6.055	6.005	5.660	13.584	7.140	6.545	4.165
5.952	3.673	4.145	3.112	18.187	2.628	3.971	6.324
3.450	5.417	4.315	5.794	5.823	8.544	3.791	5.213
4.603	2.836	4.601	6.375	1.069	3.289	5.306	5.232
4.011	6.636	4.281	5.045	5.850	4.892	5.453	6.355
3.532	5.174	4.903	4.774	1.501	4.002	4.247	4.847
7.017	6.509	4.297	5.080	8.458	6.581	5.616	4.670
3.446	5.078	4.947	4.341	10.744	5.270	5.566	5.127
7.361	4.386	5.700	5.145	14.893	3.556	5.700	5.075
5.305	5.498	5.820	4.638	9.960	8.826	5.043	7.031
4.135	4.862	4.430	6.026	5.209	8.294	5.302	5.154
4.844	5.953	5.398	3.969	8.340	3.609	4.830	4.550
4.810	5.690	4.489	5.192	16.193	2.742	5.186	4.835
2.780	2.563	5.012	6.543	14.497	4.406	5.870	5.881
4.499	7.732	5.023	6.266	7.931	3.312	5.854	4.941
6.265	6.106	4.525	4.207	18.188	2.216	4.898	5.162
5.476	6.473	5.165	5.317	9.833	1.204	4.577	6.331
6.068	6.070	5.122	4.153	17.426	0.957	5.107	4.255
2.870	4.894	5.310	5.087	19.500	6.839	4.656	5.497
4.604	5.639	4.906	6.271	10.334	8.164	4.436	5.201
4.284	4.582	6.543	4.564	6.641	3.345	5.240	5.039
4.483	5.607	6.521	6.366	15.091	1.499	5.663	5.915
4.658	4.114	6.237	5.653	18.347	1.364	4.341	7.150
5.431	5.076	5.299	5.177	10.164	3.503	5.684	5.371
5.910	6.179	5.379	4.713	10.955	5.330	4.863	6.830
5.774	3.390	5.233	5.463	16.415	1.524	5.210	5.299
3.786	5.074	4.045	6.503	4.441	4.938	5.024	5.657
4.984	4.296	4.711	5.102	9.904	4.237	4.813	3.834
5.689	6.250	4.231	3.618	18.721	2.124	4.949	5.158
3.074	4.518	4.864	4.284	3.920	3.192	4.748	3.383
5.173	5.804	4.612	5.562	2.267	8.045	4.782	3.417
3.842	3.221	3.859	6.291	5.605	3.132	5.199	5.538
5.649	4.232	5.274	5.745	4.332	3.550	4.576	4.293
4.312	5.416	5.864	5.161	2.308	2.742	4.414	5.472
4.179	4.647	3.977	2.456	19.848	1.928	5.813	7.201
3.669	4.357	4.902	4.011	17.088	0.452	4.996	5.086
4.943	6.170	5.361	2.255	1.175	9.792	3.930	3.077
3.692	5.601	4.026	5.090	13.145	1.871	4.782	5.280
6.680	4.811	4.038	4.363	13.888	6.890	4.840	6.053
5.582	5.813	5.254	4.714	7.006	9.426	4.409	4.155
6.505	5.721	7.020	5.573	19.584	2.141	5.697	6.375
4.733	5.245	3.112	4.870	6.765	8.509	3.870	4.520
4.979	5.355	5.523	5.697	6.572	7.104	6.653	5.715
6.210	6.724	5.712	7.044	16.633	7.149	7.821	5.109
4.496	7.312	4.073	4.221	14.744	2.230	4.662	5.886
3.447	5.382	3.990	5.675	7.103	3.180	6.265	5.453
6.296	5.389	4.572	4.029	4.463	4.751	4.093	4.407
5.036	4.523	4.840	3.559	10.429	7.172	4.344	5.037
3.783	4.439	4.276	4.747	9.345	1.354	4.469	4.219
5.060	4.353	5.067	5.168	3.951	1.536	5.186	5.350
3.517	5.932	4.574	4.644	7.601	4.627	5.158	5.993
4.700	3.977	3.258	4.946	15.072	3.357	4.096	3.007
5.358	4.649	5.013	4.440	8.320	0.312	3.411	7.149
5.874	5.008	4.616	6.894	11.578	0.841	7.550	5.548
4.042	3.227	4.252	4.184	6.020	6.550	5.165	4.704
3.429	4.470	5.890	4.681	7.176	4.224	5.861	4.901
4.472	5.473	6.720	4.717	13.600	9.192	6.257	4.141
6.996	5.952	7.313	3.829	7.306	3.867	4.222	5.122
4.403	4.494	5.422	4.111	2.386	5.137	5.291	5.120
5.397	4.931	3.777	4.427	2.005	8.865	2.756	5.711
4.284	5.131	5.128	4.550	17.772	7.174	7.079	6.135
3.872	5.414	3.161	4.991	13.419	2.938	5.282	5.759
4.773	4.746	5.220	6.003	19.371	5.188	5.281	4.809
6.105	6.113	5.243	4.584	2.818	7.349	4.452	2.689
3.921	6.074	6.343	5.268	10.955	8.677	6.963	5.548
5.780	4.984	4.314	4.006	5.273	0.577	5.186	5.999
5.621	6.077	4.950	4.840	2.101	8.291	3.778	4.422
4.312	6.611	4.389	4.616	6.011	1.441	5.946	6.052
5.526	5.122	4.038	5.568	8.119	5.351	4.588	5.156
4.352	4.978	4.256	3.795	5.800	6.553	6.392	6.397
4.141	3.143	4.155	2.532	3.518	3.326	4.298	6.219
4.473	3.649	3.895	3.263	15.824	1.417	2.836	6.038
5.693	3.851	4.245	5.635	9.175	9.271	4.750	4.213
4.318	6.818	4.639	5.132	3.150	4.763	5.189	5.511
6.256	5.060	4.306	4.161	17.679	5.139	4.219	4.159
5.293	3.799	6.419	4.248	18.063	0.606	4.697	3.874
4.554	5.747	4.475	4.102	2.588	1.039	5.350	6.250
6.403	4.757	6.948	5.089	17.397	2.529	4.140	4.928
5.086	6.270	3.823	4.833	8.404	0.169	4.238	6.966
4.802	4.632	5.910	5.772	18.750	0.220	5.788	4.882
4.117	5.350	5.584	3.314	2.832	4.480	6.173	3.898
5.398	5.590	7.253	4.623	17.403	7.137	4.136	5.197
6.137	5.669	4.431	6.035	19.480	4.088	4.406	5.069
7.285	4.314	4.746	6.131	17.395	2.913	7.163	5.452
4.493	4.587	6.039	5.982	10.805	7.541	2.970	6.088
6.047	5.636	6.586	6.078	6.917	8.757	4.565	4.477
5.331	4.333	4.722	3.462	14.482	8.753	3.972	4.744
4.438	6.222	5.834	6.499	18.155	3.312	4.172	3.387
4.976	5.446	4.935	3.683	3.014	2.270	5.859	3.493
6.591	6.248	6.237	6.240	16.900	9.237	6.054	5.373
2.841	6.581	5.644	2.367	3.689	8.147	4.386	6.353
5.612	5.928	4.432	5.039	9.947	1.912	5.150	5.563
5.289	4.749	4.910	3.781	10.715	3.745	5.957	3.612
3.680	4.548	6.361	4.543	11.264	4.006	3.207	6.350
3.172	6.303	6.120	6.105	18.434	2.697	4.083	5.114
5.425	6.557	5.088	3.988	18.454	1.695	5.643	5.319
4.987	3.902	5.533	4.799	8.796	6.376	7.438	6.170
4.360	6.276	5.883	5.484	2.476	9.553	4.519	3.235
4.574	3.875	3.516	5.472	5.133	4.381	4.485	6.045
6.392	4.616	4.499	5.667	4.714	9.303	4.232	4.318
5.424	4.990	4.343	6.220	10.441	8.014	5.378	5.565
4.249	5.173	3.277	4.684	9.936	8.152	4.943	5.624
3.264	4.858	4.894	3.690	7.330	0.726	4.948	5.325
4.453	3.034	4.846	5.103	5.835	5.392	4.522	4.759
4.935	3.946	5.569	4.154	13.942	9.831	6.288	6.592
3.940	5.444	5.700	4.070	1.867	6.709	4.062	4.429
5.416	3.886	5.711	5.370	11.167	5.890	5.758	5.253
3.054	5.762	5.751	5.278	2.929	0.325	6.751	3.392
5.778	4.630	4.877	4.691	17.360	3.197	3.823	3.689
5.107	4.402	5.693	4.369	11.495	9.037	3.964	5.441
5.078	6.610	3.890	2.981	8.154	0.788	4.720	4.677
5.496	5.812	5.498	7.621	17.899	8.097	4.876	2.831
5.043	4.150	4.407	3.326	6.079	6.332	5.353	4.935
6.708	4.553	5.854	4.119	12.417	9.133	4.914	4.922
6.385	5.087	4.768	5.314	11.544	6.471	6.326	4.968
5.705	5.219	5.833	6.165	5.048	8.733	5.216	5.912
4.475	7.577	5.832	3.407	0.481	7.106	5.280	5.611
5.342	5.607	5.869	6.036	7.661	6.392	5.152	5.614
4.608	4.511	5.230	4.773	11.314	3.667	4.305	5.363
4.187	5.994	2.596	5.838	12.609	2.698	4.431	5.931
5.845	4.853	3.660	5.861	4.761	1.724	6.042	3.083
4.018	3.908	4.256	5.684	6.599	8.309	4.362	5.755
5.784	5.410	3.828	4.419	0.775	9.200	4.382	4.619
4.449	5.835	5.202	5.291	13.085	8.809	6.129	5.653
4.289	6.336	5.601	4.915	13.581	3.500	4.722	5.647
5.973	6.069	5.462	6.354	4.080	9.489	5.820	6.130
4.527	7.277	6.699	6.435	3.601	5.544	4.991	6.262
5.528	5.445	5.885	2.947	5.143	7.370	3.484	4.734
6.175	5.187	3.788	4.830	15.970	9.239	5.184	5.048
2.924	4.951	4.874	6.328	0.902	1.294	2.887	5.786
5.628	4.234	4.924	4.087	3.823	2.994	6.581	4.802
5.561	7.005	4.502	6.009	0.917	4.923	4.726	5.944
6.078	4.435	5.146	4.047	5.184	0.194	6.094	5.166
3.798	5.156	4.219	6.819	19.505	9.997	4.511	6.098
3.459	4.572	4.403	6.320	8.410	3.825	3.948	4.302
5.025	4.661	6.110	6.778	9.358	4.294	4.349	4.852
4.897	3.490	5.109	5.209	18.311	6.266	3.603	4.728
5.397	3.701	4.520	4.419	1.323	9.435	4.477	6.495
6.839	5.914	5.112	3.092	2.344	5.312	5.092	5.683
5.014	3.337	5.563	4.364	5.276	1.750	5.238	4.014
5.927	3.719	4.915	5.569	7.684	3.851	5.139	6.660
6.185	4.033	4.954	4.907	18.246	5.995	4.978	5.058
5.373	4.528	4.099	3.560	13.355	9.433	5.300	5.674
4.089	4.201	3.464	5.133	6.808	9.302	6.628	4.443
4.295	7.114	4.185	5.292	13.757	2.632	5.220	5.981
6.001	4.866	5.542	5.662	6.984	3.737	4.967	5.211
4.969	5.816	5.489	6.585	18.537	6.712	4.218	3.716
4.944	3.960	5.761	4.504	2.560	8.172	4.665	4.621
6.212	4.299	5.655	4.556	13.470	4.705	5.965	5.768
6.094	3.910	3.081	6.119	3.418	7.656	4.545	6.525
4.939	6.695	4.161	3.876	16.105	4.132	4.324	5.499
5.168	3.813	4.073	5.238	4.419	4.909	5.517	4.740
7.506	4.338	3.660	3.887	7.203	0.768	6.380	5.936
4.434	5.457	5.562	5.734	4.087	4.589	4.378	4.634
4.967	6.267	5.162	5.058	1.161	5.380	4.776	6.589
6.000	6.464	5.008	4.385	10.905	3.829	3.805	5.904
5.088	3.533	3.908	5.537	1.860	4.101	4.812	4.273
4.604	4.303	5.061	5.806	10.478	5.073	3.848	5.580
2.545	4.815	4.647	5.430	12.585	8.591	7.115	4.279
4.054	5.474	5.170	5.590	9.313	5.348	4.241	4.232
4.550	3.778	3.759	4.573	19.936	9.140	4.158	4.768
5.737	6.883	5.187	2.699	16.011	6.453	6.870	4.590
4.882	6.086	5.065	6.777	15.222	2.809	6.518	5.913
5.092	5.157	5.433	5.670	10.773	9.763	3.647	5.093
4.585	6.130	7.866	4.373	0.305	7.518	4.327	2.744
3.971	6.820	5.820	4.875	4.179	1.771	5.326	6.927
6.807	4.823	3.887	4.010	2.026	9.337	3.537	5.513
4.551	6.542	5.571	5.558	5.187	2.378	7.975	3.763
5.052	4.193	4.285	4.077	16.449	5.476	5.983	4.665
4.927	5.110	4.916	4.846	7.267	5.500	5.197	5.745
5.136	5.851	3.553	4.104	2.843	8.655	5.037	4.817
5.090	4.408	5.710	5.654	10.765	3.401	3.937	5.959
4.330	3.654	5.541	4.756	19.466	6.578	7.379	5.023
5.306	3.991	5.645	5.116	12.123	3.799	5.144	5.119
5.446	3.663	6.302	3.251	17.435	4.662	4.177	5.025
6.050	4.730	6.008	5.329	10.283	3.909	5.020	5.787
5.845	5.065	6.899	6.546	19.208	4.092	3.631	4.664
5.611	6.153	5.366	5.959	16.457	6.240	4.359	2.506
5.288	4.635	5.303	5.045	11.830	5.409	6.505	5.936
5.091	3.784	5.299	5.895	7.779	4.939	5.811	5.272
3.881	4.801	5.081	4.246	16.116	4.523	5.430	3.996
4.941	4.005	4.982	4.684	8.994	2.827	2.936	5.310
5.495	5.423	6.374	4.031	17.035	9.138	2.734	5.994
5.338	3.686	6.969	4.523	11.796	9.276	2.190	4.065
3.036	6.134	4.643	5.167	7.664	6.353	5.051	5.675
5.834	4.044	4.639	4.323	2.521	3.317	6.509	5.290
6.470	3.115	4.193	3.618	18.810	9.649	5.783	4.317
4.647	3.683	3.567	6.878	4.015	4.575	5.157	5.478
4.074	5.376	6.204	5.835	0.023	5.076	5.289	4.756
4.863	2.920	7.092	6.730	19.467	1.295	5.548	4.437
5.532	7.500	5.287	2.909	2.431	6.234	5.190	5.081
6.438	4.079	5.159	5.287	16.918	9.476	4.476	5.094
4.426	3.760	4.945	4.871	7.144	2.844	2.688	4.521
4.641	5.694	4.949	4.288	11.619	5.555	5.158	4.943
4.613	5.287	6.729	5.502	13.024	9.320	5.577	4.029
3.812	3.777	4.434	5.631	10.529	9.795	1.882	5.408
5.556	3.870	4.526	4.988	10.929	9.773	3.708	5.691
5.449	5.576	6.261	3.278	12.630	0.539	3.475	6.535
4.917	4.324	4.110	3.720	8.276	9.420	4.163	4.243
7.044	4.703	6.426	3.001	0.530	7.278	5.266	4.525
6.838	4.119	3.282	4.811	5.482	9.457	1.965	5.269
4.853	4.583	6.993	5.473	4.390	3.492	5.848	5.668
5.915	6.046	4.087	5.198	10.216	8.132	5.600	5.413
3.605	5.694	4.815	4.324	5.449	7.617	4.258	6.182
3.697	2.692	3.348	4.545	12.571	5.031	5.078	4.782
4.048	5.410	5.216	4.520	3.703	5.430	4.137	5.599
3.745	5.253	4.453	3.650	4.353	6.766	5.822	5.249
5.426	4.222	4.073	5.528	18.015	5.864	6.852	6.606
5.837	3.662	4.866	5.094	5.765	7.326	5.890	5.491
3.282	5.452	5.056	5.238	14.105	3.400	5.251	5.050
6.604	5.857	5.103	5.172	19.444	5.212	5.374	5.838
4.796	4.394	4.194	2.733	6.855	9.404	5.925	2.776
5.197	4.275	5.251	3.841	13.999	6.575	7.387	4.029
5.495	5.365	4.992	3.422	4.601	4.234	4.163	4.271
5.052	4.713	5.230	5.859	6.056	6.495	3.753	5.239
5.440	4.893	7.073	5.532	15.275	2.260	5.790	5.939
4.250	5.293	4.622	3.635	13.696	9.117	3.868	6.394
3.732	5.129	3.961	5.287	5.469	9.393	3.240	5.182
6.392	6.490	4.451	6.112	2.842	8.391	3.902	5.883
6.147	4.679	5.118	5.235	18.705	8.180	4.370	4.307
5.020	3.786	2.999	5.399	4.097	5.953	5.677	5.914
6.213	4.452	5.630	7.004	9.852	8.822	5.681	3.490
3.873	5.213	3.461	3.338	15.552	1.466	4.704	4.643
4.271	4.523	6.036	4.249	3.163	0.241	4.316	2.900
4.702	5.354	6.251	6.302	18.989	8.318	5.782	3.892
4.695	4.619	4.546	4.852	17.345	3.274	5.279	5.522
6.428	4.231	5.088	5.352	18.011	7.479	5.256	5.925
4.446	4.374	5.268	7.880	5.928	6.341	3.672	4.617
4.226	3.477	5.760	4.952	15.713	4.867	3.784	6.543
5.142	4.040	4.054	3.681	15.096	3.126	3.983	3.801
5.186	4.737	5.472	4.606	8.533	9.868	4.147	3.417
4.990	7.459	6.070	5.819	1.643	1.175	6.043	5.572
5.090	4.000	5.149	5.755	14.263	5.932	6.602	4.970
4.534	5.871	6.559	4.730	5.545	7.302	6.174	3.895
6.277	4.965	4.239	5.393	9.698	0.504	5.396	5.230
4.907	4.509	5.935	4.419	11.961	2.476	2.623	4.785
4.045	4.203	5.489	4.071	9.419	2.556	3.441	4.901
4.641	6.134	6.065	5.469	12.302	3.585	5.017	3.617
4.357	6.047	4.851	4.900	4.324	7.360	3.260	6.669
5.108	5.354	3.450	5.701	5.224	9.919	5.086	2.293
6.646	4.020	6.394	5.808	13.395	2.310	4.975	4.183
6.226	5.643	3.600	5.684	5.908	2.546	4.989	3.865
4.967	3.044	6.554	6.584	14.676	3.271	2.473	3.767
2.724	5.629	5.061	5.455	14.047	9.402	5.809	6.203
4.843	4.732	4.643	6.457	14.776	9.271	4.467	5.033
5.867	5.512	4.006	6.764	7.555	5.025	6.082	4.537
6.192	3.854	4.614	7.235	14.955	0.084	6.429	5.189
3.068	4.806	5.149	5.161	15.278	5.047	5.777	3.007
5.053	4.245	5.805	5.486	7.636	8.954	6.451	4.491
4.149	6.426	6.986	4.927	18.971	9.485	3.561	4.381
5.716	5.130	5.856	3.177	10.890	3.541	5.205	6.925
6.485	4.720	5.889	3.859	4.554	7.677	7.039	6.738
3.696	5.989	4.763	5.842	5.858	6.664	6.664	5.896
3.476	4.688	3.807	2.711	19.231	8.471	5.343	6.075
4.075	5.186	5.726	5.384	14.585	8.711	4.767	5.319
4.588	4.537	4.864	4.260	14.652	8.464	5.243	5.282
4.984	3.565	5.026	3.533	11.362	3.796	3.382	5.339
5.470	6.516	3.633	5.205	16.630	6.406	4.752	4.533
5.487	5.896	5.977	7.251	6.858	6.362	5.579	4.835
4.892	5.954	4.583	4.034	17.292	0.808	5.011	4.418
5.045	5.034	4.938	5.671	8.827	0.422	5.183	5.260
4.951	5.850	6.280	4.863	3.140	3.915	4.457	4.584
5.618	6.322	6.415	4.100	14.947	1.558	4.326	5.948
4.890	6.239	4.776	5.494	15.385	2.507	5.688	3.707
5.221	4.366	3.048	4.521	18.648	3.425	3.980	5.436
5.584	3.890	4.858	4.333	1.092	1.838	4.764	3.680
6.343	5.447	6.421	6.277	9.921	7.225	5.155	4.373
5.098	5.268	4.920	7.774	19.638	4.940	5.686	6.127
4.734	6.706	2.863	6.357	17.254	5.158	4.009	5.709
4.750	4.353	3.730	4.497	18.861	6.028	5.112	4.297
5.295	5.440	4.961	4.254	15.264	5.086	4.507	4.550
5.369	4.948	5.793	5.385	10.795	8.950	4.036	4.552
5.931	5.904	4.725	5.027	0.033	5.307	5.777	5.205
5.049	4.686	3.596	3.872	4.549	8.466	6.448	6.177
5.819	4.475	5.293	4.622	18.981	0.935	4.659	5.948
5.814	6.124	5.151	5.447	2.350	6.844	5.456	4.837
6.561	4.754	5.003	4.491	1.863	6.634	5.500	5.428
5.264	5.452	5.366	4.849	6.058	2.684	5.021	5.384
5.455	4.993	5.219	5.967	12.378	7.546	5.982	6.296
4.239	4.850	5.021	3.652	4.981	7.147	3.237	3.266
4.711	6.186	5.170	6.375	16.858	8.858	5.287	5.030
5.010	4.713	5.267	5.005	2.065	1.114	6.217	4.988
3.852	3.486	4.867	5.321	10.601	5.345	3.838	4.523
5.983	4.263	5.580	6.169	9.461	7.232	5.205	4.568
4.641	5.081	6.287	5.758	18.350	2.383	3.394	5.041
6.610	5.371	2.485	7.034	5.844	6.454	5.469	5.761
5.139	5.721	3.743	6.468	1.252	5.916	5.896	4.511
