16.018	8.521	2.997	13.123	-1.227	2.563	-0.414	9.949	-1.378	0.044	0.280	0.037
9.417	1.722	4.921	13.072	0.979	4.097	0.245	0.197	-0.262	-0.770	1.397	-0.167
14.262	1.191	2.368	5.737	-0.633	0.488	1.218	0.833	0.589	-1.829	-2.061	0.817
5.383	9.406	2.646	15.665	0.451	4.280	-0.325	8.334	0.070	-1.411	0.323	-1.350
10.507	7.878	3.873	1.374	-0.017	0.970	1.578	3.627	-0.318	0.714	-0.964	1.994
2.996	7.162	4.030	10.888	-1.472	3.364	0.482	0.507	-0.063	-0.422	0.120	-1.598
12.229	5.946	1.314	7.895	0.325	2.290	0.671	0.657	-0.304	0.949	0.044	-0.636
6.833	0.491	4.061	2.708	1.857	1.360	0.261	1.133	0.447	1.153	0.067	1.398
2.922	2.311	3.675	4.123	-1.186	0.830	-0.561	6.332	-0.929	-0.853	0.423	-0.729
5.708	7.289	0.118	6.962	-0.083	4.729	0.810	8.586	0.329	0.414	2.279	-1.182
6.032	7.284	2.839	12.321	0.460	3.155	-0.416	4.363	-0.635	-0.257	-0.812	-0.119
13.206	6.185	1.091	10.392	-1.121	0.038	0.296	8.571	1.257	0.639	-0.326	1.238
16.080	8.373	0.137	9.967	1.533	2.253	1.287	9.531	1.506	1.088	0.279	0.109
16.652	9.532	2.768	8.443	1.547	3.426	0.697	8.669	1.304	-0.537	0.387	1.102
18.367	4.134	2.304	5.841	1.579	3.641	-0.757	5.886	-0.449	0.345	-1.376	0.368
1.337	6.813	0.068	0.368	-1.813	0.373	0.307	4.447	-0.537	-0.456	-2.147	0.078
11.971	9.467	1.812	15.522	-0.077	2.081	-0.085	1.244	-0.599	-1.242	0.745	-0.468
15.178	0.199	1.363	17.281	1.636	2.037	-0.295	1.748	-0.468	-0.778	-0.676	-1.788
5.537	3.500	2.161	2.254	-1.725	0.316	1.035	0.717	0.178	1.933	-0.230	-0.527
5.147	7.692	1.564	16.980	-1.469	1.465	-2.130	3.766	-1.003	-0.318	-0.857	2.225
8.721	0.872	3.772	11.512	0.154	0.312	1.583	7.621	0.441	1.782	-1.555	0.577
2.581	8.138	1.538	17.779	-1.507	1.073	1.110	3.233	0.318	-0.943	-0.934	0.340
19.112	0.587	4.430	10.307	-0.209	4.776	2.183	3.163	-0.195	-1.781	0.161	-0.049
11.224	0.660	0.323	14.891	-0.076	3.726	0.923	8.004	0.156	-1.649	-0.156	-0.326
19.414	9.528	1.175	11.828	1.165	0.147	1.505	4.081	-0.794	-1.060	1.426	1.713
1.639	7.464	1.619	19.232	0.060	4.662	-0.416	4.757	1.399	-0.020	0.543	0.699
3.941	5.715	0.655	8.856	-1.172	0.962	-1.327	8.008	1.199	-0.096	-0.854	0.819
18.378	9.392	0.525	9.767	2.068	4.609	-0.520	6.986	1.443	0.438	0.610	1.088
17.936	8.600	3.916	1.454	-0.230	4.733	0.711	2.722	-0.219	-0.890	0.070	-0.434
15.666	1.148	1.447	14.998	-0.063	2.363	-0.992	4.114	-0.639	2.708	-0.415	0.081
14.895	1.124	3.240	9.798	-0.075	3.921	0.296	4.064	-2.488	0.235	-0.298	1.904
8.380	8.073	0.206	0.168	1.956	0.707	-0.420	6.637	-0.510	-0.130	-0.810	0.850
2.053	7.542	0.551	3.848	0.195	1.824	1.085	7.230	0.021	1.317	2.026	-2.010
15.016	6.069	1.330	19.528	-0.624	4.977	0.259	8.726	-0.551	0.024	-0.614	2.484
3.933	0.371	4.121	6.749	-1.351	0.939	0.915	0.818	1.601	-0.097	-0.567	-1.285
0.649	5.122	1.696	4.364	-1.023	3.876	0.032	5.151	-0.459	0.657	-0.820	-0.949
2.688	1.758	4.939	7.461	-0.320	2.059	-0.304	7.324	1.575	-0.628	1.078	-0.619
18.213	1.682	1.229	0.781	-0.861	1.591	0.792	0.113	-0.862	0.332	0.219	0.270
1.589	6.034	2.387	2.237	-1.341	4.886	0.367	9.007	-0.019	-0.498	-0.769	0.351
14.781	3.514	0.053	8.967	0.307	4.487	1.563	5.703	1.929	2.288	-0.793	-1.601
1.649	9.894	4.241	11.563	1.165	3.222	-0.624	3.241	-0.736	0.665	0.087	0.128
7.776	7.157	4.197	19.517	-0.292	4.623	1.159	1.828	-0.948	0.148	1.150	-0.646
11.134	2.925	4.837	10.407	-0.337	1.795	0.019	7.938	-0.610	0.177	0.020	-0.618
9.962	9.676	4.691	13.105	1.139	1.472	1.503	9.370	0.337	-1.355	1.339	0.219
7.440	6.227	1.546	15.275	-0.264	0.157	0.879	9.531	0.916	0.250	-0.593	0.604
11.947	9.204	0.287	10.569	-0.002	1.694	-0.292	8.546	0.886	-0.240	-1.385	1.706
5.366	6.008	3.297	5.987	0.306	3.832	-0.139	3.170	1.006	1.416	1.531	1.406
9.661	2.043	3.325	0.347	0.020	0.984	-0.981	8.694	0.313	-0.113	0.071	-0.519
3.312	7.311	0.789	17.273	-1.809	0.251	0.047	0.545	-0.193	0.204	-0.080	1.220
7.285	9.705	3.744	7.424	0.630	3.942	0.257	1.899	-0.737	0.533	0.950	-0.510
2.368	9.578	4.652	8.193	1.392	0.306	0.371	6.150	1.071	-0.657	1.331	-0.837
16.630	3.025	0.664	11.513	-1.317	0.168	-1.324	1.849	0.888	1.476	0.043	0.025
6.200	1.763	0.020	1.893	0.565	0.722	0.739	1.734	0.767	0.372	0.186	-0.278
2.598	0.181	1.308	1.084	-1.662	4.799	-1.182	5.732	-0.477	-0.098	0.949	-1.315
18.321	1.479	4.173	8.506	0.871	2.047	0.147	2.860	-0.096	1.905	0.618	0.613
8.045	0.355	1.398	8.534	-0.199	2.771	0.110	5.342	-0.511	-0.320	-1.052	1.765
17.752	4.308	1.590	8.118	-0.168	4.456	1.462	8.664	-0.920	-0.123	1.564	0.993
12.351	6.726	3.332	16.535	0.176	2.636	0.210	5.641	0.036	-1.198	0.420	-2.068
3.168	8.138	4.292	2.260	0.825	2.729	0.155	0.289	-1.420	0.192	-0.707	0.988
7.765	4.272	4.231	14.952	-1.399	4.721	0.728	6.864	0.822	0.835	1.414	1.267
17.722	1.098	0.673	5.454	0.945	4.297	-1.040	9.526	0.287	-0.121	0.155	2.290
9.699	9.025	0.758	7.929	0.432	0.155	-0.048	8.042	0.194	-0.211	0.416	-0.534
11.577	9.306	1.236	3.264	-0.745	2.963	-0.399	2.931	-0.008	0.263	0.170	-0.065
15.688	8.324	0.368	2.533	-0.896	3.450	-0.305	4.342	0.509	-0.031	1.486	0.249
2.883	5.331	2.861	0.777	0.052	0.729	-0.313	6.200	0.619	-0.711	0.883	-0.871
13.693	5.364	2.087	4.926	0.383	0.233	-0.213	9.751	1.496	-0.169	0.609	0.766
9.019	4.215	0.697	18.066	2.064	2.619	-2.364	3.718	1.560	-0.838	0.086	0.531
6.397	2.919	3.377	6.691	3.769	6.322	5.569	5.006	4.571	17.010	3.229	4.089
0.333	6.289	1.295	6.026	2.062	3.779	5.490	5.003	5.311	18.909	1.850	3.600
0.903	3.835	2.734	4.374	8.292	6.716	4.662	6.806	5.206	13.710	8.059	1.092
16.759	6.343	0.582	4.395	2.657	5.714	6.073	6.602	3.645	14.753	4.946	0.946
13.753	3.757	0.105	5.866	0.660	4.651	5.218	3.941	4.233	6.102	1.682	1.328
0.993	5.489	4.739	4.832	1.624	5.223	4.946	5.945	5.705	4.980	7.232	1.910
10.374	5.921	4.437	5.616	2.207	3.782	5.379	4.321	5.573	3.266	3.856	3.050
5.916	4.809	0.497	5.224	8.810	3.711	4.268	5.316	5.433	14.587	2.373	1.604
5.385	4.032	2.178	4.245	2.255	5.583	3.595	6.261	4.329	12.641	0.732	2.781
13.985	5.383	2.285	5.543	9.093	4.958	6.264	3.797	6.872	8.925	2.716	3.553
3.766	5.782	4.202	5.509	7.682	4.742	4.147	5.589	6.139	10.734	5.013	4.809
18.810	3.985	3.380	5.598	5.206	4.457	3.032	4.978	3.185	7.749	1.338	0.274
1.879	4.512	1.585	6.542	7.434	4.065	4.963	4.203	3.693	1.528	0.925	0.354
17.828	5.425	3.133	5.351	3.312	4.466	4.063	2.796	5.848	1.969	0.557	1.608
2.835	5.951	0.327	6.443	0.332	4.044	3.482	5.151	4.109	7.989	9.785	3.683
3.825	3.643	0.512	4.568	5.072	4.543	5.390	4.261	5.095	13.322	2.771	1.987
0.924	4.129	0.045	5.086	5.375	4.294	5.364	5.821	2.801	9.051	1.705	4.776
14.261	4.684	1.193	5.149	3.581	1.644	5.871	2.849	5.233	6.429	6.164	1.249
15.884	5.337	4.934	4.905	8.590	3.901	4.525	5.403	5.755	15.357	3.410	1.429
2.067	4.259	1.879	4.489	4.230	4.192	3.766	6.723	6.202	14.597	7.936	4.858
13.921	3.394	4.006	4.084	3.793	3.321	7.084	4.840	3.086	13.019	6.722	2.444
6.940	5.283	0.098	5.381	7.675	3.940	3.808	4.338	5.607	16.543	3.267	3.849
10.121	3.167	2.973	4.430	2.980	3.431	4.077	4.199	4.405	3.947	6.593	0.569
11.337	6.512	4.328	4.853	6.989	5.817	4.093	5.652	5.612	6.150	2.505	4.919
16.680	5.724	4.093	5.970	4.058	5.605	4.610	6.451	5.265	15.211	2.638	2.696
9.979	4.095	2.218	4.744	7.171	5.296	3.884	4.944	4.619	15.033	0.739	1.974
2.465	5.007	1.609	5.635	3.418	4.534	5.342	5.326	6.927	10.362	4.150	4.564
9.260	4.655	3.971	5.207	2.311	4.446	3.994	6.798	6.414	15.437	3.969	1.766
11.739	4.602	3.200	3.847	7.141	5.790	6.898	5.332	5.547	7.072	6.930	0.944
7.023	5.166	1.926	5.997	0.676	5.990	7.070	6.043	6.555	0.849	1.463	4.442
14.879	4.368	4.794	5.461	8.850	2.803	4.471	5.432	5.256	13.316	7.432	2.673
0.134	3.378	4.334	5.894	7.187	5.164	5.697	4.171	6.415	0.709	6.566	0.780
9.556	5.182	4.194	5.596	3.300	5.744	6.949	5.185	5.414	2.726	4.296	3.902
10.261	6.654	3.899	4.016	7.005	5.282	4.578	4.705	3.893	9.752	8.836	3.083
10.713	6.300	4.405	4.122	3.500	6.869	5.408	4.530	6.229	0.492	6.287	4.583
9.302	5.060	0.298	6.410	7.662	4.269	2.563	6.307	3.389	9.780	5.285	1.407
16.409	5.402	2.374	5.299	4.617	5.510	4.680	4.274	3.310	10.624	4.610	1.044
3.972	3.890	1.436	3.822	8.740	6.067	5.382	5.724	3.071	0.440	9.581	3.545
6.546	3.690	2.920	4.116	7.003	4.530	3.696	4.990	3.153	14.174	1.932	1.523
2.124	4.948	1.414	5.143	7.231	4.972	4.731	6.985	3.740	1.232	0.089	3.494
3.635	2.393	2.447	5.790	9.317	4.684	3.707	3.386	5.153	3.105	3.206	4.889
14.739	5.706	3.189	5.580	4.693	6.329	4.968	5.669	5.792	0.805	0.696	0.724
17.261	6.263	2.768	5.504	0.607	2.702	4.859	4.267	5.178	3.280	3.185	0.766
10.607	4.967	4.767	3.815	1.805	5.236	6.163	4.048	5.442	11.291	6.200	2.257
17.087	6.971	2.922	3.787	1.263	5.501	5.212	5.183	5.032	16.349	8.641	4.591
14.785	4.093	1.186	6.055	2.983	5.345	5.221	4.996	5.966	5.723	2.707	1.815
0.841	6.145	4.474	4.993	3.090	5.499	5.549	5.213	6.046	18.179	6.914	2.713
2.920	5.785	4.649	5.066	5.570	4.757	5.236	6.356	5.300	6.349	4.953	2.492
3.204	3.763	2.548	5.110	7.109	4.100	3.353	2.681	5.250	17.101	0.697	2.919
18.144	4.529	4.527	5.542	2.466	4.357	5.768	5.798	3.658	14.424	8.200	4.318
19.167	3.527	2.531	5.056	0.079	4.831	5.684	3.983	4.232	19.616	1.426	4.827
14.961	5.715	2.956	5.021	3.778	5.212	4.796	5.543	5.651	7.921	0.009	1.217
12.755	4.666	2.280	5.397	6.623	5.214	4.035	5.838	3.564	8.005	9.915	4.978
5.229	6.512	4.835	4.107	2.791	4.831	5.059	3.196	6.484	12.236	9.148	2.849
5.194	5.495	3.687	5.936	9.157	5.032	3.437	6.468	4.810	13.323	1.371	4.067
4.190	4.138	3.577	4.722	1.617	6.254	4.872	7.096	4.228	11.007	7.128	3.633
14.806	4.159	1.754	5.524	0.626	4.637	6.130	3.903	5.317	3.712	2.754	1.156
1.784	5.099	0.066	5.736	1.472	3.838	3.649	4.975	5.255	9.972	6.100	2.813
19.146	3.754	2.067	5.135	6.137	2.582	4.085	6.474	4.642	4.690	7.093	3.446
17.294	6.312	3.770	4.621	4.628	4.205	5.413	3.891	6.340	13.009	4.492	3.259
11.462	6.104	0.538	5.180	1.714	3.688	4.969	4.351	5.506	0.346	3.161	0.739
16.343	4.947	2.768	5.972	5.441	5.873	2.369	6.183	5.971	13.820	4.435	1.913
19.852	5.156	3.527	5.548	7.794	5.590	2.012	5.925	4.707	17.279	5.007	3.582
19.610	4.272	1.652	6.784	8.046	4.172	4.323	4.537	6.016	12.452	7.428	1.294
16.200	5.396	4.109	5.770	8.159	5.804	4.355	4.113	4.766	1.389	8.863	0.621
18.017	4.783	2.810	4.491	7.935	6.154	5.536	4.374	3.606	10.914	4.460	1.821
8.858	4.818	2.221	5.345	8.737	6.654	5.455	5.284	3.268	9.098	3.930	1.394
-7.694	9.138	-7.643	16.964	-6.751	-7.412	-6.790	-7.970	3.409	15.674	6.371	1.209
-7.270	6.571	-4.626	8.112	-8.022	-6.339	-7.165	-5.873	0.807	5.541	9.525	0.396
-7.341	9.503	-6.273	19.177	-8.217	-6.285	-6.586	-5.727	4.854	11.066	5.474	1.651
-6.283	4.211	-9.107	14.997	-7.353	-7.951	-8.901	-6.042	4.530	17.323	1.459	4.138
-7.469	4.583	-7.311	2.968	-6.490	-7.305	-5.764	-7.233	4.009	13.195	2.245	4.043
-6.685	0.101	-6.281	5.241	-5.457	-6.520	-6.726	-8.101	3.592	16.924	4.605	0.490
-6.820	4.548	-5.886	6.602	-9.731	-9.158	-5.791	-7.921	2.729	0.705	2.778	1.314
-8.555	6.414	-7.248	12.280	-6.427	-6.468	-7.345	-5.904	2.676	8.574	9.008	3.910
-7.791	8.472	-7.573	1.575	-7.290	-8.947	-5.556	-7.737	0.496	1.351	5.467	2.936
-7.685	3.501	-7.490	7.067	-7.332	-7.690	-7.026	-6.851	4.164	6.079	0.340	1.021
-7.745	1.306	-8.504	14.319	-6.435	-7.505	-6.267	-6.166	2.862	15.823	9.001	3.831
-7.462	0.460	-5.699	10.708	-7.858	-6.835	-6.686	-7.199	4.058	1.744	6.165	1.148
-7.922	3.799	-6.662	14.681	-8.199	-5.197	-6.058	-6.446	2.962	4.541	2.064	2.304
-8.585	9.842	-7.440	5.916	-6.077	-6.961	-7.516	-6.600	2.286	12.018	8.010	3.675
-7.734	8.001	-7.904	10.857	-5.895	-6.182	-7.669	-6.236	3.123	12.826	2.169	2.812
-7.545	3.917	-7.278	2.302	-7.214	-7.332	-6.866	-8.044	0.658	8.705	0.078	4.685
-7.879	8.705	-5.991	12.618	-7.516	-7.497	-6.733	-5.423	3.850	7.327	0.771	3.876
-6.872	7.210	-6.526	17.881	-8.260	-4.846	-6.694	-8.076	0.579	14.264	9.348	0.622
-9.011	1.661	-10.064	19.743	-8.169	-8.584	-7.757	-6.228	0.463	13.142	7.105	4.362
-6.085	7.287	-7.846	5.613	-5.547	-6.789	-5.731	-7.998	4.423	8.202	4.633	0.517
-7.025	1.249	-6.212	18.280	-7.316	-7.010	-5.651	-6.836	2.300	18.971	9.953	4.587
-6.186	3.077	-5.819	19.339	-6.604	-6.949	-5.703	-7.363	2.581	5.087	7.700	4.875
-8.125	8.654	-7.468	2.683	-8.901	-6.196	-8.405	-8.165	3.139	7.137	1.818	1.099
-6.949	3.849	-7.359	4.714	-8.199	-5.873	-6.554	-6.762	0.821	6.875	2.498	1.910
-6.005	5.867	-7.580	18.055	-7.910	-8.466	-7.525	-8.936	2.707	11.180	2.982	1.812
-5.641	5.206	-8.187	6.725	-6.628	-7.694	-6.261	-8.366	3.257	3.639	2.513	4.157
-5.668	4.204	-9.296	16.656	-6.767	-7.504	-6.985	-7.906	0.504	17.375	1.977	1.737
-7.024	4.736	-7.334	3.890	-7.490	-7.619	-7.350	-8.595	0.392	17.443	3.787	2.299
-7.274	7.566	-5.015	14.833	-7.547	-6.228	-5.040	-6.724	4.136	1.203	0.108	0.048
-5.691	3.629	-8.003	8.848	-6.747	-8.607	-8.232	-6.394	1.250	9.446	0.186	3.097
-6.919	2.848	-6.310	7.785	-5.482	-6.427	-5.314	-8.182	4.990	10.796	3.590	3.775
-6.197	1.391	-8.098	4.966	-6.314	-8.723	-7.545	-4.726	2.281	19.255	4.365	2.652
-6.115	7.906	-8.244	2.799	-7.199	-7.689	-6.834	-6.462	1.396	6.651	8.138	2.998
-6.734	0.507	-7.674	19.110	-7.177	-5.728	-5.187	-8.799	0.878	2.020	0.273	3.049
-6.778	5.950	-7.672	0.110	-6.340	-6.767	-7.592	-8.249	3.859	15.336	4.864	3.657
-6.404	7.325	-7.350	8.939	-5.733	-6.992	-6.670	-4.254	0.401	13.715	0.050	0.583
-8.204	3.630	-6.023	11.841	-7.150	-6.836	-7.433	-5.994	2.679	11.337	5.496	2.845
-6.137	8.624	-7.058	0.289	-6.489	-5.115	-7.151	-7.793	3.393	8.027	7.627	4.563
-7.799	6.140	-7.461	18.527	-6.528	-8.028	-6.373	-7.123	3.029	0.045	4.099	2.346
-7.333	8.783	-7.884	10.842	-7.261	-5.284	-7.608	-5.727	0.775	14.139	4.196	2.681
-5.072	9.273	-6.368	5.808	-6.431	-7.153	-6.126	-7.266	1.127	17.379	0.800	4.915
-6.267	6.427	-6.712	13.219	-6.962	-7.385	-6.377	-5.316	3.835	19.656	0.949	2.224
-8.829	1.458	-7.970	16.261	-5.709	-8.332	-10.070	-7.467	0.480	3.797	7.999	1.559
-7.676	5.347	-6.305	4.327	-6.151	-8.700	-5.198	-7.487	4.279	4.916	4.129	2.944
-7.410	6.312	-7.158	13.282	-8.794	-7.252	-7.227	-7.308	1.449	1.707	1.120	0.444
-5.675	6.059	-6.358	11.974	-6.778	-7.056	-5.661	-8.644	4.264	11.277	9.786	2.022
-7.862	2.576	-6.322	19.451	-6.474	-7.574	-6.187	-6.688	0.353	9.266	5.465	4.462
-6.566	8.426	-6.715	8.817	-7.753	-4.797	-5.532	-6.641	1.245	14.192	7.328	3.252
-6.528	1.811	-7.899	7.354	-5.598	-7.589	-7.371	-7.034	4.393	9.785	5.590	4.226
-7.468	8.942	-8.069	9.463	-8.118	-8.670	-6.826	-7.109	1.735	7.226	2.211	4.304
-4.976	7.258	-6.367	12.566	-7.526	-7.944	-5.670	-4.653	2.988	6.133	2.593	4.922
-8.586	2.642	-6.497	12.243	-6.133	-6.474	-6.825	-6.784	4.343	7.610	4.490	2.420
-7.718	7.288	-4.981	7.143	-7.884	-5.277	-7.970	-5.779	3.536	9.398	2.802	4.842
-5.576	2.055	-7.886	8.047	-6.559	-5.707	-6.681	-7.310	1.740	11.845	0.721	4.067
-5.435	8.005	-7.627	2.848	-7.312	-6.668	-8.124	-6.287	0.575	12.258	8.424	1.438
-8.189	0.889	-5.427	4.874	-6.240	-8.467	-6.890	-7.057	0.739	3.145	6.917	4.831
-6.337	7.733	-6.215	8.044	-4.876	-7.921	-7.163	-6.282	0.823	4.371	3.433	2.103
-7.158	8.816	-7.035	4.251	-7.684	-9.019	-8.001	-7.476	3.430	1.484	6.593	0.297
-6.092	3.576	-7.190	15.457	-6.362	-7.161	-7.035	-6.721	2.878	1.997	6.689	4.784
-6.694	9.667	-5.462	11.380	-7.333	-7.134	-6.114	-7.605	0.578	1.267	8.985	2.165
-7.489	2.035	-6.352	1.241	-7.635	-7.137	-6.368	-7.049	2.077	13.200	4.480	2.291
-7.815	6.998	-7.766	13.175	-4.785	-7.265	-6.035	-6.487	3.128	15.533	0.117	0.505
-5.972	6.082	-8.136	9.932	-6.903	-5.453	-6.780	-6.014	4.561	19.400	6.359	4.350
-7.204	2.720	-6.497	10.538	-6.986	-7.073	-6.108	-6.831	0.982	0.203	2.373	0.636
-6.447	0.632	-7.446	3.341	-7.006	-6.042	-7.092	-6.606	1.503	6.019	2.546	1.910
-7.285	9.427	-8.228	14.277	-6.508	-5.161	-7.652	-6.570	4.027	13.618	5.273	3.410
