7.879	2.171	2.202	15.736	1.301	3.356	3.415	5.013	4.335	1.005
9.883	6.958	4.152	10.183	-0.038	1.526	2.365	9.142	1.684	0.982
5.590	0.148	3.878	16.630	0.527	3.711	10.949	3.995	4.285	-0.334
14.110	9.075	2.255	2.931	-0.812	2.968	12.384	4.539	3.764	0.314
17.908	8.846	4.195	16.424	0.458	1.696	18.271	3.723	2.151	0.348
11.333	2.732	2.401	1.999	-0.747	3.784	5.305	8.709	0.844	-0.308
1.694	3.745	3.680	5.455	-0.181	2.160	16.554	5.575	1.758	1.564
14.869	2.977	1.193	15.786	0.528	3.134	17.278	6.298	4.043	2.313
7.799	8.141	1.004	17.994	0.199	1.288	5.656	6.777	3.276	0.329
4.699	5.095	0.698	10.168	0.157	0.179	15.293	6.181	4.344	0.503
16.965	6.558	0.419	16.280	0.640	3.840	12.358	8.396	2.721	-1.693
9.496	4.447	0.235	8.240	1.171	4.214	18.328	3.893	0.067	-0.016
17.181	9.217	3.849	7.673	0.680	1.329	9.279	5.954	2.575	-0.999
1.773	2.029	1.670	8.630	0.238	1.648	9.386	2.348	2.891	-1.558
3.947	2.896	3.068	11.609	1.307	3.318	7.033	2.246	0.233	0.671
17.457	5.413	3.250	16.134	0.845	0.580	11.749	4.999	3.618	0.731
12.102	2.753	1.118	11.180	0.441	4.171	16.937	5.395	3.625	0.823
9.253	1.187	3.285	3.344	-1.171	2.443	1.409	3.657	4.644	-2.521
12.884	2.293	1.368	13.469	-0.043	4.777	6.457	5.089	4.926	-1.618
10.078	5.407	2.445	7.907	2.413	2.337	10.716	1.231	0.177	0.812
13.131	8.286	0.659	4.246	-1.088	2.507	2.471	4.032	2.064	0.525
6.305	1.190	2.307	17.263	1.389	3.258	10.345	1.769	3.605	0.316
17.225	5.975	2.681	10.610	0.517	0.370	1.087	5.637	2.447	1.156
11.407	2.829	2.752	4.963	0.099	3.345	10.447	4.715	2.156	0.323
15.931	0.658	1.641	19.785	0.617	1.672	8.316	7.867	3.806	-1.675
16.352	8.871	0.114	11.779	0.657	4.138	2.841	0.491	4.245	-0.330
4.265	1.215	0.123	2.620	0.780	2.955	5.693	1.948	4.804	-0.003
4.231	6.478	3.557	12.500	4.584	2.222	1.244	2.766	4.815	1.464
5.297	5.461	1.132	13.345	4.255	3.994	16.709	3.082	4.022	16.360
3.171	0.301	2.157	12.604	5.068	3.071	2.465	0.031	3.252	7.230
4.512	1.511	4.272	15.597	5.069	0.066	4.258	3.832	4.784	3.225
4.083	6.176	1.191	17.961	3.406	2.190	3.886	2.160	4.679	10.642
2.054	2.585	4.362	11.537	5.233	0.410	13.854	7.979	4.154	7.998
4.952	6.594	0.537	6.448	6.234	1.926	2.504	1.997	0.218	0.027
3.834	3.200	4.806	14.144	5.349	4.233	3.728	1.803	3.963	17.850
5.167	0.961	1.284	8.289	5.314	4.558	18.709	8.713	4.866	5.455
3.507	7.842	2.076	2.494	5.613	4.890	2.464	6.159	3.719	2.996
5.165	7.077	2.856	3.743	5.592	1.709	8.678	3.733	3.556	14.951
3.624	1.071	3.018	14.094	5.174	0.625	0.387	9.906	0.481	16.725
2.865	7.856	4.398	17.440	4.569	4.936	5.024	3.010	1.388	4.781
5.587	5.526	3.535	18.669	5.179	0.854	15.933	7.224	3.433	1.003
3.882	0.287	4.803	6.405	5.303	3.668	10.345	9.318	4.474	8.389
4.956	0.205	0.755	8.430	4.274	3.647	14.613	1.923	1.253	1.505
5.136	7.489	4.941	11.873	4.594	2.342	19.001	1.915	2.613	15.737
4.657	8.778	0.100	5.711	6.255	1.318	7.519	3.917	2.877	18.219
5.046	2.237	4.256	10.446	3.231	2.388	14.860	3.643	0.057	14.491
3.000	8.021	3.153	13.212	5.628	2.173	9.776	7.535	3.213	19.290
5.271	3.406	3.540	4.906	5.636	2.541	2.779	3.618	3.592	2.192
5.328	9.613	3.340	19.776	5.319	0.693	0.111	4.258	1.809	11.635
4.934	4.231	4.330	13.172	5.843	3.324	13.212	9.514	1.489	2.495
5.419	2.395	1.629	10.332	4.788	0.337	1.414	0.557	1.048	18.058
5.663	0.875	0.226	11.549	5.329	3.978	16.009	3.810	3.887	4.312
7.299	6.493	2.417	3.643	5.756	4.761	7.020	5.886	1.385	10.094
5.740	5.325	4.596	2.254	4.074	4.289	0.887	2.511	4.391	10.784
12.129	0.866	3.909	3.508	6.501	3.922	7.686	-8.058	3.402	-5.400
17.318	7.384	1.204	17.683	0.507	1.067	11.970	-5.278	4.460	-6.999
2.296	9.195	3.667	18.394	0.299	0.374	8.099	-6.628	3.616	-6.408
16.352	3.887	3.748	11.516	1.906	4.931	0.143	-6.476	3.439	-5.699
9.255	8.247	1.128	5.587	9.981	1.534	19.492	-5.367	3.085	-8.678
17.753	1.869	2.613	13.026	3.819	3.298	9.469	-6.103	2.232	-7.537
12.037	5.851	1.375	2.364	9.663	4.547	1.302	-7.157	1.723	-7.636
5.082	7.712	3.736	17.884	9.663	4.838	9.981	-6.061	3.726	-6.153
1.443	0.046	3.696	1.849	5.570	2.766	15.089	-7.881	1.499	-6.368
11.253	5.678	4.160	14.958	3.220	2.966	11.544	-5.179	3.855	-7.127
13.926	6.167	3.294	15.432	7.474	0.681	5.586	-7.129	0.660	-6.648
12.814	5.756	1.611	7.337	4.014	2.579	2.618	-6.382	0.248	-7.207
13.579	8.996	0.142	0.860	6.948	3.073	5.597	-6.937	4.018	-4.723
1.823	9.530	0.493	4.969	1.924	4.652	12.352	-7.081	3.130	-6.373
6.844	7.287	1.816	12.201	9.786	0.884	0.068	-6.476	2.507	-8.199
7.277	9.439	2.075	3.771	6.082	2.650	5.526	-6.599	4.835	-7.512
19.521	3.876	1.197	3.353	1.034	3.943	3.176	-7.711	2.633	-6.813
11.489	1.249	0.124	17.283	6.439	0.923	9.592	-7.486	2.250	-7.582
3.257	4.719	4.782	13.861	4.277	4.342	5.665	-5.998	1.049	-8.335
14.957	7.890	0.294	16.836	5.930	3.325	2.004	-6.045	1.870	-6.338
11.943	6.918	1.174	9.700	7.840	2.885	3.084	-7.546	1.142	-5.023
1.892	5.366	3.806	12.957	2.476	1.978	5.332	-6.370	4.926	-7.270
3.257	9.626	0.796	2.958	0.873	4.865	2.813	-5.746	2.254	-7.855
18.963	9.992	3.396	5.673	5.760	2.551	2.543	-5.680	0.662	-6.389
4.173	2.244	4.223	7.221	4.988	2.250	8.587	-6.943	1.485	-6.701
4.167	1.812	3.387	17.794	6.359	1.719	15.637	-5.801	1.393	-6.304
