7.653	8.188	2.173	-1.066	-0.420	5.426	9.377	19.305	4.692	4.252	5.228	0.134
14.852	3.041	3.194	-1.207	0.454	10.961	3.048	14.589	2.050	6.011	9.982	4.637
8.051	7.317	0.696	-1.085	-0.665	16.637	0.104	12.873	4.796	13.425	8.545	3.837
17.585	4.694	2.391	0.662	1.682	15.950	5.387	9.712	2.887	4.684	7.398	2.188
15.864	1.634	4.783	-0.084	0.431	14.319	0.519	8.729	3.988	16.438	7.258	2.815
15.243	6.725	4.553	-1.813	2.861	2.292	4.372	0.500	3.573	11.081	3.946	1.848
19.079	4.009	4.276	-0.300	0.424	7.558	0.223	5.868	0.540	19.773	0.257	1.803
1.000	2.927	4.637	-2.019	-0.044	19.550	9.977	7.845	1.458	9.592	5.909	0.116
11.844	2.940	3.264	0.077	-0.883	17.797	8.472	19.702	3.473	13.361	3.070	3.415
11.300	6.623	3.470	0.997	0.299	10.704	6.222	3.829	2.902	1.423	6.782	2.090
9.228	7.652	2.854	1.110	0.918	5.701	1.535	18.957	0.276	0.442	9.441	0.931
10.725	2.739	3.614	0.018	-0.477	15.708	4.477	8.589	0.357	10.261	1.401	0.565
19.387	6.903	3.926	1.379	-0.937	8.070	0.406	0.831	1.118	3.552	4.187	4.528
19.144	8.618	2.563	0.113	-0.815	17.898	4.625	14.936	4.407	1.613	4.415	4.920
18.424	2.714	2.804	-2.055	-1.095	12.774	8.698	10.626	3.306	11.640	5.303	1.112
3.023	2.853	4.546	-0.471	-0.862	17.505	1.711	6.991	3.507	2.343	3.440	0.919
15.154	7.440	2.901	1.555	0.406	4.569	9.639	7.192	0.972	9.802	1.031	1.784
11.209	2.805	1.935	0.404	0.530	1.567	5.929	16.472	3.454	19.781	2.484	3.325
9.027	2.748	2.300	0.363	-0.158	1.324	3.214	7.093	2.682	6.575	4.490	0.111
6.612	3.169	4.290	0.669	-0.628	4.091	2.579	8.309	2.146	12.999	0.527	2.198
6.091	1.230	2.288	0.738	-0.101	1.474	6.327	14.224	0.196	16.198	7.011	3.008
2.972	6.857	4.066	-0.315	0.719	17.606	3.657	9.785	3.812	5.003	9.796	3.546
7.433	3.022	2.357	1.370	0.970	13.995	3.665	8.978	4.616	19.440	2.228	3.294
17.334	5.548	2.770	-0.833	-0.396	7.794	2.162	13.978	2.622	17.024	7.156	4.871
18.278	1.175	0.497	1.429	-1.168	8.636	8.476	9.217	0.677	10.572	0.396	3.329
14.479	3.275	2.296	0.604	-0.349	0.760	7.796	14.033	0.176	12.359	4.925	4.805
17.533	3.894	0.790	1.366	1.522	1.247	9.797	3.887	1.770	11.607	2.255	2.265
10.536	7.984	1.346	1.710	0.422	3.504	2.447	12.282	0.304	19.146	5.616	1.811
6.267	4.750	2.379	0.156	0.377	9.190	7.501	12.932	2.997	16.775	6.940	0.611
4.530	5.312	3.436	0.627	0.148	14.684	6.135	17.360	0.090	7.185	1.066	2.234
11.523	1.166	4.988	-0.700	0.579	7.581	2.591	12.417	4.534	10.944	9.105	0.941
14.296	6.611	3.759	1.689	1.174	5.087	7.372	7.487	2.209	3.820	5.936	1.588
14.456	9.537	4.851	0.959	-0.624	9.052	5.042	11.514	1.573	11.937	0.825	1.128
4.977	7.986	4.584	-0.104	-0.510	5.321	0.569	11.390	1.318	11.654	5.203	2.386
17.864	5.435	4.827	0.749	-0.164	16.195	8.405	18.089	2.337	8.679	9.453	0.485
11.160	1.087	3.028	-0.219	0.137	9.862	7.353	9.304	2.515	12.888	9.043	1.241
15.042	1.077	4.059	-0.271	0.223	7.226	2.355	12.186	1.367	9.147	6.671	3.671
4.187	5.406	0.648	-0.889	-0.152	13.448	0.493	9.898	2.427	7.437	0.330	0.914
1.412	9.924	0.026	0.845	-1.576	9.434	8.571	5.678	4.785	0.470	5.651	0.414
3.388	0.687	2.365	0.629	-0.655	9.917	7.979	14.248	2.348	2.984	1.443	2.411
1.895	3.726	4.694	-0.384	-0.292	6.123	8.412	6.084	2.040	8.005	6.783	3.931
8.917	6.042	4.054	1.956	-2.027	13.798	5.301	14.011	0.275	4.688	5.971	3.866
8.101	6.446	4.979	-1.186	0.591	18.894	7.174	1.904	3.364	8.162	4.797	3.974
17.808	8.354	4.626	1.383	-0.526	2.004	5.604	5.396	2.294	19.885	4.686	0.831
17.257	2.126	1.742	1.136	-0.161	11.663	9.266	18.882	0.078	13.008	5.771	1.243
15.509	6.672	4.321	-0.958	-2.156	1.253	1.438	4.834	0.275	18.594	6.340	0.779
13.209	9.794	0.904	0.190	0.745	4.036	9.988	7.798	1.482	12.068	1.954	4.188
9.544	6.099	2.862	0.844	0.597	16.258	1.396	5.217	0.631	18.943	2.664	3.193
11.253	8.090	0.380	0.389	0.886	8.321	0.545	10.940	4.743	15.629	9.923	1.202
12.293	3.019	2.378	0.123	0.258	9.540	6.655	15.260	0.276	11.386	9.716	2.999
2.751	8.080	2.078	0.741	-0.005	2.942	0.117	6.082	4.231	16.835	6.757	2.261
13.462	8.696	2.787	-0.796	1.314	19.217	0.448	18.977	3.676	13.605	4.220	3.582
6.416	8.202	3.166	0.918	-2.140	15.879	7.635	17.977	1.752	6.495	5.913	3.336
14.778	2.027	1.447	-1.449	-1.789	7.153	9.166	5.803	0.774	15.358	9.121	4.590
9.886	0.261	2.705	1.553	-1.230	8.941	9.808	11.325	4.612	1.706	0.160	0.609
19.399	9.039	2.040	0.419	0.194	6.555	7.420	5.394	1.094	3.927	1.023	2.197
6.794	4.605	1.073	-0.663	-0.303	3.604	7.381	12.803	4.984	3.858	2.236	2.002
9.695	0.741	4.366	0.552	-0.731	4.814	2.324	19.992	4.682	3.204	3.396	4.358
10.969	8.592	0.567	0.613	0.634	2.165	6.848	17.070	2.187	14.296	7.284	0.133
18.485	0.987	3.276	0.315	-2.327	15.876	4.598	15.978	0.605	16.260	1.244	2.656
13.004	1.307	1.714	0.092	-0.205	7.361	5.951	6.027	2.162	15.572	6.912	2.294
1.039	5.162	3.313	0.069	0.891	19.633	1.066	15.854	3.036	11.723	4.524	1.565
5.531	9.960	4.942	0.020	-1.453	3.154	8.817	3.317	0.311	17.932	2.709	4.999
7.275	7.436	3.297	-0.439	0.471	1.009	9.161	12.791	4.413	0.482	0.179	0.769
16.919	6.003	3.782	0.602	0.888	4.928	5.269	7.525	0.861	4.937	8.594	4.772
17.203	7.913	0.684	-1.830	-0.379	7.083	8.742	13.955	0.405	11.533	2.179	1.722
3.237	5.522	4.489	-0.151	-0.461	4.201	8.319	9.401	2.965	18.480	0.873	4.030
0.929	9.330	4.263	-0.477	0.476	0.068	5.425	6.096	2.161	8.009	0.563	0.630
17.425	8.217	0.113	0.903	0.118	12.129	2.726	1.686	2.479	15.335	2.599	2.700
2.846	9.749	1.823	0.308	-0.606	13.189	7.303	1.216	2.248	7.995	1.136	3.853
8.081	1.553	2.136	0.774	-0.666	10.342	9.001	19.504	3.280	12.661	5.575	3.155
10.566	1.432	4.677	-1.153	-0.496	7.809	9.448	11.490	1.886	4.399	2.698	4.177
10.771	9.632	0.343	-0.203	-0.847	1.345	5.534	12.196	1.408	3.438	5.828	3.135
1.966	1.502	0.229	0.644	1.066	0.798	2.418	7.814	0.547	13.848	1.457	2.582
6.299	0.276	1.259	-1.359	0.186	15.633	6.378	2.778	2.608	1.066	6.080	1.002
2.963	5.828	4.310	-0.951	-0.637	13.906	2.500	12.668	2.185	1.838	7.621	1.824
16.436	5.787	3.953	0.611	0.971	19.264	9.550	19.648	4.416	15.890	9.020	4.967
11.493	8.970	0.150	-0.094	0.044	10.720	2.892	15.292	1.441	5.211	1.822	0.283
10.171	8.555	1.472	-0.265	-0.146	9.618	4.772	4.264	4.845	10.848	9.727	2.666
5.137	7.428	1.102	0.979	0.290	14.845	9.404	12.899	4.319	14.318	4.032	3.519
18.700	9.576	2.923	-0.019	1.126	1.017	2.592	6.004	1.905	12.376	1.856	4.259
3.612	0.205	2.569	-0.374	0.436	13.014	1.377	11.138	3.275	14.932	7.131	4.674
6.592	2.356	4.059	0.397	0.074	18.810	3.155	11.763	1.956	10.192	8.503	3.312
19.430	8.239	1.022	1.990	-0.963	9.921	1.571	9.574	2.738	6.291	6.253	1.134
12.191	3.353	3.970	-2.061	0.214	6.326	9.315	19.845	3.424	5.569	8.165	0.341
3.736	2.254	1.649	-0.405	0.476	15.011	1.864	11.011	0.673	13.036	4.912	4.158
8.656	8.669	4.577	1.165	1.770	3.824	4.759	7.430	1.588	6.648	4.274	3.093
1.566	3.647	0.524	3.051	-0.310	12.886	7.560	6.919	2.188	4.234	9.479	3.266
6.090	1.875	3.983	-0.790	-1.630	17.554	4.169	6.666	1.524	17.716	7.859	3.238
8.141	2.665	3.048	-0.240	-0.397	17.680	4.531	17.533	4.416	0.098	9.608	4.340
18.549	6.451	1.697	-0.385	1.662	16.341	4.155	0.735	0.031	1.674	2.572	4.203
18.175	2.911	3.307	-0.135	-0.191	1.952	0.707	13.480	3.547	15.487	2.507	0.536
12.113	0.159	2.869	1.314	-0.043	0.324	7.926	18.440	0.663	9.150	9.004	4.909
4.572	1.969	2.474	1.114	-0.864	0.492	8.810	0.045	0.309	14.633	7.882	0.645
13.428	7.928	2.549	0.811	-0.006	10.404	1.703	8.281	0.747	16.180	9.639	3.409
11.679	3.892	0.652	0.180	0.787	8.571	5.612	15.999	4.253	4.239	9.337	4.207
5.949	1.511	3.127	0.070	1.384	9.602	7.738	8.405	3.742	12.732	7.637	2.922
18.194	6.352	1.229	-0.392	0.357	18.337	5.851	7.355	1.449	3.988	3.908	2.770
3.976	5.096	0.183	-1.164	0.425	17.780	7.453	1.538	0.914	16.308	7.640	3.232
18.495	6.916	2.239	-2.243	-1.537	0.888	3.830	14.537	1.391	16.395	9.533	2.305
7.498	5.406	0.070	-0.728	-1.231	11.914	2.458	13.540	0.243	1.235	4.881	2.268
6.232	1.899	3.941	1.878	-1.158	1.002	1.846	12.119	4.252	12.056	1.069	1.357
19.487	2.587	2.215	2.166	0.064	8.271	4.820	17.315	2.651	3.705	2.426	3.664
16.434	9.433	2.865	-0.383	-0.903	1.895	4.078	2.345	2.968	5.162	5.895	0.396
5.180	5.470	4.378	1.480	-1.668	10.840	2.109	1.709	1.165	6.047	8.793	3.275
8.036	3.128	4.640	-0.054	1.386	1.001	2.200	17.732	3.669	15.015	4.334	1.974
5.226	4.953	2.036	-0.277	0.943	9.010	2.455	9.080	0.431	6.989	2.872	1.979
7.945	2.265	3.442	-0.927	-0.048	1.738	8.443	11.463	1.254	11.821	1.314	0.672
9.423	2.711	4.663	1.516	0.932	9.068	0.272	9.524	0.937	6.824	6.838	1.432
10.707	8.579	2.560	-0.144	-0.169	16.599	3.938	18.897	0.292	13.573	7.697	0.302
19.923	3.038	0.639	1.583	-0.562	12.311	1.679	3.197	4.290	12.847	2.506	3.593
14.640	9.645	0.315	1.207	0.327	2.762	5.087	5.098	1.672	18.218	3.029	0.864
11.623	2.429	3.841	-0.706	0.153	17.234	8.074	7.711	4.021	8.011	2.405	3.942
5.492	6.766	4.556	0.246	-0.250	10.931	5.875	19.636	3.989	5.697	1.987	0.307
6.460	0.142	0.252	-0.415	1.483	9.902	2.570	9.823	0.966	19.590	2.817	2.492
2.454	3.286	2.759	0.093	-0.881	18.054	8.316	4.097	2.082	9.797	1.895	2.221
11.687	3.983	3.599	-1.493	0.113	18.870	4.211	5.416	3.013	18.749	3.067	4.097
4.413	1.096	1.812	-1.494	0.994	16.340	4.949	10.537	1.312	10.188	5.609	2.418
14.573	8.013	2.801	0.077	0.845	6.083	6.972	5.611	2.483	3.534	5.552	3.783
2.441	4.300	2.877	0.813	0.614	12.979	7.021	0.037	2.777	16.555	1.397	1.879
3.968	3.475	0.808	-0.270	-0.966	11.510	9.119	19.356	4.046	1.467	9.466	0.947
14.092	9.298	0.886	-1.097	0.131	4.578	4.674	15.413	1.058	17.981	1.087	4.199
8.145	9.979	0.385	-1.004	0.434	17.558	9.787	1.452	4.300	6.297	0.296	4.697
5.913	9.849	1.226	-2.089	0.952	1.009	2.434	10.582	0.025	3.840	0.495	4.957
2.365	8.858	1.381	-0.368	-1.355	13.079	5.030	13.906	4.948	17.431	3.462	2.150
5.476	6.532	1.997	1.037	0.499	4.825	6.457	7.995	0.418	11.654	5.874	3.628
6.936	7.841	0.263	0.236	0.455	15.694	2.530	0.336	3.184	13.202	8.758	2.087
14.343	1.983	4.515	-0.001	1.298	14.478	2.567	14.651	0.942	9.254	3.997	3.881
8.357	8.140	4.263	-0.507	-1.552	15.187	9.398	12.862	2.545	3.401	6.607	2.031
8.016	5.350	1.576	0.398	0.591	4.503	0.657	4.025	4.954	1.413	2.647	3.550
11.449	8.388	3.273	0.247	-0.981	4.320	4.758	15.059	3.849	2.037	6.278	4.611
15.351	7.465	1.932	0.247	-1.262	6.900	1.320	5.599	1.713	12.599	8.305	2.991
10.898	2.657	2.289	-0.516	-0.240	8.088	7.041	12.245	3.579	4.419	5.993	4.264
8.546	1.360	0.315	-1.022	-1.233	10.229	5.887	7.536	2.016	9.910	3.506	0.802
14.790	7.779	1.697	-1.489	0.793	5.355	6.893	5.705	1.331	3.698	6.450	2.904
18.936	4.881	0.519	-0.840	0.795	19.628	0.280	16.159	0.910	3.543	6.498	1.285
0.329	4.974	0.882	0.218	0.189	3.965	9.228	6.107	4.780	5.715	8.659	0.915
3.519	5.494	4.731	-0.341	0.174	10.145	0.956	6.434	1.608	17.416	3.787	0.763
17.988	2.311	4.997	-0.181	-1.384	7.664	7.789	18.161	3.096	17.650	3.070	4.118
3.327	8.904	1.206	0.754	1.397	6.067	0.676	0.603	0.570	17.491	8.693	4.304
17.223	1.013	4.918	1.528	-1.554	1.095	9.297	16.526	0.443	9.003	9.826	4.755
12.050	2.382	0.097	1.378	0.607	16.505	2.977	18.126	0.671	6.546	4.025	0.703
4.572	1.959	2.968	-1.409	-0.549	1.093	3.338	8.555	0.526	0.065	2.636	2.567
6.502	4.501	2.779	-0.877	0.296	0.186	2.498	14.085	0.986	16.162	8.469	0.872
14.521	8.259	0.634	-0.213	0.247	8.611	1.220	12.637	2.543	11.882	8.938	2.803
16.581	5.362	1.100	1.074	1.360	18.375	2.795	18.949	4.686	10.784	9.464	1.936
8.048	9.419	0.135	-0.172	-0.474	12.105	5.168	8.927	4.935	8.702	2.376	2.131
16.198	4.160	3.423	0.145	1.856	4.656	7.770	14.212	2.699	14.689	0.683	2.653
3.277	0.218	3.918	-0.869	0.734	0.270	5.379	2.503	2.294	9.774	3.350	4.058
0.021	0.799	2.652	0.436	0.977	12.369	1.125	4.795	1.736	0.296	2.466	2.077
12.387	2.241	0.350	1.745	0.565	1.460	6.321	13.958	3.460	1.804	0.096	2.994
5.196	8.629	4.608	-0.441	1.349	13.046	5.893	17.183	2.963	11.316	2.281	4.212
9.734	9.473	2.173	-1.623	0.042	2.757	1.437	17.880	2.405	14.710	8.417	4.589
1.341	7.589	4.450	0.958	-0.172	2.359	0.219	4.147	0.707	7.272	3.421	3.517
8.381	7.142	1.999	-0.084	1.842	11.542	4.730	15.304	0.350	5.878	9.328	0.351
10.978	4.273	1.911	-1.263	0.216	19.477	8.307	8.715	0.310	1.298	7.303	0.767
4.986	6.950	3.510	-0.168	-0.813	5.099	3.874	16.573	2.226	15.642	7.836	0.071
7.629	5.023	0.777	-2.732	-1.273	0.310	6.658	2.461	2.727	6.785	0.220	1.549
4.457	2.131	3.751	1.194	0.886	14.721	8.969	1.387	1.366	3.193	4.211	4.199
14.853	3.654	0.866	1.101	1.529	13.511	6.764	8.058	1.815	18.034	3.994	1.792
1.079	1.713	3.611	-0.719	-0.771	1.418	3.158	19.106	3.478	11.711	3.247	1.640
18.231	2.059	0.130	0.381	0.077	11.025	7.243	7.755	1.904	17.182	8.866	4.684
11.245	7.801	2.263	-0.782	-0.702	5.945	2.561	1.436	2.961	9.706	5.990	3.580
16.889	4.577	1.216	1.436	-0.422	12.756	9.384	14.763	0.573	0.893	3.539	2.755
10.008	4.604	4.032	1.597	-1.228	4.657	6.928	16.659	2.080	13.904	0.767	0.520
13.126	9.410	0.234	-0.279	-0.091	7.987	4.546	2.995	0.755	13.717	3.418	1.896
9.614	6.661	0.846	-0.384	-1.111	13.326	6.904	3.410	3.773	0.901	0.916	2.386
15.244	0.836	2.657	0.521	-1.922	9.297	3.886	14.612	3.026	9.812	7.181	3.986
10.800	3.928	2.849	-0.244	2.040	8.807	6.812	0.978	0.267	12.754	3.141	0.555
6.460	5.065	2.054	1.661	0.171	12.722	9.889	14.313	3.605	5.084	9.430	2.687
19.049	5.779	1.605	-0.463	0.944	8.456	4.222	17.740	2.919	1.828	4.058	3.196
8.703	2.067	1.392	0.370	-0.896	14.409	9.063	15.844	4.862	18.370	0.521	0.201
9.714	9.357	2.208	2.330	0.395	0.304	2.942	7.775	1.356	15.896	6.120	2.988
14.860	8.798	3.428	-0.387	0.974	15.106	1.323	9.927	1.018	7.549	2.738	4.124
4.817	2.386	4.252	-0.506	1.006	10.108	7.297	17.043	0.750	4.337	0.014	4.679
13.880	1.125	1.629	-1.663	-0.616	18.479	7.952	8.730	2.288	4.880	4.230	4.395
10.538	3.977	0.879	-0.185	0.908	14.519	6.743	17.691	1.951	1.871	2.161	2.028
1.937	6.163	1.146	1.555	0.281	9.492	3.125	12.835	4.000	13.597	3.954	1.453
19.868	6.234	2.585	1.084	0.107	5.199	5.065	17.082	3.845	9.576	3.508	2.551
16.065	6.426	3.705	1.316	-1.303	10.788	5.238	11.616	3.617	1.413	6.072	0.058
6.805	2.355	3.278	0.451	-0.489	1.002	1.925	2.699	1.264	7.686	7.964	3.543
5.613	4.590	0.791	-0.199	-0.220	7.303	2.719	10.290	0.077	17.123	7.289	0.298
8.221	3.604	0.068	-0.004	0.459	14.932	2.779	14.921	0.205	8.742	1.540	1.834
18.162	0.462	4.334	-2.028	0.354	19.453	8.566	3.923	0.988	11.813	4.920	1.967
0.171	5.397	4.458	1.140	0.175	15.633	3.897	17.346	4.232	4.120	4.832	4.029
16.690	1.485	2.143	-0.492	0.194	8.681	3.917	16.903	0.012	18.683	9.595	1.324
14.923	7.526	3.955	-0.636	0.615	17.994	6.847	9.055	2.845	16.733	5.206	4.830
0.190	1.777	2.052	-0.061	-0.287	18.047	8.733	3.728	2.968	17.263	0.723	0.069
9.767	0.785	2.578	0.305	-0.743	15.604	4.579	18.789	2.158	19.462	1.668	0.738
4.170	6.521	3.277	0.522	-0.928	7.900	6.087	7.824	2.253	14.779	9.078	1.475
19.991	5.795	0.629	0.204	-0.657	7.550	2.611	11.440	2.142	19.304	9.510	1.788
4.701	8.731	1.687	-0.767	-0.233	3.324	5.173	1.869	3.964	19.837	8.554	4.532
14.153	6.778	4.130	0.071	-1.780	11.034	8.796	2.649	2.136	19.726	3.883	1.369
17.869	4.062	1.245	0.559	0.468	14.915	8.966	3.020	4.556	0.888	3.606	0.956
17.708	8.546	2.493	-0.159	0.757	0.837	9.770	2.751	3.130	3.359	5.338	0.375
12.017	7.245	1.466	-0.210	0.308	4.918	7.219	17.941	2.469	1.204	0.574	4.340
10.954	2.258	2.966	-1.014	-0.112	19.347	3.331	13.757	1.202	5.617	6.301	1.693
14.676	7.653	2.469	-1.461	-0.336	4.733	3.380	10.582	3.731	3.763	0.006	3.613
7.164	7.405	1.065	0.000	0.919	9.874	2.759	6.149	3.176	5.002	2.048	2.327
11.027	0.580	0.218	0.885	0.165	18.895	3.573	8.730	3.064	3.998	9.624	4.647
8.938	4.500	4.398	0.419	-2.548	14.329	6.363	13.243	0.167	19.543	3.303	1.694
6.476	8.969	0.821	-0.032	-0.309	14.209	9.252	0.107	1.606	11.038	9.996	3.115
11.069	8.270	1.701	-0.083	-0.785	7.806	1.137	8.090	4.728	7.747	6.039	2.790
10.606	8.515	4.449	1.422	0.471	5.076	0.635	5.313	4.661	16.049	5.881	1.212
15.039	7.668	3.954	-1.742	-0.317	5.920	9.231	10.613	1.800	8.814	3.898	4.680
12.445	9.788	4.440	1.110	-0.740	10.482	6.916	7.274	3.272	3.214	4.975	0.038
7.266	3.553	2.120	0.107	-1.745	13.114	1.781	13.380	1.756	9.975	8.247	4.885
12.554	9.301	0.933	0.032	-0.275	14.628	3.168	18.294	0.887	15.986	0.670	0.406
19.428	0.769	0.722	-0.600	1.415	18.954	3.388	5.894	3.063	1.149	4.520	4.064
12.174	0.942	0.729	-0.874	-0.117	7.606	1.483	12.100	1.175	8.298	2.460	1.060
3.882	2.416	2.564	0.127	1.178	16.213	9.618	3.722	1.656	15.847	7.559	2.939
19.094	8.528	1.126	-2.187	-0.852	19.630	2.441	7.416	4.752	16.481	5.791	1.456
9.217	2.232	2.394	0.129	0.801	11.174	5.687	1.760	2.996	6.020	0.701	2.494
5.888	9.531	2.369	0.477	-1.233	9.761	8.950	1.956	0.317	7.424	6.350	0.085
2.570	9.031	0.131	0.452	2.423	4.304	9.334	13.573	0.535	12.347	4.382	2.631
5.317	7.036	1.414	0.823	1.052	8.278	9.968	3.925	0.852	5.163	3.734	0.241
10.080	1.914	2.775	1.395	1.002	4.532	8.279	2.245	2.508	7.383	5.925	1.331
3.397	2.812	4.237	2.203	1.737	17.780	1.886	8.934	0.033	5.678	9.450	1.114
17.873	7.393	2.062	-0.346	0.767	14.909	5.388	8.035	1.454	8.678	2.574	3.353
9.610	9.465	1.487	-0.795	1.443	4.580	4.539	10.489	4.645	4.464	2.371	0.747
8.048	6.895	3.284	0.996	1.919	0.829	3.118	19.824	1.786	7.554	0.236	3.252
19.119	4.363	0.490	-1.019	-1.357	14.731	4.307	4.903	4.666	8.271	4.362	2.857
3.262	6.510	4.720	0.842	-0.164	16.289	8.430	3.953	1.535	1.261	1.713	4.528
7.189	2.035	1.016	-0.040	0.438	11.668	7.602	3.120	2.108	19.780	4.710	1.340
2.232	5.499	4.220	0.899	0.990	19.570	0.968	13.413	0.759	17.924	7.573	0.114
18.043	5.021	0.394	1.689	0.345	11.081	3.481	17.304	0.047	0.168	5.870	1.163
4.387	0.288	1.514	1.101	-0.730	3.841	8.741	18.582	1.415	3.667	6.546	3.642
10.386	2.001	4.756	-0.740	0.112	5.552	1.580	4.655	1.602	12.045	9.136	4.026
0.551	3.954	3.706	1.443	-0.310	6.625	6.012	2.357	1.581	1.538	4.341	1.152
3.070	7.354	4.659	-0.275	-0.170	2.468	8.497	19.965	2.206	15.176	5.587	2.194
14.803	2.130	4.873	-1.268	-0.619	13.680	5.644	12.050	1.565	19.687	1.902	2.218
17.610	5.219	2.230	-1.388	-0.414	6.493	5.055	4.784	3.051	16.403	4.480	4.115
5.646	2.747	4.945	0.558	-0.664	6.270	3.106	16.900	3.232	16.448	6.041	0.169
8.601	1.957	3.427	0.550	-1.382	10.742	6.637	3.895	4.980	18.745	9.010	3.393
7.855	0.975	2.411	-1.468	-0.367	6.960	3.794	5.348	4.332	15.458	7.808	0.447
2.821	5.180	0.962	-0.460	2.088	7.007	9.823	11.606	1.458	10.891	4.052	1.980
15.316	3.989	1.527	0.353	-0.815	18.590	6.439	5.866	2.172	7.414	1.403	0.314
15.005	5.016	1.142	0.559	0.088	9.391	0.445	12.927	1.664	6.105	7.019	1.889
8.509	4.836	4.074	1.180	-0.136	17.738	1.974	6.949	4.303	9.092	6.530	3.289
5.033	8.857	0.131	0.895	0.416	19.896	1.610	13.766	3.743	3.308	0.966	2.114
10.204	2.523	3.147	-0.799	1.242	9.149	3.452	1.089	3.490	16.199	3.391	2.760
4.777	1.582	4.992	-0.793	-0.218	7.185	9.568	16.278	4.207	5.431	9.399	1.077
5.319	5.977	4.313	1.097	0.182	10.931	5.832	8.565	0.327	8.151	6.603	1.722
17.302	8.703	4.833	-0.926	-0.250	16.212	8.825	8.802	4.382	11.710	6.489	4.336
4.103	7.213	0.613	0.252	-0.090	19.971	2.453	18.857	1.043	8.014	6.119	2.428
15.078	3.293	2.018	-0.416	-1.058	19.029	1.730	12.370	2.121	14.162	1.062	3.128
15.818	0.113	2.545	0.795	-0.213	11.711	3.194	11.315	4.845	18.000	8.199	1.137
15.282	0.886	2.454	0.492	-0.121	17.426	0.869	9.095	3.896	11.785	1.642	2.376
5.689	2.371	4.111	1.506	0.160	7.676	5.679	5.195	4.421	4.674	8.231	2.047
7.656	6.919	1.614	-0.010	0.898	18.029	4.331	10.725	2.463	5.038	9.075	0.423
5.936	5.590	1.290	0.253	-0.947	2.472	9.867	17.304	1.279	12.559	5.065	0.571
17.231	5.804	0.772	-1.888	0.156	4.766	0.161	10.975	2.402	17.623	3.651	1.386
5.071	1.112	3.939	-1.677	-0.536	14.744	7.854	16.586	2.814	5.497	0.375	2.436
12.630	5.114	1.528	-0.499	-0.008	8.207	1.524	13.885	1.520	1.937	8.137	3.340
8.228	2.776	2.912	-1.543	-0.631	1.364	2.418	10.421	2.365	16.843	8.911	1.336
19.776	8.061	1.873	0.696	-0.815	4.721	6.552	19.755	2.526	1.271	4.047	0.218
0.470	3.975	0.926	-0.478	-1.431	3.946	4.134	6.974	2.032	13.005	2.361	4.791
10.681	6.548	2.925	0.537	0.873	0.148	7.103	13.316	3.630	11.604	6.303	3.238
9.369	7.769	3.863	-1.078	-0.071	16.523	3.412	3.386	3.390	0.791	5.955	4.157
19.871	3.608	3.791	0.236	1.644	17.418	1.442	7.257	1.992	1.466	7.471	3.814
9.295	8.043	3.413	0.715	0.315	9.077	4.221	12.172	0.124	11.857	1.962	1.314
18.040	2.121	1.507	-0.634	0.230	19.027	3.609	18.772	4.540	5.385	1.348	0.549
17.121	9.961	1.075	1.865	-1.811	5.174	7.383	11.786	4.199	14.737	9.923	4.261
10.843	8.744	0.328	-0.014	2.141	3.159	0.092	3.507	4.368	10.378	9.974	2.388
10.766	2.683	4.124	-1.693	-0.157	13.526	6.950	14.912	0.718	10.900	6.737	4.552
6.673	2.226	3.034	1.483	-0.549	5.769	7.089	8.756	4.975	18.752	5.645	2.313
9.331	8.382	1.384	0.418	-0.454	15.230	7.040	8.864	0.348	1.319	2.362	1.794
5.399	1.943	0.764	0.960	0.764	13.031	3.287	7.556	3.354	19.975	6.498	4.927
3.314	0.406	1.068	1.005	-1.145	17.040	0.361	17.971	3.991	10.966	6.257	3.774
4.537	8.949	2.006	0.740	-0.563	7.822	1.742	18.048	3.108	1.756	0.896	2.225
5.859	1.198	0.889	-1.594	1.008	19.988	8.832	6.738	3.352	5.458	7.454	3.503
18.451	7.176	4.593	-0.009	0.789	12.174	7.322	16.792	4.066	11.208	9.674	3.908
2.615	1.918	4.202	1.617	0.238	8.670	2.986	0.659	4.815	17.287	3.081	0.385
1.527	9.936	0.241	1.517	-0.457	0.051	9.040	15.006	2.062	5.977	1.626	4.811
2.828	6.232	2.945	2.066	0.149	10.227	0.782	10.699	3.539	13.843	4.273	2.458
16.939	3.212	2.842	-0.075	-0.231	13.958	3.993	5.816	4.973	17.739	2.506	3.246
1.297	9.748	4.185	0.133	0.243	11.620	1.058	6.941	3.876	11.263	7.982	4.839
15.616	8.591	3.231	-0.298	-0.108	6.153	5.511	2.541	2.354	13.195	4.257	1.437
1.933	0.346	0.819	-0.512	0.282	8.115	8.727	15.970	0.647	13.003	0.208	1.305
9.065	2.018	2.682	-0.742	0.112	12.868	1.309	18.972	4.990	2.964	5.863	3.488
7.731	1.414	1.814	-0.269	-0.265	18.946	3.594	16.539	2.006	3.033	7.175	4.263
18.954	0.409	4.929	1.601	-0.983	13.864	5.397	12.749	3.448	17.004	0.754	4.063
10.398	3.207	2.583	-0.224	-0.787	14.800	6.284	14.102	0.849	12.941	3.333	2.990
5.661	9.857	2.154	1.247	0.354	13.309	9.964	5.966	2.816	5.942	3.957	2.420
19.068	0.055	1.956	-0.032	0.394	19.882	8.999	12.669	0.194	18.522	4.474	0.075
19.117	0.039	2.144	0.163	1.635	13.234	0.776	18.028	1.218	2.925	4.152	4.494
6.025	2.316	2.894	-0.504	0.063	2.280	7.711	19.964	0.388	7.932	7.126	4.096
8.171	0.267	2.209	0.522	-0.830	6.013	2.035	5.948	1.313	16.040	2.371	2.000
7.648	1.343	0.875	0.555	0.129	16.315	3.756	16.635	2.020	12.564	3.248	0.253
12.026	1.866	1.880	-1.694	-0.790	10.941	3.452	3.857	2.096	18.019	8.758	1.011
2.324	6.316	1.012	-0.845	0.081	0.338	2.736	2.819	2.685	7.501	3.774	3.410
6.659	3.463	2.748	0.783	0.731	10.403	9.384	11.813	4.186	7.864	6.806	3.005
11.973	4.115	1.087	-0.572	-0.605	12.294	8.441	0.360	1.292	8.429	5.619	0.663
17.093	9.317	4.408	-0.273	-1.368	0.531	5.971	13.499	4.130	12.548	7.007	3.424
9.043	6.067	2.290	-1.196	0.121	5.801	8.056	3.302	1.939	3.014	8.711	3.718
3.134	9.649	2.749	0.652	1.258	17.326	5.685	14.942	4.236	15.170	0.990	3.445
14.643	7.166	4.986	1.182	-0.973	10.211	2.583	11.349	1.428	9.116	3.581	1.794
11.954	0.381	0.254	-0.126	1.164	7.757	1.853	2.095	0.666	2.229	9.820	0.807
19.257	0.145	2.642	-1.617	0.179	13.155	3.466	17.658	1.530	4.015	5.758	1.319
2.949	4.127	3.126	0.558	0.281	6.538	9.615	17.879	2.326	8.436	0.818	2.467
18.735	7.902	1.587	-0.904	0.255	17.945	7.464	10.818	1.369	18.970	1.488	3.652
2.428	4.302	1.468	0.699	-1.061	4.067	6.121	4.066	3.381	3.272	5.709	0.857
1.914	8.860	0.583	0.400	1.031	4.412	3.627	6.449	4.808	6.835	3.396	4.450
7.781	8.705	1.230	1.298	-0.835	4.821	3.241	18.343	3.499	0.240	9.622	3.824
13.041	6.417	3.765	0.636	-1.768	16.394	6.957	6.481	2.445	9.476	7.268	2.841
7.574	8.952	3.101	0.236	0.195	9.230	3.677	17.812	3.519	7.894	1.708	2.147
0.950	0.779	1.821	-0.301	0.124	4.033	9.582	13.494	3.912	10.950	2.482	3.002
2.156	3.252	0.948	-0.954	0.843	19.056	4.199	11.030	2.873	0.309	2.726	0.283
7.079	2.608	3.418	0.049	-0.584	6.856	6.965	0.265	0.774	16.207	4.002	1.661
19.672	4.243	4.490	-0.074	-1.327	7.174	8.953	0.312	4.786	3.352	6.443	0.064
14.258	8.247	1.216	-0.747	1.738	12.791	7.873	17.831	4.041	11.399	7.385	0.387
13.624	6.980	0.001	0.697	0.389	17.344	1.519	1.072	1.444	11.324	0.283	4.591
14.598	5.406	3.569	-0.281	-0.356	6.716	6.302	12.690	2.139	17.408	9.353	0.266
17.173	6.358	0.478	0.969	0.916	2.990	1.734	19.223	2.122	17.167	4.110	2.161
8.813	0.381	2.131	-0.026	-0.072	18.450	6.899	9.265	2.427	12.898	3.556	4.839
8.725	9.757	3.773	0.526	-1.491	5.261	9.532	15.405	4.365	19.895	5.329	0.045
14.997	4.228	3.676	-1.588	0.188	18.644	6.791	9.176	1.216	2.535	8.550	3.540
4.174	2.079	1.381	-0.660	0.052	3.101	2.460	8.509	3.304	11.794	7.014	3.375
11.616	3.235	0.599	0.662	-1.082	16.142	5.360	19.924	4.178	3.632	8.966	4.933
6.172	9.231	2.597	0.409	-2.034	12.764	9.509	3.526	4.661	9.579	2.468	2.102
5.594	2.576	2.102	-0.360	0.897	4.052	8.774	12.944	2.543	1.200	8.584	1.168
13.537	0.299	0.822	1.257	-0.105	1.095	6.252	9.816	3.524	16.195	2.400	0.590
15.386	4.395	4.908	2.205	0.382	11.930	6.004	10.376	4.569	1.283	9.936	1.506
3.412	9.692	4.545	1.319	0.503	10.643	7.648	4.272	2.662	13.184	2.831	1.463
18.353	7.989	0.197	1.363	-0.005	0.320	7.606	17.042	1.536	14.309	0.695	0.918
17.234	5.658	4.948	-0.165	-0.110	4.486	9.015	1.850	1.916	8.936	7.555	2.479
8.454	5.753	1.416	0.686	-1.265	3.517	2.854	7.822	2.472	5.012	9.059	1.393
15.696	7.694	0.017	-0.132	0.619	14.742	9.618	13.679	1.060	12.916	3.764	2.965
9.337	1.760	0.529	0.018	0.122	13.854	5.901	16.326	3.059	17.163	6.608	3.572
18.659	5.765	3.855	-0.731	-1.765	16.757	8.326	5.177	4.943	2.015	0.312	1.019
1.459	4.216	1.176	0.447	1.151	4.712	9.435	9.170	4.630	3.191	5.521	3.524
3.422	1.078	3.669	-2.942	0.185	11.657	3.145	15.942	0.102	0.872	9.763	4.128
6.897	8.149	1.427	-0.437	-0.906	5.239	0.799	3.210	3.489	15.023	3.004	2.337
7.351	9.910	4.514	0.039	-0.211	17.405	8.970	6.561	1.619	3.958	7.277	2.518
18.861	0.382	2.003	-0.451	-1.211	9.634	7.947	4.483	4.102	13.402	2.550	0.101
0.180	1.822	1.596	2.468	-0.655	12.979	6.903	2.837	4.405	10.725	8.704	3.940
13.188	8.040	4.976	0.346	-1.613	1.953	8.530	7.183	2.873	19.507	5.995	1.894
12.472	5.295	1.365	-0.643	0.287	7.498	4.614	9.681	4.677	1.617	9.659	4.010
14.662	1.025	0.708	-0.497	0.831	12.142	9.228	15.531	4.476	0.117	2.453	0.061
3.917	5.590	3.394	0.017	1.998	19.550	5.597	9.107	1.882	16.387	4.361	1.001
2.144	8.541	3.507	-1.975	0.335	9.740	7.674	12.674	3.569	3.055	2.291	0.458
1.310	6.893	2.831	0.628	0.065	14.807	1.439	13.508	0.811	0.627	4.987	1.694
14.902	6.570	4.795	1.159	0.293	5.527	7.345	11.911	3.554	17.747	9.482	2.482
11.736	0.001	4.703	0.667	-0.814	11.854	5.278	4.135	4.308	12.011	8.465	2.162
16.226	0.537	1.377	-0.573	-1.558	14.664	3.069	1.973	0.562	13.722	0.032	2.999
4.812	0.380	2.500	-1.783	-0.871	11.413	4.137	2.551	3.466	9.794	9.288	0.495
19.928	7.700	0.768	-0.678	0.042	13.430	6.651	0.969	3.358	17.860	9.966	3.875
1.017	7.938	1.029	-0.497	-0.586	15.706	4.730	6.252	3.793	17.791	8.794	4.999
14.733	5.354	4.698	-0.266	0.656	11.230	4.292	11.736	2.252	8.772	4.833	2.988
8.482	3.876	1.505	1.715	0.269	4.477	7.086	18.436	2.774	18.509	6.941	0.973
8.155	0.273	2.903	2.442	0.178	1.388	5.653	13.615	4.096	11.545	4.787	1.233
4.706	5.924	2.547	0.747	-0.290	15.890	9.296	13.398	1.537	19.073	3.291	0.087
3.662	8.332	2.018	0.287	1.067	7.205	2.129	4.793	0.929	16.175	9.041	0.627
19.229	2.593	4.071	1.398	-1.796	13.067	3.438	17.801	4.783	10.131	0.966	4.423
17.756	3.037	4.941	-1.758	-0.535	1.216	6.026	8.255	4.789	2.850	5.969	1.809
8.574	3.367	1.864	-1.258	0.423	5.574	3.816	14.810	2.212	5.896	2.727	3.518
9.617	9.658	3.179	-0.873	-0.808	10.616	0.304	10.496	1.692	13.475	5.921	1.085
17.529	5.884	2.984	1.447	-0.381	0.280	2.194	1.227	0.643	16.692	1.617	2.302
3.722	0.567	4.200	0.144	-1.768	15.612	6.629	19.613	2.397	8.782	5.490	3.977
11.645	6.417	4.636	-0.383	-0.052	3.832	6.424	2.552	0.512	13.412	5.562	4.359
1.613	0.471	0.036	1.324	-0.789	15.080	2.924	13.751	1.589	0.848	6.106	2.356
4.141	8.742	3.997	-0.408	-0.543	11.940	1.373	11.566	4.618	5.532	5.984	0.846
13.688	4.547	3.576	-0.924	1.171	9.960	2.050	15.361	1.516	9.720	4.922	3.467
6.787	5.870	4.366	-0.147	0.648	15.998	8.595	14.581	1.722	0.984	9.079	0.099
16.719	2.996	1.456	-2.312	2.633	11.281	2.341	8.198	4.107	5.173	7.665	0.274
8.687	4.516	2.975	1.156	-0.790	8.808	5.270	4.548	4.976	8.153	5.564	1.802
5.356	5.576	0.174	-0.954	-0.904	4.278	9.035	14.984	0.881	2.924	8.713	1.546
10.413	1.329	0.705	-1.465	1.658	18.892	4.981	11.233	3.685	2.177	1.287	1.957
0.868	4.546	2.246	2.249	-0.065	12.063	9.016	5.915	1.297	6.286	2.467	0.190
16.295	0.202	3.111	1.122	0.328	9.270	1.183	6.122	0.831	7.866	3.471	0.853
16.336	2.631	0.124	0.835	1.450	10.280	7.008	3.855	4.807	12.634	6.232	4.143
4.055	7.701	1.760	-0.041	-1.100	10.393	6.702	19.515	0.537	9.629	4.220	0.167
6.692	9.349	2.839	-0.987	0.139	19.579	6.197	11.781	4.219	2.039	9.081	0.020
14.355	0.555	1.656	0.210	1.587	16.604	2.803	0.683	1.980	2.305	1.143	1.528
11.924	4.543	4.986	0.247	-1.530	3.606	8.992	3.338	4.371	12.962	7.677	4.059
6.895	1.047	3.262	0.270	2.464	9.600	4.923	15.515	3.270	11.216	1.606	3.960
4.224	0.955	2.485	-0.504	0.877	19.820	7.366	12.640	1.322	17.265	6.392	0.149
15.680	2.069	3.010	0.798	-1.006	19.031	5.903	10.609	0.309	18.811	9.536	4.270
3.709	8.863	3.579	0.869	0.207	12.305	8.602	8.872	0.038	6.048	0.305	4.069
17.554	4.139	0.602	-0.835	-0.395	14.031	7.688	6.218	3.406	4.290	6.470	2.735
3.716	9.286	1.580	-1.018	-0.290	13.465	1.318	18.242	3.617	15.756	3.629	0.681
9.636	3.147	1.663	-0.250	-1.314	10.774	2.396	11.054	2.396	7.443	1.793	0.575
1.231	8.932	3.153	0.068	0.606	4.108	1.167	5.475	1.058	10.325	6.525	3.793
17.344	4.689	1.606	-0.586	0.492	1.571	3.163	16.342	2.923	8.218	2.412	2.949
16.442	8.414	3.532	-0.369	-1.247	5.105	0.490	12.319	2.447	10.373	3.956	3.895
14.253	8.332	3.316	-0.596	0.484	6.475	4.904	8.612	0.678	16.092	3.646	0.069
10.096	2.833	4.047	-0.273	0.338	7.686	2.197	1.995	0.441	12.266	0.735	2.206
10.888	6.978	1.426	-0.041	0.416	8.920	5.002	11.384	4.890	8.027	1.322	0.972
4.130	1.158	0.818	-0.330	0.000	12.639	0.051	6.675	3.366	6.054	0.891	1.287
4.373	2.245	3.023	0.806	-0.344	18.347	7.601	14.831	3.970	0.033	0.526	0.326
17.183	8.903	3.644	-0.104	-0.346	11.347	2.294	7.705	1.855	8.747	8.174	0.854
17.514	4.373	0.664	1.050	0.590	10.203	6.076	4.121	1.547	15.164	6.756	1.373
10.066	3.078	4.147	-0.906	0.405	12.085	0.901	19.114	1.652	4.507	7.717	2.533
12.821	2.547	1.044	-0.118	-1.359	11.588	5.034	13.427	0.718	14.193	9.089	2.945
16.100	1.263	0.849	0.325	0.180	3.838	3.247	19.563	0.538	17.999	2.192	3.827
7.445	1.430	4.244	-0.868	0.540	1.863	1.816	18.188	2.250	10.363	6.461	3.974
3.466	2.303	2.844	0.098	-1.406	15.989	5.901	7.677	2.633	2.282	5.011	1.930
8.066	8.289	1.887	0.392	-0.409	19.687	2.334	11.012	0.611	12.113	1.508	2.190
14.920	9.236	3.826	-0.779	-0.925	10.375	5.428	8.842	0.024	7.109	2.395	4.231
7.802	9.045	1.196	0.618	0.926	1.563	9.053	3.147	4.476	14.489	7.281	2.502
14.940	4.981	2.617	1.351	0.457	16.827	9.614	6.109	0.676	16.785	2.968	4.849
9.369	7.854	3.013	-0.274	1.307	15.465	0.811	11.995	0.340	18.342	4.218	4.501
0.655	1.059	4.196	0.913	0.458	14.455	5.819	1.360	0.339	5.899	4.611	0.517
17.888	6.183	1.089	0.359	-0.670	10.992	1.073	4.078	1.420	6.293	7.100	2.224
9.686	8.441	3.055	-0.254	0.921	17.841	2.576	7.412	1.967	12.709	7.656	2.260
5.904	8.883	0.476	1.470	0.918	7.066	4.687	9.011	3.150	14.630	2.110	3.026
4.723	0.776	0.456	-0.530	-0.371	14.767	7.505	2.829	1.415	9.474	7.347	0.810
19.320	3.374	4.615	2.116	0.509	16.835	6.076	19.171	1.876	6.485	7.746	3.439
9.159	4.704	2.027	-0.772	0.177	16.416	1.524	15.070	2.611	7.892	1.648	3.269
0.824	5.475	3.448	-1.619	1.353	6.814	4.258	15.179	2.426	11.069	8.010	0.950
0.549	7.620	2.882	0.319	-0.113	19.170	1.711	16.932	4.357	11.898	1.049	3.158
10.538	4.494	4.161	1.100	1.280	3.023	1.577	7.899	0.557	11.940	2.743	1.259
17.930	2.347	1.441	2.056	1.651	7.131	8.559	4.060	2.101	1.939	2.373	4.433
9.427	0.522	1.028	1.482	1.208	8.697	7.408	14.700	0.558	14.290	1.231	2.819
3.945	5.510	2.032	-0.277	-0.526	1.830	9.565	17.678	3.966	0.539	6.365	2.051
13.978	4.585	1.685	1.469	-0.123	16.352	3.128	2.390	1.166	14.967	6.598	3.007
4.954	1.938	1.598	0.229	-0.562	9.820	7.845	6.734	2.694	0.503	6.940	1.270
17.556	9.664	3.508	-0.113	-0.787	17.996	3.344	5.389	4.395	17.265	0.447	3.186
0.106	4.469	4.264	-0.324	1.929	3.369	9.712	3.925	2.368	18.252	2.977	0.852
3.505	0.290	2.079	0.263	0.621	10.152	5.530	17.079	0.109	2.678	2.937	0.269
7.181	9.128	2.020	-1.515	-1.073	3.193	6.888	4.225	0.039	11.345	9.858	4.467
10.296	2.067	4.570	-0.290	1.276	12.611	7.341	19.809	0.168	1.309	1.059	0.880
18.631	7.228	0.618	-0.372	-2.297	7.022	1.954	19.176	3.804	5.186	5.857	0.328
1.971	9.350	3.816	-0.355	2.238	9.272	6.749	17.845	2.839	12.963	1.237	1.714
9.380	2.736	1.845	2.001	-1.097	12.679	4.776	18.316	2.352	14.952	5.136	1.581
8.128	3.826	1.085	-0.406	1.283	0.873	2.691	5.465	0.520	2.928	1.520	1.356
10.800	8.555	4.230	-1.188	-1.663	9.861	1.463	7.826	3.901	9.397	5.010	2.554
8.365	3.146	2.703	0.734	2.169	6.809	3.419	16.334	2.030	0.699	7.193	2.468
17.806	6.653	4.483	0.630	-1.230	17.820	0.514	12.835	3.668	12.147	3.220	3.078
16.539	2.650	4.290	-1.427	2.560	4.589	4.167	16.537	2.099	2.738	2.830	3.936
1.672	7.322	0.406	-0.591	-0.524	1.120	3.133	1.229	1.399	13.814	4.910	1.497
16.911	0.026	4.005	-0.717	-0.555	17.184	6.812	3.683	4.287	11.198	5.350	1.667
17.132	5.246	4.582	0.037	0.677	7.297	4.534	8.960	3.401	15.453	3.222	1.064
19.875	3.860	3.505	-0.010	-1.094	15.229	0.436	13.197	1.210	2.160	5.534	2.516
9.574	8.644	4.827	0.942	-1.987	0.257	5.789	8.150	0.025	16.326	2.474	3.353
4.155	6.106	4.164	-0.300	1.225	10.433	7.669	2.814	1.243	1.813	3.684	1.758
0.957	5.093	3.251	0.900	0.637	3.857	6.127	14.458	2.920	6.025	2.274	0.483
1.675	6.594	3.327	0.225	-1.171	11.109	4.543	16.970	4.711	9.740	6.189	0.942
17.584	5.877	3.610	-0.295	0.335	4.585	8.255	14.758	3.978	6.870	6.546	3.001
2.254	1.306	4.644	-0.637	0.522	11.198	3.662	4.600	1.799	9.832	6.567	4.221
14.822	6.244	3.710	1.342	-0.307	4.342	6.449	1.014	2.028	9.762	0.261	4.955
3.503	0.436	0.410	-0.095	-0.453	18.744	0.743	2.247	2.555	1.641	9.569	4.323
6.966	7.799	1.494	1.134	1.198	7.515	8.314	7.964	3.290	5.729	2.571	0.983
18.904	7.084	4.968	-0.012	0.438	3.100	1.768	19.610	4.768	0.484	4.481	2.623
10.731	3.714	1.797	-0.648	0.868	1.810	4.066	16.026	0.320	13.618	7.962	0.863
4.050	8.473	4.871	-0.949	1.687	1.296	1.439	12.483	3.381	15.647	6.364	2.995
7.457	0.495	4.667	1.865	-1.340	11.251	8.387	2.089	2.760	18.566	3.416	4.654
1.823	3.072	1.031	0.675	0.269	9.724	1.846	18.352	4.368	0.606	1.967	0.350
16.577	4.626	3.204	0.377	0.669	1.273	6.092	14.497	1.752	1.806	7.864	4.904
12.977	4.225	4.062	0.477	-0.143	19.905	3.447	2.023	1.062	19.544	3.554	3.479
5.994	5.617	0.476	-0.980	-0.634	1.336	3.972	6.219	4.846	5.192	6.109	0.733
17.714	2.683	3.702	0.026	0.798	16.489	7.536	17.501	1.582	14.161	2.995	2.419
12.646	6.498	1.579	0.779	-0.184	16.015	6.053	5.843	1.125	19.845	1.590	1.372
5.819	3.472	2.530	-0.261	-1.027	8.353	2.919	13.970	4.438	15.265	1.229	3.110
17.478	4.199	4.513	-0.817	1.912	17.149	0.379	7.532	4.395	4.514	8.630	3.602
17.776	5.964	3.005	-0.066	-0.319	17.285	3.393	8.144	0.700	15.022	8.275	3.245
8.382	6.379	4.414	-1.074	1.282	8.625	0.144	8.450	2.640	15.751	8.302	3.913
14.247	5.319	4.463	0.803	-0.637	17.867	4.659	11.262	3.256	7.807	7.086	2.314
4.269	4.772	3.060	-2.547	0.211	18.559	9.274	14.763	3.218	10.443	5.477	0.956
11.584	1.644	3.659	-1.288	0.538	15.802	5.086	4.386	3.242	14.016	8.820	4.802
4.110	3.378	1.794	1.179	0.165	12.602	1.173	6.087	4.836	16.431	8.461	2.071
7.915	3.717	3.322	-0.924	0.842	6.116	8.725	15.792	0.532	5.440	8.979	2.221
15.710	2.711	4.720	1.343	-0.144	19.630	4.690	9.797	4.509	14.761	7.941	1.968
15.890	7.442	2.894	-0.647	-0.407	16.786	1.505	17.049	0.086	9.357	5.830	0.034
17.822	0.408	1.422	0.510	1.714	12.226	3.114	6.993	0.367	15.619	5.066	0.386
18.491	8.164	1.311	0.153	0.058	14.032	9.866	4.158	0.390	18.653	2.257	1.320
12.676	9.389	2.008	0.186	0.488	1.170	8.917	11.979	0.530	10.297	5.608	3.847
14.443	9.637	3.299	-1.530	-0.203	0.795	6.836	4.093	1.158	12.048	6.506	2.667
2.184	2.787	3.674	-0.235	-1.173	8.080	4.791	0.203	0.678	8.305	2.657	2.264
8.364	0.521	4.247	-0.129	-1.277	17.520	0.358	11.027	1.147	12.626	3.873	1.676
13.841	3.886	4.001	-1.206	-0.195	6.564	9.790	19.274	0.849	8.999	5.860	4.754
7.710	1.373	0.651	0.583	-0.035	6.073	2.611	12.598	2.514	14.383	0.303	0.337
16.459	8.920	4.339	-0.533	-0.134	19.778	5.986	13.292	0.070	17.521	2.347	2.321
13.176	8.129	1.087	-0.858	0.438	12.660	5.341	6.440	1.063	8.080	2.256	4.689
1.462	4.175	2.093	-0.894	-1.741	0.077	1.978	19.279	3.415	10.056	6.770	0.735
5.553	1.413	0.693	-0.323	2.420	5.844	1.044	4.533	1.267	5.076	6.533	1.625
10.919	9.972	1.577	-0.789	0.174	5.600	6.006	6.131	4.063	11.062	8.017	2.057
7.877	7.936	1.202	0.977	-1.122	2.952	7.168	16.228	3.414	12.674	6.646	1.597
19.739	6.629	1.310	0.150	-1.020	7.664	4.785	2.955	2.709	9.568	5.660	0.049
4.944	2.871	2.807	1.210	0.473	17.290	8.340	9.436	1.391	0.332	8.655	1.571
18.326	7.224	4.636	-0.430	-0.168	13.330	7.197	9.317	4.107	5.664	7.347	3.971
9.228	2.732	2.705	1.034	1.239	11.992	5.342	8.437	4.796	12.904	6.404	1.277
11.003	5.298	3.615	0.836	0.194	19.674	8.843	5.974	3.337	10.606	8.681	0.567
1.378	4.400	0.787	0.134	-0.918	10.138	4.144	11.881	2.209	14.137	2.890	2.360
2.591	4.401	0.697	-1.213	0.090	12.410	7.627	4.483	4.981	3.074	9.234	1.288
11.683	5.173	2.629	-1.497	-0.210	7.086	8.366	4.081	0.364	10.093	7.960	2.002
0.092	6.088	3.837	2.455	0.195	16.673	8.047	5.243	2.808	7.428	6.568	3.678
6.546	4.317	1.985	-0.779	1.209	12.271	4.190	6.582	2.792	13.911	2.990	4.741
5.888	3.266	0.249	1.257	0.589	2.330	4.744	0.633	3.485	18.139	5.442	0.205
17.216	3.987	1.789	-1.009	0.498	4.884	4.032	13.027	1.119	19.045	4.650	1.691
16.179	7.008	2.545	-0.551	-1.409	11.798	5.226	4.402	1.583	19.123	8.892	2.663
3.188	9.973	1.584	0.315	-1.672	13.329	4.218	18.815	3.373	14.545	1.210	2.636
10.522	0.802	4.231	-0.214	1.335	4.697	9.841	11.330	2.547	13.577	4.437	3.446
4.079	4.452	2.349	-0.484	0.165	10.726	5.893	15.309	1.140	0.881	8.508	0.060
8.026	6.131	1.871	0.289	1.712	11.979	0.929	7.505	3.006	3.743	4.106	1.336
18.353	9.128	1.301	-1.078	-0.393	15.807	0.249	5.669	4.296	19.173	4.349	0.307
5.881	4.086	0.666	-1.531	0.607	1.279	8.848	1.359	1.378	2.621	9.625	3.169
17.593	9.181	0.140	1.162	-0.083	10.416	9.537	2.711	4.655	8.896	0.938	3.114
17.985	7.896	4.920	0.374	-1.524	18.044	3.969	5.843	0.321	15.368	4.980	2.703
5.869	7.603	1.319	0.349	0.446	19.247	6.042	15.456	3.700	13.741	9.499	0.711
11.693	4.150	3.740	1.288	5.295	19.883	1.955	6.810	1.350	5.736	3.827	1.974
8.042	2.841	3.102	3.028	5.695	4.569	4.723	4.365	2.710	13.393	5.901	3.764
14.735	2.966	2.728	9.913	5.848	12.482	2.152	4.479	4.098	0.062	2.511	4.685
11.912	1.707	4.848	1.057	3.957	9.970	3.781	6.284	1.212	13.215	4.777	4.129
18.879	6.064	2.280	14.638	4.490	19.631	5.195	4.725	3.177	17.273	5.590	1.365
6.884	0.212	4.218	5.631	5.062	9.370	4.189	5.141	3.948	13.219	1.554	0.051
9.255	4.448	4.414	18.834	4.905	16.154	9.807	4.769	0.265	6.814	2.460	4.620
4.790	2.732	0.260	11.990	4.751	11.869	1.922	5.068	2.178	15.574	3.338	1.801
18.450	3.502	1.009	19.333	5.376	1.380	2.849	4.680	0.840	19.280	0.226	2.217
11.306	0.016	3.489	8.705	3.911	4.390	5.737	5.847	2.402	19.524	5.671	0.694
15.420	1.339	3.358	4.335	6.928	1.843	3.072	3.337	2.999	9.089	5.304	0.207
17.745	1.350	3.534	3.811	4.461	6.104	1.603	6.713	2.769	17.596	4.542	3.470
6.462	4.795	1.030	16.254	6.512	2.995	6.465	6.041	1.014	5.166	2.880	0.582
8.054	3.222	4.150	17.475	6.338	11.490	5.271	5.151	1.930	8.436	3.146	4.973
5.831	6.991	4.425	4.927	5.684	19.748	0.590	5.123	1.262	7.528	6.027	0.278
18.178	9.775	2.171	19.100	6.904	9.460	4.061	4.080	4.403	15.698	7.116	3.673
15.473	1.406	0.700	8.327	5.460	1.466	6.492	5.874	3.107	18.002	8.055	4.882
0.214	7.598	2.235	13.065	5.322	17.807	3.310	3.715	4.002	19.717	3.991	2.853
6.308	1.540	4.716	18.884	4.517	17.074	4.067	6.416	0.629	4.954	1.242	1.257
16.419	6.427	2.147	2.440	5.199	7.186	4.024	6.203	0.481	5.714	8.490	4.363
3.326	2.253	0.257	2.307	5.514	7.608	9.990	4.968	1.319	18.526	0.482	4.691
1.706	1.853	2.955	9.798	6.197	7.747	1.928	5.928	2.996	10.598	2.999	0.315
1.898	9.305	3.099	17.707	4.464	11.477	4.505	5.602	4.061	17.745	6.139	3.970
10.620	4.804	1.938	19.203	5.521	7.539	3.577	5.254	3.248	6.775	4.172	1.275
3.632	2.937	0.435	2.513	4.382	5.704	9.552	4.714	0.517	17.277	4.723	0.481
16.866	9.014	1.538	17.303	5.172	13.780	4.621	4.168	2.418	12.597	7.087	3.866
17.832	6.363	4.215	4.515	5.731	11.716	5.433	3.061	4.378	1.228	4.113	4.093
17.272	0.772	1.353	6.612	5.139	9.190	5.214	4.678	4.301	15.812	6.668	1.679
14.612	5.552	1.170	11.588	5.528	10.859	8.033	6.081	0.536	19.830	8.881	1.722
8.258	4.214	4.805	3.948	4.533	18.890	5.270	5.558	2.680	3.255	9.746	3.254
9.920	3.947	2.101	18.276	4.754	8.812	2.216	4.230	3.636	3.123	9.450	3.832
3.514	5.770	2.107	19.875	4.744	4.290	4.468	5.318	2.162	3.556	4.615	3.287
7.474	5.519	2.574	2.188	6.139	17.326	0.092	6.277	3.581	10.650	7.436	3.406
2.249	1.217	3.874	10.335	6.512	5.033	2.969	5.102	0.517	2.046	8.929	4.217
15.091	2.443	4.768	10.291	4.854	14.412	8.476	5.492	2.753	12.358	3.930	3.768
8.508	6.814	4.357	2.315	4.251	10.862	7.352	4.709	4.963	4.594	3.011	2.338
8.938	6.377	2.834	1.050	3.823	13.611	6.088	4.896	3.835	6.716	8.256	0.244
13.376	9.165	1.605	2.591	5.796	7.134	8.579	2.715	2.494	17.453	7.643	4.422
6.626	9.253	1.930	13.500	5.832	11.268	5.599	4.010	4.751	2.462	4.769	4.119
17.254	8.518	2.586	9.108	5.867	15.000	2.361	5.786	4.629	5.729	1.173	1.429
17.905	5.128	0.664	16.082	3.083	14.171	6.615	5.650	0.846	3.402	9.578	0.547
18.890	1.499	3.559	13.853	5.847	19.943	0.064	5.870	3.560	0.632	6.910	4.057
6.635	2.214	3.229	15.731	6.530	15.643	5.246	3.929	1.934	18.690	3.179	3.867
16.225	1.929	2.388	16.489	2.410	16.813	4.879	5.929	4.377	2.405	3.545	1.457
12.014	9.053	2.026	12.010	5.491	13.913	7.938	4.072	2.903	2.811	2.218	0.828
2.251	7.569	1.815	19.312	6.165	19.582	2.403	5.383	3.641	7.264	6.839	3.121
1.448	3.521	3.334	19.513	4.840	13.256	9.365	6.214	1.594	18.643	4.325	3.906
4.813	2.127	3.840	16.232	5.864	4.167	3.666	3.650	3.630	6.638	9.115	2.803
1.409	5.300	0.202	10.182	4.407	12.975	2.609	7.172	4.682	3.463	9.299	1.890
6.587	2.661	4.967	19.420	5.664	14.869	8.971	4.539	4.980	3.831	1.050	3.819
11.846	8.337	0.702	6.775	5.506	17.366	1.288	5.348	1.273	16.123	1.502	3.932
13.863	8.589	1.032	3.265	4.326	6.616	2.787	5.018	0.003	12.389	8.004	1.745
8.036	6.848	2.954	3.154	5.386	10.521	1.154	3.949	2.712	15.315	7.390	0.309
7.981	3.322	1.389	10.888	5.380	5.568	3.614	3.473	3.157	8.225	1.562	0.709
17.821	4.219	3.484	19.089	5.267	19.917	2.364	5.292	0.719	2.438	3.253	3.417
15.598	7.994	2.924	6.016	3.402	9.777	2.600	5.979	3.608	1.434	5.842	1.809
16.935	3.890	3.487	8.590	4.793	1.602	5.758	5.517	1.112	4.594	7.144	4.163
8.915	0.334	1.314	18.294	3.040	5.296	9.084	6.311	1.980	4.831	2.415	3.152
16.641	4.196	4.088	5.186	3.900	6.229	4.946	4.708	1.742	8.362	8.966	0.243
8.523	2.853	1.074	13.018	5.353	7.415	3.304	4.776	3.963	16.573	9.171	0.390
8.121	5.547	3.919	14.527	5.434	16.939	0.258	6.138	3.842	18.401	4.952	0.473
11.708	7.628	1.026	8.664	7.532	10.783	3.301	4.662	4.094	10.823	3.342	3.911
10.334	0.001	4.514	16.684	5.733	11.517	3.732	4.392	2.597	19.338	5.423	1.365
8.362	9.753	2.560	19.854	5.502	14.223	7.215	5.034	4.645	8.535	3.414	3.778
14.405	9.922	2.566	13.268	5.313	8.080	5.878	4.105	1.779	2.964	5.544	0.280
3.878	9.798	1.875	11.524	5.588	3.541	1.120	4.852	1.359	1.439	6.887	1.215
1.592	9.528	4.792	0.789	4.382	7.427	9.742	5.125	3.404	5.119	7.195	1.619
11.380	9.339	2.695	17.618	5.910	17.468	7.157	5.559	0.526	11.709	2.908	3.474
13.134	7.549	4.655	10.045	3.956	11.776	2.923	5.117	4.615	7.101	2.158	4.393
19.380	8.937	3.092	14.504	5.457	14.831	7.405	5.514	2.808	6.568	5.204	3.775
2.190	5.692	4.319	15.861	6.496	12.234	5.026	4.848	0.730	8.791	0.697	1.725
2.682	7.436	1.511	5.268	5.455	9.116	5.170	6.525	4.388	4.172	8.162	1.428
15.099	7.111	3.092	0.863	5.543	19.132	6.632	4.128	1.957	15.816	1.511	3.018
0.362	9.453	3.519	17.748	6.273	13.155	7.503	4.689	1.490	3.628	5.477	1.219
9.982	9.374	2.436	3.933	4.208	8.589	8.320	5.329	2.117	0.139	0.146	1.201
3.896	2.398	0.691	4.935	6.167	11.320	7.524	4.929	4.541	16.609	8.554	1.501
18.411	3.555	4.424	8.657	2.665	1.993	8.315	4.281	1.128	4.737	7.067	2.249
13.090	6.713	1.311	9.397	4.651	5.436	2.537	4.356	3.212	13.924	7.661	1.487
17.897	8.976	3.255	12.530	4.793	18.997	9.713	5.934	4.985	10.478	2.023	4.766
0.692	9.656	2.424	9.100	6.721	8.201	0.661	4.498	3.089	9.258	7.066	2.913
13.121	5.383	4.920	2.329	5.023	6.157	6.599	4.274	0.636	6.816	7.906	3.892
5.277	6.217	4.576	4.359	3.050	3.105	0.742	3.682	3.616	14.201	8.561	4.648
10.189	3.873	2.115	17.057	5.168	15.150	8.294	4.892	3.197	18.565	2.063	0.662
0.650	2.994	2.615	9.225	5.457	14.375	0.818	4.116	0.884	0.499	0.764	0.576
1.888	9.966	2.750	8.298	6.890	14.429	9.992	4.830	4.349	14.872	1.287	0.650
11.037	6.430	1.609	1.060	4.313	17.057	5.838	5.484	2.927	8.142	9.651	2.099
4.218	3.328	2.013	9.474	4.753	12.675	0.943	4.037	4.531	1.708	9.995	4.524
19.626	8.648	2.424	4.079	4.619	18.595	9.906	4.518	3.508	15.651	7.555	1.676
5.100	8.101	1.053	15.719	5.358	1.591	8.563	4.324	4.781	14.657	2.408	2.842
14.542	0.428	3.083	12.708	4.425	6.458	7.541	3.880	1.948	5.803	0.154	3.511
12.867	7.518	4.043	10.503	6.325	0.606	7.196	5.296	1.320	8.248	9.144	1.191
10.242	5.951	2.837	5.426	4.307	7.184	5.051	4.300	1.189	5.010	7.191	1.372
7.091	4.155	3.801	10.950	5.660	7.726	1.911	5.203	2.243	19.860	3.150	4.830
1.584	1.215	4.842	15.106	5.443	15.761	4.818	3.020	3.658	6.348	2.569	2.924
12.175	6.509	3.441	16.897	6.883	6.112	7.756	5.306	1.184	0.764	2.928	1.299
12.356	8.335	0.769	3.691	6.569	9.678	3.095	7.133	3.263	7.127	9.638	1.949
0.841	1.467	0.022	11.956	5.907	13.794	6.562	5.253	0.543	2.051	1.582	0.196
7.729	9.210	1.168	6.715	5.773	17.753	8.972	7.582	1.364	3.878	5.628	2.706
1.296	7.409	0.695	3.427	5.526	4.232	7.264	4.805	4.731	16.689	8.188	0.666
17.766	0.220	2.679	0.971	5.785	10.348	0.762	4.816	0.181	7.797	0.760	4.845
16.717	9.617	0.602	12.860	4.644	19.795	4.391	4.266	0.997	6.149	2.556	0.998
0.387	1.764	1.663	10.956	6.558	19.482	5.380	3.897	2.712	10.738	3.610	4.797
3.307	7.956	2.434	10.186	4.992	16.530	6.235	3.912	0.013	10.938	1.041	3.939
14.365	3.378	1.010	14.231	5.375	6.024	4.345	5.356	0.829	18.500	2.869	2.333
10.745	2.506	0.081	1.027	3.219	14.828	9.241	4.041	3.621	17.057	6.005	4.403
13.969	4.247	2.757	12.103	3.557	19.120	4.240	6.913	1.819	14.054	2.233	3.868
12.229	2.517	3.851	5.361	5.517	14.826	9.365	2.390	4.752	7.231	6.304	3.116
6.736	1.522	2.336	11.684	7.125	13.241	1.290	5.511	0.981	17.401	5.539	3.545
17.370	2.587	4.131	19.462	4.172	12.489	4.332	5.892	4.435	6.558	2.518	1.362
12.317	7.197	4.222	6.574	4.217	16.687	8.506	6.665	0.935	6.792	1.536	0.727
12.982	1.229	3.008	19.632	5.085	2.720	1.380	5.432	1.599	3.562	8.650	1.502
13.431	6.775	2.348	6.646	5.938	9.413	8.310	5.652	3.192	6.710	4.081	0.094
13.671	3.920	4.164	0.428	4.020	18.363	2.600	5.154	1.554	0.328	8.648	4.317
17.818	4.359	4.691	18.756	4.781	17.265	3.247	5.969	0.098	3.873	2.725	1.449
13.094	2.159	2.204	4.389	6.197	7.938	1.141	4.164	1.249	13.050	0.259	1.461
8.301	2.842	2.665	12.210	4.611	5.191	6.861	6.323	3.143	18.231	8.735	4.935
9.516	9.545	4.185	8.116	3.676	2.511	4.214	4.462	3.888	11.674	9.230	1.964
16.731	0.392	0.433	8.731	5.163	10.374	0.744	3.437	3.168	13.524	7.910	4.005
10.315	2.756	2.927	14.782	4.551	0.655	4.899	4.654	0.132	14.790	3.557	0.881
0.915	3.207	3.470	11.713	7.106	3.738	0.524	4.992	4.837	15.088	5.023	0.343
13.000	3.537	4.893	5.799	4.675	6.206	9.859	5.148	2.249	8.423	3.144	2.265
7.753	3.858	3.780	12.003	3.675	19.425	2.204	3.628	0.798	15.389	9.975	4.031
9.695	5.784	0.946	7.289	4.338	6.447	2.149	4.555	1.964	16.802	4.077	2.701
12.083	2.745	2.970	15.080	5.614	19.283	1.011	3.071	4.631	7.685	7.097	1.614
16.221	4.507	2.108	11.612	4.818	7.693	9.184	4.825	4.183	9.551	4.347	3.901
12.549	3.938	2.543	3.178	4.616	19.003	0.093	5.198	2.693	2.864	5.399	2.829
18.285	1.846	1.603	11.769	5.176	14.912	7.738	5.150	2.101	17.587	1.515	1.271
11.794	7.010	4.858	7.705	4.489	0.890	1.833	4.531	2.639	13.345	0.555	4.330
1.815	6.938	2.306	8.421	3.539	10.306	5.934	5.509	0.945	9.782	3.991	3.569
9.080	4.196	3.956	4.003	3.497	6.719	6.954	5.052	1.570	15.054	3.813	4.743
14.948	5.924	2.472	16.898	6.233	5.279	6.155	5.010	3.318	14.203	6.744	0.246
3.919	4.987	2.339	17.836	5.446	4.098	8.304	6.833	1.808	5.922	9.197	1.329
5.487	9.420	1.364	9.366	6.400	0.481	9.645	5.528	4.491	5.747	1.552	1.049
8.482	0.632	4.692	0.726	3.669	10.468	1.414	5.239	0.970	6.026	3.372	3.651
7.637	8.024	4.241	16.880	3.944	10.655	7.359	6.208	2.629	14.712	9.786	0.948
11.201	5.055	0.838	8.552	6.514	1.227	3.124	5.696	2.969	1.421	7.898	0.862
17.460	6.651	0.458	17.871	2.422	16.590	8.283	5.627	1.058	15.698	2.585	2.028
8.084	3.872	4.831	19.998	5.889	14.728	5.968	5.180	2.267	17.358	0.457	2.345
11.852	8.108	0.563	6.455	5.899	9.201	4.332	4.517	3.963	8.652	9.458	4.382
6.781	4.037	0.207	16.625	6.380	14.505	5.131	4.847	3.097	19.632	9.878	2.801
10.309	8.537	2.289	12.846	4.699	4.406	6.116	5.205	3.197	11.041	0.260	2.875
7.702	8.937	0.613	1.400	3.914	2.302	1.733	4.783	4.090	5.849	0.002	3.208
17.851	3.149	2.358	5.796	4.153	6.477	0.883	3.716	2.896	9.370	2.967	3.747
13.163	8.620	2.715	11.854	4.877	8.270	5.112	3.329	2.913	10.606	4.613	0.565
7.163	6.989	3.035	10.188	4.668	9.506	9.646	3.867	3.581	12.586	4.497	1.493
18.522	1.101	2.685	2.103	5.684	12.026	7.007	4.135	0.830	7.687	8.562	0.638
8.532	2.387	0.516	19.494	7.054	10.124	1.529	6.036	1.049	15.598	9.636	1.704
18.022	0.022	2.233	12.840	4.642	10.501	3.834	5.723	4.777	13.847	2.805	0.177
1.211	7.550	0.987	11.768	5.358	1.976	4.189	5.171	1.008	19.449	0.257	0.179
4.840	5.824	2.586	11.011	6.387	5.379	5.776	3.938	1.499	6.207	3.043	1.028
5.713	8.585	4.980	15.415	6.453	18.395	4.718	4.545	2.009	5.044	6.497	4.135
14.962	6.527	2.300	15.142	4.820	3.973	0.089	4.501	3.949	15.205	5.765	0.179
17.635	0.503	0.443	1.300	5.255	8.628	2.156	4.502	2.637	13.246	1.936	3.922
0.570	8.058	3.950	12.453	3.831	1.749	2.150	6.104	1.524	1.382	2.208	0.104
8.037	1.240	0.808	11.341	4.511	5.877	9.641	3.546	0.524	4.077	5.551	1.295
3.752	7.618	2.186	19.912	3.024	8.722	8.995	4.650	4.913	17.878	0.949	0.703
18.297	6.236	0.211	7.848	5.346	9.414	3.878	5.114	4.191	0.194	4.571	3.479
1.298	1.671	3.854	11.405	4.619	5.997	8.579	5.156	1.404	9.172	6.706	0.088
18.660	8.844	2.844	12.953	3.306	12.577	0.732	6.358	0.884	9.827	2.402	0.667
1.292	8.677	0.857	19.997	4.410	10.691	3.687	4.602	1.884	6.020	0.112	4.363
16.304	4.035	1.892	0.301	5.287	8.420	2.011	4.214	1.188	1.688	4.187	3.685
14.964	1.966	1.518	14.222	5.328	15.085	6.561	4.687	0.734	3.765	8.625	2.859
17.978	5.512	1.498	13.972	4.282	1.885	3.858	5.046	1.792	6.588	0.576	2.854
2.416	0.567	0.690	11.543	7.053	3.447	0.923	6.616	0.646	19.896	8.284	4.236
3.395	0.580	2.609	16.206	5.083	6.934	4.795	2.572	4.955	17.460	9.638	4.323
13.985	4.776	3.873	11.837	3.105	16.842	6.624	5.056	3.900	3.381	0.403	0.763
4.859	4.605	1.466	15.700	6.094	7.021	4.582	2.619	1.665	1.268	8.633	3.230
4.209	1.015	4.740	4.778	5.401	15.032	4.736	6.225	2.916	18.088	9.857	0.318
3.734	6.146	1.598	10.093	3.392	12.431	2.898	4.339	4.207	4.812	2.567	2.837
15.363	7.495	2.416	6.393	5.797	4.414	5.181	5.339	1.140	6.960	9.975	1.244
18.983	1.468	0.254	9.675	4.122	14.975	5.279	2.972	3.527	13.938	6.764	4.666
8.721	2.510	1.770	17.621	3.996	14.103	3.956	5.660	2.343	3.402	2.494	2.410
2.101	2.733	4.762	13.862	4.546	13.957	8.808	6.541	1.420	12.427	4.910	2.176
16.428	9.533	2.643	3.275	6.073	1.133	9.895	5.578	3.037	19.441	8.795	1.859
12.923	3.885	3.904	17.567	5.699	9.516	9.672	4.752	3.960	15.774	5.797	4.988
7.649	3.264	2.520	5.032	3.949	8.086	0.807	4.015	2.383	16.032	9.689	3.238
12.551	0.743	3.734	10.008	3.520	6.631	5.705	5.584	1.662	19.469	3.666	3.817
3.754	5.164	1.821	4.227	4.645	2.562	3.100	5.521	2.694	0.995	6.333	1.103
15.736	1.850	4.940	7.995	5.657	17.051	5.467	6.453	3.013	2.266	7.442	1.805
13.426	2.099	4.775	4.948	4.526	11.014	5.652	4.458	3.209	14.440	8.158	0.584
6.029	5.039	2.226	4.386	3.681	9.161	2.139	5.736	1.436	10.974	9.503	0.769
0.397	7.646	3.513	10.348	5.456	5.570	2.992	4.488	2.033	4.358	7.591	1.626
19.288	7.705	0.802	9.556	4.824	5.394	8.947	3.880	3.498	1.250	5.785	1.032
18.427	1.726	1.070	4.487	3.915	9.829	3.494	4.940	0.116	17.962	1.063	1.407
13.712	2.066	2.361	8.460	4.306	5.218	9.881	5.910	2.912	12.259	7.707	0.335
5.514	2.208	2.042	2.654	2.740	15.519	9.591	6.135	4.222	11.805	1.995	4.248
4.552	9.332	1.402	12.771	2.601	6.144	8.900	4.477	0.800	12.605	1.114	1.135
12.641	0.894	3.785	14.522	6.147	6.483	5.381	5.612	3.325	15.957	3.277	0.327
9.120	6.184	2.421	18.245	4.119	16.704	6.464	5.881	1.881	15.253	8.290	3.656
19.845	7.272	3.404	1.283	4.197	14.154	2.234	6.655	0.451	17.434	4.605	4.846
9.332	5.654	3.100	16.399	3.767	14.082	4.136	3.899	1.321	16.181	2.541	4.886
19.065	7.501	0.091	13.872	4.366	10.877	3.593	4.382	3.171	5.281	6.055	4.135
9.337	9.601	1.515	19.080	4.302	17.600	2.615	4.892	0.222	1.153	5.778	4.066
3.061	7.590	4.590	13.349	6.129	3.616	8.414	5.423	4.338	4.384	8.459	0.567
6.094	4.958	2.050	9.457	5.147	4.991	9.827	6.112	3.253	3.721	4.540	1.176
12.041	5.497	0.407	17.887	5.285	1.486	8.792	4.685	4.763	1.415	4.636	0.207
6.900	0.657	1.334	17.288	6.315	10.758	4.686	5.527	4.497	8.334	7.659	3.014
13.763	4.635	3.876	5.417	4.344	5.733	3.819	7.023	2.891	9.131	2.968	2.642
3.690	8.594	1.894	17.248	5.481	2.617	3.153	6.084	1.515	1.793	4.273	2.401
15.252	4.354	1.021	11.599	4.360	8.686	2.175	4.734	4.671	19.712	2.463	4.231
12.577	1.761	0.733	11.203	4.277	18.248	5.568	4.505	4.983	10.536	8.554	4.503
9.446	1.750	4.791	4.587	3.661	11.895	3.592	5.842	2.449	13.383	6.451	1.239
11.680	6.001	3.108	2.722	6.256	4.215	5.560	5.205	1.755	7.495	7.950	0.526
3.624	9.507	1.951	16.833	5.441	5.026	8.643	3.300	1.145	2.347	3.550	0.189
9.066	3.209	4.437	18.247	6.372	13.597	8.691	4.750	4.817	9.747	7.640	0.598
15.760	9.637	2.427	4.420	5.972	8.823	2.354	6.458	3.314	1.155	4.531	2.237
5.845	6.513	4.684	19.544	5.365	10.766	1.826	5.707	0.954	5.591	3.932	3.054
16.934	4.157	0.798	7.327	4.334	10.802	1.159	4.950	1.981	14.202	4.313	1.475
1.642	3.986	3.091	9.825	6.025	10.346	2.217	4.349	4.025	5.115	9.132	2.100
7.990	8.311	1.076	10.398	4.793	3.274	1.318	5.183	4.842	4.866	4.260	4.898
13.003	7.816	3.203	1.409	4.964	13.607	1.330	4.510	2.417	2.725	7.718	0.929
14.306	8.055	2.411	3.047	6.118	1.019	0.495	5.903	1.478	16.056	3.336	1.112
14.211	1.953	1.465	16.691	5.183	14.197	6.702	5.136	3.452	4.372	8.759	4.208
1.316	9.509	2.987	15.748	4.675	13.488	7.048	4.419	0.642	0.318	1.994	0.238
4.503	4.464	3.362	11.242	6.418	3.934	9.440	3.886	4.912	3.533	5.328	1.122
9.111	2.979	1.582	17.943	4.528	4.705	4.195	4.022	0.343	18.758	5.133	4.981
5.488	9.901	2.365	16.773	4.432	10.089	5.278	4.686	3.661	6.615	9.425	0.712
19.455	8.051	1.383	11.015	4.944	8.137	0.955	4.867	0.912	11.413	1.319	1.484
15.804	5.469	0.178	19.800	3.856	8.418	3.173	5.110	0.434	9.059	7.070	3.082
16.319	5.466	0.404	13.120	4.794	3.568	4.000	4.041	2.129	10.534	3.647	0.637
16.902	1.329	1.186	12.653	4.422	17.275	4.216	5.672	0.807	10.890	0.848	2.108
15.349	0.344	0.019	19.950	3.849	1.866	8.246	6.480	0.140	12.104	0.681	2.666
13.139	4.129	4.474	0.974	3.256	19.664	5.115	4.867	3.255	7.692	0.382	1.585
2.608	1.469	4.269	8.411	5.698	13.074	6.212	6.688	2.926	13.561	5.548	0.174
16.322	2.702	3.023	0.344	6.030	12.200	6.863	4.683	2.846	6.568	6.049	1.718
0.704	3.357	4.769	16.577	5.387	5.532	5.720	5.027	2.399	8.555	4.401	0.630
19.495	5.284	0.867	19.430	5.081	19.784	2.636	3.951	1.936	3.317	6.509	4.943
9.377	0.030	4.197	10.139	4.529	12.438	2.472	4.196	1.209	12.392	7.467	4.327
12.225	2.161	4.594	18.580	4.130	13.641	9.951	7.273	4.571	4.926	0.468	3.664
1.981	7.833	0.068	4.444	5.575	8.913	0.865	4.074	0.425	13.722	7.278	3.242
3.819	4.058	2.158	18.338	6.125	19.033	6.006	2.735	2.904	4.870	9.501	1.961
4.456	5.168	3.059	1.953	4.929	11.511	2.069	5.835	0.809	6.744	9.124	3.232
15.465	3.592	1.101	8.508	4.307	17.074	0.404	6.868	3.271	5.979	6.151	0.512
4.068	3.662	4.486	12.064	4.951	17.150	1.659	4.764	2.907	9.068	3.843	3.220
3.715	8.091	0.118	2.668	4.561	19.235	1.634	4.802	1.665	15.937	3.262	4.209
16.968	5.483	1.468	18.215	5.069	8.880	7.463	5.037	1.507	6.331	7.840	3.169
2.071	0.228	3.257	4.737	5.089	13.353	6.498	6.175	4.439	6.864	0.125	3.647
3.803	2.743	4.638	1.608	4.397	1.311	4.350	3.731	3.759	8.661	5.607	3.243
9.860	1.033	0.825	5.242	3.449	17.463	5.539	5.621	0.505	18.551	1.298	1.208
7.396	8.385	4.720	0.815	5.922	2.219	5.945	6.169	3.168	7.066	4.310	4.328
6.064	6.564	0.648	19.146	5.208	8.014	7.160	4.416	0.507	0.802	0.461	2.047
12.126	6.198	2.034	0.066	6.768	14.698	5.969	5.402	1.619	19.874	9.625	3.154
0.307	9.184	1.465	17.566	4.101	18.072	0.656	4.073	2.462	13.907	1.554	0.002
10.830	0.340	4.356	7.722	5.795	18.126	3.235	2.503	4.583	10.437	0.820	4.221
17.324	5.710	4.694	17.949	6.085	2.196	7.082	5.401	3.969	8.398	7.756	3.846
17.941	6.504	3.023	13.778	5.476	8.238	9.907	4.196	0.331	0.651	1.769	4.249
14.629	5.808	1.345	12.520	4.606	2.921	2.050	7.477	3.872	1.015	2.828	4.691
4.001	9.328	0.607	15.496	5.680	19.149	4.633	4.542	1.870	4.602	2.408	2.083
15.614	6.798	1.316	7.740	3.718	18.560	0.240	5.968	2.029	10.973	5.914	0.523
10.375	4.458	0.195	10.483	5.038	1.919	1.165	5.175	1.984	2.886	9.756	0.010
9.359	6.875	1.314	17.610	5.067	1.250	2.245	5.500	2.366	6.519	7.861	2.710
5.736	8.142	1.931	4.554	5.015	8.010	7.676	4.842	3.145	13.928	2.144	1.873
7.852	8.989	3.063	2.538	5.592	17.883	7.268	6.542	3.849	0.457	4.189	3.275
3.525	7.370	0.161	15.427	6.325	2.843	9.140	5.741	2.554	5.144	1.840	4.327
4.317	3.737	1.490	18.545	3.124	13.034	2.352	4.759	0.539	7.179	0.190	4.621
3.605	2.314	4.501	14.702	2.965	18.202	2.713	4.491	0.263	5.487	8.003	0.234
9.075	8.512	0.819	13.883	4.203	10.161	5.022	4.142	4.074	7.512	0.398	4.017
12.384	9.230	4.996	3.805	4.760	1.230	3.425	5.579	4.011	13.242	8.339	2.564
6.358	4.846	1.966	17.157	6.006	11.020	2.100	4.873	0.159	10.330	4.749	2.674
0.135	8.276	4.411	17.341	3.250	9.927	9.104	2.379	4.002	15.733	4.020	1.894
15.846	0.941	2.805	14.581	5.825	9.503	9.924	4.410	2.986	4.108	8.178	2.342
4.252	4.482	4.440	6.920	5.971	8.357	2.538	2.883	2.516	0.833	4.233	0.011
7.552	9.572	2.653	9.267	3.760	14.922	7.055	3.285	1.448	0.613	6.774	3.802
18.410	5.994	2.321	19.203	5.427	3.595	7.974	5.454	1.477	1.809	4.937	3.540
1.860	4.671	3.208	18.499	5.271	10.266	0.082	6.618	0.809	10.774	7.249	2.561
4.557	5.560	4.168	18.270	6.566	6.263	6.639	5.276	2.027	19.799	2.045	2.438
19.828	2.013	1.968	10.563	4.618	16.102	6.384	5.379	0.271	16.769	5.838	2.311
9.819	0.929	0.199	19.106	8.111	15.121	4.467	6.240	0.233	11.929	7.324	4.120
4.553	8.219	2.868	13.619	6.517	14.924	6.049	4.577	3.348	7.024	3.595	1.164
2.293	3.209	0.056	18.348	5.735	8.151	5.822	6.651	2.272	19.097	7.249	2.774
4.797	5.931	2.124	15.501	4.036	17.040	2.905	4.853	3.514	10.099	9.568	2.468
3.901	5.035	3.053	5.530	3.326	10.713	5.012	5.737	3.379	8.210	3.739	3.995
19.006	4.268	0.462	8.433	4.498	15.388	1.056	3.880	3.279	1.290	7.539	1.407
7.847	2.379	1.386	14.946	4.940	12.068	8.808	4.230	4.889	15.059	8.840	2.618
8.398	0.710	3.889	15.058	5.220	2.500	8.338	6.179	2.994	5.880	7.329	2.619
19.913	5.212	3.890	5.193	4.263	14.787	9.957	5.527	3.599	17.608	0.759	3.547
14.974	2.980	4.297	17.469	3.840	1.041	5.767	4.618	4.450	15.956	9.407	4.054
5.580	1.579	1.571	3.857	4.999	9.350	3.498	5.832	0.421	0.224	5.758	1.917
5.961	5.660	3.922	12.689	5.347	5.400	3.470	4.372	3.001	12.237	7.957	4.417
12.166	0.288	2.084	7.996	5.389	17.882	7.046	5.589	1.027	12.749	2.882	1.422
17.376	6.238	3.556	19.833	6.334	17.058	1.164	4.923	3.172	16.067	9.455	1.376
12.805	3.666	3.318	0.159	4.158	0.193	3.985	5.633	1.161	7.978	6.665	0.574
13.400	1.512	1.207	8.206	4.317	18.473	8.479	5.779	2.016	10.297	3.472	1.498
3.817	2.482	3.685	18.547	3.120	2.547	2.329	1.806	1.381	1.074	7.618	4.591
6.331	4.045	4.470	9.126	5.843	8.750	8.974	4.628	1.353	4.137	5.697	1.028
8.578	5.448	2.059	18.541	5.080	17.451	9.970	4.083	1.027	10.910	9.872	2.247
10.779	4.820	3.025	4.860	5.482	1.330	4.522	3.681	4.570	11.375	7.875	0.863
18.527	2.865	4.901	13.465	5.916	8.601	0.592	4.598	4.987	18.821	4.937	0.671
15.597	6.114	3.914	5.247	6.429	0.639	4.222	5.184	2.164	12.830	5.197	4.855
1.216	1.848	4.778	11.114	6.093	13.958	1.755	4.048	4.823	2.148	2.790	2.206
5.579	0.196	2.449	16.966	5.380	16.221	6.230	4.050	1.259	11.079	0.062	2.457
3.052	1.321	4.217	19.243	6.792	0.375	5.528	5.641	1.239	7.718	1.548	2.583
6.117	1.930	0.533	11.996	4.508	11.543	9.654	6.000	4.743	9.591	3.003	2.395
9.878	6.894	3.575	18.559	6.738	0.856	8.962	6.230	3.726	19.302	8.494	4.332
19.569	9.806	0.745	15.279	3.832	14.881	3.022	3.803	1.289	2.366	4.776	4.080
19.147	6.550	3.509	18.852	4.926	4.832	4.536	4.660	1.659	11.806	0.781	0.236
0.821	8.976	2.227	8.112	4.384	0.964	8.103	6.074	1.759	8.016	0.864	0.228
8.834	1.771	1.992	0.699	4.394	5.171	2.414	5.749	4.160	16.567	5.707	1.061
6.618	4.834	4.211	0.853	6.048	12.058	3.130	6.841	4.708	18.951	8.478	1.006
18.897	7.576	2.772	2.113	4.832	7.799	5.028	4.011	1.389	6.361	2.548	3.682
19.125	5.293	0.228	4.699	3.206	15.612	7.707	4.264	4.157	15.931	2.668	1.065
5.875	6.549	2.001	1.648	2.955	7.365	1.963	5.269	4.116	6.320	1.502	4.100
12.788	0.530	3.147	18.732	4.241	19.294	2.103	3.780	0.985	15.848	4.618	0.236
4.358	4.389	0.415	10.498	5.842	10.139	3.070	5.108	2.033	9.109	5.269	3.958
1.023	9.177	2.019	12.064	5.757	16.411	3.148	3.625	2.694	6.091	8.739	2.474
8.869	4.595	1.021	17.557	6.122	5.104	4.480	3.913	0.218	0.954	0.574	3.036
7.323	0.915	4.626	4.503	4.772	7.577	1.618	5.431	4.369	11.803	6.173	1.834
1.581	2.825	0.044	8.863	5.387	10.840	5.419	5.866	0.011	5.505	0.932	4.868
10.158	0.926	3.843	13.748	4.692	8.444	8.684	6.426	4.183	3.106	2.906	2.248
4.358	9.991	0.810	6.011	4.964	5.180	2.753	5.335	0.566	0.374	8.253	0.352
12.506	9.390	0.072	15.958	6.670	17.414	9.220	4.958	1.332	9.905	9.093	3.182
6.623	7.590	4.349	14.584	5.088	1.993	3.697	5.888	3.638	9.179	6.962	4.405
12.273	1.228	4.281	17.377	4.057	6.796	5.098	5.499	2.100	16.624	1.652	0.380
2.868	8.642	4.134	11.636	3.570	14.963	2.913	5.423	4.815	15.677	3.004	0.442
11.112	1.693	2.453	8.005	4.891	2.318	6.814	5.476	0.865	5.054	9.808	2.444
13.360	0.005	4.462	6.732	5.168	11.277	9.932	5.155	3.298	17.962	1.263	0.861
7.309	3.211	3.233	17.193	5.048	2.023	4.622	5.079	2.610	10.755	4.647	1.968
1.800	6.716	1.094	1.884	5.002	18.652	9.993	5.183	3.875	8.943	0.136	0.186
3.874	5.580	1.195	14.913	3.785	14.694	1.586	4.777	4.861	8.526	1.859	1.174
1.588	1.926	2.352	6.824	2.036	7.479	6.684	3.980	2.663	8.036	0.654	4.194
2.148	1.833	2.462	14.108	4.024	15.788	6.914	4.960	2.340	5.158	8.968	3.999
17.626	4.553	2.935	2.787	7.127	18.692	9.525	4.723	0.224	13.875	1.329	2.059
11.335	8.832	0.844	6.557	5.545	16.014	7.801	5.654	3.926	19.564	6.605	0.952
5.702	5.998	1.003	13.356	3.801	15.198	2.003	7.563	4.667	4.298	0.158	3.148
11.028	0.050	3.169	9.006	3.807	9.360	4.418	5.412	3.382	0.448	0.379	1.318
0.365	8.367	4.361	13.097	4.842	0.690	8.328	5.428	2.502	9.798	2.296	4.044
19.943	6.207	0.081	12.034	7.233	16.436	9.868	4.830	1.670	11.854	8.216	1.740
5.876	4.186	4.136	3.912	4.324	13.351	1.134	5.101	4.725	19.688	6.718	0.679
12.484	4.383	1.620	8.323	5.621	1.899	8.885	5.953	1.391	19.580	8.247	0.691
0.878	9.303	4.596	1.691	5.317	6.044	2.358	3.938	3.261	15.598	8.458	1.539
4.673	9.282	3.603	12.707	4.357	18.744	0.590	4.987	0.922	11.333	5.490	3.477
10.099	0.419	2.516	4.339	2.971	10.302	1.530	4.480	2.748	4.411	3.534	3.969
14.241	1.579	4.053	16.893	3.958	19.839	2.081	5.615	0.084	2.364	3.199	4.773
19.524	3.186	2.002	8.809	7.490	13.736	4.970	6.344	2.501	5.947	8.217	4.418
8.350	8.155	3.461	13.769	5.254	17.230	3.967	6.160	0.087	14.402	4.197	0.448
4.594	0.715	3.380	9.946	4.763	9.223	5.777	5.202	2.213	4.384	5.895	3.568
19.887	6.914	3.207	4.597	5.159	12.686	1.640	4.570	4.966	5.750	3.949	3.451
4.118	6.822	2.000	4.143	5.143	4.804	9.090	6.805	3.004	15.193	4.438	4.113
0.813	7.692	0.934	6.903	2.456	2.096	7.319	5.590	2.196	10.798	1.618	1.251
0.829	0.662	4.683	16.884	5.150	9.241	2.201	4.697	3.868	19.172	7.813	3.095
1.340	4.216	0.195	19.827	7.664	13.169	5.159	5.187	2.133	0.344	4.077	0.287
13.898	9.038	2.737	17.035	5.343	17.978	1.265	5.288	0.222	4.969	6.018	1.555
18.704	3.723	3.386	11.534	4.686	3.617	4.577	5.763	2.522	12.024	9.271	3.767
4.941	4.780	1.071	16.843	3.936	3.667	0.903	6.120	4.255	3.667	2.902	1.138
11.760	0.736	2.991	4.640	4.548	14.970	8.316	6.373	2.173	17.670	2.485	3.645
4.035	5.477	1.875	5.190	6.290	10.121	2.761	3.361	1.209	4.237	3.195	2.827
3.492	3.026	2.440	7.515	4.783	7.700	5.016	6.334	2.358	13.858	4.246	2.149
10.633	1.719	2.502	6.002	4.988	12.924	2.661	5.235	2.489	14.483	0.843	0.223
13.584	1.811	3.125	4.429	3.712	0.178	0.621	5.374	4.883	0.189	6.701	4.025
14.539	9.188	4.018	8.718	5.460	8.983	7.577	5.152	4.088	17.950	4.696	0.435
7.964	9.652	4.477	18.407	5.226	13.093	4.155	4.824	1.213	2.244	2.039	3.661
1.648	7.503	0.518	8.789	5.437	3.181	9.102	4.617	1.238	12.861	8.558	4.745
0.969	3.565	1.064	17.086	4.445	2.387	2.285	3.708	0.448	10.936	5.697	3.172
12.734	7.767	2.244	6.734	6.167	3.175	8.976	4.199	0.256	13.656	1.312	3.332
12.684	7.779	3.420	1.403	4.763	5.717	9.914	5.279	1.189	17.646	3.642	2.796
17.567	1.385	4.838	10.593	4.934	12.974	2.691	4.104	2.974	4.698	7.521	0.724
18.773	9.059	2.388	17.991	2.999	3.986	7.501	4.418	2.326	3.748	2.361	0.849
10.229	0.242	1.597	18.353	6.395	8.314	0.528	4.561	0.750	16.597	9.461	1.210
19.922	2.385	0.320	6.241	4.172	11.026	4.959	4.433	2.450	9.974	0.309	1.050
19.692	0.177	3.941	10.368	5.147	3.421	7.597	2.849	4.159	9.142	7.617	3.966
11.826	2.448	2.860	9.462	4.306	14.812	0.480	7.275	2.161	2.102	2.105	2.612
12.820	8.947	4.947	3.204	4.947	14.318	5.431	6.268	3.854	2.972	5.177	4.516
15.627	2.392	3.522	8.289	5.112	9.465	2.235	4.821	0.377	9.660	5.229	2.765
14.859	7.956	2.921	12.594	5.891	18.161	8.049	4.915	4.029	9.106	1.053	4.951
1.858	7.226	4.435	16.165	2.510	7.275	6.320	4.814	0.070	11.192	1.677	1.230
0.003	1.221	4.153	3.419	4.446	8.740	2.312	6.108	4.265	8.183	5.911	3.157
10.171	5.653	1.262	9.163	5.763	5.948	0.143	4.675	4.946	1.061	1.328	2.236
10.468	8.929	2.459	7.272	7.171	5.015	1.741	4.873	1.513	19.104	8.157	4.943
4.729	1.434	0.369	11.377	6.213	5.729	4.034	5.741	4.999	12.164	0.026	3.170
16.029	4.067	4.655	0.958	5.995	16.692	7.159	4.912	2.186	4.906	5.695	3.779
7.690	4.715	1.642	10.770	5.559	12.954	2.181	3.667	1.702	5.043	1.654	2.845
16.959	1.433	0.091	19.921	3.006	10.015	6.814	5.349	1.414	19.634	8.052	4.865
4.585	2.060	1.546	16.696	4.268	1.783	0.622	4.961	3.737	7.868	6.493	3.675
3.433	9.185	4.090	2.799	5.333	6.414	5.342	5.681	1.767	3.401	4.343	1.122
4.126	1.362	3.127	2.248	3.827	10.890	6.278	3.739	1.498	6.062	8.894	1.610
10.525	8.521	3.889	4.877	3.521	7.287	8.290	2.384	2.889	5.680	7.582	4.013
0.017	8.799	4.361	2.864	4.686	19.011	8.422	5.102	2.452	10.471	8.083	0.265
9.051	9.086	1.479	12.362	6.851	4.684	7.245	4.626	2.743	14.245	6.992	3.987
2.735	6.009	1.054	8.545	5.540	9.423	9.946	5.873	0.285	4.522	1.597	4.526
9.822	1.394	2.917	13.718	5.496	18.674	9.259	5.654	0.215	15.942	2.526	3.947
14.285	9.312	0.444	15.418	3.584	3.884	3.711	3.628	1.042	18.404	7.629	1.800
0.579	2.909	3.387	2.412	5.150	19.633	0.438	5.514	0.954	18.745	5.631	0.943
3.747	8.060	0.677	4.436	5.110	9.162	2.282	5.102	3.178	3.164	8.295	1.305
11.293	6.162	4.662	13.799	3.699	15.189	2.492	3.349	2.688	17.959	0.417	0.626
18.254	4.665	1.168	7.810	4.665	18.928	3.754	5.767	2.599	6.537	6.851	4.845
1.731	7.802	2.108	15.933	4.818	13.389	2.659	4.823	1.236	8.227	8.105	3.159
7.855	1.588	3.670	14.070	4.539	10.123	3.180	4.673	4.067	16.326	7.778	3.839
6.528	6.092	4.267	12.724	5.510	5.423	6.888	2.857	3.010	6.012	5.775	1.900
0.005	8.661	1.047	0.872	5.191	0.164	6.279	5.061	1.159	13.326	0.695	3.446
3.648	6.459	2.599	5.109	5.744	15.014	1.694	3.827	2.122	9.739	7.500	4.231
5.355	5.730	0.284	8.990	5.026	7.116	9.857	5.355	4.829	10.979	0.808	2.119
0.352	5.539	1.330	3.510	3.996	15.359	3.943	4.876	3.646	5.715	7.212	0.205
7.158	7.045	1.726	2.127	4.924	12.509	2.437	4.890	3.370	8.950	6.559	2.195
12.394	7.802	2.358	0.765	4.123	9.285	2.967	7.338	0.547	6.339	7.645	3.833
1.034	6.533	3.893	13.215	5.182	2.953	8.462	4.489	1.639	5.912	0.081	1.893
13.057	3.847	2.813	18.525	4.860	0.225	2.477	5.285	4.500	5.893	6.312	3.220
7.727	1.698	2.399	13.284	3.465	18.573	2.526	5.503	3.512	14.543	9.207	2.949
0.050	6.244	0.184	10.128	4.153	1.833	3.178	5.224	1.889	2.010	0.471	2.532
10.209	2.523	3.523	18.735	4.879	8.907	4.830	4.890	2.932	10.898	6.646	3.787
13.969	5.293	3.479	1.779	4.074	15.956	3.014	4.008	1.265	2.024	8.234	4.078
2.686	4.936	0.420	13.888	5.137	5.879	6.921	6.158	2.528	6.567	4.808	4.057
6.776	0.789	0.072	1.665	4.710	4.003	2.829	4.908	3.750	18.082	3.897	1.812
6.089	3.534	0.008	13.601	5.777	9.297	9.667	4.345	3.383	5.397	1.358	1.399
16.030	7.278	1.224	8.203	5.340	7.883	4.626	4.895	3.146	3.925	0.647	1.396
11.063	6.946	2.537	2.860	3.976	0.900	8.224	4.066	1.922	4.198	7.821	0.410
19.853	6.734	1.866	4.572	4.856	9.661	9.477	7.427	0.853	15.051	3.950	2.984
4.462	8.099	4.383	15.940	5.658	3.804	7.357	4.925	4.854	0.710	6.008	0.129
15.616	8.540	3.868	15.063	5.383	13.594	1.382	4.223	1.973	13.678	1.749	2.794
0.100	9.184	2.888	4.124	2.626	6.268	7.895	5.151	4.278	12.568	3.487	2.845
14.391	9.761	3.950	6.304	5.606	17.205	9.730	3.776	4.005	4.286	7.282	1.419
13.444	2.678	2.680	10.683	6.867	19.949	6.777	5.995	4.226	12.809	1.307	4.496
5.773	5.079	0.602	15.741	6.405	12.440	3.799	5.476	4.199	4.755	8.871	0.615
4.505	2.442	0.535	12.980	5.201	6.862	4.402	4.825	2.689	7.294	3.096	3.328
10.931	0.032	1.644	18.691	6.625	1.770	0.186	3.331	1.200	5.892	8.304	0.515
1.240	0.312	3.784	11.786	5.818	13.882	0.381	3.673	3.188	14.641	0.057	3.654
16.578	7.537	2.322	19.201	3.812	14.436	9.609	5.947	1.914	7.736	9.231	3.892
10.992	2.289	2.644	3.583	4.528	11.038	7.491	4.970	0.989	6.465	7.955	2.950
3.135	7.510	3.429	7.174	4.595	11.214	6.659	4.453	3.995	7.979	3.821	1.474
19.072	4.544	3.215	8.982	5.634	5.125	1.872	3.182	1.203	0.436	5.265	2.285
4.569	6.703	2.483	14.718	5.399	13.758	5.479	4.348	1.802	18.409	5.760	3.719
19.969	6.857	1.636	2.100	3.837	6.577	2.697	5.642	2.049	8.378	5.485	4.007
0.615	5.658	1.221	16.612	6.453	13.401	4.385	4.096	3.896	15.760	1.422	2.515
2.314	4.244	0.942	7.449	3.986	2.832	8.370	5.514	3.406	3.516	2.688	4.313
4.101	2.885	3.843	12.911	6.674	2.969	3.497	4.697	1.931	6.975	5.685	2.347
0.713	8.283	4.054	19.610	5.330	2.204	1.644	4.337	1.328	6.546	2.742	4.895
19.944	6.636	2.146	8.559	5.033	3.164	3.694	4.119	1.436	15.550	0.311	1.701
5.286	3.382	3.047	13.064	6.571	19.052	3.573	6.990	4.221	16.828	7.299	1.577
11.748	6.077	4.416	18.309	5.833	18.779	9.336	6.105	1.995	16.435	5.957	0.208
7.953	0.325	2.186	2.331	5.239	3.841	6.360	4.041	1.383	5.564	4.475	1.865
15.507	1.864	0.950	19.091	5.405	0.547	4.404	3.252	4.348	13.345	8.954	0.055
4.097	0.094	3.162	15.374	3.470	0.835	3.590	5.119	1.481	19.061	6.101	1.298
15.678	1.762	1.638	9.860	5.067	13.788	7.931	4.347	1.250	12.082	3.035	0.339
0.928	2.721	0.929	16.576	4.242	6.923	7.925	6.310	2.294	16.233	4.623	4.175
7.596	8.825	2.911	12.669	4.974	8.854	3.166	4.558	0.371	17.702	2.472	2.414
19.516	7.504	3.075	17.668	6.363	18.864	0.878	5.682	3.878	4.030	9.635	3.802
5.118	4.300	1.151	10.757	5.843	10.070	1.637	4.409	1.328	6.251	3.674	3.821
6.800	2.571	0.693	4.611	4.162	4.248	3.744	3.918	4.186	17.834	6.278	1.862
1.591	8.434	2.315	8.429	4.097	3.711	2.939	4.863	1.943	18.285	2.132	1.728
11.816	9.023	3.463	0.959	5.322	3.589	3.659	4.248	3.485	14.329	7.715	1.408
12.872	4.859	4.539	12.672	3.633	19.724	8.631	4.676	2.748	2.397	7.897	1.803
16.525	7.954	3.370	13.632	5.175	0.723	6.398	4.524	3.885	8.005	9.141	4.538
19.134	8.093	2.278	1.789	5.646	16.959	2.302	3.646	0.065	4.051	7.036	3.931
5.793	0.637	4.503	19.977	5.876	8.042	6.430	5.083	3.019	13.778	8.787	1.841
5.335	8.297	2.407	6.088	6.537	14.082	3.511	4.712	3.471	2.870	7.968	4.115
9.330	3.693	3.272	10.233	6.456	3.490	5.998	4.607	2.727	13.257	6.016	3.007
12.240	0.877	1.884	12.038	5.904	1.693	3.846	5.236	3.139	7.508	6.308	4.961
13.444	8.281	4.849	9.081	6.843	7.931	4.940	4.346	0.006	6.712	1.030	1.416
18.803	3.777	2.252	17.471	6.086	12.593	1.649	5.295	0.053	16.458	2.960	4.061
14.158	8.649	0.644	4.890	5.481	6.302	7.084	4.445	4.444	0.016	9.378	3.228
6.670	0.657	3.535	8.840	5.206	2.816	1.318	7.465	1.972	7.984	1.255	1.300
4.537	6.100	4.731	3.753	4.755	14.465	1.560	5.976	2.657	12.866	6.905	0.617
8.077	3.791	1.428	17.682	3.491	6.589	4.838	5.016	4.045	17.286	1.071	2.959
13.715	8.110	4.746	5.627	4.706	19.071	1.220	2.273	1.725	8.039	1.374	1.806
6.806	1.671	0.561	16.718	5.869	7.153	2.250	5.660	3.840	15.312	5.599	2.776
5.765	0.108	0.207	10.471	5.282	1.749	1.404	5.414	4.456	16.778	4.621	1.119
2.893	4.120	2.115	10.922	6.430	19.960	3.474	4.181	1.705	17.182	4.925	2.990
1.991	9.100	4.587	15.576	3.439	1.554	4.909	6.059	4.230	6.588	2.027	1.484
5.199	3.808	0.776	18.022	5.881	17.846	7.177	2.413	2.961	4.773	9.596	4.371
2.946	7.458	0.310	17.770	6.724	16.201	8.568	5.104	4.145	1.624	9.093	3.583
10.275	9.623	0.089	17.184	5.233	17.324	7.073	4.349	0.583	16.752	7.250	1.677
5.708	3.459	0.778	12.034	4.586	19.152	9.676	5.285	4.469	1.851	9.671	4.160
1.752	5.982	3.002	1.369	4.945	16.014	5.183	6.307	3.524	14.721	3.347	2.918
17.624	5.143	1.313	1.686	4.276	17.395	2.435	5.465	0.047	2.186	8.364	1.186
10.114	2.562	0.013	13.084	3.965	11.234	2.406	5.005	3.225	11.817	8.728	3.559
3.111	8.126	1.465	4.204	6.105	12.254	9.991	5.505	0.886	8.719	0.171	4.665
16.057	3.331	2.724	9.593	5.140	19.336	9.266	5.115	4.627	15.558	2.001	2.779
11.894	9.133	1.916	18.872	5.273	8.240	3.602	3.246	1.908	3.377	8.625	4.053
3.357	2.937	0.211	2.610	4.693	11.935	1.770	4.370	3.551	12.144	8.120	0.589
1.929	6.344	2.927	5.893	3.566	17.513	6.282	4.541	1.976	14.491	6.497	2.112
14.020	5.835	1.325	13.298	5.055	18.523	9.229	6.893	3.118	16.473	5.766	1.929
12.906	0.684	1.134	7.860	5.124	2.879	3.425	5.376	1.655	0.021	5.114	0.785
13.600	3.872	1.648	19.296	5.452	18.295	9.223	3.583	3.772	19.760	1.900	0.414
6.956	8.381	0.343	10.221	5.896	8.080	1.774	6.274	3.640	15.827	5.024	2.945
1.773	9.196	1.237	1.348	4.648	5.241	3.214	5.926	3.720	2.721	9.323	1.344
14.579	9.408	2.475	0.287	6.435	10.628	9.975	4.459	0.883	8.927	6.792	2.357
3.929	1.184	4.732	14.472	5.968	15.811	5.370	5.088	4.970	7.806	8.475	0.819
15.869	0.884	3.693	18.875	4.720	10.371	5.476	5.097	0.561	19.993	3.443	0.525
2.628	5.407	0.884	0.140	4.998	0.184	5.690	3.776	2.596	0.926	6.962	3.417
2.887	2.211	2.153	19.028	4.589	7.539	9.407	5.754	4.990	11.821	3.935	0.046
8.177	2.706	3.481	11.992	4.889	19.179	2.181	5.668	1.149	9.082	8.682	1.761
7.821	8.871	3.440	15.395	4.661	18.297	8.173	4.526	4.228	17.036	7.585	3.536
10.859	9.324	4.187	17.462	5.251	8.017	3.267	5.092	3.559	17.019	3.042	3.314
4.573	2.985	4.609	18.160	7.253	10.167	8.656	6.824	2.562	3.175	3.225	0.948
2.812	0.387	2.621	5.930	4.252	17.743	2.078	6.287	0.642	17.808	4.333	0.168
13.524	1.470	4.570	10.451	4.709	3.953	9.018	4.637	1.941	4.048	4.281	1.314
6.270	4.963	4.024	19.145	4.097	13.346	3.217	3.371	2.901	18.767	2.708	3.109
13.857	6.524	3.302	10.067	4.160	13.714	0.709	5.553	2.786	15.872	7.556	1.451
15.511	2.488	0.912	12.039	6.172	4.133	5.429	4.907	2.137	6.513	4.933	3.881
0.910	2.533	4.762	2.627	5.237	3.476	1.984	5.662	2.814	15.464	5.751	2.461
16.407	9.405	3.726	16.811	6.330	6.307	0.583	3.644	0.436	19.521	6.070	2.568
12.803	9.512	3.745	7.160	5.207	10.560	3.154	6.177	4.575	11.122	4.547	0.271
9.993	4.984	4.279	13.660	4.210	3.523	0.819	4.772	3.718	6.741	4.936	1.309
1.630	6.591	1.684	5.236	4.984	12.152	6.059	5.102	2.873	3.506	4.163	3.172
8.409	9.928	2.110	17.328	4.991	16.401	7.339	7.498	3.842	17.856	9.121	3.796
11.598	7.333	4.206	18.527	3.556	19.918	2.776	6.105	1.053	10.974	5.809	1.860
17.435	0.547	4.282	0.504	5.751	17.636	0.335	5.665	2.916	18.271	0.512	4.075
4.680	3.611	1.259	18.467	3.481	8.268	9.429	6.803	3.382	9.415	8.325	0.079
5.897	7.761	2.895	0.090	6.517	15.997	3.743	5.962	3.452	15.391	5.378	4.843
14.273	5.123	2.168	12.510	7.128	0.531	4.290	4.553	3.449	17.408	1.770	0.852
18.353	5.988	3.080	10.771	5.249	3.952	9.272	4.817	1.376	16.726	0.163	2.954
