0.809	7.224	0.201	0.170	0.531	2.442	9.561	3.969	7.717	5.863
14.390	3.166	0.026	0.192	-0.060	6.033	6.504	19.762	0.499	3.815
4.472	2.133	-0.125	1.290	-1.451	16.030	2.953	0.803	1.644	0.282
18.590	3.993	0.122	0.404	0.300	3.404	5.493	19.510	3.360	0.654
1.404	3.979	-0.595	-0.388	-1.793	14.150	9.370	13.657	2.678	10.086
6.979	1.451	-0.796	0.162	0.072	5.286	7.153	1.995	8.345	17.348
12.842	1.673	1.359	0.315	1.090	3.063	9.933	6.690	9.569	19.550
2.868	4.487	1.031	-0.635	-0.018	10.544	1.307	7.640	1.811	0.864
0.682	0.876	-0.643	1.279	0.057	4.317	7.563	3.027	2.608	10.195
18.185	3.338	-0.614	-0.003	0.292	14.611	4.892	19.888	2.756	6.383
13.479	3.339	-0.201	0.638	-0.460	18.151	7.014	4.770	3.541	14.837
11.309	7.216	1.558	1.235	-0.124	8.678	8.167	7.255	1.679	18.502
16.985	2.069	-0.445	1.455	0.683	6.821	3.663	0.192	1.814	7.275
17.681	0.613	-0.525	-0.499	-0.671	0.367	8.824	16.076	5.866	11.131
9.153	3.678	0.558	-1.125	1.166	12.914	4.066	16.701	7.495	13.258
17.474	0.406	1.177	1.564	0.674	4.374	8.839	3.679	0.288	18.974
11.191	5.788	-0.491	1.131	-0.751	2.203	3.837	9.563	4.130	11.164
8.158	1.752	0.553	-1.722	-0.232	13.196	6.659	19.189	7.761	13.272
6.990	0.687	0.265	0.162	-1.733	16.038	1.510	7.237	5.787	6.097
4.604	9.446	-0.206	-0.682	0.782	2.114	9.646	19.182	6.170	13.446
12.577	4.370	-0.323	-1.157	-2.299	7.074	3.040	12.557	8.658	2.037
0.794	5.434	-2.436	-0.840	-0.898	19.664	1.659	8.440	5.636	11.597
14.382	5.713	0.434	1.081	-1.045	4.464	1.611	0.639	2.874	2.343
16.704	2.321	0.938	0.120	0.997	3.926	8.286	2.059	3.122	19.748
1.577	3.945	0.365	-0.277	-0.215	18.906	3.655	5.101	9.036	4.782
16.357	5.972	-0.379	0.620	-1.038	8.264	3.933	6.302	9.166	12.040
17.563	0.471	0.724	-0.825	0.497	9.576	6.017	6.930	8.087	4.722
7.971	2.520	0.355	0.109	0.203	8.120	2.409	7.003	5.796	13.070
0.798	4.498	-0.842	0.687	0.222	17.579	8.084	1.970	0.628	0.570
10.615	8.957	-0.202	0.380	-0.485	15.639	9.598	17.541	7.670	12.969
13.752	6.604	-0.728	-1.556	-0.727	5.058	2.235	16.902	0.389	5.835
7.977	0.888	-2.045	-0.890	-0.673	4.961	0.671	14.089	1.350	3.613
10.490	6.348	-0.854	-2.124	2.451	7.852	6.864	7.109	3.305	17.048
4.500	4.652	-0.609	-0.286	0.888	19.593	9.694	10.723	1.128	18.456
7.530	8.383	1.751	0.025	0.834	5.353	5.664	11.608	1.550	10.224
0.885	4.423	-0.477	-0.398	0.349	12.126	5.226	5.583	5.331	4.151
5.869	5.866	-0.414	-0.698	-1.117	8.514	1.351	14.321	2.534	4.200
9.506	5.819	0.963	1.407	-0.174	7.692	0.035	5.792	9.786	13.098
12.309	4.114	1.234	0.045	-2.282	17.165	9.948	6.622	7.183	15.244
11.465	7.133	-1.027	-0.066	-1.997	3.816	8.191	15.397	4.884	9.560
5.542	4.587	1.748	1.964	2.938	3.560	1.165	2.675	1.690	2.988
5.671	4.486	5.269	3.831	1.105	4.949	4.086	3.537	3.546	2.082
4.333	6.335	5.596	2.366	9.391	4.373	1.296	5.815	4.749	2.961
5.812	3.912	3.059	4.918	5.556	5.232	4.618	8.915	1.977	2.217
3.664	5.830	0.866	4.879	4.555	4.039	1.024	2.968	0.584	1.888
4.664	4.934	5.853	2.721	1.552	5.071	1.686	6.496	3.964	9.120
4.707	6.014	5.042	3.359	9.275	5.030	1.890	8.222	0.318	0.642
4.189	3.391	0.967	1.692	2.801	5.720	2.211	1.788	2.877	2.358
6.284	4.701	9.915	0.837	6.383	5.988	4.756	1.117	1.841	1.278
5.383	4.111	5.141	2.886	5.257	6.241	1.476	2.221	3.388	1.403
5.893	4.201	7.720	4.809	8.841	5.908	2.615	7.704	1.245	1.307
5.442	5.520	7.919	2.743	1.566	5.114	0.349	8.190	3.166	4.314
6.197	5.390	9.617	3.557	9.217	4.320	1.922	1.379	3.071	1.597
5.531	3.293	9.530	3.906	9.145	3.908	3.728	9.287	1.134	1.190
5.230	6.123	4.676	3.996	5.914	4.927	1.284	3.514	3.929	5.439
4.460	4.378	5.884	3.556	4.046	4.042	2.609	0.429	2.946	4.407
5.594	4.017	1.587	0.173	1.171	4.929	1.011	2.233	4.673	4.851
5.896	5.668	9.851	4.115	0.070	5.942	3.689	4.549	3.010	5.345
5.270	5.397	4.849	4.049	5.949	4.538	2.173	1.380	3.765	6.009
5.009	6.704	9.243	0.665	8.289	2.779	2.900	6.979	2.225	7.338
4.952	4.804	9.083	2.838	1.951	3.968	2.568	6.119	4.521	9.389
5.432	4.500	5.879	3.310	6.631	4.403	1.673	0.180	1.011	6.559
3.106	4.869	6.923	4.094	1.296	4.417	3.416	4.187	0.311	9.732
3.808	4.230	6.787	1.059	0.375	5.976	4.187	9.717	3.270	1.821
3.736	5.783	3.629	4.771	0.560	5.267	1.820	0.194	2.415	9.684
3.227	5.429	1.566	1.607	9.384	4.603	2.148	1.003	3.167	4.021
5.671	6.236	5.892	1.978	4.752	4.797	3.360	7.751	0.250	9.749
4.354	4.760	6.395	4.821	8.266	4.899	1.390	3.646	1.506	6.291
4.595	3.001	3.084	0.665	4.858	6.281	1.185	5.097	1.214	4.576
4.970	4.995	3.894	0.147	9.874	5.022	1.027	8.883	1.481	4.773
5.184	6.429	5.946	4.984	0.627	4.639	4.579	3.252	0.173	8.674
4.830	6.876	5.195	1.655	1.426	5.882	1.852	3.481	2.935	4.698
4.251	4.836	3.889	4.061	1.406	2.865	0.713	2.413	4.997	3.566
4.865	6.198	6.339	2.682	7.966	3.296	4.976	0.512	4.564	0.757
3.936	5.188	8.556	1.431	7.468	5.047	1.842	9.560	4.078	3.675
4.517	4.096	5.660	2.365	4.555	4.083	4.652	2.774	1.083	5.242
3.555	6.332	6.802	0.709	2.469	6.998	4.338	8.144	1.763	3.634
5.349	4.207	5.726	3.128	6.850	4.087	0.021	4.703	1.806	1.178
3.367	4.551	4.471	4.143	6.608	5.785	0.058	8.641	0.358	4.923
5.650	7.058	6.739	1.935	8.285	3.765	2.461	5.797	3.287	2.173