11.420	0.708	-1.125	0.786	-0.055	9.350	-1.558	0.102	11.516	-0.625
18.400	0.732	-0.084	1.912	1.456	2.421	0.817	1.926	8.119	-0.173
4.345	0.615	-2.290	1.397	-0.714	9.188	-0.304	1.367	19.682	0.452
10.970	-0.554	0.460	1.689	0.860	0.840	1.788	1.635	4.520	1.703
4.453	-0.070	-0.691	2.191	-1.601	2.483	-0.232	-0.898	0.393	0.549
2.692	-0.998	1.189	3.244	1.603	8.398	-0.933	0.668	0.534	-0.548
6.055	-1.023	0.851	4.173	-0.830	1.189	0.543	0.374	13.835	-0.070
3.484	0.049	0.090	0.792	0.939	5.239	-1.000	1.952	10.975	-1.125
19.114	0.481	-0.043	3.409	-0.395	0.683	-2.494	1.075	9.201	0.773
2.622	0.481	-0.141	4.405	-1.734	0.942	0.497	0.821	14.775	-1.053
13.754	-0.076	-0.855	4.990	-0.252	9.186	0.348	-1.129	10.613	0.749
7.064	-1.914	-0.827	1.090	-0.696	8.217	-0.436	-1.625	5.732	0.758
12.470	1.322	-0.977	1.955	-0.292	7.648	1.858	-0.937	11.804	0.319
16.186	-0.217	0.003	1.567	1.692	0.305	0.812	0.046	14.628	-0.827
1.108	-0.469	-0.205	1.652	-0.196	3.620	-0.357	0.880	10.802	-1.587
2.292	1.049	-0.727	1.701	-0.395	9.388	0.389	-0.131	17.970	2.724
6.379	0.602	-0.506	0.587	1.602	9.009	0.518	0.677	1.123	-1.028
18.384	0.486	0.355	3.453	-0.533	7.209	-1.007	1.248	11.126	-0.662
18.771	-1.376	-0.757	4.492	-1.462	5.186	-0.759	-0.727	4.515	-0.977
5.789	-1.275	0.138	2.621	0.276	7.898	-0.546	0.382	0.782	1.222
17.198	0.353	-1.188	1.773	0.984	9.170	0.020	-0.129	8.876	1.651
5.628	-0.198	0.262	4.272	-1.350	5.878	0.957	-0.600	16.379	-0.195
14.108	-0.515	0.660	1.797	-1.492	7.197	-1.100	0.782	4.507	-2.883
7.351	-1.288	1.014	2.098	0.818	2.335	1.231	-0.998	15.052	-0.979
16.088	1.372	0.817	4.675	1.606	5.939	2.412	-0.793	13.838	1.168
18.303	1.151	1.683	4.306	0.274	3.739	-0.871	-0.107	1.771	0.925
17.076	-0.248	-0.543	1.627	0.045	1.634	-0.563	0.973	4.857	0.352
14.304	-0.172	0.789	0.380	1.016	1.680	1.339	1.351	1.434	0.760
18.596	-1.781	-2.012	0.489	-0.303	7.795	1.077	0.346	4.052	1.385
10.494	0.948	0.532	0.006	-1.539	2.677	-1.460	1.085	7.740	1.089
10.116	-0.021	-1.187	3.502	-0.023	6.125	-0.546	0.113	16.664	0.288
2.504	0.818	-0.202	3.602	-1.291	1.995	-0.260	-1.524	19.947	1.769
3.938	-0.082	0.448	2.038	-1.332	2.685	-0.027	-1.293	0.736	1.215
7.190	0.899	-1.142	2.751	0.020	8.031	-0.422	2.042	1.354	-0.260
6.892	-0.213	-1.282	0.692	-1.891	3.648	-1.158	-0.312	8.990	-0.315
11.680	-1.496	0.856	0.871	0.280	8.209	-0.139	-0.102	2.410	-1.601
7.091	-1.988	-0.961	3.402	-0.857	2.299	-0.727	-0.231	7.256	0.381
8.446	2.099	0.485	4.092	-0.024	2.617	-0.200	-1.054	14.683	1.835
6.740	-0.582	-0.382	3.682	-0.954	2.555	0.894	-0.431	1.147	1.028
4.600	0.174	-2.083	4.839	-0.455	0.294	-1.563	-0.572	17.533	-0.632
12.633	0.634	0.882	1.089	0.110	6.165	0.238	-0.706	15.786	1.119
11.283	-1.332	0.193	4.085	-0.290	9.417	-0.058	0.054	2.711	-0.536
9.171	0.268	2.039	0.369	0.170	5.258	0.578	-1.024	6.215	1.332
16.763	-0.380	-0.080	3.021	0.573	2.312	-0.931	0.630	11.104	-0.169
4.400	0.228	0.701	4.704	1.658	8.701	1.760	-0.751	7.223	-0.546
12.333	-0.528	-1.250	0.186	-0.362	9.640	-1.689	0.148	5.817	-1.872
12.357	1.380	0.706	3.119	-1.297	5.006	0.683	0.829	4.014	1.147
5.527	-0.419	-0.405	4.004	-0.394	6.781	-1.492	0.213	8.185	-1.588
9.100	0.447	0.366	1.832	-0.422	4.032	-0.779	-0.616	16.862	-1.370
0.356	-0.301	1.031	2.030	0.811	0.816	-2.180	-0.961	14.885	1.240
15.125	1.384	0.738	0.419	-1.132	3.227	-0.080	1.146	7.388	-1.146
6.417	-2.110	0.561	3.167	0.382	1.495	-1.160	0.086	14.177	-0.508
9.879	-0.094	0.945	1.613	-0.733	3.082	0.486	-1.247	13.733	0.020
15.417	-0.095	0.648	0.058	2.249	9.036	0.217	0.329	9.507	0.923
5.549	1.052	0.452	1.573	-0.568	3.758	1.096	0.091	10.891	0.290
3.017	0.631	0.639	1.442	-1.039	2.323	-0.926	1.051	18.557	0.220
2.131	1.971	-1.872	3.674	-0.423	8.250	-1.342	0.048	16.847	1.648
14.948	0.410	-0.551	2.592	1.427	5.525	-1.709	0.645	12.455	0.730
3.590	-0.705	-0.711	2.074	-0.360	7.838	-0.294	-0.273	3.468	-0.148
2.569	-0.032	0.771	3.411	-0.852	6.516	-0.380	1.017	10.496	2.337
16.121	-1.557	0.511	1.968	0.242	1.443	0.006	0.962	14.909	-0.142
19.982	1.145	-0.305	4.802	0.657	2.535	-0.473	-2.690	4.322	0.033
15.156	-0.305	-1.978	1.848	0.203	5.988	1.299	-1.818	15.339	0.869
18.785	-0.103	-0.683	3.716	-1.411	7.993	0.186	0.092	5.131	0.064
2.328	0.585	0.400	3.376	0.866	4.932	1.448	2.393	15.839	1.435
2.223	-2.182	-0.932	0.553	-0.656	5.133	-2.166	-1.258	6.605	0.269
4.060	1.151	0.646	4.600	-0.390	9.251	-0.043	0.499	15.241	0.730
5.733	3.502	4.352	3.502	4.757	9.090	14.171	4.084	5.410	2.413
4.137	5.430	6.610	6.032	6.829	6.081	5.402	0.883	4.233	4.044
3.137	6.306	5.860	4.523	4.935	9.113	18.845	4.936	5.607	5.220
3.538	4.250	5.628	5.787	4.762	4.491	17.920	3.816	3.985	0.317
4.511	5.517	5.153	5.173	4.415	6.354	11.270	1.135	5.336	1.958
5.239	5.097	4.615	5.024	4.232	9.707	18.702	3.929	5.617	0.756
4.104	5.687	4.415	6.342	4.525	0.599	4.632	1.531	6.195	9.481
4.779	6.025	3.423	4.853	4.363	9.509	18.506	4.251	4.170	1.374
4.270	3.791	3.392	3.740	4.513	5.578	16.064	3.885	4.963	1.954
4.946	3.005	4.607	6.834	5.831	8.605	10.667	4.642	6.700	8.236
5.549	4.331	6.390	6.227	6.119	6.926	12.924	0.133	5.714	4.486
4.163	5.293	5.583	5.847	5.775	7.518	12.189	4.392	4.935	9.150
3.598	5.833	4.258	4.887	5.046	7.057	9.698	0.813	5.494	8.336
5.156	5.295	4.728	6.408	4.078	1.403	3.936	2.992	5.943	4.718
3.654	6.011	4.899	4.981	4.808	9.383	3.552	1.322	5.410	6.281
4.602	4.777	5.697	5.104	4.672	0.437	5.833	4.882	4.655	9.582
4.994	3.583	6.347	4.267	6.208	3.729	19.370	1.301	5.353	9.230
4.513	5.240	5.524	4.235	6.384	4.274	8.617	3.851	4.827	4.055
5.589	4.515	7.303	4.591	4.788	9.431	5.164	3.746	6.488	0.403
6.117	5.155	5.824	4.172	4.958	6.437	17.435	2.030	4.981	8.694
5.823	6.017	3.307	4.243	5.566	3.048	1.003	4.303	4.683	8.042
4.582	4.149	5.464	5.135	2.773	3.093	2.828	1.532	4.617	7.850
4.043	4.521	5.609	6.122	4.538	8.493	15.241	4.883	3.997	1.957
4.479	4.893	4.708	5.063	3.666	8.716	6.055	1.250	3.478	5.559
5.867	3.919	6.325	3.911	4.136	1.981	0.309	2.477	5.301	1.482
4.949	5.451	5.850	4.914	4.054	5.344	8.863	1.216	2.871	4.370
4.179	5.600	5.874	3.976	4.597	9.220	17.215	1.369	5.613	0.943
4.983	6.194	6.274	4.813	7.079	7.021	8.501	3.906	3.322	6.062
4.229	3.583	4.281	5.180	4.116	5.445	1.652	0.884	4.572	3.808
5.710	6.568	4.871	3.592	3.836	2.856	10.907	3.542	7.649	0.940
5.418	3.606	4.329	4.417	3.560	2.187	18.338	0.276	4.564	6.744
5.379	3.558	4.948	4.408	5.520	6.071	6.857	0.391	3.401	9.250
5.932	4.192	4.274	5.130	4.442	4.122	5.278	0.303	4.528	3.609
3.846	4.245	4.372	2.973	5.510	5.216	14.639	0.963	4.923	4.568
6.358	6.034	2.828	4.397	4.002	0.555	7.583	3.639	6.148	5.890
6.193	4.477	3.666	5.846	5.497	2.455	15.380	4.090	5.387	7.724
5.624	5.290	5.343	7.401	6.193	3.070	5.245	4.810	3.094	9.499
4.722	4.942	5.604	7.355	5.094	9.941	15.317	1.850	5.872	7.922
4.397	2.763	4.504	4.103	5.408	3.771	10.296	2.807	5.843	4.414
4.130	4.870	3.098	5.640	5.368	1.357	0.556	2.440	5.790	4.721
6.631	5.934	4.670	3.750	3.799	1.098	11.353	4.241	6.459	4.620
4.822	5.301	4.678	5.643	6.170	8.790	7.957	4.795	4.383	5.037
3.920	5.153	5.268	4.061	6.510	0.568	9.446	4.189	4.043	8.859
5.650	4.728	3.450	5.547	5.348	3.855	12.250	2.364	5.100	0.815
5.025	3.398	3.853	6.245	4.597	0.596	2.027	3.246	3.897	7.102
5.054	6.291	5.004	4.175	5.308	6.233	4.158	2.705	4.625	9.693
6.540	3.917	4.237	5.494	4.512	9.948	12.139	0.795	4.098	1.985
3.634	4.004	4.175	5.509	5.536	4.210	5.650	0.776	4.808	5.586
4.801	5.924	5.413	4.357	7.221	3.663	8.691	1.907	5.969	0.202
6.311	5.477	6.220	4.426	4.237	8.543	10.270	4.757	4.516	8.992
6.168	4.222	5.822	5.140	5.019	5.541	12.839	0.658	4.048	9.651
4.970	4.347	5.666	5.109	4.307	7.013	17.444	3.870	4.397	1.053
5.879	4.564	5.040	3.817	4.093	7.335	13.074	4.891	5.185	3.896
4.286	4.763	5.575	5.324	5.535	4.224	10.312	4.370	5.489	6.974
3.892	5.648	6.508	2.713	4.136	1.124	4.110	0.117	5.603	8.400
4.470	4.795	6.370	5.544	4.677	5.293	12.585	0.025	4.265	8.525
5.074	4.311	3.841	6.598	5.561	0.069	2.353	3.395	5.956	2.827
5.614	5.094	5.889	5.033	5.832	9.230	10.185	0.004	4.868	3.768
6.234	4.978	4.756	4.336	3.251	7.530	16.834	3.168	4.275	3.423
5.537	6.115	4.284	4.698	3.269	5.499	10.725	0.281	4.812	4.561
4.322	6.838	4.258	3.348	4.145	3.856	2.094	2.975	5.878	7.796
4.086	4.678	5.338	4.098	4.201	6.058	14.791	2.085	5.205	6.108
7.039	3.150	4.356	3.964	5.926	6.912	13.647	1.123	3.315	2.931
5.827	4.208	4.318	5.225	5.969	6.640	15.902	0.818	3.887	1.319
5.495	5.623	5.244	5.530	5.924	1.259	1.761	3.879	5.571	1.062
5.162	5.115	5.799	3.606	4.740	9.919	5.089	2.462	5.118	7.959
5.170	4.867	3.884	4.742	4.702	3.896	19.572	2.330	5.378	0.420
9.150	0.743	-6.151	-6.673	5.383	-7.098	-5.886	-8.500	11.208	-8.397
12.390	3.191	-8.511	-6.385	8.878	-8.957	-6.878	-7.851	11.274	-7.314
10.334	0.898	-5.978	-4.283	5.833	-6.785	-7.851	-5.558	6.548	-6.798
4.154	4.223	-5.739	-6.272	1.138	-6.689	-8.179	-6.861	14.803	-7.660
12.373	2.168	-6.953	-8.163	6.345	-6.413	-6.217	-6.264	5.592	-7.685
13.624	3.578	-6.822	-7.296	2.944	-6.129	-6.504	-7.818	17.915	-6.790
7.465	2.919	-7.336	-6.897	8.509	-6.108	-8.471	-6.274	19.349	-5.487
11.091	2.092	-5.539	-7.208	0.429	-8.533	-6.307	-7.472	18.249	-7.624
11.677	2.460	-6.255	-10.367	8.575	-6.952	-6.231	-7.552	3.149	-5.739
9.704	0.843	-7.029	-6.429	6.287	-7.236	-7.133	-7.735	1.045	-7.224
2.968	0.435	-7.569	-7.464	1.916	-5.958	-7.062	-7.316	17.258	-7.796
14.757	3.564	-8.224	-6.548	8.690	-8.082	-6.503	-5.616	9.176	-6.576
9.417	1.491	-6.793	-5.014	2.421	-8.347	-5.677	-6.138	3.774	-5.607
13.374	0.294	-6.111	-8.740	9.542	-6.247	-7.984	-5.997	17.940	-6.251
10.724	4.501	-6.485	-5.511	3.689	-6.154	-7.655	-7.653	12.609	-7.215
9.129	2.781	-6.523	-6.224	8.685	-8.755	-5.758	-6.939	1.166	-7.385
13.909	3.599	-7.636	-7.472	0.100	-7.876	-6.724	-6.849	7.238	-6.103
2.869	2.007	-6.893	-7.235	7.642	-7.517	-7.138	-6.638	11.489	-5.618
16.446	0.700	-6.303	-5.126	6.070	-8.884	-7.114	-7.266	18.801	-7.175
4.225	4.535	-7.939	-7.023	2.813	-6.767	-7.948	-6.919	15.610	-6.075
19.712	0.982	-7.970	-8.347	2.299	-8.699	-5.741	-4.495	6.137	-7.620
16.371	2.457	-8.429	-8.636	8.861	-4.417	-7.791	-7.726	19.558	-8.056
11.193	1.523	-9.536	-8.830	1.306	-7.432	-8.013	-5.117	6.366	-7.912
15.419	2.980	-8.507	-8.126	7.782	-6.915	-8.678	-6.761	8.208	-7.093
3.815	3.094	-7.683	-6.742	4.862	-5.884	-8.014	-7.172	4.828	-5.638
14.787	3.677	-9.603	-5.624	2.295	-7.326	-6.657	-7.529	7.352	-8.057
4.687	2.929	-6.277	-5.762	8.248	-7.983	-5.126	-7.109	4.441	-6.949
9.345	0.879	-7.951	-7.682	1.095	-7.810	-7.133	-7.659	12.452	-7.051
17.936	3.694	-9.135	-7.340	7.802	-8.198	-7.005	-6.874	11.531	-6.065
0.809	0.110	-6.209	-6.257	0.980	-7.913	-7.711	-8.609	12.997	-7.936
12.294	3.027	-6.084	-7.471	2.363	-6.426	-5.275	-7.057	5.282	-6.770
9.072	4.346	-8.823	-6.641	3.986	-7.237	-7.752	-7.691	5.301	-6.757
11.710	0.778	-7.906	-8.772	4.201	-8.385	-8.102	-5.791	17.853	-5.828
5.838	4.724	-3.602	-6.868	4.261	-7.078	-7.082	-5.616	8.640	-7.381
10.454	1.576	-6.230	-6.497	4.550	-7.193	-5.089	-5.604	3.654	-8.310
11.278	1.699	-6.962	-5.857	9.325	-7.796	-7.220	-7.400	7.943	-8.422
17.917	4.726	-6.358	-7.468	6.541	-5.981	-7.232	-6.914	10.214	-7.752
16.602	0.843	-8.619	-8.252	2.247	-7.816	-6.686	-7.272	19.911	-6.580
6.464	3.189	-6.295	-7.280	2.052	-7.460	-6.833	-7.242	15.248	-7.108
0.931	4.047	-7.374	-7.820	8.413	-7.716	-8.460	-5.895	0.147	-6.614
10.217	3.242	-7.941	-6.285	2.108	-6.491	-6.969	-7.831	0.140	-5.965
11.895	2.902	-6.088	-7.710	6.155	-6.219	-6.140	-7.735	19.643	-8.493
0.034	2.443	-7.152	-5.743	1.665	-4.928	-9.098	-6.324	7.301	-6.108
1.597	3.490	-7.595	-7.087	0.142	-7.223	-7.259	-7.470	6.248	-8.759
0.114	1.149	-8.451	-7.068	0.536	-8.145	-6.957	-8.351	12.925	-6.151
9.607	4.081	-4.964	-6.651	7.448	-7.409	-9.258	-8.073	16.953	-6.088
3.519	1.581	-7.968	-8.332	2.551	-6.089	-6.426	-8.581	9.194	-7.964
15.529	3.377	-5.765	-6.668	6.064	-6.949	-7.372	-7.435	7.119	-8.656
18.257	2.696	-7.015	-8.133	0.912	-8.801	-5.941	-6.929	9.791	-6.987
4.340	1.087	-9.051	-8.149	7.010	-6.907	-6.250	-7.200	16.302	-6.527
11.739	4.924	-7.095	-7.711	4.012	-7.266	-5.746	-5.813	8.527	-6.744
6.142	1.298	-6.157	-8.043	5.201	-4.492	-6.332	-7.694	10.194	-7.507
0.991	1.032	-9.005	-6.811	5.249	-7.313	-6.606	-8.123	11.411	-7.891
10.419	4.400	-5.863	-6.833	7.410	-6.761	-5.787	-7.317	4.934	-7.428
14.779	0.452	-5.737	-6.786	4.221	-9.103	-5.807	-5.225	16.887	-7.277
13.356	3.451	-6.207	-8.061	8.317	-6.454	-7.552	-6.463	16.240	-6.334
13.035	2.838	-7.059	-7.231	0.380	-6.975	-6.663	-7.245	4.727	-6.637
16.228	2.822	-5.947	-7.166	9.007	-7.745	-7.769	-5.393	4.371	-7.352
9.444	1.609	-7.410	-7.932	0.382	-7.643	-7.663	-5.387	14.948	-7.259
12.312	0.915	-6.467	-7.924	9.234	-6.624	-8.096	-7.938	17.758	-7.551
7.318	2.374	-8.034	-7.307	4.596	-7.179	-7.239	-6.969	8.040	-7.421
14.164	2.562	-5.665	-6.249	9.080	-7.512	-6.559	-8.279	8.625	-7.197
11.216	3.720	-7.363	-8.092	5.940	-7.367	-7.852	-6.881	10.160	-6.701
14.333	4.425	-8.097	-8.567	5.473	-7.965	-7.702	-5.043	17.212	-6.451
17.796	4.398	-5.871	-8.230	7.771	-6.526	-7.501	-6.846	2.667	-5.193
1.591	2.590	-6.629	-9.526	1.732	-6.696	-7.376	-7.649	17.342	-6.165
