14.913	2.913	1.730	-1.541	0.093	18.719	6.751	4.687
5.954	3.502	1.445	-0.663	-0.305	1.497	6.513	0.323
11.708	0.129	3.926	-0.280	2.664	13.181	3.034	3.345
1.352	2.288	0.789	-0.640	-0.058	16.270	7.222	2.285
7.880	3.454	4.509	0.120	-0.183	3.301	1.756	4.047
0.537	4.142	5.354	-1.427	-0.609	16.530	4.417	0.511
9.439	0.181	8.303	-0.147	-0.503	12.340	3.386	1.162
11.512	1.818	8.899	0.588	-0.788	8.258	2.758	3.947
13.759	3.260	8.638	0.294	0.381	15.736	2.291	0.102
19.202	3.350	1.240	0.118	2.004	10.788	9.390	2.263
13.638	4.329	1.840	0.797	-2.043	8.798	4.169	2.741
8.440	2.891	5.136	-2.535	-0.247	3.585	5.956	3.042
15.380	2.204	7.971	1.678	0.181	8.808	7.867	3.987
13.964	4.076	6.613	-2.280	-0.644	1.172	5.387	4.246
12.167	2.680	6.558	0.492	-0.326	2.400	4.067	4.155
14.183	0.404	4.338	0.988	-0.728	8.890	4.997	0.320
5.238	3.511	3.482	0.747	0.250	5.776	8.294	1.269
3.573	0.198	9.119	0.678	-1.870	19.086	3.821	2.524
18.859	3.903	4.027	0.045	0.150	3.989	5.975	4.234
17.142	1.524	2.735	0.231	0.511	16.092	1.225	2.497
2.712	1.878	8.841	0.232	0.358	16.676	3.296	4.560
15.907	4.097	4.011	0.482	-2.023	17.464	1.430	4.692
11.583	3.330	0.709	-0.685	0.014	2.843	2.705	4.915
7.589	4.600	6.813	1.453	-1.075	19.857	2.597	0.262
8.240	2.639	9.063	-0.677	2.220	16.760	4.602	0.507
11.594	1.693	0.052	-0.391	-1.221	0.784	1.895	3.463
10.745	0.495	0.585	2.067	-1.462	18.993	9.963	2.365
7.089	2.081	0.824	0.013	1.063	18.845	2.145	1.857
14.983	1.883	1.229	-0.509	-0.821	10.435	6.143	3.489
4.395	1.497	1.330	1.677	-1.567	17.392	7.866	2.044
4.247	3.334	5.459	-0.413	0.473	13.892	5.146	4.251
17.191	0.396	2.946	-0.229	1.146	1.832	3.558	1.141
10.647	4.843	5.031	-0.822	0.724	4.027	8.353	4.209
16.747	3.473	0.153	0.332	0.751	15.120	8.677	1.767
1.019	2.576	3.294	0.739	-0.196	9.070	3.689	2.546
2.677	4.743	7.022	-1.725	1.355	17.663	5.049	1.271
12.291	2.308	7.546	-0.080	2.924	8.551	2.643	4.693
18.741	2.249	9.918	0.206	1.012	18.738	1.106	4.032
18.123	3.332	3.419	-0.151	0.324	5.269	3.672	4.244
17.823	3.122	9.327	2.012	-0.446	8.933	5.792	0.431
9.763	4.112	5.571	-0.888	0.887	12.851	1.367	2.465
9.588	1.507	7.061	0.180	-1.111	4.485	9.058	4.849
19.073	4.467	2.511	-0.064	0.359	13.813	6.247	4.800
5.914	3.188	0.675	0.880	-1.464	16.632	9.665	4.889
14.461	0.298	0.953	2.495	2.903	6.458	7.573	2.759
3.565	4.147	8.925	-0.443	0.380	7.864	8.232	4.823
18.053	4.175	0.086	0.119	-1.523	0.186	6.869	2.351
17.910	2.470	0.345	-0.224	0.939	10.243	7.746	1.715
13.997	2.819	4.127	-2.058	0.612	17.648	4.687	2.476
11.560	1.979	3.952	-0.261	-1.081	8.082	6.570	1.841
16.863	2.255	4.378	1.451	0.235	18.301	5.890	1.092
14.250	3.149	2.417	0.528	0.284	17.545	2.159	3.056
4.140	0.912	3.532	-0.006	-1.327	18.779	0.761	2.906
10.962	3.550	7.928	-0.005	0.218	13.564	4.610	0.999
12.868	2.152	7.374	-1.167	-0.643	0.181	8.624	4.810
15.279	4.362	3.595	1.017	-1.269	5.559	4.950	3.538
3.052	2.791	4.106	-0.615	1.303	2.898	3.716	2.083
10.676	1.365	1.753	-0.587	-1.837	5.821	9.597	4.283
16.798	2.789	6.288	-0.312	1.107	4.417	6.089	4.916
15.895	3.337	6.393	-0.894	-1.178	12.540	4.121	4.568
5.651	3.914	6.486	-0.208	-0.552	4.549	6.675	0.090
10.867	1.803	4.195	-0.274	-0.388	7.640	2.179	4.301
2.260	1.483	7.870	1.600	2.730	13.812	6.201	2.718
0.331	1.091	2.042	-0.073	0.875	16.627	6.826	4.573
7.729	0.784	6.921	-1.381	0.602	14.283	6.831	1.876
12.184	3.775	1.696	-1.237	-0.388	14.290	1.140	4.921
12.156	3.392	5.579	-0.068	0.263	4.940	6.431	3.093
5.207	4.422	2.020	1.591	-1.905	18.675	7.010	1.807
5.414	4.077	9.789	0.620	0.992	2.492	1.469	1.023
1.285	2.609	7.804	0.039	-0.499	2.420	0.981	2.239
14.108	3.285	9.855	-0.648	0.515	6.563	3.099	2.007
0.679	1.348	2.094	1.452	0.690	16.837	4.398	0.384
17.640	2.313	9.744	2.053	1.292	14.760	4.396	1.213
2.860	4.435	7.788	0.592	0.399	6.435	2.323	1.893
19.206	3.811	9.199	-1.455	-0.458	7.034	3.213	3.707
16.922	4.805	4.356	1.142	-0.524	16.224	6.734	4.496
4.509	3.049	8.428	0.332	0.857	8.352	4.281	4.217
13.670	2.501	9.986	-0.456	-0.107	0.724	2.240	4.227
16.001	0.862	6.147	-1.815	0.396	0.932	3.668	2.668
18.046	2.416	3.297	0.335	-0.378	7.932	4.657	2.302
1.861	0.225	7.741	1.393	0.071	12.507	0.951	4.610
9.338	3.860	3.301	0.452	-1.037	6.062	8.791	1.116
15.764	1.269	4.375	1.046	1.040	8.780	2.860	3.219
15.558	1.731	0.655	-3.100	1.717	10.181	3.447	1.786
4.648	2.622	6.116	-1.328	0.236	6.698	2.300	0.291
2.797	2.881	5.933	-0.157	0.160	3.013	5.357	1.283
2.403	3.494	2.856	-1.949	1.123	0.257	0.532	2.255
8.954	1.511	5.009	-0.081	0.496	14.630	4.453	0.826
8.389	3.560	2.929	-0.894	1.207	10.862	2.763	1.096
16.441	1.828	9.758	0.356	-0.159	18.369	6.523	0.488
16.999	2.491	6.214	0.429	-0.248	16.869	3.635	4.355
6.512	2.846	6.956	-0.924	-0.402	12.323	1.829	2.536
16.206	3.651	2.624	-0.896	0.622	3.674	7.157	3.491
3.465	2.717	2.336	1.436	0.709	14.757	0.404	1.361
19.709	4.900	5.470	1.770	-1.586	2.861	6.753	1.394
5.620	0.588	2.205	-0.529	0.802	12.658	3.656	0.600
5.919	3.587	3.089	1.013	-0.867	3.748	9.343	0.001
4.513	2.133	5.932	1.238	-1.215	2.541	1.963	1.287
16.290	3.781	4.433	-0.278	-0.396	12.249	9.201	2.236
12.256	1.565	3.345	0.308	0.279	16.639	4.326	2.419
13.124	2.233	2.905	0.312	-0.179	4.462	7.914	4.296
14.107	1.852	0.241	-1.732	-0.746	10.107	7.228	2.035
16.772	4.717	5.907	0.641	0.442	14.238	4.836	3.528
11.810	2.288	9.194	-1.124	-1.116	15.876	3.857	2.056
3.718	4.684	7.527	0.488	-0.188	3.532	7.138	0.328
18.686	1.467	6.868	0.961	0.815	17.814	2.411	0.211
6.440	1.049	6.664	-0.737	0.991	19.464	7.352	1.142
3.551	1.834	6.167	-0.445	-0.055	10.145	2.333	0.117
15.935	3.634	7.156	1.479	1.334	2.500	2.130	4.930
6.073	1.734	9.534	0.779	0.894	12.001	9.853	1.336
9.348	2.201	6.962	0.029	1.206	7.011	1.699	2.981
19.825	3.431	1.201	-0.212	-1.606	2.739	9.165	3.228
1.593	4.908	6.198	-1.784	-0.128	19.914	0.738	4.238
13.060	0.816	3.347	-1.725	0.348	17.612	8.058	3.038
7.272	2.678	2.425	-1.517	-1.054	15.592	1.607	3.873
4.674	2.616	8.474	1.364	0.842	10.791	6.939	2.257
6.010	4.192	5.359	0.294	-0.236	6.435	6.029	2.844
10.170	2.568	9.128	-1.252	0.907	19.255	2.594	3.705
1.212	1.317	3.455	-1.185	-0.804	1.323	6.443	3.946
15.244	2.299	1.467	-0.331	0.202	3.161	5.109	2.724
16.328	0.770	2.167	-0.790	1.111	7.514	2.810	0.597
8.243	2.189	5.211	0.498	-0.217	11.362	4.715	0.090
16.759	1.982	1.656	-0.725	1.711	0.021	4.656	3.640
8.761	0.700	0.169	1.073	-0.341	9.858	8.240	0.153
3.137	1.877	9.151	1.185	0.911	0.953	5.162	3.740
5.171	0.583	6.934	-0.421	-1.142	13.751	8.908	2.753
17.231	3.909	4.527	0.488	0.369	14.805	4.701	3.329
9.415	2.195	2.451	-0.270	0.213	7.310	5.251	3.683
5.417	4.836	5.978	2.641	0.122	12.825	6.008	4.593
14.372	3.290	7.248	0.093	0.058	12.674	4.799	2.037
7.992	2.689	0.923	0.145	-0.935	15.559	3.267	2.344
18.136	4.042	3.306	2.022	0.752	7.425	2.849	0.957
19.380	1.486	4.660	-0.315	1.008	1.545	9.532	3.663
10.774	2.306	1.411	0.564	-2.017	16.511	5.032	2.724
5.742	1.913	0.706	-0.558	-0.154	12.811	4.380	2.693
3.895	1.960	7.930	0.962	-0.350	2.902	7.968	4.908
2.261	3.146	4.552	-0.725	1.257	2.038	5.556	2.681
0.230	2.767	1.978	-0.885	2.315	19.956	9.281	4.960
14.528	0.223	4.907	-0.179	-1.505	13.484	1.852	3.646
10.116	4.711	7.311	-0.316	0.743	13.342	3.647	1.663
18.336	2.317	3.884	-2.189	-0.821	14.693	3.050	2.954
5.164	4.020	0.953	0.299	0.244	9.189	7.985	4.679
7.875	1.619	6.006	-1.213	-0.241	4.522	4.551	3.270
13.444	0.703	0.954	0.892	0.520	13.071	2.626	2.586
13.428	1.139	6.422	0.454	0.349	4.690	4.100	0.717
7.687	1.484	5.435	-2.363	0.398	13.449	4.500	2.029
18.902	2.316	2.416	1.071	-0.100	2.639	4.067	1.724
7.124	4.821	1.442	1.612	-0.506	6.466	6.115	3.929
14.097	3.878	9.409	0.065	-0.625	16.256	1.181	4.592
12.252	2.867	4.202	1.753	1.433	8.723	5.126	3.455
17.041	4.579	0.724	-0.430	-1.521	2.900	5.940	4.909
10.115	4.118	6.645	1.392	0.707	12.060	6.932	1.641
11.872	3.636	1.631	-1.075	0.440	8.762	4.409	3.563
12.820	3.942	5.007	0.891	-1.130	6.953	8.337	4.711
11.181	0.066	8.570	0.736	-1.189	17.444	6.279	0.719
2.758	0.812	2.171	-1.195	0.225	4.372	4.331	1.233
0.754	1.040	2.084	0.705	-0.373	0.345	9.756	0.493
17.295	0.614	0.877	-0.646	-1.244	9.537	8.956	1.572
12.080	2.106	4.110	-0.228	-0.061	4.678	5.622	3.300
15.115	1.583	4.691	0.203	1.282	17.687	7.849	3.745
15.164	2.472	2.461	-0.959	-0.071	13.266	3.959	1.364
7.493	4.396	1.437	0.287	1.243	9.052	1.053	1.997
5.187	2.665	5.007	0.997	0.342	10.864	7.660	0.317
0.986	4.679	0.807	-0.420	1.049	3.547	3.577	3.379
14.724	4.159	9.210	-0.995	2.092	18.858	1.092	2.291
11.917	3.135	1.620	-0.383	2.784	16.884	6.342	2.163
2.554	3.517	4.608	-0.078	-0.575	7.371	7.462	2.771
19.524	2.522	5.386	2.069	-1.335	5.571	5.871	1.467
14.475	2.315	2.480	-0.297	0.565	7.465	8.819	3.096
8.961	4.363	2.204	0.178	0.292	10.113	9.649	1.771
11.276	4.647	4.947	1.336	0.299	6.761	4.801	1.114
3.075	1.365	1.690	-0.589	-0.901	7.486	5.107	3.687
17.014	2.448	8.624	1.478	0.658	11.646	2.625	4.579
7.678	3.601	0.595	-0.181	-0.512	1.570	4.586	0.995
9.069	2.850	0.005	-0.420	0.406	13.750	4.815	0.892
16.031	4.645	7.601	2.007	0.883	15.817	3.569	0.588
17.335	2.637	6.452	-0.354	0.334	3.238	7.846	4.734
12.822	0.403	8.951	-0.234	0.844	6.316	7.599	3.166
6.098	1.598	6.862	-0.733	-0.859	9.621	2.893	1.153
12.466	0.019	0.409	1.334	-1.248	14.609	6.478	4.898
14.076	1.656	0.347	0.873	-1.134	3.020	6.277	0.669
10.176	0.381	4.404	1.243	-0.281	17.673	5.852	0.516
16.670	0.170	2.590	0.924	2.227	9.665	3.685	1.942
18.142	4.325	7.845	0.954	0.486	2.631	9.007	1.513
5.378	3.354	3.803	1.106	-0.403	5.737	3.187	3.406
18.084	4.715	3.846	-0.149	0.066	17.716	3.084	2.969
13.813	1.662	2.516	0.926	1.134	4.093	2.511	2.612
18.178	3.657	8.318	1.103	-0.583	17.485	4.812	4.322
18.941	4.402	6.321	0.144	-0.507	17.388	6.481	2.440
9.614	1.026	1.041	-2.283	-1.176	5.132	1.882	2.067
15.305	2.132	1.175	-1.049	-0.205	11.914	3.136	2.593
18.071	3.875	6.757	0.032	-0.440	8.852	4.180	1.000
7.009	3.153	2.406	-2.057	-1.231	2.857	5.633	4.322
8.827	0.992	7.412	2.221	0.108	4.054	9.978	2.846
16.429	0.736	0.450	1.073	-0.180	1.998	2.095	4.627
2.798	4.739	7.457	0.030	-2.280	14.888	5.768	2.308
15.264	2.674	7.174	-0.106	2.312	14.297	9.308	2.285
2.299	4.650	4.824	-0.822	0.041	0.925	0.254	2.278
6.029	2.240	5.952	-0.901	0.176	10.875	8.261	1.515
3.952	1.820	9.134	-0.588	-0.211	9.317	0.143	1.203
14.694	0.205	6.475	-3.262	-1.169	2.697	8.308	1.315
15.953	2.273	6.091	0.765	1.095	13.526	6.386	2.643
10.945	2.099	0.637	-0.251	0.644	18.334	2.761	1.278
3.843	1.786	1.322	0.071	-0.912	11.239	6.154	1.340
6.780	4.848	7.655	-0.979	-2.188	5.129	9.711	4.012
17.437	3.318	6.145	2.221	0.805	12.200	1.732	0.574
8.811	3.951	0.790	-1.352	-2.030	6.496	1.835	3.128
11.047	0.463	8.337	0.079	-0.977	17.353	9.989	4.292
1.904	2.494	9.849	1.472	0.952	11.261	3.480	2.612
10.705	0.756	5.822	-1.067	-1.388	15.289	9.413	1.534
17.684	3.153	1.330	1.612	1.248	14.651	2.741	0.949
15.058	1.197	4.863	0.959	0.780	15.900	6.034	4.183
6.656	4.177	7.913	0.946	0.074	15.485	7.166	1.600
14.257	3.992	8.977	-1.183	0.616	19.936	2.308	4.792
14.511	4.765	9.356	-0.689	2.052	10.235	7.807	0.971
13.636	3.359	9.760	-0.547	0.173	14.789	1.737	4.593
7.330	3.959	8.809	-0.623	1.004	0.818	6.364	0.071
6.509	2.346	9.900	0.036	-0.404	0.611	5.141	0.573
1.376	4.525	5.851	-0.633	-1.446	1.878	8.282	1.742
8.741	0.035	3.335	-0.299	0.403	13.247	3.663	0.621
16.292	0.490	2.706	1.176	1.137	17.733	1.856	4.812
19.149	2.604	5.239	-1.421	-0.673	0.008	7.032	0.451
18.810	2.422	5.974	-0.801	0.446	0.358	3.087	1.552
17.980	3.942	3.381	-0.390	1.072	17.766	7.657	3.279
13.024	0.592	2.998	-1.542	-0.422	15.692	9.909	1.214
6.776	3.512	2.668	-0.692	0.470	19.773	7.675	1.841
19.816	1.996	1.001	-0.959	-0.225	4.975	2.936	2.163
0.110	2.710	4.881	-1.093	0.222	13.722	0.614	0.666
2.740	3.511	1.545	2.316	-0.433	15.499	9.290	4.494
6.945	0.684	1.245	-0.992	0.259	8.807	8.727	2.169
4.051	4.850	2.836	-0.129	-0.112	7.158	7.383	2.915
9.655	1.430	8.634	0.373	0.561	5.140	6.050	2.250
15.863	4.033	4.093	1.143	-0.020	14.685	8.894	2.022
9.740	2.895	4.320	0.359	1.013	9.371	3.671	3.273
0.470	4.397	2.643	0.791	-1.232	4.258	7.762	4.398
19.376	3.055	7.108	0.938	0.278	18.912	0.735	0.899
7.700	2.677	7.576	0.120	1.395	15.930	4.386	4.262
7.668	2.833	6.597	-0.607	-1.585	1.325	5.547	4.512
19.167	4.376	2.428	0.603	1.109	6.827	2.116	4.468
15.084	3.051	9.979	-0.189	-0.265	8.995	3.693	0.475
13.596	0.201	2.398	0.284	0.637	2.357	8.296	4.517
12.012	1.777	6.463	0.433	0.204	18.846	9.420	2.863
8.647	3.597	3.901	-0.290	1.750	16.107	9.795	4.715
11.173	0.132	2.310	-0.541	0.442	4.641	3.705	3.065
10.445	1.287	1.655	-1.373	1.238	3.461	9.989	1.259
2.486	0.098	7.061	0.275	0.467	13.255	1.461	2.092
14.140	0.850	8.872	-1.443	0.113	1.554	9.703	0.180
16.610	0.721	0.539	0.624	0.333	16.778	9.373	2.871
1.044	3.021	1.858	0.921	0.632	10.567	0.997	1.477
10.641	0.733	7.912	-1.873	1.265	18.442	1.760	3.922
19.862	4.266	5.325	0.132	1.054	6.341	1.335	3.874
2.650	2.999	0.208	-0.777	-1.298	11.361	4.635	3.403
14.960	0.974	1.616	1.349	0.227	12.485	8.088	3.615
12.258	0.974	6.308	0.059	0.202	1.045	5.577	2.750
4.718	1.451	1.618	-0.852	-1.478	7.436	4.659	1.634
6.384	1.103	8.104	0.729	-0.871	14.622	6.522	4.353
10.669	2.256	8.988	0.706	-0.127	0.711	9.529	3.788
18.277	1.288	7.934	-0.321	-1.090	15.758	5.557	0.197
6.331	4.525	6.486	-0.699	-0.313	13.774	8.391	2.947
11.197	4.318	1.183	-0.570	1.083	19.887	9.067	2.723
2.099	4.772	0.426	0.134	-0.161	4.192	8.747	2.237
14.326	3.416	9.583	-2.416	-0.687	14.633	3.650	1.706
12.848	1.624	7.300	-0.144	-1.075	6.617	7.340	3.803
10.008	4.899	6.983	-0.547	-0.077	13.269	5.485	3.641
14.120	2.645	3.578	-0.831	-0.767	3.490	0.271	3.062
14.416	0.552	5.365	1.068	-0.152	8.694	2.065	4.357
10.377	4.627	2.412	1.093	0.226	7.403	0.835	4.715
16.752	0.653	8.929	1.242	-0.465	5.032	8.256	1.592
2.398	3.111	6.987	1.792	0.173	19.641	1.626	1.272
19.530	2.239	5.284	-0.125	1.237	9.387	4.394	3.089
9.489	3.521	6.356	1.025	-0.273	16.468	1.323	3.790
13.367	1.400	3.381	-0.385	-0.136	2.113	3.282	4.055
4.555	3.263	4.476	-1.327	-0.087	16.472	5.960	2.709
2.569	4.073	7.814	-0.242	0.043	8.076	9.158	2.577
13.222	3.498	6.720	2.109	1.464	14.579	7.170	1.383
2.937	3.516	1.447	0.525	-1.067	4.248	5.806	2.585
7.168	0.366	4.674	0.542	0.513	16.080	9.175	3.251
3.209	2.790	5.413	-0.756	0.849	8.751	1.485	0.548
15.206	3.565	5.754	0.302	1.893	14.123	2.050	2.726
5.444	0.426	6.437	-0.517	-2.021	3.800	8.986	0.490
4.644	0.434	6.247	0.889	-0.361	17.871	4.969	4.945
12.142	2.223	9.454	-1.809	-0.039	8.365	9.340	2.773
7.523	4.622	9.288	0.513	1.836	4.241	8.260	2.977
19.000	2.295	3.382	-0.592	0.031	12.219	8.822	0.388
16.697	4.562	4.187	-0.471	-1.482	0.033	0.139	4.332
11.893	2.421	9.605	0.819	-0.025	17.162	6.914	0.672
2.238	4.598	3.121	-2.266	-1.085	0.241	6.759	3.600
1.785	3.451	8.786	0.726	-0.929	7.345	7.304	2.350
1.869	3.685	6.968	-0.010	-0.636	18.793	5.314	1.418
17.442	0.683	8.614	-0.447	1.069	0.905	0.742	2.222
17.787	1.134	2.234	-0.119	2.383	1.771	3.113	4.233
7.762	4.097	4.818	-1.891	1.080	10.971	3.986	1.630
1.492	3.429	9.923	0.058	0.847	15.005	5.187	4.318
1.185	1.712	6.756	-0.125	-1.021	7.102	6.163	2.213
2.499	3.586	8.094	0.857	-1.310	16.832	8.425	3.949
6.230	1.507	8.119	1.845	1.366	14.936	2.438	1.155
11.021	3.820	0.476	0.479	0.359	14.150	5.380	0.454
6.597	1.739	5.998	-0.030	-0.551	5.885	8.082	2.785
19.424	3.316	6.171	2.223	-1.498	7.332	2.229	1.581
3.464	1.453	5.143	1.785	-0.145	15.422	7.338	1.472
12.832	1.128	6.887	-1.287	-1.290	15.723	1.541	4.145
0.231	3.716	7.351	-0.141	-0.787	11.580	6.487	2.776
8.371	0.633	4.219	0.632	0.546	16.783	6.408	2.434
17.199	1.468	2.519	0.121	-0.718	7.295	4.139	1.632
6.874	4.917	8.629	2.611	2.295	4.000	7.977	1.703
6.909	0.147	3.359	-0.328	1.028	16.984	6.718	2.081
14.760	2.471	3.254	0.219	-0.126	9.269	0.363	2.277
5.052	4.122	6.394	-0.394	0.397	15.183	1.473	3.613
19.870	4.639	8.120	0.439	-0.690	13.947	0.306	2.443
3.683	3.789	2.870	-1.695	-1.040	8.715	8.601	3.020
8.887	2.120	7.321	1.199	1.127	17.680	9.726	4.832
1.623	0.574	8.106	-2.597	1.120	5.986	2.133	4.874
4.112	3.238	9.493	0.066	1.150	19.812	6.663	0.045
6.094	2.224	8.352	-1.218	1.170	2.716	4.826	4.805
15.646	0.429	7.430	-0.975	0.022	17.446	0.968	2.717
7.829	2.164	4.340	0.644	-3.163	8.613	9.004	2.079
19.158	1.184	7.271	0.496	-0.962	11.457	7.483	1.566
17.397	1.819	1.462	-0.107	1.726	17.617	3.643	4.260
15.613	4.125	0.536	0.224	-0.428	18.168	3.355	3.862
6.592	1.338	6.878	0.106	1.085	14.132	6.641	1.230
19.339	3.192	9.528	-0.502	-0.309	7.870	5.742	0.544
5.194	3.236	3.870	0.552	0.246	19.540	5.554	2.412
0.663	1.573	1.320	0.258	0.253	10.186	5.378	3.279
13.830	0.559	8.931	-1.482	0.966	18.238	7.557	2.669
15.843	4.695	1.537	-0.836	-1.564	2.658	2.048	3.267
17.359	3.184	5.575	0.758	-0.187	10.929	5.245	2.009
15.221	3.378	0.563	0.042	1.495	4.859	6.745	3.524
2.470	3.817	9.295	-0.174	0.358	5.254	3.560	3.050
12.022	0.196	5.944	0.791	0.731	8.178	0.457	3.786
17.059	1.734	4.368	1.091	0.352	15.703	9.602	3.798
6.153	2.735	2.069	-1.188	0.335	1.105	8.982	3.527
5.523	3.987	0.787	-0.754	-0.317	12.209	5.694	2.343
19.054	0.161	2.704	0.047	-0.546	15.310	7.728	2.829
10.761	2.321	4.418	19.019	9.698	5.201	5.203	2.866
10.055	3.003	3.763	11.124	1.926	3.601	4.380	2.506
0.331	2.617	2.478	10.545	1.978	4.247	2.525	3.660
4.419	2.942	2.232	14.753	8.679	3.886	5.922	4.783
1.522	4.826	5.921	1.820	3.959	4.155	4.894	4.280
3.410	3.651	6.786	6.198	6.882	3.764	6.401	4.799
12.211	2.962	2.757	16.049	2.115	4.513	4.977	4.928
10.757	4.798	4.989	0.781	7.521	4.924	6.890	2.180
7.301	4.432	1.852	12.931	6.020	6.565	5.970	2.962
6.520	1.775	7.318	7.219	6.904	6.076	4.510	4.404
12.951	3.045	1.081	2.261	1.112	4.887	5.116	0.375
12.526	2.199	0.445	4.014	4.382	5.493	4.941	1.824
8.440	3.852	7.557	10.338	4.175	6.031	5.238	0.892
1.898	0.576	8.010	19.840	0.299	5.653	4.248	1.014
12.844	2.727	5.422	16.709	4.952	8.283	4.484	2.205
0.191	1.239	8.233	6.630	7.825	6.559	4.316	2.826
8.739	1.710	3.958	7.637	6.373	4.249	5.375	1.668
2.351	0.672	7.332	16.737	1.273	5.084	3.038	3.884
12.258	0.510	3.981	3.580	3.636	5.403	5.153	3.365
14.633	3.904	3.509	5.495	3.698	3.934	6.076	0.335
17.794	4.757	9.197	14.824	6.951	4.410	3.578	0.047
13.954	4.642	2.910	9.081	6.546	4.452	5.487	4.760
10.023	4.666	9.010	4.908	1.633	4.717	4.365	1.858
16.123	0.214	0.223	6.053	4.359	4.722	3.579	3.960
1.538	3.071	2.092	4.756	8.243	5.435	4.835	4.659
4.612	2.863	8.300	14.137	8.483	6.378	5.827	4.826
15.221	0.255	1.381	17.637	0.818	6.060	5.528	4.471
17.465	1.417	2.444	5.593	3.603	4.021	4.759	1.600
0.018	3.630	2.964	2.287	2.370	2.995	4.204	2.348
12.047	1.466	5.098	6.478	4.067	6.343	8.563	0.321
19.988	0.479	7.836	10.409	8.386	4.833	4.500	4.720
15.574	2.708	0.841	15.148	8.627	5.059	2.807	1.429
16.691	0.582	8.425	9.168	2.213	3.321	4.898	1.040
14.109	1.317	6.424	3.297	9.134	5.051	5.580	2.580
4.676	0.444	3.989	3.850	3.869	5.572	4.703	2.214
1.836	4.426	5.521	1.388	8.697	4.606	4.564	2.638
0.489	2.144	0.408	16.043	2.339	5.702	5.572	3.748
11.348	3.031	9.479	18.701	5.880	4.539	3.701	1.782
12.814	1.073	5.495	4.764	2.116	5.248	5.311	4.015
14.856	1.205	9.588	16.393	8.576	4.178	4.440	1.889
8.606	0.675	0.171	7.874	1.940	4.059	5.118	0.689
17.052	4.490	1.460	16.011	4.545	5.970	6.639	2.108
3.684	0.063	3.732	14.287	1.771	4.380	4.585	3.572
2.701	3.110	9.080	10.887	3.562	6.237	5.343	3.576
16.427	4.209	0.021	13.956	9.647	4.954	5.404	4.937
17.658	1.516	6.036	13.070	3.301	5.091	6.471	2.136
7.607	2.203	5.820	7.357	9.100	3.513	6.405	4.984
6.484	1.684	6.715	8.979	1.095	5.809	4.204	3.532
11.403	1.595	4.505	11.712	8.527	5.052	3.698	2.177
5.873	2.027	7.722	3.452	9.921	3.716	6.143	2.095
11.426	2.282	8.938	10.718	2.295	5.021	3.355	0.304
2.797	2.763	2.862	19.828	2.562	4.612	5.114	0.783
19.433	0.444	9.060	18.428	2.791	4.354	5.430	0.061
3.305	2.762	8.639	8.367	3.879	4.684	4.358	0.799
3.419	1.253	0.158	18.568	5.168	6.869	4.280	0.954
14.700	4.598	4.228	13.608	9.516	6.251	4.982	3.601
16.570	4.195	4.698	7.054	2.070	4.381	4.141	2.032
5.387	1.257	9.681	3.113	9.736	5.731	4.944	3.174
11.441	2.234	6.005	6.744	1.995	6.575	5.010	1.380
4.441	1.400	7.981	0.000	3.820	4.602	5.035	0.682
6.536	1.431	3.491	15.314	0.022	7.077	3.584	0.374
18.497	1.149	7.070	11.331	4.867	3.245	5.846	3.476
15.539	4.393	5.305	14.283	7.231	4.271	5.936	0.107
12.772	4.171	3.441	9.435	1.562	4.563	4.476	0.058
0.460	4.933	4.139	1.484	2.423	4.001	5.341	2.445
14.798	4.591	5.101	1.800	7.666	4.896	7.181	2.631
14.704	2.057	7.186	18.949	6.088	3.760	5.405	2.489
11.429	1.351	9.456	4.367	0.086	5.859	3.276	3.240
15.880	3.647	7.535	13.405	6.635	5.166	6.656	4.673
10.500	4.261	5.578	13.842	3.795	4.448	4.355	0.304
14.613	0.582	4.254	8.365	2.577	6.171	4.143	3.105
17.345	2.551	2.531	9.210	7.789	4.064	5.185	3.268
14.072	4.809	6.149	13.030	5.668	2.683	5.505	4.092
4.568	2.780	0.812	11.143	0.003	5.380	4.585	4.781
15.267	0.222	3.205	18.095	0.198	5.069	5.720	0.091
12.183	4.232	5.966	2.663	7.983	4.967	2.921	4.757
18.834	1.601	0.898	11.611	1.844	5.022	4.846	0.390
6.788	0.752	6.286	17.090	1.696	3.575	5.807	2.711
11.864	2.112	1.022	17.950	4.351	6.665	4.166	4.881
19.196	3.052	6.318	2.223	1.362	5.017	3.316	2.169
11.808	4.546	2.940	6.353	9.654	4.574	5.121	3.048
1.069	2.945	3.292	4.442	7.951	4.330	6.639	1.682
3.563	2.962	1.633	1.995	9.614	5.874	4.718	1.090
14.450	4.255	7.588	13.451	5.217	5.739	5.560	2.847
12.689	2.727	3.941	8.605	7.347	6.236	4.127	1.250
8.580	0.651	3.702	7.461	9.979	5.519	4.311	1.195
6.362	3.219	3.735	3.224	3.278	5.732	3.712	2.539
19.459	0.431	8.198	4.622	3.251	5.918	5.883	4.602
10.335	0.275	1.037	14.448	5.826	6.430	6.712	4.521
16.029	4.561	9.079	4.248	8.403	7.160	4.879	3.524
16.820	2.164	3.342	8.685	6.107	3.769	2.707	3.869
4.405	1.581	1.318	2.058	8.913	4.491	5.357	2.952
7.895	3.225	7.464	15.188	8.345	4.692	5.995	0.538
7.391	3.974	4.355	17.885	4.945	4.401	6.748	1.557
12.392	1.902	2.849	11.647	3.971	5.712	2.504	2.312
15.700	3.590	4.864	0.381	0.017	5.877	5.237	2.602
11.157	1.275	0.945	15.052	6.237	5.472	6.656	0.942
19.761	0.925	6.700	9.327	3.353	5.099	5.586	1.089
9.356	3.423	8.385	8.248	5.455	3.623	4.743	3.377
0.258	0.047	7.976	16.870	3.452	4.134	4.219	2.793
3.128	1.225	3.232	7.130	6.326	5.353	3.364	4.887
10.982	2.429	5.232	17.799	8.778	5.221	4.895	3.831
4.406	1.658	9.095	15.038	3.380	7.012	4.384	4.678
12.629	3.259	5.612	1.996	2.862	5.202	4.610	3.340
4.463	3.056	7.006	9.299	3.215	5.854	4.570	1.737
2.305	0.304	3.249	10.803	0.762	4.743	4.615	3.244
12.247	2.484	2.083	10.024	6.603	4.049	6.351	0.143
19.503	3.332	1.139	2.948	3.757	4.796	5.098	3.204
18.066	3.450	9.640	3.042	8.502	5.676	3.314	3.440
6.341	2.065	0.963	5.942	8.746	5.723	6.332	1.800
8.123	3.647	5.209	16.766	4.919	4.701	4.965	0.337
1.372	1.478	7.413	6.586	5.493	5.687	5.487	3.639
14.879	0.370	3.998	17.443	3.950	5.297	3.840	3.036
0.873	3.040	1.146	3.211	9.645	4.396	5.205	3.018
18.389	3.112	1.597	5.381	8.371	4.441	4.620	4.787
12.559	0.242	5.568	1.944	2.737	5.694	4.156	1.269
10.914	0.385	4.600	0.726	9.510	4.030	4.573	0.209
3.294	2.778	6.030	9.281	7.039	5.141	3.911	4.859
6.000	1.103	5.202	9.048	2.747	5.768	6.038	0.760
1.198	1.379	7.178	10.477	1.855	6.407	4.657	4.003
2.519	4.939	1.850	1.497	2.549	6.632	4.488	1.783
1.387	0.001	3.767	7.617	6.051	5.434	5.347	0.726
10.810	4.627	2.966	19.350	0.068	5.754	5.815	1.350
11.618	3.129	8.163	11.444	5.786	5.625	5.778	4.886
9.155	1.340	4.946	0.337	0.660	4.574	3.919	2.054
13.257	3.858	7.978	15.164	9.548	4.157	5.282	0.152
7.092	4.919	1.222	15.785	6.423	5.424	6.977	4.028
15.957	1.963	7.704	17.127	1.517	4.405	7.324	4.079
9.152	4.975	1.253	4.757	6.904	4.583	5.017	1.215
1.563	0.047	1.516	4.238	7.268	5.561	5.166	1.503
18.898	2.693	4.536	15.124	0.309	2.315	6.340	4.344
19.197	2.462	9.127	2.544	3.155	4.868	4.098	3.541
16.044	3.222	1.869	10.492	2.186	4.005	5.132	0.448
6.602	4.686	9.741	1.486	5.715	6.202	4.521	0.093
14.635	4.012	5.869	13.570	6.832	5.214	4.991	2.439
16.307	3.272	7.957	18.518	5.976	5.234	4.669	4.790
10.935	1.839	9.394	3.282	7.349	4.310	3.304	2.732
17.776	2.263	4.151	12.906	2.386	2.767	6.991	2.313
11.772	2.695	4.323	3.519	4.575	4.389	6.358	3.214
11.029	2.317	1.787	11.844	8.831	5.550	3.552	0.199
13.829	4.927	6.489	0.276	3.068	6.024	4.227	3.083
18.155	2.401	0.347	4.150	8.097	3.643	2.370	2.168
13.543	0.408	0.137	5.005	3.512	4.533	2.274	1.835
3.907	0.593	5.285	15.991	8.765	3.827	4.954	0.466
5.083	3.250	7.989	0.770	7.688	6.535	4.249	1.478
19.055	4.596	4.187	2.203	9.975	3.457	4.503	2.480
15.377	4.321	0.515	15.961	4.395	5.584	4.734	1.310
15.555	0.387	4.170	1.359	1.476	4.740	2.573	0.719
16.040	3.704	6.420	2.931	1.448	4.553	5.387	1.440
15.529	2.753	0.903	5.567	9.977	3.994	5.275	4.744
9.258	2.815	6.595	1.805	9.183	5.150	5.174	4.242
2.772	1.678	7.745	9.008	1.653	5.147	4.592	0.897
7.722	0.461	9.205	7.474	8.128	3.596	5.311	4.822
14.986	3.831	5.426	5.228	2.533	3.756	4.026	3.601
5.908	2.888	5.706	10.660	0.468	6.719	3.962	3.671
8.722	0.273	0.861	10.879	1.840	4.868	4.755	0.080
3.544	4.351	3.145	7.735	9.645	3.767	4.863	1.213
13.840	0.706	6.248	19.363	8.077	5.285	7.030	4.988
15.052	3.796	4.679	7.000	5.643	4.892	6.258	4.453
15.139	2.953	9.318	4.592	8.470	5.764	5.720	2.647
13.645	1.384	4.654	2.662	7.137	4.542	5.428	1.125
7.512	0.594	8.279	8.472	6.589	5.356	6.694	0.633
17.791	0.244	7.664	16.884	6.287	5.583	4.676	4.256
9.073	0.723	3.299	18.711	5.082	3.804	5.395	1.768
6.795	0.953	0.955	11.509	4.170	4.966	4.948	1.510
2.636	3.342	6.066	8.141	5.804	4.870	5.154	0.829
18.715	1.521	6.101	14.080	9.863	5.273	3.214	2.503
19.057	0.945	8.627	16.632	1.286	6.303	4.797	0.606
8.497	1.769	2.538	19.746	5.146	6.085	4.351	4.501
13.434	4.427	6.942	2.829	1.624	6.068	5.079	3.837
18.863	4.304	6.014	17.378	9.723	5.469	4.164	2.503
13.054	1.278	1.538	5.005	3.606	5.366	4.369	2.539
19.044	3.745	8.716	13.002	5.757	3.933	5.744	0.993
14.427	4.201	2.090	16.085	2.421	3.266	6.383	3.514
1.196	1.092	5.392	19.915	0.385	3.712	4.457	4.393
7.496	3.513	2.604	8.331	9.234	5.982	6.880	2.369
13.065	3.839	6.063	0.554	7.791	5.401	5.267	2.582
16.651	2.291	4.664	6.641	8.833	5.193	5.488	0.116
5.788	2.965	0.373	6.068	6.831	5.361	2.728	2.357
13.602	4.182	1.757	12.511	2.622	5.687	6.413	1.315
18.074	4.061	0.249	5.890	2.307	4.409	5.377	4.311
6.184	1.046	3.041	2.106	9.900	6.446	4.240	1.053
13.833	0.379	6.838	14.107	6.748	5.365	4.306	0.804
5.442	3.797	0.336	19.257	8.124	4.122	4.067	4.259
19.412	4.994	2.786	7.173	1.535	6.157	5.670	4.617
8.920	0.934	5.347	4.863	2.205	3.967	5.625	2.918
1.955	0.796	8.438	3.242	9.591	6.869	6.705	3.084
17.492	3.288	2.135	12.074	3.872	6.354	7.320	3.442
17.929	4.624	3.034	9.143	8.394	6.747	5.060	3.819
13.921	1.247	2.230	4.087	4.727	4.386	5.386	0.893
11.154	3.765	1.079	2.166	4.270	6.515	4.895	2.647
19.786	1.175	9.753	19.268	5.394	4.351	7.675	2.201
11.108	1.576	3.918	9.462	4.070	5.866	3.681	1.505
2.771	3.429	6.636	11.454	9.248	6.436	4.887	4.443
1.992	4.052	0.812	17.050	0.744	3.870	4.602	4.886
8.109	1.456	2.213	12.624	0.481	6.322	5.599	4.687
19.651	3.699	5.868	6.663	4.835	6.152	5.655	2.370
5.303	4.430	7.987	11.233	9.337	3.945	4.640	4.485
16.435	1.974	6.847	7.939	7.837	4.390	5.504	3.538
0.520	1.493	8.480	15.887	3.252	5.128	5.580	3.301
5.562	3.236	5.549	14.183	2.432	5.137	4.605	0.880
9.057	2.452	3.111	6.517	7.968	5.167	7.058	0.366
1.304	3.729	4.749	15.079	6.121	3.776	3.628	3.702
16.797	2.387	9.452	13.643	3.857	5.171	4.374	4.530
9.817	3.782	9.020	1.501	9.833	3.936	5.845	1.236
3.691	3.328	8.826	12.970	8.007	5.615	4.602	2.123
11.352	1.580	3.373	15.056	4.295	6.240	5.979	3.035
10.029	4.206	2.131	10.513	1.319	5.772	5.201	4.762
7.158	0.273	3.580	10.610	2.797	4.519	5.766	2.255
13.971	2.006	6.550	13.158	9.630	5.089	4.068	4.254
15.536	3.832	7.148	6.924	7.434	3.843	5.286	1.413
11.076	4.703	2.524	9.199	6.629	4.230	5.789	3.912
2.505	3.217	7.128	0.904	1.701	5.898	4.827	2.983
13.466	0.202	0.393	2.837	9.435	5.326	5.749	1.441
7.414	1.342	8.275	7.604	5.628	6.540	6.228	3.557
9.495	0.845	9.310	16.168	6.733	4.683	5.393	1.757
3.229	3.910	7.757	6.168	6.764	5.616	4.674	1.149
1.703	4.963	6.762	9.671	1.259	3.869	5.792	4.567
3.536	1.731	6.588	11.429	0.233	5.897	4.923	4.817
13.875	3.650	4.886	8.916	2.376	6.136	6.479	2.833
19.828	4.432	4.812	15.168	3.035	3.160	5.112	1.935
3.852	4.389	1.380	16.615	1.156	4.321	6.935	1.147
15.946	3.621	4.876	5.243	2.546	4.150	3.863	0.113
10.051	1.061	6.721	2.921	2.249	6.458	7.202	4.285
11.220	2.213	4.177	14.782	1.257	5.354	5.444	4.214
6.413	4.936	9.856	3.385	9.728	4.301	3.619	3.186
18.750	4.062	6.901	0.163	5.316	5.965	3.866	0.142
18.856	0.423	8.564	12.883	1.691	5.996	5.448	3.841
5.750	2.443	4.057	19.643	6.444	4.979	4.663	4.218
0.895	0.950	6.874	1.102	2.788	3.620	5.597	4.852
9.672	2.072	7.042	8.635	4.019	4.185	4.627	3.508
9.584	1.212	6.439	13.387	7.480	5.314	4.327	0.228
2.755	0.779	1.768	1.451	9.452	4.642	5.580	3.133
4.964	2.723	1.636	16.337	5.914	5.491	5.009	3.676
2.457	2.338	0.475	13.059	4.464	3.828	4.034	1.490
0.263	3.887	5.875	15.713	6.244	3.910	5.833	4.738
2.107	4.173	8.032	13.683	4.077	5.479	3.861	4.963
10.101	4.523	9.689	15.676	3.098	3.229	4.335	2.297
14.997	1.480	8.814	14.849	9.516	5.292	5.468	4.737
18.657	4.921	5.883	18.264	2.349	4.505	5.265	3.828
4.952	1.084	3.059	2.635	3.026	4.584	6.243	3.859
4.640	3.756	3.264	7.801	8.945	5.845	5.223	4.331
8.442	0.153	1.523	16.593	6.794	4.883	6.594	1.995
10.775	0.170	3.345	14.424	8.139	3.780	4.409	2.555
8.757	0.115	6.649	10.859	8.615	5.251	4.541	3.699
18.910	3.760	4.181	8.037	7.790	6.059	5.039	0.647
1.638	1.725	6.334	5.263	8.758	4.528	5.293	3.379
0.077	3.450	1.885	1.774	1.190	3.085	4.393	0.117
10.750	0.203	4.887	19.240	2.599	4.158	4.663	2.092
11.461	0.497	5.339	12.761	7.453	4.551	5.811	0.538
5.903	4.179	7.464	4.068	7.168	5.306	3.021	4.918
6.833	0.568	6.344	4.958	7.341	3.371	5.194	3.095
15.150	1.878	0.006	6.622	1.543	4.956	5.132	0.836
8.427	1.732	4.757	3.167	7.582	4.231	6.376	3.501
17.986	0.635	6.342	10.473	2.714	4.617	4.588	4.745
14.750	3.650	8.854	10.978	7.966	4.068	3.973	0.182
4.441	3.856	3.762	15.456	4.551	7.380	5.702	2.681
5.682	4.951	2.988	14.000	8.943	5.555	3.306	0.656
4.863	1.901	9.229	16.500	8.409	4.021	4.422	3.026
12.897	1.421	6.901	5.073	4.157	4.992	4.610	3.743
8.327	3.663	9.030	1.775	2.901	6.545	5.798	2.108
18.104	3.929	1.212	9.077	2.780	4.911	4.926	4.436
6.251	3.228	0.866	18.810	6.044	6.688	4.973	3.276
17.144	4.274	7.423	19.927	9.679	4.053	4.521	2.647
7.584	1.668	1.227	2.085	7.670	3.954	5.179	2.152
11.308	1.136	9.600	19.514	9.097	4.743	7.678	0.221
15.833	2.955	6.540	15.282	9.744	6.308	3.965	2.256
9.358	3.357	9.544	0.602	0.525	5.969	5.073	2.267
2.301	1.494	5.275	18.447	1.308	4.828	5.461	2.169
17.821	2.011	8.008	13.087	2.032	4.818	5.520	2.130
10.347	3.038	9.698	4.973	2.233	4.212	4.942	1.380
16.579	4.827	2.523	14.691	1.110	6.152	3.944	1.696
16.809	0.125	3.940	4.699	8.753	5.017	5.885	3.915
19.367	0.516	4.919	2.553	9.376	3.202	5.962	3.861
15.196	0.187	0.013	9.999	2.957	6.302	4.793	4.866
2.965	4.746	9.207	18.769	9.893	5.976	4.314	2.975
3.109	3.451	2.312	13.280	2.620	3.683	4.271	2.687
19.121	4.126	9.777	4.729	5.669	2.805	6.062	0.110
9.462	4.104	9.091	13.659	9.519	3.333	4.343	0.028
0.193	2.652	6.513	2.139	0.389	7.791	6.223	3.751
3.710	4.228	7.124	5.696	4.568	5.519	7.071	3.706
14.273	0.321	4.911	11.491	5.850	5.296	5.662	3.104
4.366	0.256	8.990	2.433	8.273	5.206	3.522	0.948
13.223	1.640	7.238	9.097	1.341	4.697	5.209	3.085
13.883	1.376	9.030	11.665	7.944	4.700	5.755	2.879
3.047	0.657	4.640	6.128	9.466	4.773	3.833	3.322
10.737	1.533	3.642	3.276	0.549	5.130	5.140	4.931
14.494	2.576	5.566	5.049	1.523	6.147	4.014	0.549
12.227	2.788	7.581	13.141	4.285	4.516	6.164	1.664
10.156	1.884	7.299	15.571	8.438	3.799	4.428	1.869
16.799	3.173	5.527	0.509	1.187	3.987	4.897	1.910
7.620	2.792	1.388	19.197	7.266	5.530	7.411	2.319
10.652	4.783	7.955	19.471	6.506	5.273	5.599	3.162
18.213	4.505	6.756	17.504	2.218	4.720	6.462	0.375
4.398	3.606	6.242	15.103	7.261	5.647	5.095	0.728
7.453	4.239	7.912	17.847	4.952	5.406	5.871	1.454
15.237	3.664	5.223	0.518	1.309	4.193	5.569	1.955
1.212	2.849	9.162	7.508	1.549	5.601	4.373	3.594
4.266	0.195	5.517	17.665	2.507	4.111	4.244	1.862
1.318	2.150	5.208	5.671	1.691	5.524	4.785	1.153
19.823	4.517	9.535	6.212	0.481	6.121	4.887	0.168
8.424	4.117	9.748	18.365	6.718	5.610	5.552	4.130
0.336	4.101	3.378	1.992	2.073	5.370	3.453	0.140
11.040	4.251	2.462	16.288	3.752	4.601	5.615	3.397
19.216	4.789	0.427	1.401	3.727	6.594	4.401	0.174
15.634	0.426	8.649	9.817	5.584	4.942	4.792	1.003
13.385	1.089	8.067	14.219	1.920	5.495	6.404	4.475
4.805	1.191	3.541	6.368	4.663	5.484	4.386	2.347
7.624	0.625	1.372	14.541	9.164	4.438	5.158	3.596
19.570	2.712	5.976	9.321	0.858	6.176	5.976	0.645
7.991	2.294	3.831	8.495	7.248	6.320	5.468	3.510
5.989	3.977	7.533	10.739	8.644	4.144	4.048	3.105
8.969	4.432	9.088	7.733	2.769	5.439	4.227	4.142
8.911	1.044	9.619	12.356	9.868	3.906	3.910	3.238
10.128	2.808	6.730	4.493	9.245	6.257	5.888	1.445
14.471	4.608	8.346	12.891	4.668	5.224	7.142	4.489
6.900	0.308	9.451	17.592	2.237	3.521	3.714	1.503
11.546	3.040	0.964	0.674	3.242	3.296	4.507	2.099
7.082	2.457	4.744	14.699	4.251	5.377	4.656	3.326
4.547	1.216	4.824	4.133	1.957	5.302	6.329	1.721
18.058	3.628	2.321	3.475	4.043	4.305	6.685	3.344
19.745	2.438	2.305	9.893	4.317	5.341	4.666	1.627
3.099	3.137	7.798	10.265	8.759	5.475	6.557	3.485
13.660	4.998	1.346	12.158	7.079	4.832	3.824	2.183
10.636	4.895	4.105	14.347	5.462	3.627	5.561	4.281
0.518	2.056	1.505	17.239	5.445	6.287	6.111	4.447
14.981	0.823	8.197	8.249	6.544	5.050	6.709	4.764
5.510	1.400	4.061	15.951	4.444	6.440	2.482	1.628
15.218	4.614	7.815	10.937	5.378	5.447	5.148	0.427
5.414	1.162	2.073	11.701	0.110	4.051	4.575	3.409
0.081	1.181	5.394	0.295	0.406	4.354	6.150	2.771
10.294	2.430	5.135	6.307	0.145	3.526	3.528	1.011
3.353	0.721	6.770	9.681	6.667	5.310	4.919	3.346
19.094	-6.602	0.100	8.452	-7.353	12.998	6.060	1.435
1.210	-7.166	7.937	17.318	-8.670	3.202	4.497	3.648
13.990	-6.984	0.670	2.376	-6.616	12.451	5.488	0.500
6.638	-6.880	5.729	15.050	-6.785	1.355	2.194	3.279
1.980	-5.366	7.097	3.473	-8.040	12.223	8.554	4.400
19.918	-7.480	1.419	12.639	-6.846	16.029	2.337	2.138
5.545	-6.536	2.502	16.331	-6.760	17.998	2.540	0.069
11.407	-5.483	0.084	4.065	-7.539	2.934	9.997	4.704
11.613	-8.182	1.194	11.585	-8.694	18.688	8.134	0.243
12.034	-7.109	1.260	18.932	-7.467	4.021	0.186	3.386
7.428	-7.025	0.058	15.889	-7.808	0.687	3.622	0.088
8.433	-6.431	6.416	6.799	-8.523	0.986	1.218	3.027
13.500	-7.816	6.421	8.779	-5.783	7.710	2.034	3.676
18.014	-6.558	1.049	11.352	-6.293	8.082	0.236	2.991
9.137	-7.919	5.241	12.252	-7.715	19.422	3.231	4.173
11.931	-6.920	7.275	1.358	-7.521	10.503	4.338	4.100
1.000	-6.818	0.666	14.744	-4.362	11.507	4.601	4.068
7.377	-6.456	6.451	17.715	-7.409	9.509	3.661	3.457
12.019	-8.764	2.407	8.299	-9.320	6.956	5.690	3.469
8.596	-8.670	3.727	18.018	-6.234	2.175	6.318	3.680
9.062	-8.433	5.584	5.820	-8.000	16.276	4.946	3.790
13.252	-6.168	1.502	11.766	-6.454	13.495	2.916	3.665
18.260	-6.268	4.609	0.212	-7.490	19.164	5.961	4.685
8.795	-6.282	0.048	0.676	-5.757	12.915	3.990	1.195
17.932	-7.219	1.788	7.264	-6.349	10.345	1.207	4.626
2.488	-9.159	8.919	11.420	-8.140	3.611	8.041	2.470
16.598	-6.944	8.344	12.401	-8.376	19.776	8.398	4.013
0.872	-7.522	7.042	19.203	-7.803	9.947	1.900	4.762
13.175	-7.664	1.031	14.627	-7.951	17.881	3.338	1.654
2.268	-6.502	8.016	16.567	-9.010	7.219	2.691	2.220
4.256	-7.046	1.082	4.336	-7.282	13.334	2.768	2.717
13.899	-7.144	1.168	6.857	-8.815	6.404	8.566	2.010
12.417	-9.146	2.993	11.328	-8.863	3.061	1.377	1.521
16.396	-5.844	0.960	19.145	-5.836	18.499	8.381	1.038
0.739	-7.464	9.458	4.622	-7.269	8.774	3.129	0.380
8.482	-5.190	0.123	10.543	-5.876	5.152	4.186	2.015
8.856	-8.073	5.960	1.947	-7.777	13.133	0.493	2.617
9.351	-4.289	9.685	16.170	-6.391	18.193	7.421	3.403
10.861	-6.939	6.499	16.915	-6.517	15.585	4.262	2.404
1.836	-7.907	6.783	8.657	-6.537	13.576	3.811	4.897
1.005	-7.045	5.323	14.851	-6.330	6.881	4.624	1.074
13.762	-7.634	8.618	17.330	-8.223	7.869	2.533	1.169
3.934	-6.713	2.744	8.916	-6.267	5.837	2.336	2.967
16.375	-5.865	0.227	11.189	-7.366	0.404	4.187	3.492
12.545	-6.341	1.844	5.684	-6.615	17.200	0.470	1.009
1.196	-7.047	0.352	11.480	-6.596	0.290	5.228	4.326
14.535	-7.327	0.288	10.108	-9.897	15.796	5.937	1.490
12.029	-8.186	5.556	17.102	-6.782	13.872	1.363	1.050
16.584	-7.020	2.360	19.457	-6.938	7.498	0.548	3.178
0.247	-7.051	8.840	2.510	-7.387	7.344	4.502	3.670
19.877	-7.889	7.318	19.554	-8.154	14.605	3.869	4.869
9.879	-6.503	9.875	16.520	-5.220	3.671	9.466	2.068
2.691	-7.760	8.109	14.242	-6.574	5.856	7.066	2.286
12.535	-5.896	7.150	12.438	-4.852	19.575	5.261	2.398
12.357	-8.071	7.392	10.178	-4.453	11.916	6.186	2.216
6.553	-6.456	8.678	8.069	-5.397	8.571	5.127	1.398
12.586	-7.419	8.916	3.926	-6.271	12.048	7.045	1.599
0.129	-6.828	3.036	13.373	-7.538	10.850	4.483	1.956
16.731	-6.349	8.927	10.416	-6.919	17.234	7.751	4.035
4.546	-7.502	6.969	11.205	-5.670	6.384	2.132	1.614
6.218	-6.701	7.087	5.816	-6.127	0.717	5.983	3.164
4.074	-6.635	6.306	2.885	-7.124	2.686	3.446	2.873
9.645	-7.547	2.524	17.673	-6.307	5.278	0.339	2.357
2.768	-7.388	1.222	2.868	-7.465	13.951	3.476	0.202
1.746	-5.881	8.499	12.367	-7.272	9.916	9.250	1.723
6.542	-7.216	8.772	1.072	-6.970	2.193	9.200	3.975
19.121	-6.668	3.560	14.212	-5.908	2.944	4.228	1.229
17.159	-6.894	3.696	0.535	-8.879	5.066	8.301	3.058
15.342	-6.109	4.806	19.658	-7.360	7.661	7.735	3.439
13.356	-6.047	6.439	1.768	-6.625	6.305	5.988	2.036
4.094	-7.160	0.319	8.910	-5.331	5.877	0.674	1.674
0.497	-6.036	8.484	18.670	-7.086	4.333	2.511	3.308
6.592	-7.461	1.630	14.498	-8.250	7.895	6.479	3.959
14.302	-7.329	0.055	15.233	-6.116	17.400	2.227	1.329
15.820	-6.610	3.990	14.055	-7.269	0.674	3.646	3.403
16.572	-6.040	6.733	0.164	-7.455	14.649	1.163	4.361
17.292	-8.334	8.709	14.648	-7.992	11.719	4.641	1.067
12.922	-5.496	3.908	1.508	-6.079	16.697	2.269	2.656
5.824	-5.655	7.760	4.861	-7.782	6.524	7.824	0.104
5.549	-6.308	1.765	9.602	-7.107	13.903	9.287	1.445
2.671	-5.512	7.061	10.444	-5.833	5.670	5.082	4.797
1.662	-7.099	8.299	13.476	-8.200	13.714	7.337	1.904
17.375	-7.378	0.521	14.388	-5.722	4.376	7.457	3.988
6.596	-8.216	2.617	8.591	-6.059	4.511	5.516	1.021
6.901	-7.087	0.147	6.672	-5.963	13.265	8.514	2.569
5.390	-7.041	8.979	16.672	-7.182	15.577	7.224	4.600
13.372	-9.111	7.435	13.968	-6.915	11.184	2.205	0.912
1.690	-6.677	4.027	8.439	-7.000	1.516	8.821	2.987
7.687	-7.080	3.225	5.812	-6.880	6.331	2.408	4.242
16.948	-6.776	1.065	1.966	-8.211	8.515	7.349	4.134
13.912	-7.302	7.148	1.473	-7.055	5.961	9.201	0.465
6.293	-7.713	0.403	12.588	-6.594	11.385	0.173	0.433
16.245	-4.757	7.022	19.947	-7.144	19.151	0.415	3.916
1.270	-6.020	7.812	18.048	-7.480	3.886	3.415	2.817
13.843	-6.736	7.038	8.427	-6.688	10.966	2.558	1.315
18.127	-5.955	6.738	16.505	-6.759	6.483	8.505	1.421
4.306	-7.577	9.194	18.953	-6.780	19.610	2.991	1.891
6.947	-8.944	6.467	19.522	-6.892	13.161	3.042	4.664
5.255	-8.145	3.959	19.511	-6.901	18.977	1.025	3.516
6.584	-7.020	5.840	17.104	-6.039	19.193	6.117	2.670
17.654	-6.162	8.163	14.596	-5.176	4.316	8.979	2.936
12.670	-8.041	2.553	11.999	-8.313	16.842	5.896	0.423
1.480	-5.604	6.364	6.386	-7.224	1.093	3.460	1.635
8.912	-5.863	1.524	15.543	-7.753	5.141	0.853	4.051
4.980	-6.900	0.728	4.353	-5.583	15.397	2.008	3.814
6.801	-7.461	0.501	5.246	-6.405	0.922	5.943	2.039
9.791	-7.587	8.642	2.567	-6.659	7.076	0.278	3.916
14.030	-7.023	1.876	2.231	-6.087	9.437	9.090	2.962
1.668	-5.197	1.063	2.334	-7.429	15.747	0.904	3.407
7.084	-6.173	2.861	19.881	-8.180	5.046	6.492	2.055
0.364	-7.234	3.585	0.375	-7.524	6.238	3.492	4.422
3.720	-5.964	5.865	0.392	-6.589	7.413	3.940	0.673
7.789	-7.793	8.575	12.374	-7.858	5.792	3.144	2.517
3.839	-6.889	6.652	12.580	-7.275	7.507	7.991	3.214
3.837	-4.941	6.654	11.280	-5.071	12.590	8.973	0.852
8.388	-5.913	4.839	1.012	-6.370	6.476	3.410	1.303
2.161	-6.796	3.785	14.321	-7.727	17.420	9.692	3.443
13.928	-7.057	8.987	12.347	-7.599	6.780	0.980	4.721
1.022	-6.828	2.743	3.855	-6.950	17.586	5.150	1.214
5.815	-7.096	4.218	5.890	-8.436	13.473	6.022	3.987
2.894	-6.554	3.468	11.174	-9.087	3.338	4.107	0.918
1.968	-7.787	6.637	9.925	-7.501	8.155	5.076	2.905
13.654	-6.538	4.512	17.063	-6.696	12.933	9.454	4.872
17.709	-7.300	6.357	7.831	-7.006	5.346	5.786	3.550
4.073	-6.868	9.909	14.822	-8.132	10.387	0.668	2.670
18.307	-5.987	8.907	12.811	-7.610	8.782	3.119	0.349
15.094	-5.820	7.678	13.305	-6.916	19.603	6.225	1.820
4.686	-6.881	7.406	11.681	-8.976	18.259	0.487	3.778
11.559	-5.841	3.424	17.993	-7.981	6.495	9.887	2.043
6.247	-6.442	0.963	5.646	-7.461	7.925	1.951	2.411
5.991	-7.451	8.690	8.283	-8.019	5.476	7.547	0.065
6.469	-7.397	5.598	3.228	-7.091	16.683	9.573	1.323
2.141	-7.390	8.712	17.957	-6.630	14.674	5.631	4.885
8.176	-7.512	7.885	1.564	-8.012	11.860	1.640	2.427
13.217	-7.928	7.543	13.661	-7.229	1.693	8.921	2.239
1.088	-7.085	0.288	11.834	-5.369	1.214	7.360	4.701
9.281	-7.072	8.711	13.818	-6.815	15.544	6.715	3.538
17.824	-6.295	5.632	10.445	-7.355	3.157	4.794	3.413
1.860	-8.161	5.015	8.828	-7.030	13.985	0.947	2.483
1.920	-7.912	0.645	3.830	-8.857	15.842	8.892	4.406
17.552	-6.914	3.430	13.920	-7.282	8.476	8.708	0.986
2.264	-6.229	7.772	10.454	-6.092	11.560	4.494	4.366
1.548	-7.571	9.122	11.098	-8.398	10.393	1.932	1.139
10.209	-6.733	9.422	11.247	-7.492	9.087	8.449	1.188
16.089	-7.603	8.599	16.904	-7.946	15.363	2.786	4.009
8.475	-6.418	1.591	0.647	-7.553	16.096	3.408	1.268
5.057	-8.383	2.560	14.712	-6.100	15.585	4.077	3.138
11.569	-4.836	5.029	7.596	-6.097	16.727	1.899	0.611
4.195	-5.738	9.204	5.290	-6.108	12.630	5.999	2.839
10.381	-8.507	4.678	17.134	-7.395	9.237	0.071	3.442
5.972	-8.740	1.909	6.761	-6.944	10.316	4.929	3.138
15.137	-7.717	1.074	6.098	-6.418	6.916	3.050	1.940
15.668	-7.732	2.335	3.137	-8.392	16.974	7.840	4.063
16.048	-7.733	3.542	19.974	-7.585	0.260	6.241	2.185
15.997	-6.241	6.303	19.431	-7.798	11.770	9.571	3.295
4.758	-7.520	9.308	2.288	-7.286	7.614	8.921	0.105
14.655	-7.404	2.178	18.932	-8.249	3.293	3.675	3.710
0.598	-8.146	1.418	14.524	-6.408	14.803	9.827	1.763
13.653	-5.645	9.774	8.181	-7.102	17.844	1.690	3.072
0.096	-7.334	4.929	13.777	-6.113	0.037	9.353	1.558
7.812	-6.331	8.421	16.837	-7.556	15.564	3.793	2.904
12.380	-9.559	5.879	7.198	-7.067	13.679	8.412	2.297
2.146	-8.018	5.951	19.406	-7.129	11.818	0.369	0.103
11.113	-6.724	1.738	4.376	-7.740	3.112	8.274	3.974
6.484	-6.768	4.581	2.106	-9.030	5.849	5.144	2.630
6.870	-9.589	4.102	13.198	-7.152	9.543	5.304	3.121
14.993	-6.166	5.019	9.618	-7.924	19.658	2.201	4.317
7.802	-5.890	9.363	3.434	-5.609	18.319	7.558	3.452
6.189	-7.030	1.034	2.679	-7.157	14.619	1.178	2.678
4.223	-7.330	4.869	8.611	-7.763	9.280	2.068	0.830
1.648	-7.679	8.100	6.504	-7.394	8.618	8.811	4.089
0.887	-5.997	0.073	18.778	-4.931	7.884	0.738	3.561
9.196	-7.581	2.752	6.142	-7.884	14.201	7.919	4.834
7.523	-7.983	0.351	1.290	-7.136	16.461	5.118	1.499
19.482	-7.559	3.973	11.667	-8.051	15.700	2.939	4.802
2.553	-7.531	3.327	19.984	-7.803	8.074	3.283	4.428
19.774	-7.854	4.046	4.863	-6.974	5.561	2.772	4.125
8.637	-5.636	5.025	10.589	-8.654	1.644	2.780	0.979
19.790	-6.121	0.154	2.538	-8.391	12.860	6.399	3.662
10.913	-6.958	1.755	11.023	-4.395	16.207	0.011	3.550
14.706	-6.845	2.255	12.507	-6.360	6.294	1.990	0.950
12.915	-7.509	6.598	1.725	-6.634	2.895	1.072	1.391
13.794	-6.521	2.687	15.597	-6.966	15.750	3.801	0.164
4.964	-8.033	0.046	13.576	-8.880	8.648	8.372	3.097
8.392	-5.162	1.907	12.973	-7.555	11.647	3.314	1.084
18.531	-5.636	5.188	3.500	-9.396	0.375	2.047	0.931
14.817	-7.314	5.110	11.994	-7.475	3.955	6.951	1.912
4.972	-7.916	9.626	14.678	-7.736	7.633	1.504	0.966
18.971	-7.265	8.354	7.237	-5.459	5.422	6.322	0.916
8.027	-7.739	1.248	11.379	-6.856	11.114	4.580	2.196
1.585	-6.693	9.358	15.058	-6.507	9.226	3.759	1.919
10.071	-8.966	9.104	5.521	-7.889	19.884	8.979	2.016
11.366	-6.659	3.040	12.840	-7.169	4.046	2.226	2.654
16.568	-7.376	8.786	8.445	-7.126	4.715	6.846	1.999
12.241	-8.295	4.540	4.185	-6.736	3.137	2.024	0.773
19.776	-7.617	4.369	12.668	-6.148	12.620	1.585	2.276
9.521	-7.952	7.801	8.824	-7.272	8.919	2.747	0.774
14.719	-5.648	1.028	17.217	-6.917	9.309	8.725	1.054
13.562	-7.373	2.417	9.791	-7.429	11.986	7.564	4.556
17.764	-6.155	2.521	1.527	-7.720	4.611	4.629	0.888
14.596	-6.044	0.077	6.859	-6.816	18.713	3.356	3.684
14.493	-7.554	6.647	12.192	-6.600	7.458	6.773	2.002
3.996	-6.842	3.403	7.567	-6.405	13.624	6.040	2.634
8.601	-6.413	0.881	7.398	-5.737	12.904	2.346	2.490
14.131	-5.213	2.360	4.244	-6.519	15.905	6.517	0.469
10.375	-5.515	7.121	3.184	-5.707	1.851	4.250	0.678
10.253	-7.219	1.934	7.414	-7.061	7.823	2.141	1.092
10.485	-5.821	9.617	11.433	-7.229	9.875	1.223	1.116
15.019	-6.069	2.470	6.544	-6.903	8.715	2.739	2.627
11.145	-7.777	8.537	11.304	-5.331	5.255	2.809	1.957
11.121	-6.418	9.301	5.057	-6.237	5.766	9.199	3.242
3.913	-7.952	4.740	13.687	-7.371	1.154	1.465	1.631
6.183	-5.967	9.812	12.197	-7.031	17.478	5.927	2.782
6.793	-7.712	6.376	17.163	-7.192	4.280	3.667	2.771
19.928	-7.517	8.395	8.326	-7.441	19.086	5.755	0.603
0.594	-6.993	1.516	12.716	-6.626	6.308	7.208	3.837
14.588	-6.410	7.711	16.594	-7.175	14.531	0.255	0.650
15.564	-6.627	4.465	0.428	-5.786	14.140	3.373	4.859
4.356	-7.647	1.082	15.780	-4.855	3.521	0.675	0.471
10.874	-7.224	9.015	3.688	-6.747	10.486	7.776	0.330
10.591	-6.094	6.434	13.534	-6.582	14.939	2.740	0.325
16.935	-6.013	9.015	1.226	-7.536	4.632	9.231	0.821
12.971	-8.294	3.795	2.139	-7.095	17.715	3.558	0.297
5.333	-6.715	4.990	3.505	-7.975	17.763	2.191	4.944
7.049	-5.968	9.487	12.380	-6.776	19.550	5.483	2.820
18.397	-8.580	7.212	17.049	-9.469	10.320	9.950	2.787
5.243	-7.538	6.866	19.671	-5.736	9.524	3.156	4.321
11.668	-7.030	3.269	12.772	-7.581	19.355	0.179	4.041
11.037	-7.136	3.485	1.201	-7.317	2.849	4.631	1.272
9.193	-6.422	4.897	0.631	-7.627	10.733	5.730	1.859
17.332	-6.374	9.510	1.954	-7.839	3.278	2.627	1.990
2.791	-6.450	1.173	18.673	-6.246	2.660	1.996	0.333
10.226	-8.715	8.242	16.998	-6.675	15.179	7.709	4.965
12.208	-6.120	9.131	6.317	-5.584	9.701	0.051	2.265
3.544	-6.029	4.865	6.462	-7.940	8.912	9.291	4.413
14.373	-5.131	6.207	2.600	-6.614	6.142	1.921	4.397
1.418	-6.775	9.379	1.008	-6.823	10.368	4.461	4.640
12.449	-7.427	3.123	14.680	-6.206	18.444	1.581	1.320
1.938	-5.885	3.953	15.321	-6.282	11.764	5.989	4.760
2.703	-6.387	4.539	12.263	-6.878	6.935	9.420	2.035
8.488	-7.217	4.976	16.913	-7.085	7.345	1.351	0.871
7.587	-7.119	1.226	10.400	-5.957	14.978	3.653	2.442
19.702	-5.890	0.530	10.347	-6.489	6.489	5.155	1.135
19.116	-6.543	8.028	1.017	-9.056	3.224	2.280	1.442
0.778	-7.783	8.038	7.234	-4.843	11.719	7.125	0.377
9.446	-7.645	6.845	11.441	-7.342	3.625	8.147	3.734
0.135	-7.506	4.998	14.505	-5.101	3.145	5.577	0.764
16.069	-7.916	9.911	2.987	-8.136	18.328	7.934	2.792
9.506	-7.546	7.314	1.474	-7.504	17.720	4.274	3.668
10.073	-7.159	4.525	15.333	-7.484	19.957	8.791	0.756
3.005	-7.574	5.708	14.850	-7.642	4.337	0.685	3.979
9.567	-8.663	1.527	3.700	-6.963	4.279	0.607	1.639
19.659	-7.440	6.547	17.058	-7.509	19.482	0.201	0.509
2.788	-6.848	2.813	16.711	-6.921	14.750	8.607	4.730
4.433	-6.680	1.894	15.103	-6.792	12.287	4.233	4.866
4.483	-5.456	5.684	14.922	-7.874	18.964	1.805	3.139
15.219	-6.567	8.886	10.831	-7.404	14.782	5.784	3.012
18.950	-7.394	4.077	17.682	-6.075	5.617	2.190	3.222
17.194	-7.587	9.852	1.618	-8.566	19.709	7.413	4.342
15.770	-5.698	7.418	19.575	-7.727	13.865	2.524	2.472
8.726	-8.202	4.914	10.741	-6.650	19.675	5.748	3.206
17.211	-4.299	1.321	1.460	-8.415	15.016	3.166	4.611
13.798	-7.722	2.684	7.219	-8.347	5.694	8.811	0.599
6.510	-7.504	0.359	9.184	-7.572	17.219	5.890	1.312
16.659	-8.710	0.074	10.034	-7.990	9.212	6.590	0.631
19.427	-6.877	7.372	13.257	-6.735	7.460	3.035	2.643
6.335	-8.409	0.793	12.051	-5.656	1.096	6.088	2.288
5.707	-8.227	2.488	18.231	-7.278	3.028	2.502	4.727
18.714	-8.396	5.877	9.326	-8.836	14.076	9.389	2.156
9.406	-6.263	2.816	13.931	-4.790	8.704	1.240	0.870
5.612	-8.165	3.337	3.271	-6.683	1.626	0.515	1.782
1.790	-5.474	9.532	14.318	-6.910	6.186	3.797	3.659
8.428	-6.799	1.518	16.275	-5.760	3.223	7.937	1.745
15.434	-6.366	4.158	6.054	-7.897	16.641	9.315	0.726
13.497	-7.646	4.446	19.649	-6.952	9.428	2.304	3.271
9.591	-5.563	1.629	8.791	-5.069	5.968	2.287	0.038
15.552	-8.213	0.443	12.862	-7.590	1.346	4.501	4.538
10.967	-7.939	1.692	6.526	-7.365	12.142	3.329	0.957
3.296	-7.765	5.891	15.551	-7.825	15.213	6.332	0.005
3.302	-6.602	4.556	6.911	-7.377	2.925	9.927	0.727
9.860	-6.397	8.359	11.814	-6.410	4.422	3.462	3.205
8.225	-7.229	7.596	0.774	-8.065	12.982	5.037	4.017
16.641	-6.702	4.017	15.685	-5.482	12.214	1.512	2.576
7.915	-7.311	1.864	15.669	-8.942	14.830	4.577	3.287
16.711	-5.629	3.303	16.331	-5.865	11.632	4.205	1.097
4.985	-7.774	0.566	4.946	-7.009	11.332	3.099	3.277
18.816	-6.581	8.678	17.515	-7.399	9.339	2.058	4.077
2.263	-6.708	5.643	17.762	-7.316	5.045	8.823	3.087
5.424	-7.649	3.949	10.215	-7.024	2.204	4.092	3.699
18.291	-6.947	0.582	17.893	-9.027	7.913	0.558	2.941
4.823	-6.931	3.082	17.459	-6.825	10.600	7.399	1.614
0.934	-5.401	1.488	1.338	-6.714	18.312	1.794	4.059
10.638	-6.880	2.143	3.771	-7.483	18.769	9.695	0.577
6.426	-6.416	9.928	3.729	-6.220	3.981	8.374	1.257
7.348	-5.711	5.931	0.804	-7.109	7.468	7.396	0.146
5.099	-7.595	3.526	9.619	-7.070	13.475	9.932	2.585
12.060	-7.571	0.073	19.392	-7.556	18.969	0.942	3.900
7.341	-6.987	8.149	15.686	-5.441	6.827	3.053	2.841
2.178	-5.874	3.502	1.479	-5.818	5.918	0.519	1.089
12.419	-7.456	1.811	15.411	-6.460	17.314	6.861	2.987
17.902	-8.107	1.607	10.553	-6.422	18.988	2.340	3.198
1.107	-7.325	7.253	12.324	-8.612	16.105	7.297	4.933
8.115	-6.729	4.231	0.044	-5.999	16.167	3.985	3.311
14.207	-6.115	3.561	9.417	-7.333	15.010	9.785	4.285
16.611	-6.213	4.814	13.616	-6.488	3.341	9.035	4.309
11.782	-8.079	9.931	2.534	-6.779	0.062	3.163	1.350
4.954	-7.997	6.721	0.298	-5.975	17.428	0.558	4.714
4.725	-6.073	6.248	0.718	-6.233	5.696	1.032	4.905
3.454	-6.295	1.990	6.385	-6.554	11.837	4.345	3.584
6.880	-5.976	8.697	9.532	-6.596	7.773	1.841	1.825
5.185	-7.609	7.499	1.276	-7.893	19.808	5.711	3.990
6.693	-8.580	5.741	0.969	-7.743	2.598	6.995	4.485
14.130	-6.481	5.443	6.043	-7.471	10.415	8.154	2.678
18.450	-7.393	4.244	4.002	-7.257	16.585	5.035	1.401
19.227	-6.422	6.391	8.054	-6.550	0.114	7.625	3.458
0.229	-8.202	3.926	2.598	-6.396	12.310	5.748	4.766
11.578	-7.953	8.649	4.349	-6.062	13.305	6.610	3.965
16.813	-7.296	5.670	18.357	-7.639	0.572	2.836	0.519
19.753	-6.009	0.556	10.408	-6.186	15.869	2.893	4.863
5.580	-7.074	5.278	16.369	-6.751	14.957	1.213	1.640
5.046	-6.704	6.640	2.957	-6.147	4.520	4.105	1.754
19.580	-6.282	6.330	13.273	-7.456	10.013	7.983	1.419
9.197	-6.540	6.457	19.060	-6.085	10.718	4.800	4.546
8.342	-6.731	7.190	18.059	-4.176	2.525	1.677	2.989
8.895	-6.536	6.766	3.830	-7.952	16.503	0.863	3.726
6.952	-6.054	4.901	15.242	-9.540	1.428	9.354	3.042
6.913	-7.433	7.033	15.858	-5.920	12.974	4.210	3.552
14.384	-8.331	0.184	3.035	-7.187	11.790	1.789	4.867
11.253	-7.185	5.843	9.683	-8.109	10.059	2.503	4.440
7.673	-8.050	4.547	3.694	-7.707	5.909	4.164	1.183
11.455	-9.529	2.732	3.146	-6.702	10.930	2.294	2.212
7.554	-5.648	6.858	9.382	-6.007	0.814	8.257	2.705
3.634	-7.514	7.789	11.521	-7.938	19.260	7.199	4.218
6.376	-5.330	8.082	14.197	-6.436	0.919	8.097	3.608
