7.567	0.073	0.516	0.305	0.508	0.522	13.584	0.909	1.146	3.730	0.317	8.361
19.603	0.693	0.812	0.760	5.671	0.930	11.141	7.131	1.632	0.890	16.101	5.049
3.856	0.266	0.007	-0.497	8.706	4.490	18.900	5.554	3.817	1.361	3.251	6.829
14.240	1.792	-0.152	-1.001	5.377	3.501	10.574	4.446	4.721	0.223	13.498	1.817
17.360	2.051	-0.103	1.380	2.166	3.271	16.734	4.137	2.361	4.124	10.872	0.332
10.213	-0.149	-0.409	0.007	1.369	2.073	15.469	0.672	2.219	1.661	13.641	3.669
11.509	-0.198	-0.013	-0.230	4.477	2.187	12.389	0.747	2.306	4.145	5.091	5.211
7.728	-0.634	0.688	0.022	4.727	2.739	18.467	2.582	1.273	3.275	7.806	5.288
11.671	-1.941	-0.980	-0.569	2.964	3.473	2.033	6.759	4.068	0.901	3.266	1.098
6.731	0.282	-2.143	0.066	8.851	4.865	16.126	2.656	3.757	0.750	3.294	8.470
15.068	1.463	-0.023	0.098	2.766	3.305	1.503	6.533	4.190	2.826	12.767	8.618
1.140	-1.153	2.501	0.114	0.094	4.218	4.330	1.918	0.056	0.922	17.720	7.286
10.764	0.594	0.321	0.591	0.328	0.076	1.215	3.362	4.989	4.830	12.568	5.972
14.387	1.341	-1.354	-0.762	7.639	1.103	10.790	9.868	2.557	2.199	3.941	2.273
19.692	2.281	-0.613	-0.678	6.515	3.673	3.545	4.655	1.098	0.040	18.826	4.058
8.922	0.433	-0.340	1.681	1.954	4.895	12.111	4.323	2.734	0.211	17.295	8.511
18.991	0.282	-0.138	-0.409	3.417	1.649	15.186	8.302	3.040	3.442	11.285	3.381
5.586	2.329	-0.115	-1.095	9.812	1.246	10.294	4.976	4.223	4.049	18.639	5.874
7.640	-0.438	-0.515	1.147	6.196	0.076	17.268	3.290	1.231	3.800	1.409	5.580
7.794	-1.523	0.199	0.774	8.458	3.275	0.779	0.081	2.678	1.764	17.334	5.385
5.810	0.173	-1.286	0.502	4.472	2.559	6.916	3.481	3.271	3.223	11.150	6.420
16.055	-2.179	-1.938	-0.561	4.581	3.448	17.297	1.413	3.886	1.679	18.310	2.974
15.865	-0.269	-0.628	0.310	7.875	0.107	14.741	3.802	1.039	2.185	18.639	2.009
19.294	-0.826	0.188	1.830	5.323	1.092	3.039	0.105	2.118	0.190	14.344	7.700
1.921	-1.177	0.883	-1.630	7.735	3.637	4.536	2.187	4.315	2.964	3.765	8.973
16.290	0.450	-0.519	0.455	9.663	4.761	5.690	2.430	3.953	3.335	4.664	2.988
13.827	0.059	-0.545	-1.311	2.429	2.815	18.856	9.133	2.660	3.959	9.004	5.859
8.662	0.578	-2.292	-1.898	8.827	0.156	6.950	0.067	0.949	3.008	6.673	8.659
0.723	0.265	1.240	0.275	2.008	3.512	0.451	9.721	3.686	1.465	3.712	4.958
8.740	0.758	-1.603	-0.308	7.799	2.593	15.958	9.843	2.845	0.619	6.076	8.139
7.188	-0.852	-1.401	0.915	4.327	1.918	15.053	4.650	4.216	0.894	18.800	0.295
7.671	-0.610	-0.261	-0.785	2.592	2.893	1.358	2.753	4.014	1.057	17.636	5.555
17.477	-1.145	-0.063	0.546	8.432	0.345	5.439	0.080	2.234	0.096	8.251	9.775
7.021	0.445	1.571	1.617	8.524	3.161	18.913	9.566	0.713	0.687	16.447	5.076
13.025	-0.129	-2.110	1.420	1.134	0.456	1.077	6.285	2.620	4.141	14.038	0.832
1.395	-0.621	2.313	1.752	4.024	4.413	9.470	1.380	1.211	2.084	6.287	4.751
1.218	0.173	-1.498	0.799	9.610	4.677	17.758	8.442	1.863	3.983	5.399	3.944
10.340	0.359	-0.537	-0.281	5.321	4.203	17.878	5.588	1.725	3.124	8.619	4.178
6.512	-1.255	1.505	-1.435	7.405	0.638	1.380	4.901	3.646	4.656	0.413	1.303
15.104	-0.647	1.798	-0.586	3.624	0.063	8.547	9.014	1.795	3.251	15.133	0.781
10.864	-0.856	-0.615	-0.394	9.957	3.659	13.560	3.893	0.962	2.286	11.340	7.754
16.332	1.393	-1.175	-0.549	5.882	3.216	1.456	6.387	4.366	4.731	1.704	7.025
12.420	1.419	0.349	-1.728	3.355	3.887	5.864	3.846	2.601	0.637	15.916	0.727
1.125	-1.228	2.086	0.799	7.020	3.811	11.667	5.749	3.883	2.925	9.217	2.985
16.721	0.351	-0.342	-0.941	7.214	0.350	17.220	5.956	0.582	2.807	14.288	7.166
18.902	0.911	2.695	0.427	9.973	4.428	3.930	1.135	2.130	4.974	5.637	2.655
9.688	1.568	-0.407	1.161	6.116	2.191	15.428	2.928	0.907	0.369	17.024	8.684
3.088	1.551	0.136	0.260	8.147	3.221	16.391	7.308	0.280	2.889	10.313	1.060
13.076	0.741	0.611	0.846	7.761	0.688	15.189	5.973	3.130	1.423	12.847	2.587
0.454	-0.181	0.874	0.047	4.229	1.798	9.624	9.568	2.664	0.395	1.632	4.235
3.047	-0.532	-1.089	0.765	9.033	4.943	5.077	9.875	4.606	1.315	5.440	8.370
16.202	1.195	0.742	0.030	7.037	0.025	13.011	5.674	2.624	4.240	1.621	8.693
17.151	1.021	1.659	-1.706	8.738	0.999	4.262	2.945	2.207	1.670	6.576	5.764
2.390	0.882	-0.335	-0.240	6.318	1.959	0.624	5.370	0.844	4.163	9.758	2.705
15.633	0.109	-0.377	0.186	1.939	3.311	2.555	8.175	0.676	0.775	6.500	7.262
4.780	0.441	0.289	-0.096	4.671	4.059	4.315	1.973	4.377	2.467	14.506	4.945
3.257	0.831	-1.027	-0.146	0.239	3.456	14.157	6.988	2.929	3.249	2.471	2.819
10.118	-0.741	1.232	-1.172	7.218	2.294	4.780	5.091	4.308	4.279	13.629	5.614
9.120	-0.652	-1.387	0.587	3.738	0.428	5.648	5.130	0.307	1.790	14.946	0.124
17.664	-0.890	0.985	-0.122	1.374	1.125	11.695	9.538	0.424	4.001	14.050	5.911
3.417	0.025	0.377	-0.660	7.987	0.983	5.448	3.024	2.016	3.784	15.273	8.833
15.924	0.101	0.675	-0.554	4.380	4.817	8.740	2.682	3.409	2.191	9.495	3.400
8.963	-0.099	0.239	0.014	2.429	0.822	2.735	8.938	0.849	0.601	16.874	7.373
10.180	-0.132	-0.920	1.076	8.383	1.355	15.192	3.891	0.966	2.179	11.233	6.799
7.769	-0.245	2.094	-0.588	3.450	3.371	2.915	0.846	1.361	2.255	7.572	6.928
3.803	0.699	1.267	-0.341	7.268	4.860	1.357	8.395	3.386	4.903	9.714	8.886
18.752	-0.916	-1.076	0.981	8.974	1.856	5.138	6.176	1.280	0.015	15.229	9.325
17.303	0.501	-1.378	0.185	7.243	4.098	0.549	9.506	0.089	4.451	19.137	4.371
0.029	1.216	-0.169	-0.389	1.788	3.647	7.870	5.762	3.069	4.071	15.150	1.401
14.458	-0.795	0.769	3.120	3.627	4.401	6.114	3.833	3.794	0.064	8.677	4.811
6.863	-0.294	-0.408	1.347	5.752	1.075	11.313	9.050	2.059	0.198	11.209	7.455
7.948	-0.123	0.931	-0.569	9.436	2.981	13.914	9.691	0.843	4.073	5.037	4.639
10.282	0.181	0.061	-0.949	9.205	3.094	9.293	4.945	2.975	2.627	16.932	1.013
3.050	-1.640	-0.350	0.040	7.515	3.999	8.610	5.064	2.993	3.842	12.769	6.984
11.934	-2.078	0.902	0.094	1.275	3.174	17.193	3.229	0.602	4.923	14.037	8.752
12.275	-0.478	-3.707	-2.233	2.676	1.563	12.499	5.991	3.249	0.958	19.153	9.329
17.673	-0.901	0.058	0.480	7.974	2.838	2.599	3.496	0.879	4.907	13.636	5.726
10.858	-0.144	0.725	1.320	5.731	4.713	6.472	5.785	0.852	4.292	7.041	7.586
10.893	-0.348	-0.570	-0.765	9.541	4.494	7.964	2.000	4.148	0.395	3.460	5.436
18.679	-1.719	0.681	0.614	9.552	1.170	12.506	1.332	3.150	3.659	18.668	8.394
16.547	0.981	0.495	-1.285	7.502	1.300	17.934	5.088	3.233	4.718	6.413	2.507
16.908	1.162	-0.475	-0.530	8.209	1.638	9.258	9.742	4.371	3.345	17.350	5.828
18.813	-0.643	0.073	-0.358	4.864	0.145	1.944	6.584	4.442	4.086	1.623	7.837
16.997	0.543	0.007	-1.660	5.173	4.099	10.276	9.118	2.959	2.337	7.941	5.655
2.948	0.428	1.192	0.907	6.039	4.460	5.828	4.448	3.752	2.827	4.936	4.670
11.806	-0.407	1.806	0.594	2.509	2.005	14.580	3.153	3.610	2.643	15.201	2.877
1.597	0.392	0.755	-0.755	8.230	4.585	14.784	4.108	2.881	1.308	10.445	5.242
12.803	-0.680	-0.465	-0.738	4.297	0.636	1.484	1.521	0.636	0.974	12.492	8.557
6.741	-1.310	1.137	-1.267	8.545	4.953	2.520	3.973	0.605	2.486	11.539	9.312
19.139	0.116	1.418	-2.378	0.499	4.340	9.979	3.655	4.002	1.314	2.397	2.055
18.777	-0.262	0.315	-0.115	5.114	2.258	17.485	6.926	4.699	3.491	10.048	1.118
1.977	-0.368	0.252	-0.284	3.353	4.900	11.228	3.087	4.133	1.752	17.103	4.812
6.145	-0.355	-0.988	0.370	0.993	1.411	12.737	3.797	3.622	3.476	14.278	7.856
19.662	0.112	-0.096	0.031	0.289	1.833	18.762	4.469	0.559	4.399	8.360	2.414
14.254	2.110	-0.195	-1.689	5.786	0.663	14.296	5.231	3.742	4.515	13.460	9.407
10.222	0.143	0.941	-0.449	9.905	4.802	14.646	1.369	2.361	0.504	18.353	5.479
18.430	1.359	0.817	0.583	6.635	1.066	8.193	3.769	2.857	0.607	9.188	4.197
4.817	-0.464	1.083	0.037	0.811	2.630	8.421	9.228	0.511	2.856	8.269	0.697
0.711	0.390	-0.886	-0.664	2.015	1.580	0.502	6.015	0.805	4.167	8.742	4.302
16.477	0.186	0.072	-1.519	0.979	4.238	15.469	1.737	1.474	4.146	10.069	9.006
19.781	0.440	-0.079	-0.072	9.179	0.834	8.757	7.900	0.680	0.385	4.589	8.525
5.826	1.129	-0.484	0.662	8.820	0.277	13.276	1.598	2.597	4.384	7.721	7.189
10.014	-0.273	0.808	0.833	7.368	0.213	9.316	6.330	4.535	4.825	6.272	0.506
17.733	-2.827	-0.243	2.036	2.805	1.527	9.862	8.156	3.367	0.871	11.250	5.055
5.331	0.775	-1.675	0.526	9.083	2.248	17.562	9.885	4.012	1.769	15.158	4.789
2.366	1.122	-2.091	0.073	1.041	1.986	11.851	1.247	2.383	4.633	2.169	4.428
12.437	0.839	0.387	-0.398	2.543	0.782	17.239	0.763	3.396	3.244	6.281	1.673
10.694	0.073	0.723	-1.975	0.136	1.331	9.247	4.986	3.487	0.421	6.307	1.890
14.121	-0.225	0.051	0.354	7.881	0.125	2.968	5.360	2.988	2.480	16.907	8.056
5.688	0.958	0.698	-0.052	3.979	3.631	2.328	7.902	0.281	2.091	4.038	1.234
13.245	0.237	0.302	0.804	1.118	2.865	15.034	4.725	3.281	2.883	5.512	6.847
10.268	-0.783	0.361	1.450	1.391	4.551	14.466	4.474	2.255	4.198	6.930	8.202
3.182	1.372	-0.530	-1.210	7.733	0.353	12.344	3.454	1.929	4.323	16.449	2.289
19.600	-0.141	1.074	0.026	2.877	3.824	2.838	1.971	0.148	4.166	9.739	5.031
11.112	0.411	0.901	-0.608	9.881	0.727	8.493	9.786	0.511	0.756	18.154	8.965
11.649	-1.272	-0.746	-0.500	2.046	4.555	19.619	5.427	2.462	1.521	7.882	3.314
14.772	0.655	-0.491	1.097	3.873	3.101	18.917	5.130	4.359	1.189	0.370	0.044
3.796	0.229	1.386	0.287	6.799	2.665	3.243	2.117	1.141	3.485	2.654	1.465
2.931	1.380	1.092	-0.411	2.283	2.589	5.468	8.602	2.021	3.063	1.759	5.957
19.250	0.629	-0.283	0.742	3.327	1.294	14.255	1.030	1.124	4.877	12.394	8.718
18.697	0.085	-1.927	-1.143	4.859	0.947	3.298	0.085	2.269	4.488	4.771	8.564
1.696	0.466	0.652	-1.064	3.512	0.499	10.119	9.351	0.466	2.588	5.846	2.837
18.099	-0.701	0.648	-0.845	4.661	0.442	10.519	5.473	4.641	2.761	4.325	4.733
18.213	1.131	1.582	0.831	4.917	4.368	1.421	0.223	2.821	3.155	6.734	1.789
12.690	0.526	-0.936	-1.439	1.311	0.511	10.891	6.007	4.213	1.070	7.541	1.905
3.508	2.112	1.067	2.012	1.331	2.013	15.985	7.692	3.869	4.892	3.339	0.215
8.280	-0.965	-2.197	1.047	5.862	1.943	14.081	5.966	4.244	3.960	11.466	1.032
2.340	-0.629	-0.084	0.271	4.055	4.509	4.036	8.739	3.125	4.378	14.951	2.032
19.181	-1.515	-1.218	-0.353	0.664	1.329	16.254	9.947	2.540	2.758	4.091	7.907
19.642	0.200	-1.094	-0.033	5.555	1.537	14.872	6.350	0.389	1.468	10.009	2.513
9.867	0.426	1.587	-0.467	3.217	0.425	4.790	9.852	2.388	0.846	4.020	0.718
14.873	2.847	-0.590	-0.572	0.613	0.810	6.833	7.462	1.558	0.621	11.751	2.095
9.221	0.747	-1.396	0.091	5.633	0.619	2.018	2.920	2.297	2.988	8.727	8.441
0.506	0.489	-1.727	-2.460	4.575	4.399	5.921	8.979	2.916	4.646	3.578	1.115
6.876	-0.738	2.604	-0.401	1.369	1.141	2.045	8.264	0.160	3.379	9.772	4.187
0.160	-1.267	-0.371	1.444	4.109	4.229	11.225	9.820	1.524	2.230	11.462	7.483
13.672	0.995	-0.347	-0.927	0.523	1.578	5.136	5.649	4.487	4.224	9.577	8.710
6.721	-1.378	0.798	0.017	3.618	4.821	5.014	9.787	3.923	3.981	17.019	1.961
4.033	0.690	-0.557	-0.550	8.779	4.929	15.851	2.408	3.362	2.457	7.881	8.129
13.100	-0.044	-0.379	-0.953	9.232	0.433	13.456	5.446	0.669	0.163	7.739	0.397
15.077	-0.718	-0.731	-1.865	7.835	0.737	2.291	4.646	1.794	2.056	0.816	6.051
8.015	1.980	-1.056	0.079	0.490	1.464	19.245	2.165	1.815	3.003	8.650	0.851
2.934	0.761	-1.833	0.516	2.583	3.302	8.660	4.614	3.123	4.481	13.381	8.000
4.326	1.397	-0.991	0.813	4.780	0.282	8.257	7.663	1.903	1.861	0.816	1.182
18.559	2.623	0.490	-0.042	7.774	0.082	9.839	7.467	0.839	1.369	18.393	7.577
16.662	0.335	0.935	0.639	4.121	2.694	18.145	9.884	1.828	4.731	1.663	4.422
6.480	-0.966	-0.696	0.727	1.088	2.841	11.971	5.766	0.571	0.846	9.513	2.617
6.864	-1.180	-0.319	-0.105	2.522	3.403	1.999	9.216	3.573	2.233	14.392	1.418
2.500	1.762	0.586	-1.905	6.570	2.058	9.207	5.080	1.640	4.669	18.416	6.239
12.207	0.279	-0.522	0.375	0.111	3.806	14.480	1.101	4.641	2.078	0.582	4.400
16.242	-1.532	-0.488	0.531	0.566	4.276	14.528	5.187	3.555	3.891	19.456	5.635
3.403	-1.321	0.449	-1.287	4.652	4.117	16.348	7.623	2.831	1.961	12.976	7.204
6.856	-0.470	-0.064	-0.563	9.679	4.719	9.435	2.299	0.486	4.911	14.867	2.718
7.607	0.546	-0.208	0.435	9.673	2.297	4.454	8.548	2.305	3.988	5.849	3.216
11.867	-0.889	0.042	1.656	7.516	2.916	7.747	4.818	1.568	1.623	17.903	3.964
13.419	-1.392	0.167	0.150	3.561	2.072	4.071	6.005	3.059	3.696	9.864	0.881
9.813	1.122	-0.122	0.645	3.733	3.722	12.531	1.462	1.148	2.409	17.169	6.226
6.268	1.640	1.735	-0.380	9.164	1.518	6.548	4.499	4.844	2.302	4.932	6.355
4.507	0.186	1.216	-1.215	4.918	4.048	5.837	0.964	4.636	0.893	15.930	5.950
6.913	-1.720	1.465	0.939	5.172	1.113	4.543	2.478	2.182	4.663	16.426	2.163
17.009	-1.572	0.110	0.294	8.669	3.178	0.211	2.100	1.350	0.792	10.289	1.302
1.467	0.047	0.523	0.562	3.400	2.872	17.606	0.267	0.124	1.248	10.485	1.890
5.244	-0.749	-1.187	0.997	5.607	1.724	1.035	4.255	4.833	3.040	10.964	5.067
6.369	-1.182	-1.431	2.883	2.394	4.683	17.291	0.873	4.883	1.887	14.085	5.113
16.616	-0.325	-0.999	-0.776	6.791	1.933	13.332	9.339	3.312	2.027	6.228	9.823
19.969	-0.513	-0.443	1.604	9.893	2.479	3.821	3.778	1.311	4.209	12.768	1.073
3.594	-1.005	-0.288	-0.766	4.866	0.631	9.470	1.156	1.979	3.242	12.968	1.308
4.232	6.698	3.066	5.068	4.246	0.653	18.152	1.599	6.857	1.075	8.415	4.013
16.374	5.408	4.471	4.536	5.911	0.409	19.261	5.597	5.511	2.189	4.197	0.585
5.100	4.196	4.877	4.544	5.224	0.883	14.204	1.007	2.371	2.758	15.519	9.437
13.971	5.751	4.573	4.010	1.953	0.789	8.776	8.590	4.110	4.706	9.334	8.723
9.282	5.259	0.533	4.581	2.700	1.812	1.006	0.947	6.039	0.055	14.800	0.718
10.768	4.039	1.016	5.339	0.309	3.061	7.593	0.888	4.885	4.003	3.359	3.532
13.509	6.705	0.040	5.161	8.931	3.132	7.131	4.149	6.330	1.636	2.079	0.850
15.137	3.826	0.378	4.467	8.354	0.749	11.804	2.450	4.320	1.920	11.792	3.497
5.823	4.744	1.953	4.382	3.536	2.630	14.994	2.782	3.468	2.394	10.892	5.120
6.144	6.200	1.958	4.942	8.475	2.668	7.633	6.034	5.150	1.658	5.636	6.015
4.049	5.803	4.370	5.833	4.833	0.895	9.851	1.889	4.385	2.872	13.069	6.990
14.530	5.002	1.100	3.539	5.418	1.276	13.145	7.955	4.852	3.157	4.687	0.806
11.299	3.052	1.169	6.287	2.641	1.342	2.223	1.461	5.223	1.328	15.208	7.844
19.287	3.860	3.698	4.597	7.715	1.669	16.606	7.873	3.767	4.589	11.776	3.630
17.292	7.258	2.207	3.637	4.281	3.618	15.403	8.185	3.157	1.496	3.333	0.731
17.497	3.773	1.945	4.548	4.642	1.888	11.628	7.800	6.139	1.298	13.823	6.623
16.261	5.055	4.412	5.568	8.175	1.072	0.942	0.530	4.772	0.801	6.183	9.569
13.390	5.732	2.701	6.237	2.055	2.423	7.929	3.052	6.353	3.867	4.740	8.634
3.010	6.010	4.795	6.850	4.369	0.059	12.373	8.865	3.946	3.035	15.910	9.083
14.294	7.710	2.106	5.783	3.789	3.242	18.694	9.567	5.149	0.969	1.541	3.465
18.511	6.489	1.348	4.403	5.098	4.950	9.822	9.729	5.095	3.362	13.733	8.708
18.733	6.869	3.251	5.288	3.425	0.785	12.731	5.747	6.567	1.930	17.486	4.956
19.902	4.750	1.861	4.236	0.225	3.484	7.552	2.802	5.405	3.076	9.174	8.263
5.023	5.816	4.392	4.851	5.329	1.824	7.837	2.575	6.600	0.774	8.189	9.534
11.928	3.060	3.949	1.889	4.175	4.910	0.379	8.349	5.328	0.662	15.428	0.846
16.613	4.285	3.309	7.796	6.097	1.753	3.950	8.234	4.869	2.697	14.590	0.152
11.492	5.143	3.676	5.205	0.647	2.437	11.454	6.462	5.353	2.058	13.182	0.346
6.437	5.014	4.600	6.192	3.913	0.493	13.286	9.848	4.862	2.422	16.514	0.776
11.389	3.325	3.814	4.539	4.531	2.382	1.996	7.974	4.250	0.874	11.018	5.342
10.181	2.917	0.455	5.875	7.644	1.389	18.664	4.273	5.938	1.994	17.954	1.483
14.284	5.867	2.705	3.932	7.794	3.160	19.531	9.222	5.279	2.855	6.061	7.168
16.476	4.658	1.354	6.268	3.993	3.748	7.102	4.209	4.960	1.596	0.756	6.874
8.687	4.596	4.114	4.986	7.737	2.610	16.434	3.701	4.541	0.003	16.517	1.950
18.688	6.462	0.182	5.159	5.906	4.653	3.874	1.356	4.319	2.591	3.003	8.704
18.569	5.094	4.722	3.330	1.870	2.396	16.862	7.103	6.047	2.488	11.462	9.995
0.784	3.855	3.512	4.630	3.209	1.172	5.386	9.295	5.290	0.243	16.475	0.043
11.292	5.330	4.369	5.539	2.442	0.947	0.605	1.351	6.505	3.781	1.967	9.180
2.415	6.056	3.849	5.337	6.629	2.407	14.293	1.085	4.802	4.565	17.940	6.513
12.782	4.734	1.283	3.644	4.303	3.773	18.319	0.844	5.863	4.966	15.525	6.317
5.835	2.585	3.877	3.938	8.379	0.494	3.776	8.539	6.836	2.845	10.030	9.116
6.758	5.145	1.544	4.002	9.913	4.879	6.152	3.711	3.584	2.702	15.047	3.006
16.112	4.977	3.929	4.884	5.013	0.917	12.731	1.536	6.838	3.741	13.215	9.812
8.912	4.361	3.754	5.839	7.970	4.038	15.547	4.845	4.903	2.359	13.460	5.512
17.967	3.853	4.990	5.106	3.661	4.701	7.780	7.963	5.418	1.304	12.453	8.267
5.772	6.476	0.756	6.108	3.239	1.496	19.553	2.674	4.795	1.460	9.797	4.056
7.589	6.338	1.734	3.821	1.651	0.013	14.249	7.851	4.533	0.219	7.653	6.082
16.202	4.588	4.119	5.397	5.991	0.380	7.840	7.309	4.264	1.486	8.231	7.045
9.481	5.640	4.546	4.398	3.060	1.769	15.057	6.455	4.808	1.652	12.740	5.624
9.980	5.232	2.971	5.640	3.328	1.795	8.711	9.237	4.251	2.264	9.831	7.301
15.888	4.995	1.687	5.181	4.768	2.748	9.744	6.046	4.498	0.433	16.855	5.868
8.297	2.975	1.597	4.935	6.647	2.576	15.045	1.279	4.276	3.492	1.408	5.882
3.803	6.268	3.206	5.146	6.748	0.710	7.311	8.911	4.377	3.559	15.271	4.235
16.576	3.632	3.286	5.019	1.339	1.683	17.804	1.954	5.559	0.538	5.080	2.099
19.235	6.297	2.011	4.444	2.393	0.426	10.622	2.399	3.868	2.276	12.722	6.510
0.100	2.841	2.667	4.771	3.101	1.702	17.433	8.228	5.740	3.389	5.265	3.532
9.240	3.978	4.726	5.279	2.127	2.487	19.150	8.513	5.185	2.850	2.021	3.875
13.216	4.775	0.824	4.202	1.294	0.199	0.836	2.151	5.796	4.907	11.835	3.839
11.875	7.295	2.548	6.077	0.894	0.358	6.222	0.515	4.611	0.501	7.632	0.956
18.551	2.494	0.443	4.754	5.812	2.167	6.678	8.952	4.280	4.889	16.375	9.278
0.216	4.036	2.204	3.258	3.612	3.994	14.462	8.898	4.862	4.409	1.253	4.452
1.373	2.957	3.827	5.802	8.828	3.184	4.530	1.955	5.280	2.560	4.912	6.676
3.713	5.866	1.348	4.289	0.535	4.548	9.724	9.753	4.602	0.196	1.070	9.107
9.460	5.626	0.150	5.778	4.694	3.882	9.903	1.703	4.358	2.474	13.813	3.776
4.586	5.797	3.394	4.451	9.669	3.928	12.030	2.881	4.753	1.876	18.977	3.651
13.238	2.634	3.173	5.938	4.899	3.260	11.998	0.769	4.646	0.652	1.563	8.514
9.712	4.398	1.973	4.881	2.468	4.555	15.784	5.676	4.740	1.597	12.569	7.199
11.768	4.475	0.578	4.850	9.026	4.726	1.500	5.214	4.946	1.674	13.099	4.716
1.357	6.895	3.009	5.852	2.868	1.884	18.173	3.691	4.126	2.972	18.842	3.220
16.923	4.791	1.203	4.779	0.430	4.226	18.892	6.089	6.012	3.068	9.268	3.556
1.374	4.068	0.584	5.464	8.792	1.720	1.787	1.088	4.477	3.564	19.017	5.239
3.722	4.258	4.973	4.872	6.230	2.323	16.298	2.968	2.550	1.246	14.480	3.181
13.425	5.039	1.032	2.929	9.441	2.426	7.849	0.783	5.817	3.155	18.869	3.888
13.123	4.687	4.743	4.903	8.491	4.416	2.217	1.686	5.452	3.389	1.082	3.532
13.834	4.868	4.036	5.025	0.670	4.458	2.382	5.700	4.092	0.961	4.986	4.935
1.736	4.046	1.945	5.505	9.848	2.890	1.943	1.697	4.433	1.788	13.147	1.762
7.032	4.278	2.574	5.593	3.942	0.750	2.662	1.857	5.252	3.981	19.249	9.250
19.400	5.081	1.850	6.050	8.408	4.762	1.801	2.164	6.114	0.729	19.358	7.436
0.618	3.465	1.977	3.978	6.927	1.025	1.727	2.734	5.267	3.883	0.012	3.862
15.073	3.084	2.351	4.530	4.664	1.046	10.773	7.764	4.993	3.586	15.936	9.111
7.884	3.718	2.827	5.876	3.857	1.356	17.568	3.900	3.839	2.958	4.470	5.139
7.804	4.053	2.695	5.773	6.888	1.496	13.397	4.627	3.822	1.881	8.856	0.678
11.738	5.278	2.583	7.118	3.712	1.831	11.239	0.478	4.986	0.024	17.699	6.322
6.289	5.660	4.773	6.117	6.175	3.765	8.516	7.216	5.149	3.167	9.714	6.028
18.392	4.730	2.002	3.701	2.222	2.590	6.153	9.731	5.171	0.961	0.321	1.914
11.933	5.017	2.871	6.524	8.394	2.474	10.288	9.629	4.846	4.050	4.095	3.049
2.333	5.379	0.738	6.601	2.043	4.578	14.540	3.847	3.590	0.927	6.521	8.050
3.312	3.662	1.871	6.473	5.544	3.640	11.783	0.120	6.236	1.343	11.247	7.584
0.419	3.724	2.519	4.762	9.652	3.204	0.409	3.726	6.809	1.120	2.041	6.767
3.043	3.807	0.354	5.843	9.492	1.186	12.789	2.821	4.333	3.946	7.779	9.934
2.707	5.924	1.905	5.370	0.936	4.982	17.633	3.322	5.640	3.405	10.895	6.350
18.527	4.492	2.743	4.541	3.165	1.836	5.522	7.869	4.901	1.594	8.564	7.387
2.627	5.660	4.543	3.824	3.103	4.687	9.349	4.304	4.470	0.037	8.859	7.871
11.013	3.576	0.397	4.500	2.901	0.678	14.899	2.370	5.354	3.238	7.845	8.373
15.639	5.727	2.446	5.045	1.371	4.573	3.855	8.538	4.923	0.698	12.037	0.711
14.823	6.178	4.600	6.009	8.332	3.855	0.074	1.736	2.586	1.751	3.357	3.388
6.904	5.621	3.408	7.185	3.818	3.635	1.202	8.883	3.357	4.420	19.176	9.454
3.861	4.400	3.843	4.980	3.040	0.204	7.852	3.717	6.206	0.645	3.894	6.449
5.062	3.866	1.126	4.551	4.331	1.856	14.972	6.062	4.638	1.584	8.466	7.254
17.992	5.170	3.909	5.130	6.084	2.853	4.690	8.917	3.611	0.128	7.185	2.730
2.308	5.078	2.360	4.938	3.964	4.945	9.925	1.083	4.901	1.965	7.199	4.695
7.957	4.041	1.892	4.249	7.225	4.430	9.190	3.205	4.855	3.634	8.069	6.054
3.175	3.362	0.516	4.544	5.208	4.434	8.708	9.503	5.914	4.604	17.195	3.485
6.845	5.781	1.276	3.493	9.397	1.642	3.524	6.843	5.615	0.535	8.382	8.322
7.220	4.309	2.530	3.803	7.837	1.842	9.403	9.333	4.409	1.496	6.402	2.392
5.393	2.790	1.365	4.351	1.123	1.085	1.860	2.890	5.218	3.953	6.896	2.665
18.029	5.579	2.271	2.565	6.800	0.310	6.418	7.109	5.308	3.082	0.126	0.811
6.939	5.066	1.442	5.423	3.999	0.178	9.077	4.122	4.376	4.363	13.356	6.753
17.126	6.066	3.426	5.644	4.979	2.446	0.198	1.138	4.066	4.370	4.867	5.031
8.327	4.006	3.381	4.112	6.278	4.740	6.315	0.425	3.697	3.465	7.940	4.349
0.324	5.801	0.085	5.800	5.370	1.609	0.299	7.590	3.573	3.686	3.124	2.138
4.570	5.343	3.144	4.665	4.949	2.501	8.729	8.240	5.062	3.475	16.510	7.746
11.591	3.101	4.371	4.863	2.488	1.369	10.057	8.285	4.566	0.125	5.362	0.500
9.507	4.302	4.254	5.263	5.224	4.859	5.079	1.598	5.454	2.070	12.841	6.958
5.645	5.053	2.428	3.855	7.256	3.167	8.258	1.655	5.043	4.738	13.503	8.200
0.204	5.338	4.771	5.684	4.866	2.261	10.703	2.913	4.901	2.273	17.865	6.793
16.181	4.016	3.841	3.969	8.523	1.125	15.671	4.437	4.236	1.006	5.243	4.906
0.778	3.912	3.695	6.399	5.476	1.753	1.603	0.130	5.058	0.736	12.505	6.018
18.797	6.270	0.007	4.468	6.664	3.847	7.438	2.734	6.516	4.254	2.740	0.946
19.414	3.525	4.303	4.186	8.546	3.668	17.357	1.850	4.372	0.909	3.282	1.663
12.819	4.493	2.616	4.940	8.124	3.001	0.867	1.981	3.942	0.277	17.857	0.914
4.000	2.644	2.329	5.062	4.308	4.573	15.876	5.499	4.212	1.603	17.191	7.575
2.619	5.131	2.134	4.565	3.742	3.851	10.118	9.317	5.537	0.371	5.619	1.223
10.346	5.412	2.934	4.131	8.212	4.799	16.656	9.922	4.049	0.005	6.380	3.698
14.117	5.289	4.546	3.871	5.116	3.246	5.938	5.448	5.349	0.851	2.344	2.100
7.711	4.827	2.733	4.861	9.940	4.117	7.863	9.274	6.401	1.580	10.490	4.315
1.229	5.685	2.601	5.351	1.561	0.532	8.537	9.899	4.633	4.126	19.858	8.644
17.559	4.519	3.560	4.605	8.268	3.059	7.650	7.039	5.680	1.261	18.318	7.766
15.135	4.710	1.226	4.922	6.550	0.948	8.260	5.365	4.100	2.802	1.627	6.886
3.969	4.019	3.783	6.022	3.235	1.475	3.359	1.975	6.602	4.122	0.007	5.367
9.216	4.992	2.531	7.095	9.274	0.268	2.442	2.261	6.812	2.539	18.332	3.140
7.408	6.359	0.882	5.581	6.014	0.203	8.951	8.448	5.804	3.380	3.857	3.824
17.087	5.515	4.828	6.201	0.772	3.918	0.200	2.060	5.816	0.607	1.303	7.071
10.367	2.118	2.010	2.936	6.289	2.928	9.402	7.624	4.825	1.349	19.325	2.819
9.752	3.580	0.322	3.495	6.485	1.259	13.191	2.352	6.288	4.534	18.268	0.537
9.513	4.382	4.584	5.759	5.294	3.700	11.356	1.802	2.982	2.913	14.331	1.768
15.146	5.102	3.798	5.964	7.394	1.932	13.707	8.764	5.352	2.898	4.626	6.374
12.648	4.674	4.158	3.996	5.652	0.360	13.700	6.968	6.746	2.079	1.388	0.567
7.700	6.140	1.025	5.303	9.291	0.176	5.633	8.819	6.443	1.679	7.404	7.660
7.291	5.809	1.647	6.558	0.066	3.357	13.075	4.169	5.206	3.391	2.585	1.345
7.305	5.133	1.663	3.552	5.833	3.667	6.342	9.497	6.883	1.489	9.876	6.288
13.836	5.900	1.354	3.471	8.932	1.809	12.581	1.928	6.127	0.744	4.428	6.369
0.476	3.839	2.312	4.935	2.673	4.115	7.066	9.720	5.320	4.235	2.226	5.301
12.264	3.773	1.646	4.759	3.195	1.488	6.218	2.041	3.092	4.495	6.076	3.316
19.435	5.056	3.759	4.053	1.326	4.715	6.413	0.330	4.462	2.917	16.425	6.254
15.456	5.847	3.137	4.134	4.804	3.181	19.655	0.639	4.600	1.683	12.884	2.416
2.997	5.591	0.933	4.513	7.788	4.526	12.239	8.493	5.322	0.679	5.286	6.448
18.621	6.506	1.835	4.170	1.824	2.181	1.537	0.593	4.647	3.711	2.691	6.579
4.154	5.138	4.513	7.341	2.083	3.882	18.546	1.583	6.489	3.208	17.311	5.523
17.950	6.052	0.531	5.124	2.104	2.148	12.315	5.268	3.802	1.700	7.041	7.586
10.880	4.299	4.652	6.011	5.824	1.884	7.405	8.599	6.069	2.615	19.900	2.398
14.712	4.467	1.192	5.687	8.641	3.123	19.301	7.717	5.965	2.130	14.564	3.449
16.243	6.080	2.022	5.518	6.361	4.181	18.491	5.022	4.703	3.373	5.947	3.574
2.553	5.217	1.748	5.880	2.586	2.345	3.765	2.882	5.120	1.316	4.312	0.965
6.151	5.857	3.324	5.572	2.183	2.966	10.153	3.588	6.650	0.125	9.545	7.911
1.544	4.133	3.073	4.001	7.351	2.567	8.857	4.547	5.156	2.799	15.288	8.046
11.263	7.009	1.890	5.329	1.262	1.858	1.065	7.248	4.701	0.189	3.296	9.850
12.167	4.533	3.115	5.539	5.206	2.800	3.528	6.983	4.854	4.109	7.762	1.844
19.990	3.920	0.786	4.946	0.170	3.938	12.929	1.124	6.121	2.538	4.995	3.582
8.127	4.608	3.074	6.131	5.204	3.194	0.530	4.571	4.138	2.111	7.770	2.137
7.694	4.706	0.983	3.963	4.430	2.047	8.870	4.630	5.136	4.520	7.712	8.724
1.218	3.720	1.859	3.200	9.045	1.529	3.840	7.843	5.324	1.349	6.589	6.115
13.998	5.099	0.570	5.882	5.931	4.882	12.532	2.577	2.917	2.858	7.548	8.022
4.852	3.765	3.486	6.604	2.492	0.376	8.734	8.972	4.989	3.147	0.978	5.764
9.845	6.042	2.986	4.320	2.777	0.794	5.954	2.355	4.517	4.458	7.629	4.210
6.662	4.571	0.471	4.716	0.332	4.987	12.864	0.331	5.177	3.155	4.912	4.033
1.708	5.376	2.781	5.672	8.663	2.603	9.898	9.236	4.908	1.383	4.653	3.207
8.549	3.712	0.815	5.052	6.255	0.922	6.997	4.709	5.616	3.685	4.314	5.594
14.656	7.985	3.974	5.844	6.539	-5.346	-8.440	-7.496	2.933	2.427	7.289	6.229
5.119	3.321	3.535	1.600	7.643	-7.145	-7.736	-5.799	1.018	4.294	15.880	5.087
7.449	3.690	3.835	4.451	3.606	-7.714	-6.946	-5.587	3.695	0.335	10.807	0.661
11.268	15.251	1.345	0.406	9.487	-5.600	-6.985	-5.609	2.542	3.415	0.970	2.763
6.978	9.537	4.312	6.673	1.456	-7.941	-6.926	-8.446	0.347	2.806	14.748	2.176
9.882	7.939	2.067	1.634	1.430	-8.129	-5.768	-4.998	2.665	4.463	1.519	9.653
14.287	2.211	4.567	1.968	7.640	-7.486	-5.972	-5.260	2.694	2.345	10.374	2.837
7.274	6.389	3.841	9.659	5.787	-6.719	-8.451	-8.929	2.345	4.647	1.287	0.868
13.147	18.962	2.328	1.079	6.826	-5.356	-5.695	-6.649	1.361	0.485	14.810	9.416
5.522	19.189	0.493	4.535	3.538	-7.618	-6.261	-6.358	4.237	4.815	10.516	8.342
9.347	11.417	1.945	3.347	4.851	-6.571	-7.080	-6.961	0.860	3.635	6.640	6.499
17.197	14.515	4.382	0.000	2.715	-6.220	-7.028	-6.854	3.671	3.668	1.433	8.725
11.262	10.270	4.703	3.440	6.461	-5.566	-5.918	-8.200	3.631	2.020	6.983	0.273
17.837	3.189	1.453	2.857	7.418	-8.325	-6.175	-7.039	4.058	4.825	7.607	6.750
13.157	9.125	1.079	5.223	9.411	-7.360	-5.289	-7.154	0.821	3.292	15.884	4.169
10.118	8.816	0.457	3.406	8.256	-6.456	-8.443	-7.041	2.800	4.071	6.350	7.860
12.232	5.873	4.506	8.167	0.732	-6.340	-7.160	-7.165	3.681	0.971	17.341	6.394
13.123	1.893	1.971	4.380	4.563	-8.944	-7.540	-7.904	1.304	4.802	11.982	4.058
11.263	4.562	0.123	8.337	9.266	-7.966	-6.613	-6.442	3.364	2.006	12.906	7.441
9.276	10.797	1.794	3.947	2.634	-7.689	-7.081	-6.662	4.415	4.238	16.796	2.303
8.908	13.740	4.229	1.313	1.457	-7.794	-7.869	-7.200	0.859	2.138	10.240	2.014
11.628	9.950	3.850	0.790	7.377	-6.765	-8.530	-6.600	0.579	1.889	8.112	7.586
19.024	12.739	3.201	6.096	0.497	-6.509	-8.055	-6.833	2.291	3.980	2.323	5.645
7.294	16.867	3.009	5.095	7.877	-8.597	-7.794	-6.137	2.263	1.732	7.808	0.108
18.378	5.178	2.725	6.968	1.917	-6.915	-6.945	-9.407	1.584	0.622	14.449	1.409
9.698	8.387	0.092	8.276	5.830	-7.719	-8.313	-7.632	1.676	2.271	0.966	8.939
17.620	1.838	3.516	6.179	4.096	-6.387	-5.858	-6.627	4.988	0.495	18.899	0.911
14.553	2.929	3.618	0.474	4.618	-6.857	-4.246	-6.625	3.177	0.487	16.622	0.986
16.801	2.769	4.699	1.114	6.669	-6.484	-8.976	-8.438	0.703	2.265	5.064	2.798
9.643	7.806	2.274	2.620	5.137	-7.438	-7.077	-7.408	1.708	2.248	3.589	7.657
0.631	15.503	0.726	3.489	4.947	-6.835	-7.212	-7.426	2.223	4.694	10.360	2.228
7.477	0.839	3.104	9.426	6.679	-6.590	-7.007	-6.750	0.679	3.332	19.579	3.512
1.117	16.993	3.121	5.943	7.540	-6.914	-8.306	-6.566	3.006	1.418	6.795	0.405
5.218	2.366	1.051	2.384	8.669	-7.104	-8.866	-7.185	2.912	3.732	2.583	5.480
16.971	0.309	3.177	3.227	1.127	-8.288	-6.073	-5.301	4.924	3.633	2.314	8.453
15.160	0.826	2.069	5.768	1.566	-7.361	-6.189	-7.099	0.806	4.473	2.208	8.830
11.238	0.213	0.570	2.225	0.221	-7.823	-6.559	-7.682	4.611	1.183	8.434	5.920
19.418	6.235	3.686	6.355	0.148	-6.584	-5.942	-6.858	2.378	3.506	7.317	8.485
5.835	5.516	0.106	6.120	8.934	-6.413	-5.309	-5.152	0.734	1.851	18.757	3.370
13.134	15.529	1.464	4.472	2.187	-6.531	-6.717	-5.039	2.039	0.758	9.973	9.994
9.316	5.884	1.113	8.296	1.875	-8.467	-6.367	-7.051	2.194	4.303	12.337	2.161
18.219	0.042	1.924	2.010	6.895	-6.004	-9.577	-6.257	4.889	0.544	0.615	6.993
16.643	9.244	4.967	4.343	1.627	-5.917	-7.478	-6.596	2.469	1.034	8.104	8.410
16.065	12.158	0.336	7.604	3.318	-6.263	-7.051	-7.072	1.990	0.147	5.811	5.194
2.272	1.748	0.610	9.701	2.576	-6.029	-7.100	-7.455	1.151	1.880	8.803	1.755
12.908	18.549	4.864	7.012	5.444	-7.302	-6.169	-6.200	1.220	3.245	8.248	6.796
8.915	0.843	0.447	9.981	3.364	-5.290	-5.015	-7.041	4.650	4.860	4.193	9.193
5.745	14.884	3.565	3.093	4.370	-7.356	-5.660	-6.998	2.689	0.573	14.022	2.584
19.372	14.137	3.491	7.941	9.773	-7.579	-6.994	-6.416	1.157	2.918	10.972	4.477
3.388	0.801	0.984	4.137	4.612	-8.778	-5.900	-6.372	4.737	3.807	7.575	5.420
5.623	15.407	0.081	5.641	2.718	-7.185	-7.851	-7.228	2.565	0.676	9.128	9.135
0.841	2.032	3.923	3.216	5.958	-6.665	-8.294	-5.289	1.408	1.059	10.743	0.864
19.485	19.141	4.213	0.922	4.083	-7.304	-7.276	-6.368	2.196	2.344	14.444	2.973
14.062	8.022	1.309	3.251	8.818	-9.518	-8.093	-8.271	4.841	4.689	11.260	4.713
14.708	11.705	0.008	2.240	6.267	-5.691	-6.552	-6.431	1.038	1.748	16.295	2.252
18.355	13.897	3.884	3.967	3.462	-8.149	-6.825	-4.925	2.020	4.772	0.063	6.161
13.038	16.210	1.052	9.266	8.118	-7.873	-7.337	-8.167	4.874	3.658	7.420	6.143
18.151	3.742	1.112	7.070	2.566	-7.071	-7.491	-7.683	1.076	4.648	17.391	6.381
9.997	15.555	4.536	4.993	8.818	-7.255	-9.433	-7.199	2.047	3.006	17.533	2.179
16.916	7.657	2.155	7.897	0.220	-7.231	-7.687	-6.527	2.873	0.805	16.054	6.462
7.001	8.750	2.970	2.362	9.701	-6.220	-7.513	-7.299	4.968	1.031	17.056	5.140
10.233	5.199	4.530	6.071	1.291	-6.957	-5.406	-7.556	4.634	4.855	9.686	5.146
8.492	11.955	2.268	7.729	9.741	-5.898	-7.280	-6.962	0.188	2.789	6.062	1.866
3.538	19.955	4.898	1.347	5.125	-7.789	-6.765	-8.092	0.349	3.210	18.943	0.621
13.793	17.205	2.000	4.822	1.105	-8.121	-6.907	-7.256	2.211	0.166	18.586	3.547
16.037	16.329	3.107	8.925	6.250	-7.506	-6.147	-6.432	4.658	2.139	11.277	4.337
14.234	14.176	1.490	8.061	2.079	-6.546	-6.485	-6.135	4.489	1.916	19.012	6.730
6.275	3.582	4.170	4.595	5.860	-6.999	-7.784	-5.196	4.533	4.646	11.799	4.897
10.445	14.841	4.929	8.757	3.588	-8.936	-6.738	-6.949	2.889	2.081	10.967	1.725
2.425	15.541	3.098	6.274	9.674	-7.035	-8.028	-7.107	0.378	1.595	0.636	8.691
8.323	11.809	1.269	9.461	9.547	-7.520	-6.012	-8.487	4.267	4.282	18.310	2.480
13.873	13.408	2.522	1.993	7.046	-5.883	-5.938	-8.202	1.042	2.966	15.306	4.485
1.287	4.964	1.018	5.274	6.014	-7.237	-6.070	-8.065	1.711	1.247	11.135	2.666
13.556	7.335	2.947	9.171	1.474	-7.691	-6.921	-6.549	4.167	1.843	14.755	3.995
4.106	6.938	4.801	7.169	9.183	-7.281	-8.077	-8.036	4.370	3.250	10.435	0.250
10.909	14.187	2.689	2.465	1.266	-7.562	-8.030	-7.306	1.794	4.182	9.554	5.170
14.620	13.696	4.705	5.081	9.959	-5.369	-7.439	-6.900	3.685	0.982	11.475	8.663
6.859	10.411	4.518	8.497	4.554	-6.988	-6.858	-8.127	0.836	0.429	3.604	9.801
1.499	10.899	3.678	5.028	8.150	-6.219	-6.990	-7.307	0.365	3.201	17.489	4.938
5.522	15.161	2.118	2.391	8.314	-6.856	-7.914	-7.063	4.675	2.665	17.285	1.161
14.540	19.210	0.976	4.772	2.047	-8.986	-7.084	-6.664	2.423	2.109	10.615	9.741
0.485	9.288	1.228	1.924	0.602	-6.754	-5.288	-9.098	2.189	3.576	3.119	6.149
15.165	6.102	3.436	8.627	7.477	-7.837	-6.885	-8.179	3.453	2.530	12.732	7.641
14.574	18.191	0.311	1.699	8.648	-8.709	-7.404	-5.596	0.011	4.668	18.668	8.337
19.990	19.178	1.985	2.187	2.768	-9.320	-6.404	-8.114	0.089	4.157	4.117	4.060
13.732	17.555	1.608	1.440	2.537	-7.419	-5.897	-7.475	4.761	4.227	1.543	7.753
7.064	1.530	1.849	1.619	7.958	-7.532	-7.718	-6.309	0.874	2.797	10.602	9.017
11.258	12.413	2.581	6.370	3.535	-8.331	-5.931	-6.753	0.774	1.232	9.033	3.852
13.002	16.446	1.057	6.885	5.173	-7.387	-6.378	-7.723	3.239	2.594	0.070	7.219
7.236	2.839	4.135	2.394	5.772	-5.458	-6.390	-6.918	4.885	3.903	6.482	1.050
1.918	1.941	1.533	9.313	2.025	-7.326	-6.107	-7.962	2.783	1.619	2.353	1.192
11.364	6.455	1.546	7.515	6.433	-6.840	-7.816	-6.497	2.676	3.130	1.682	0.595
15.667	6.009	0.336	8.450	5.104	-4.690	-7.065	-7.008	2.208	3.512	13.952	2.741
6.441	18.538	4.168	8.053	9.256	-8.005	-7.632	-7.088	4.167	0.411	9.321	3.070
5.532	1.302	3.781	9.778	3.930	-7.054	-5.302	-6.956	2.761	2.826	18.155	7.760
4.963	19.638	4.561	7.898	7.994	-7.879	-7.365	-6.784	0.746	3.982	16.911	3.975
13.002	9.460	4.524	5.086	5.861	-6.649	-7.468	-7.228	1.833	0.451	13.842	8.547
1.049	5.344	2.401	1.208	7.832	-6.711	-7.037	-4.924	4.984	4.629	10.976	7.368
10.996	13.058	4.618	5.692	8.433	-7.213	-6.785	-5.932	3.971	3.754	13.673	4.427
16.552	9.352	4.167	0.746	4.475	-7.229	-6.306	-6.034	4.595	1.148	15.168	6.314
2.763	15.189	2.643	7.591	1.065	-6.105	-7.848	-6.964	0.472	2.855	10.712	0.836
1.879	1.751	0.672	1.858	2.524	-7.937	-7.010	-6.768	0.218	2.926	9.971	9.883
0.337	16.166	2.674	8.686	9.346	-5.648	-5.914	-6.551	2.751	2.758	14.527	0.704
16.257	8.059	3.814	3.501	9.879	-7.357	-7.327	-8.125	0.923	4.510	13.729	9.403
3.552	14.526	2.479	5.964	7.336	-9.434	-5.423	-7.230	2.299	2.568	18.274	1.602
15.423	18.544	1.022	2.065	9.736	-6.578	-6.881	-6.180	2.122	0.559	3.884	5.703
2.094	16.135	3.062	7.499	9.189	-7.525	-7.351	-5.105	1.691	4.325	12.383	8.033
10.260	5.597	1.214	5.303	8.922	-6.591	-7.044	-8.482	1.320	4.052	13.505	5.668
7.003	2.463	2.491	8.416	2.981	-9.922	-7.872	-6.220	4.056	2.902	8.707	7.216
0.911	12.009	3.311	3.683	0.017	-7.782	-7.585	-6.168	3.512	1.934	19.803	1.102
16.688	13.966	3.383	8.148	5.996	-7.249	-6.190	-7.187	3.772	4.225	5.816	9.623
19.634	13.509	3.199	0.683	8.484	-8.028	-7.980	-5.153	1.454	4.319	2.272	2.770
17.840	0.848	1.086	4.932	6.424	-6.813	-7.803	-6.656	4.195	3.093	9.901	7.241
6.138	11.219	2.937	3.672	9.576	-8.093	-7.041	-5.855	1.870	2.403	4.725	7.613
13.061	17.546	1.250	7.690	3.498	-9.543	-7.717	-8.669	0.067	0.350	17.247	3.737
3.527	14.650	3.849	7.736	1.677	-9.078	-5.383	-7.756	1.674	3.618	15.081	8.331
14.196	12.688	2.940	7.024	8.129	-7.329	-7.162	-6.058	1.161	1.301	16.038	7.812
18.164	11.909	1.808	2.969	0.580	-7.120	-7.759	-7.083	4.829	1.599	10.569	9.287
13.941	2.011	4.899	5.299	5.898	-7.824	-6.451	-8.182	0.580	0.925	11.405	6.109
9.808	11.265	4.966	5.030	3.173	-6.115	-6.280	-7.913	1.611	4.285	1.850	3.438
18.326	8.571	4.790	4.114	7.434	-8.115	-7.145	-5.850	2.358	1.952	13.410	6.552
17.507	11.918	1.096	7.898	1.661	-8.242	-6.979	-6.809	1.498	1.468	4.919	5.523
7.140	8.670	2.211	2.393	4.960	-5.403	-6.251	-5.424	4.619	3.239	14.579	3.661
7.145	6.917	0.515	8.564	6.875	-8.297	-8.173	-6.140	1.929	2.755	1.788	1.425
16.270	10.501	1.266	8.097	8.463	-7.450	-7.689	-8.088	2.744	4.391	18.560	1.037
19.203	16.210	2.522	7.315	9.227	-8.644	-6.968	-5.767	3.455	2.620	10.552	2.245
8.957	12.069	1.183	5.113	9.947	-9.229	-7.620	-6.257	2.384	0.952	11.862	4.845
7.851	4.315	0.144	8.692	5.243	-8.666	-6.601	-8.174	3.222	1.665	9.195	4.128
18.074	14.862	0.684	7.787	4.265	-6.740	-8.383	-7.637	2.668	3.612	3.867	1.561
8.346	4.923	0.874	8.639	1.472	-6.086	-7.411	-5.913	1.696	4.304	6.448	5.385
18.301	2.638	4.770	2.797	6.508	-9.108	-6.257	-9.561	4.232	1.976	13.340	4.563
7.698	5.756	0.673	0.911	8.694	-7.978	-7.105	-8.316	0.642	0.451	17.510	1.335
19.764	3.548	0.989	8.474	7.406	-6.492	-7.323	-7.826	4.057	0.937	16.355	6.030
0.690	19.613	4.634	1.805	6.275	-6.782	-8.465	-8.619	1.725	4.565	7.129	5.614
19.276	0.396	0.266	2.582	6.972	-5.627	-6.939	-7.939	1.681	1.325	7.500	5.951
10.209	8.493	3.451	0.851	5.489	-7.344	-5.988	-6.689	1.620	3.856	2.426	8.098
2.261	16.986	3.254	3.024	6.127	-5.985	-7.610	-7.021	1.512	2.341	0.140	9.482
1.098	7.171	3.133	7.245	6.163	-7.853	-8.026	-7.542	4.212	2.159	19.491	7.788
5.472	17.057	1.126	1.941	1.712	-6.274	-6.059	-6.693	3.674	1.014	17.193	1.354
6.957	12.140	3.807	2.076	7.263	-5.569	-6.252	-6.165	3.961	4.125	0.429	4.510
17.910	6.074	2.830	2.272	7.905	-8.233	-7.999	-6.615	0.462	1.384	7.186	9.671
9.817	15.573	4.017	8.952	1.802	-6.997	-7.151	-6.887	0.196	1.098	6.493	9.820
10.293	13.489	0.392	3.554	3.221	-7.213	-6.615	-5.575	1.902	1.733	2.183	4.937
13.331	9.226	0.688	8.830	6.108	-8.413	-9.047	-7.184	1.093	1.532	19.443	6.765
10.426	6.652	4.501	3.923	3.736	-6.376	-7.865	-5.910	0.561	1.194	19.024	6.001
15.046	17.276	0.824	3.636	5.444	-5.128	-9.090	-6.918	1.693	2.623	0.030	7.280
6.747	14.815	1.135	1.955	5.753	-6.135	-6.397	-8.216	3.452	0.020	2.290	1.097
4.735	5.884	0.336	1.430	4.216	-8.200	-6.128	-9.158	1.916	0.971	7.533	7.509
14.564	6.093	4.475	6.660	0.320	-9.652	-6.864	-6.683	4.855	2.589	11.609	4.440
19.387	17.847	1.619	9.191	0.853	-7.784	-6.109	-7.067	2.948	2.368	10.812	3.846
16.047	11.705	0.619	6.038	5.796	-5.449	-7.528	-8.050	3.145	1.026	10.168	1.764
17.287	3.154	3.274	9.058	6.756	-6.450	-6.086	-6.792	4.950	2.460	17.564	6.051
13.953	3.996	4.642	6.904	8.087	-7.823	-5.099	-7.776	0.032	2.581	0.617	5.612
0.276	4.167	0.851	4.491	6.696	-7.516	-8.698	-5.749	0.765	0.076	13.603	0.491
19.262	19.270	3.609	0.116	9.543	-7.268	-7.134	-8.742	2.745	4.978	10.056	4.922
14.335	12.208	2.698	7.095	3.706	-6.814	-8.468	-7.176	0.978	4.483	11.606	8.632
19.127	14.923	2.501	8.398	1.990	-6.086	-7.539	-7.984	4.182	1.283	10.208	8.879
3.382	0.834	1.841	5.117	3.506	-8.313	-6.932	-5.737	1.288	4.580	13.776	6.550
19.965	4.869	1.832	1.951	7.623	-5.637	-5.042	-5.745	3.347	4.084	11.785	3.446
13.117	0.821	3.805	7.323	3.815	-5.811	-5.764	-8.026	2.079	0.602	5.366	7.128
19.558	6.557	4.080	1.275	0.217	-7.128	-6.403	-6.428	0.524	3.079	10.210	8.826
3.479	2.290	2.064	4.497	5.915	-6.044	-6.693	-7.534	3.626	1.081	7.628	3.510
0.680	12.262	0.679	0.990	6.188	-6.112	-5.305	-7.130	3.450	0.652	11.680	6.523
11.567	3.630	2.117	5.538	7.207	-5.630	-6.782	-6.767	3.264	4.161	18.918	7.453
3.542	14.871	3.148	7.422	8.550	-9.263	-6.046	-5.955	3.647	3.142	6.815	8.693
2.278	3.904	1.013	5.780	0.698	-7.466	-7.896	-7.959	2.448	0.859	14.394	3.491
