18.606	0.364	1.405	-0.348	1.963	0.614	2.904	7.439	12.229	4.106	3.002	5.614
10.007	-0.132	0.373	-1.543	8.972	0.878	19.311	2.120	2.789	5.013	1.990	11.402
11.295	0.488	-1.937	1.551	2.928	2.955	1.999	2.565	13.390	4.019	2.431	2.681
7.974	1.352	1.479	-0.985	4.831	4.816	0.105	6.375	6.807	6.021	0.055	3.587
9.006	-0.038	0.355	1.429	2.017	2.119	14.881	3.694	0.939	1.450	0.598	9.340
3.239	-0.631	0.385	0.818	8.270	3.870	2.849	6.295	0.249	0.020	1.910	10.890
18.850	1.232	-1.802	-0.283	6.133	2.403	6.805	8.927	18.608	1.751	3.888	3.788
0.681	-1.990	-0.655	0.268	5.791	0.272	4.679	5.902	11.484	2.667	2.100	8.390
11.244	-1.652	0.981	0.407	8.973	3.057	9.522	3.061	8.147	5.182	1.893	10.013
18.193	-0.386	0.702	-1.040	5.228	2.502	12.056	7.515	17.505	9.701	2.056	0.426
12.928	-0.451	0.473	-0.276	7.153	1.122	15.593	9.160	12.675	9.378	4.138	18.873
4.583	-1.918	0.657	0.854	3.780	4.991	16.236	8.889	7.176	8.030	2.780	10.553
13.286	-1.002	-0.269	-0.152	9.900	2.119	15.196	2.875	19.030	0.049	2.601	2.245
11.016	-0.840	0.089	0.739	9.170	4.820	0.472	0.334	7.251	5.378	1.637	11.814
15.926	0.433	-0.385	-0.641	1.245	4.392	1.048	9.444	11.130	9.577	3.928	3.150
19.474	-0.248	-0.100	-0.703	7.671	1.079	3.711	1.000	11.566	7.820	3.894	8.042
19.327	-0.737	-1.683	0.894	9.303	1.684	17.422	1.431	6.335	9.245	1.046	7.169
12.828	-0.894	1.095	-0.045	2.679	1.584	10.267	2.075	7.518	1.076	1.158	15.905
4.791	-1.384	1.673	1.248	0.694	2.242	3.550	1.529	2.385	7.427	4.201	8.410
18.888	-0.379	-1.243	-1.016	1.560	3.280	12.139	0.700	16.096	6.092	3.060	2.902
4.455	-0.077	0.074	1.478	2.730	0.566	1.219	8.187	18.871	3.987	1.929	11.137
13.197	-0.811	2.121	1.290	5.650	0.487	1.112	7.702	16.402	4.032	1.238	1.795
0.052	0.969	-0.365	0.058	8.158	0.544	11.523	3.989	15.505	1.585	0.643	17.471
4.087	1.595	1.799	1.443	9.435	0.089	1.712	0.242	11.196	4.914	2.834	1.607
14.741	-0.325	-0.932	1.087	8.881	4.762	7.632	3.433	18.795	1.044	2.054	3.150
11.626	0.390	0.106	0.560	7.219	3.682	16.754	3.531	14.032	2.013	3.247	3.085
16.213	0.510	-0.013	0.155	6.593	3.060	6.499	5.038	4.112	0.998	3.869	0.382
3.037	-0.743	-0.259	-0.205	1.503	4.130	4.796	3.973	1.138	7.765	4.141	8.400
17.268	-1.134	0.497	-0.197	5.283	3.128	13.680	9.572	5.432	9.467	1.895	6.277
9.808	0.297	-0.655	-2.410	9.434	1.984	1.059	4.367	0.912	3.161	1.761	18.854
3.799	-1.101	-1.181	-0.770	4.288	4.763	12.004	8.390	15.970	7.288	4.582	19.646
18.745	-0.438	-0.887	-0.354	5.409	3.786	12.622	5.470	2.800	6.724	0.875	1.148
7.745	1.300	-2.339	1.569	8.535	2.190	3.917	0.490	4.661	0.788	1.535	8.771
19.908	-0.945	-1.099	-1.041	1.557	0.689	12.724	5.869	12.970	1.830	0.476	5.584
6.971	1.661	0.234	0.152	7.108	2.476	7.652	1.385	15.747	6.930	1.298	19.248
19.830	-1.352	0.783	-0.391	8.147	1.527	14.505	4.448	6.207	1.785	1.396	17.216
14.716	1.394	1.164	0.236	7.489	4.649	10.561	1.692	8.048	0.780	0.820	19.990
0.239	0.746	-0.058	0.294	0.079	1.580	16.683	8.465	15.216	9.857	2.478	7.485
10.250	1.343	0.711	0.778	5.643	0.992	8.734	0.609	19.011	0.753	0.294	7.030
4.569	0.217	-0.724	-0.420	3.366	0.465	7.712	8.510	13.839	6.628	4.091	6.745
4.531	0.123	1.136	-0.729	5.066	3.678	12.808	4.042	3.315	0.138	3.341	10.850
18.061	-1.808	-0.200	-0.237	9.928	1.684	12.709	1.580	14.770	8.231	3.167	6.471
16.075	-0.484	0.084	1.687	6.276	2.495	11.634	9.687	4.058	4.134	0.147	19.389
15.561	1.308	1.249	-1.225	1.292	0.926	1.031	3.147	10.894	3.120	3.533	4.431
0.959	-0.926	0.017	-0.296	2.674	3.701	3.041	7.149	9.870	2.318	3.197	1.003
11.803	1.539	0.514	0.338	1.491	1.527	5.991	3.959	17.074	3.733	3.105	12.309
8.753	-0.579	0.319	1.376	3.225	3.454	7.304	1.526	6.232	3.099	2.405	1.998
15.577	-0.094	-0.253	1.114	3.689	1.790	4.145	5.905	10.863	9.192	0.134	2.520
0.840	0.873	0.090	-1.826	8.890	4.363	17.140	3.020	7.272	2.731	0.867	5.526
16.964	0.247	1.211	-1.243	8.053	3.527	11.929	9.328	1.067	1.495	3.018	15.462
17.596	-2.160	-0.568	-1.052	6.803	1.313	5.762	0.410	19.910	6.180	2.471	0.238
7.510	-1.040	-1.265	-0.372	4.391	0.184	11.047	9.374	11.171	1.595	2.771	8.965
15.452	1.210	-1.054	1.096	2.615	4.295	12.159	0.142	0.607	6.897	1.118	17.218
14.525	-0.234	0.058	-0.616	1.171	2.212	2.778	7.353	5.165	7.368	0.879	2.888
5.772	-0.087	-1.296	-0.325	6.529	0.741	12.383	9.688	5.767	1.743	0.224	15.324
12.390	-0.468	0.681	1.778	7.371	4.740	0.812	8.083	5.567	5.720	3.388	15.024
1.731	0.286	-0.682	-0.644	0.255	2.429	4.510	8.972	10.436	7.883	2.331	6.338
4.546	-0.166	0.497	-2.114	8.331	3.928	14.093	8.362	13.488	5.148	2.840	7.169
18.227	-1.063	-0.475	0.066	3.071	4.340	19.141	6.638	2.261	6.326	3.526	5.658
3.789	-0.257	0.224	1.431	9.395	1.154	7.693	2.338	6.023	1.251	1.649	3.703
7.441	1.369	-0.058	0.330	7.598	1.819	0.373	0.895	18.800	2.956	4.750	9.546
15.470	-1.329	-0.798	0.201	8.729	0.756	0.154	8.703	19.147	0.925	1.674	5.504
2.964	0.356	0.723	-1.404	9.646	0.157	10.111	9.147	16.098	9.731	0.714	3.475
10.872	-0.117	1.101	-0.003	0.542	4.386	8.813	3.730	9.664	4.594	2.167	8.718
6.932	-1.485	0.320	0.014	2.878	0.201	5.146	1.898	11.301	1.946	1.968	3.487
4.766	0.708	-1.320	0.124	4.765	0.704	13.064	4.052	18.381	0.628	0.151	19.359
12.823	-0.139	1.424	0.720	7.834	0.673	3.121	7.726	10.362	6.197	2.451	3.335
1.598	6.031	1.452	5.526	0.253	3.806	18.682	9.286	5.717	13.147	4.592	3.751
4.983	2.652	2.552	4.078	7.303	1.733	0.558	5.451	4.318	14.362	8.492	3.293
19.751	4.899	1.138	4.550	9.675	4.717	18.866	7.702	4.438	1.562	7.777	4.701
17.329	4.969	1.310	4.454	5.028	1.714	14.312	6.071	5.397	8.524	5.361	1.460
16.793	4.187	0.729	3.513	4.158	3.309	12.344	3.281	5.167	12.541	5.983	1.407
2.753	4.729	3.022	6.035	7.039	1.445	2.642	3.475	5.884	19.450	4.326	4.903
1.223	5.015	1.798	3.838	8.605	3.074	18.313	8.964	3.323	3.146	6.868	0.620
3.755	4.882	3.125	5.846	3.881	0.585	19.201	0.218	4.711	19.419	6.906	1.562
16.551	6.801	0.355	4.013	3.345	4.969	11.888	3.747	5.426	7.410	9.955	1.178
18.008	6.945	0.330	4.685	0.708	1.320	0.218	2.864	3.069	19.264	0.082	4.195
11.815	3.736	3.829	5.041	2.565	2.938	9.782	8.031	5.270	5.502	3.653	1.125
16.547	5.688	3.383	5.800	7.360	0.724	4.256	2.894	4.408	17.011	9.713	2.633
11.177	4.128	3.645	4.100	6.801	4.306	17.601	0.523	4.953	2.981	2.019	0.927
0.714	4.292	3.646	4.104	8.125	2.416	7.610	7.194	3.741	1.275	1.165	4.510
3.180	4.698	4.939	3.206	4.326	3.841	2.816	8.082	5.322	2.659	4.479	4.538
17.670	4.490	3.478	5.852	1.783	3.227	10.750	8.300	5.315	16.171	0.277	3.958
4.568	4.140	4.296	4.882	2.823	2.252	19.715	4.177	4.397	8.854	1.116	4.475
9.749	5.024	0.116	6.234	7.082	2.404	5.590	2.833	6.703	9.878	0.697	0.251
15.538	4.362	2.083	5.717	9.353	1.911	6.207	0.857	3.589	13.408	0.341	2.205
14.581	5.630	0.937	7.063	7.197	2.958	15.526	9.913	3.818	14.475	7.382	1.901
15.745	3.607	4.316	4.839	1.994	1.051	4.849	4.534	3.540	3.933	2.306	1.434
8.373	6.674	2.461	5.819	6.891	4.553	17.243	8.181	5.663	13.966	8.757	3.084
16.964	7.335	1.200	5.083	7.648	0.599	12.113	7.178	2.573	4.639	7.668	3.427
5.051	6.080	2.001	3.612	5.089	4.026	2.995	2.686	5.657	3.747	6.834	4.834
13.712	5.303	0.478	4.118	7.238	0.026	12.465	6.597	3.510	11.348	6.190	2.950
12.453	4.154	1.227	4.374	8.553	2.707	15.733	8.695	3.936	12.624	8.616	1.638
13.622	5.828	4.730	5.082	4.841	1.398	18.958	2.921	6.800	18.980	9.704	4.113
19.105	3.195	3.006	4.759	6.948	4.609	9.997	7.362	5.359	5.489	2.191	3.572
3.086	7.124	1.088	5.880	0.821	2.305	1.856	4.402	5.611	4.526	1.732	2.969
6.081	4.837	3.086	4.757	8.554	3.189	2.960	3.854	4.999	3.036	4.855	3.061
13.384	5.751	1.683	6.077	0.974	3.447	8.257	2.365	5.371	13.981	9.120	0.157
5.899	6.592	3.323	6.929	9.976	2.846	9.945	4.048	4.878	3.635	0.246	0.772
19.920	6.344	2.167	5.892	1.621	1.460	9.613	9.319	5.172	14.866	7.602	1.563
11.255	5.512	3.904	4.063	9.399	3.258	5.981	9.980	4.273	6.230	5.223	3.719
13.089	4.501	0.286	3.942	8.861	3.120	13.994	3.360	3.981	18.311	1.634	1.514
5.161	5.737	4.652	4.804	8.978	1.402	13.709	2.833	5.416	3.625	1.126	4.955
8.226	3.928	2.017	5.495	9.706	4.844	17.137	4.556	6.259	18.932	6.068	4.170
17.553	4.073	3.979	5.761	5.669	1.081	11.321	9.068	5.954	15.259	9.251	4.444
11.325	6.029	2.025	2.138	7.524	3.908	1.933	0.096	5.606	9.110	5.480	1.796
3.613	3.778	4.760	4.242	6.607	4.332	1.641	0.063	4.026	17.247	4.893	3.791
19.696	7.103	2.414	4.218	5.189	1.978	8.564	8.741	6.284	18.812	8.893	0.624
14.258	4.279	4.808	5.525	5.624	4.255	3.733	9.280	4.288	16.051	8.472	4.999
19.486	4.272	0.316	6.512	5.055	3.302	10.715	6.113	3.887	15.621	9.131	0.290
5.633	3.068	1.640	5.679	4.223	3.357	10.528	0.097	4.188	10.545	5.323	2.799
16.255	4.146	2.206	6.030	3.627	4.362	14.269	7.724	4.667	14.827	0.360	0.007
13.406	3.985	3.549	4.480	9.802	1.757	4.083	0.454	5.361	15.225	3.322	0.612
9.560	6.259	3.677	4.997	5.831	2.367	17.267	0.733	5.858	15.889	4.026	2.873
2.140	5.163	2.607	4.282	2.637	3.491	17.620	0.026	5.520	16.143	8.170	2.156
0.965	5.055	0.476	5.111	0.581	1.179	17.430	0.530	6.327	8.960	7.320	1.225
4.965	6.554	4.958	5.283	4.595	2.473	0.557	1.243	4.941	17.328	9.794	3.581
2.466	4.100	3.505	5.557	1.585	0.139	1.985	2.109	5.110	0.316	7.350	4.105
15.659	5.030	0.201	5.081	4.896	2.773	6.575	8.807	4.238	4.337	4.378	2.525
9.911	5.798	0.065	3.549	7.656	3.922	0.274	8.930	5.138	16.169	8.440	3.063
11.916	5.439	3.887	3.946	3.127	4.153	2.057	3.228	5.024	5.634	1.322	3.842
16.303	5.749	0.869	5.275	2.720	4.414	15.254	5.909	5.870	13.379	3.236	2.922
8.147	5.133	1.172	2.970	3.439	1.715	3.697	0.082	5.608	11.235	6.825	3.054
3.773	6.749	3.917	3.526	0.201	0.939	18.829	4.568	6.066	16.015	7.963	3.901
17.366	5.169	1.251	2.754	0.981	2.962	12.870	9.047	5.118	7.034	1.763	0.350
1.369	5.559	4.378	3.819	0.774	0.660	0.833	7.053	4.898	11.659	0.489	2.863
1.567	4.629	1.209	4.594	5.828	3.037	1.359	2.156	5.845	2.511	5.182	2.744
10.045	6.303	4.976	3.908	0.502	0.668	0.757	1.344	4.786	3.483	7.154	0.321
1.467	3.874	4.726	6.372	4.058	3.798	17.446	1.566	5.600	12.977	5.294	0.081
15.322	4.334	0.681	6.854	3.065	2.143	8.915	2.024	4.750	10.196	6.958	0.095
19.540	5.835	2.302	6.443	3.546	4.905	18.554	2.194	3.451	17.311	3.413	1.151
6.690	5.761	2.485	5.913	5.899	4.624	0.637	1.305	5.131	19.914	6.444	3.781
17.564	4.957	3.749	4.416	5.748	0.490	10.691	3.056	4.654	13.428	4.482	3.810
9.266	5.856	3.907	5.913	1.836	1.892	7.994	4.762	6.227	11.263	9.563	2.490
19.433	9.317	2.152	8.517	3.652	-6.052	-6.775	-6.171	1.168	11.677	1.254	2.019
12.849	6.212	4.964	18.579	5.055	-8.968	-7.673	-7.229	4.806	12.461	5.664	4.432
17.507	2.720	3.219	2.929	7.696	-5.094	-8.759	-6.441	4.758	11.567	6.962	4.782
15.419	6.645	2.398	0.512	6.270	-9.342	-4.835	-7.558	3.326	7.886	7.450	4.320
2.515	2.271	1.031	4.930	3.445	-6.566	-8.017	-7.504	1.173	6.178	2.822	4.922
10.796	1.477	0.883	13.783	7.815	-8.072	-6.576	-6.444	1.865	15.512	1.187	0.061
7.516	9.852	2.108	19.500	6.916	-7.338	-6.035	-6.008	3.812	8.181	2.465	2.488
4.155	8.561	3.401	17.347	3.812	-8.009	-6.260	-8.055	3.065	1.763	7.566	2.655
9.914	0.968	4.796	9.818	5.576	-6.734	-5.537	-6.695	1.880	12.705	3.370	3.621
4.104	9.757	2.288	8.104	8.867	-7.630	-7.199	-6.657	3.780	15.626	3.173	4.204
3.662	0.705	2.808	2.742	0.989	-7.125	-7.067	-7.802	2.636	0.150	5.071	1.744
12.234	5.332	0.389	18.443	3.076	-8.912	-4.777	-8.403	0.210	5.838	7.312	4.477
8.020	0.787	0.557	15.519	4.678	-6.046	-7.201	-6.280	2.502	4.640	4.511	3.911
0.294	9.278	0.334	1.015	2.160	-6.316	-6.133	-7.339	4.453	6.322	7.156	4.492
13.329	2.648	3.045	8.406	4.089	-8.224	-6.971	-6.622	3.698	13.852	0.429	2.497
17.444	7.150	4.450	8.268	9.407	-6.130	-7.223	-6.463	2.714	1.101	6.204	4.552
4.642	6.711	4.687	16.510	8.607	-7.486	-7.760	-7.709	2.409	2.712	2.129	2.834
4.696	9.973	3.132	15.084	4.787	-7.120	-6.248	-9.434	4.643	11.416	8.379	1.559
5.752	2.472	4.689	8.053	8.222	-6.526	-7.454	-7.105	4.027	14.941	8.186	4.750
15.770	9.404	4.364	3.761	7.726	-6.171	-6.508	-5.677	1.069	14.060	3.401	0.380
0.785	2.386	4.403	4.321	8.348	-7.340	-6.664	-8.216	0.596	10.382	7.006	3.104
9.693	2.179	0.847	8.526	4.630	-8.310	-6.569	-6.387	4.449	11.222	5.672	3.104
13.733	4.340	3.278	1.006	7.128	-7.813	-6.931	-6.091	4.076	2.754	5.532	4.581
7.825	5.122	2.283	3.069	7.608	-6.373	-7.204	-7.389	2.282	15.470	2.980	1.954
10.335	0.069	0.423	12.054	5.419	-7.901	-7.324	-7.645	2.414	12.584	2.356	4.532
7.859	7.438	2.020	10.879	3.409	-7.442	-5.519	-8.769	2.945	1.674	4.527	1.119
9.122	4.470	0.791	1.619	4.422	-5.949	-9.414	-7.451	3.741	3.703	0.135	3.608
7.925	3.414	1.708	4.442	4.839	-8.079	-7.401	-7.074	0.037	2.994	6.563	3.494
1.557	6.608	1.537	7.483	1.520	-8.060	-8.224	-7.530	0.260	9.860	2.954	1.042
2.333	5.046	3.643	19.006	5.553	-9.441	-8.328	-6.772	3.832	2.542	0.372	0.980
6.198	3.262	4.451	10.896	8.424	-7.503	-6.747	-8.632	0.237	3.717	9.836	3.765
11.209	7.687	3.397	4.118	3.011	-7.717	-6.775	-8.148	2.180	6.320	1.069	2.373
13.396	0.314	0.443	7.648	0.688	-6.532	-8.119	-7.250	0.196	7.926	0.099	2.240
0.507	3.304	0.947	5.559	6.266	-5.951	-6.830	-6.864	0.199	14.760	0.929	3.205
1.653	9.247	4.093	2.115	9.795	-7.267	-8.153	-6.201	4.071	1.240	2.805	0.443
3.324	3.897	0.986	7.756	8.931	-7.069	-6.777	-6.014	2.023	7.897	2.644	3.899
16.659	5.639	1.701	4.243	3.422	-5.967	-9.386	-5.669	0.772	6.878	8.855	0.017
6.106	8.140	4.075	15.285	0.260	-6.089	-6.264	-6.015	2.754	4.178	7.928	4.107
16.269	2.008	1.185	16.774	0.441	-8.420	-6.379	-7.392	1.809	1.192	5.205	4.161
18.949	1.475	2.663	14.205	5.363	-5.880	-6.649	-9.062	0.425	19.715	0.902	0.732
5.627	2.505	4.627	11.124	5.158	-8.827	-8.476	-7.459	1.849	14.957	1.577	2.780
3.789	3.133	0.040	0.056	2.017	-9.171	-7.919	-5.896	2.934	3.364	2.144	4.762
13.016	8.231	1.365	3.738	4.934	-7.341	-7.933	-7.825	4.842	5.796	7.527	4.414
17.659	7.858	4.100	11.589	9.440	-6.603	-6.738	-7.859	0.282	7.637	5.400	1.167
5.695	1.319	0.497	6.767	3.043	-8.079	-6.976	-6.886	3.836	14.120	1.287	2.285
19.864	0.879	2.909	17.722	8.086	-8.443	-6.775	-7.276	1.025	1.310	8.813	4.027
4.566	5.351	3.934	8.819	1.096	-6.017	-6.256	-8.502	4.015	7.800	3.252	2.383
15.775	5.556	3.828	15.440	8.637	-6.839	-5.222	-5.478	2.974	0.014	3.617	0.345
13.889	1.403	4.345	7.922	5.237	-7.703	-10.192	-7.009	3.179	5.378	9.189	2.820
2.397	1.021	3.376	17.533	8.762	-6.957	-7.834	-9.958	3.481	16.041	1.849	4.584
1.893	1.496	3.105	1.989	1.749	-7.008	-8.793	-4.671	3.519	6.651	1.750	1.479
12.805	1.263	3.023	19.523	6.023	-7.513	-6.849	-6.358	0.887	12.723	0.444	1.353
17.813	7.385	4.405	16.864	9.629	-7.331	-5.515	-6.567	3.818	6.440	2.870	0.565
16.767	5.744	4.580	4.096	3.648	-8.509	-6.635	-6.670	2.030	6.239	9.321	2.185
5.456	5.071	3.690	12.412	0.433	-8.014	-6.870	-5.915	0.800	10.643	1.826	0.028
15.012	8.754	0.107	11.993	2.336	-6.603	-6.401	-5.508	0.137	11.901	9.567	4.540
3.623	1.322	4.790	0.242	7.254	-5.897	-7.013	-7.288	1.285	19.629	9.275	4.696
2.393	7.999	1.196	11.625	3.785	-6.568	-7.721	-6.558	4.752	11.623	1.553	4.262
2.087	5.613	3.675	19.096	4.435	-7.830	-7.255	-7.310	0.796	14.746	8.471	4.285
9.391	4.319	2.895	15.306	2.754	-5.192	-5.438	-5.721	2.277	0.327	7.163	4.977
1.754	5.473	3.656	3.737	3.909	-5.913	-7.545	-7.175	1.772	6.016	7.038	0.261
6.953	1.281	1.950	16.154	3.895	-5.220	-7.631	-5.712	0.879	16.601	5.533	1.565
12.291	3.252	4.829	0.443	0.448	-7.626	-7.654	-6.631	2.027	14.947	0.636	4.464
17.102	7.295	1.725	10.611	5.405	-8.836	-6.820	-6.866	3.813	18.560	5.446	2.698
0.770	5.809	3.645	13.320	9.474	-7.459	-8.048	-6.801	3.799	0.202	5.441	0.903
5.781	8.562	4.497	2.316	8.248	-7.186	-7.702	-6.510	2.000	12.794	5.846	3.165
