-0.873	0.418	0.358	10.954	2.008	-0.509	0.824	15.242	-1.721	0.073
-0.009	4.425	-1.997	4.943	0.236	1.807	9.858	5.126	-0.790	-1.524
1.280	0.654	0.931	0.422	-1.070	-2.804	5.729	18.262	1.451	-1.551
-0.725	3.736	-0.659	19.664	-0.122	0.360	4.461	10.270	-0.465	-1.340
-0.025	0.455	1.038	4.088	-0.354	-0.827	1.485	0.530	0.203	-0.681
-0.832	4.099	1.009	7.222	-1.612	-0.034	2.550	2.398	-1.438	0.663
-1.705	3.745	0.563	11.788	0.695	-0.936	4.721	1.783	-0.715	-1.663
-0.842	2.497	2.051	18.430	-0.244	-0.042	9.711	19.228	0.520	0.182
0.823	3.426	-0.472	11.303	0.452	-2.708	8.995	9.539	-0.899	0.025
-1.905	4.334	-1.137	2.290	-0.899	-0.493	3.430	2.643	-1.257	-0.086
0.324	1.729	1.761	5.680	1.424	0.002	5.295	7.207	-0.150	0.070
-0.417	0.301	-0.564	4.549	0.679	0.015	9.522	12.081	0.790	-2.302
0.603	3.576	0.077	17.830	-0.348	-0.794	5.210	7.374	0.930	0.787
-0.605	2.588	1.367	9.569	-0.874	-0.323	4.382	9.178	-0.638	0.426
0.177	2.886	-1.606	17.605	-0.732	-0.081	6.109	12.358	1.207	0.304
0.858	0.746	-0.292	5.585	-0.129	1.080	8.440	14.246	-1.029	-1.061
-2.109	0.185	0.429	8.532	-0.153	-0.865	3.418	2.118	0.190	-1.279
1.469	1.656	-0.807	6.565	-1.858	0.412	5.928	18.845	-0.834	-1.462
-0.096	0.742	0.807	7.629	0.920	0.849	9.868	15.248	-0.507	-0.794
-0.783	1.766	-0.125	0.861	0.486	-1.002	6.677	2.930	1.138	2.685
-0.457	4.804	-1.257	4.157	-0.375	-0.979	2.751	12.933	-0.079	1.809
-0.461	1.501	-0.428	10.366	0.182	-1.673	4.915	15.243	-1.400	0.592
1.014	3.696	-0.764	10.441	0.743	1.094	2.565	18.182	-0.302	-0.166
-0.446	3.671	2.366	15.934	0.871	-0.412	6.554	7.617	0.409	1.169
-0.201	4.306	1.012	1.839	0.713	-1.175	8.156	4.728	-0.297	-1.066
-0.715	0.868	0.869	0.453	0.916	1.774	4.721	11.237	1.681	0.495
-0.645	4.691	0.955	15.977	-0.814	0.334	3.735	9.432	-0.377	-0.603
-0.140	0.563	0.079	18.739	-1.336	0.799	4.757	4.488	-1.476	-2.382
-0.062	2.131	0.473	9.932	0.131	-0.463	4.433	17.549	-1.142	-0.132
0.028	4.738	0.392	0.330	-0.235	0.908	4.243	19.939	0.846	0.372
0.221	0.078	0.662	12.276	0.477	0.938	6.133	9.503	-0.124	-1.459
0.170	2.201	-1.279	8.617	-0.920	-1.256	5.205	4.485	0.210	0.152
-0.387	4.270	-1.337	7.939	-0.412	0.590	2.159	9.633	1.132	0.799
0.105	4.596	-1.551	15.463	-0.267	-1.722	8.754	17.488	0.349	0.156
-0.110	3.669	-0.112	12.352	0.628	1.085	2.592	13.684	0.500	0.591
0.469	3.255	0.193	7.953	0.533	-1.043	7.045	10.766	-0.304	-0.352
0.302	2.528	0.693	12.623	-0.405	0.169	4.570	8.438	2.709	-1.505
-0.587	4.181	-0.040	4.319	-0.268	1.041	9.427	12.458	0.066	-0.714
-0.795	3.234	1.219	7.201	1.698	-0.300	9.643	7.451	1.220	-1.310
1.651	2.412	-0.083	7.122	-0.512	0.053	5.893	13.531	-0.625	-0.517
-0.598	0.154	-1.322	6.245	-1.137	-0.167	5.524	4.173	0.235	-0.102
0.988	0.163	0.043	6.397	-1.449	1.134	8.785	18.230	-0.182	-0.553
0.282	0.969	0.370	13.427	1.163	0.156	4.377	10.620	0.847	-1.543
0.899	0.834	-0.864	8.314	-0.223	0.912	0.730	12.077	1.086	1.753
1.277	4.527	-0.735	3.879	0.909	1.063	2.739	16.271	0.701	-1.380
0.619	0.610	0.478	13.743	1.268	1.679	2.970	9.090	-0.827	0.005
-0.680	0.721	-0.632	8.162	-0.925	-0.157	3.298	0.412	-0.378	0.758
0.148	0.641	-0.232	15.708	-0.151	1.907	3.277	0.736	-0.291	0.139
-0.079	2.406	-0.489	17.959	0.731	-0.476	8.833	3.458	1.176	1.039
-0.809	2.565	-1.111	3.566	-0.397	0.216	3.827	16.530	-2.252	-0.113
0.165	2.024	1.092	12.302	-0.866	0.916	5.833	10.101	0.012	-0.009
-0.800	0.508	-0.215	17.472	-0.279	-0.598	5.151	18.925	0.851	-0.369
0.390	2.703	1.067	11.732	0.736	1.027	4.857	9.038	0.497	-0.276
1.014	4.987	-0.142	1.467	0.384	0.854	0.580	7.321	0.503	0.182
-1.086	1.779	-0.863	3.516	1.104	0.500	9.894	2.721	0.199	0.814
1.034	2.722	0.089	9.587	0.581	0.076	7.010	8.035	-0.497	-0.234
1.884	0.569	1.130	7.123	-0.112	-0.249	8.913	6.797	-0.070	0.184
0.418	4.309	0.250	15.285	-2.524	-0.116	9.903	15.619	-0.191	0.139
-0.541	3.001	0.428	1.252	0.221	0.646	5.266	8.246	0.049	-1.209
-0.080	3.781	-0.986	18.754	0.362	0.276	6.478	4.496	0.548	1.957
2.050	2.920	-0.086	16.607	0.047	-1.522	4.324	14.212	-0.299	0.693
-1.769	0.212	0.064	11.233	-1.441	-1.871	3.122	8.165	0.063	-0.927
0.328	2.356	0.199	10.139	0.045	1.209	3.209	0.327	-0.573	0.620
-0.069	3.781	-1.256	0.102	1.662	-0.277	1.527	6.551	-0.377	1.032
1.595	0.242	0.834	2.306	0.489	0.617	2.245	0.971	1.175	0.949
-0.481	2.250	0.933	14.433	0.195	-0.905	4.107	6.593	-0.291	-1.058
-0.902	2.319	-0.382	2.578	-0.775	-0.847	4.178	0.594	1.355	-0.138
1.132	0.785	-0.302	13.105	-1.197	1.449	1.255	16.178	1.611	-0.194
-0.960	0.864	0.595	9.841	0.511	-0.541	0.281	11.874	-0.357	-0.093
-0.115	1.934	-0.381	2.683	-0.959	0.276	6.826	8.159	0.194	0.064
0.831	4.863	-2.100	2.408	-0.067	-0.473	3.063	8.022	0.546	-0.384
-1.357	2.211	-1.791	0.833	-0.707	0.706	8.823	18.355	-1.361	0.054
-0.301	0.432	0.720	19.494	-0.407	-0.661	4.101	6.878	0.526	0.410
0.609	0.835	-0.979	17.887	0.135	0.200	9.379	7.871	-0.178	1.047
-0.026	1.658	-0.765	11.054	0.663	-2.109	4.674	6.263	0.268	-0.376
0.154	0.355	-0.686	15.151	-0.531	-0.164	8.582	10.033	-1.103	0.634
1.261	1.659	2.004	0.230	0.235	-0.232	7.454	12.958	-1.023	1.500
0.386	2.494	0.204	8.806	-0.714	-0.716	0.542	19.247	-0.951	-0.450
-0.771	0.480	1.302	5.133	0.715	-0.864	6.555	5.441	1.335	0.380
-1.003	1.500	0.270	3.970	-0.596	-1.499	9.569	17.604	-0.581	-0.038
-0.082	0.280	-0.529	5.313	1.498	-0.837	4.353	17.719	0.121	-2.172
-0.889	0.723	1.176	1.000	-0.066	1.645	1.341	10.010	0.749	-0.404
-0.053	0.004	-0.434	12.901	1.294	-1.134	2.200	18.071	0.321	-0.321
0.859	2.810	-0.124	17.643	1.235	-0.670	0.981	6.558	-0.740	-1.240
1.367	0.552	0.364	3.951	-0.787	-0.974	4.710	19.993	1.135	0.787
-0.784	4.379	-2.279	11.113	0.184	-0.062	0.007	17.698	0.894	0.426
1.225	2.878	-0.158	11.257	0.609	1.339	7.681	12.901	-0.757	-0.201
-0.736	1.737	0.229	4.982	-0.080	-0.826	2.880	3.701	-1.576	0.025
1.555	3.961	0.421	3.587	-1.013	0.639	2.718	4.950	-1.331	-0.767
0.229	0.323	-0.155	0.447	-0.877	0.016	5.142	12.478	0.460	-0.208
-0.102	1.948	-0.174	5.174	2.091	-0.089	1.453	15.649	0.244	0.016
0.160	3.191	-0.381	12.927	0.356	0.762	8.292	4.122	2.174	-0.451
-0.102	2.329	0.178	9.206	-0.223	0.698	7.322	9.414	1.162	0.289
0.586	4.510	0.589	1.071	-0.796	-0.397	0.443	7.989	-1.757	-0.151
0.473	4.190	0.431	14.809	-0.207	-1.316	8.712	13.613	-0.668	0.133
-1.744	1.915	-0.998	15.142	-0.206	0.417	8.940	0.494	1.220	0.212
1.392	3.380	-0.257	6.384	-0.715	-1.275	9.670	10.962	-0.375	-0.037
0.801	4.407	-0.551	17.673	0.493	-0.715	5.523	1.325	1.303	1.808
0.973	3.460	-0.495	16.307	1.272	0.170	2.994	15.849	-0.267	-0.031
0.247	3.777	0.950	13.163	-0.588	1.080	7.146	5.335	1.070	-0.519
-1.221	0.456	0.240	10.450	0.895	-0.464	7.378	16.123	-0.466	-2.235
-0.078	2.308	-1.767	16.445	0.416	-1.204	2.723	9.864	-2.356	0.407
0.747	3.315	0.951	11.337	-0.318	-0.382	2.517	12.522	0.650	0.355
0.752	2.150	-0.576	15.059	2.076	0.153	4.759	13.502	-0.924	0.926
-1.547	3.719	-0.393	5.779	2.181	0.370	9.437	16.348	1.429	-1.181
1.298	4.926	0.133	13.277	1.000	-0.768	9.939	0.113	-1.541	1.931
-3.355	1.076	0.862	13.511	-0.405	0.449	2.546	14.560	0.045	0.297
-0.555	4.521	-0.817	11.401	0.739	0.840	7.620	6.844	-0.125	-2.162
0.339	0.392	0.473	13.742	-0.955	-1.048	4.773	2.489	-1.246	-1.690
0.071	3.277	0.790	8.214	-0.545	-1.855	3.020	12.050	-0.193	0.702
-0.492	3.760	-0.098	6.922	-1.566	0.924	8.783	12.824	0.335	0.317
0.175	2.664	-0.932	3.122	1.182	1.614	8.114	9.546	-0.151	-1.006
0.739	3.799	-0.481	9.625	0.550	-0.053	0.413	14.492	1.106	0.050
-0.207	2.719	0.356	1.371	-0.566	-0.886	3.167	3.324	-1.115	0.605
-1.618	3.682	0.784	3.472	0.639	-0.342	7.488	3.942	2.022	-0.009
1.695	1.985	0.245	6.363	1.030	0.926	5.296	9.193	1.523	0.004
0.797	2.828	-0.861	9.739	0.337	0.242	1.708	5.699	1.259	0.736
0.863	0.381	2.429	6.051	-1.005	-2.042	4.695	10.858	0.143	-0.540
-0.983	2.110	0.383	3.559	-0.255	-0.292	4.921	8.795	-0.041	-0.655
0.171	0.750	0.564	14.936	-0.024	0.475	0.713	2.123	-3.202	0.133
-0.515	3.641	0.161	13.488	1.189	0.853	8.007	11.625	0.034	0.476
-2.162	4.777	0.694	16.089	-0.563	0.503	1.548	5.813	-0.580	2.041
0.364	3.467	-0.024	5.069	0.875	-0.778	4.930	15.992	-0.526	0.596
-0.132	2.901	0.012	5.115	0.062	0.647	3.173	6.423	-0.451	-0.755
0.370	0.853	0.672	8.271	1.060	0.787	0.772	11.858	1.427	-0.189
1.351	2.234	0.937	12.129	-1.197	1.024	5.796	12.802	-0.513	0.798
0.484	0.189	-0.411	18.819	0.055	-1.100	8.911	11.833	0.886	0.434
1.013	4.910	-0.812	19.441	0.312	-0.546	0.238	4.287	0.772	1.091
-0.253	4.790	-1.244	19.715	-2.116	1.992	6.453	18.143	0.708	-1.848
0.180	3.665	0.544	17.246	0.213	-0.202	7.416	8.226	-0.004	-0.078
0.858	0.259	1.989	2.537	-0.318	-1.132	7.158	6.187	0.508	-0.645
2.124	3.208	0.683	9.453	0.517	-0.565	8.850	5.554	1.094	1.126
1.440	2.716	-0.170	0.434	-0.479	-0.891	4.725	0.788	-0.555	0.707
0.351	4.402	1.329	5.112	0.613	2.097	8.693	9.971	0.292	0.553
-0.247	3.478	1.626	13.321	-0.146	0.106	1.050	10.511	0.504	-1.220
-0.069	2.008	0.260	6.257	-0.994	0.295	4.787	3.057	0.262	0.135
1.000	0.325	2.074	12.969	0.472	0.581	0.256	1.745	-0.175	0.287
0.191	1.566	2.499	15.891	-0.417	0.919	4.063	13.739	1.495	-0.057
1.541	4.489	1.042	3.485	-0.814	-0.384	0.355	18.005	-1.223	-0.800
-0.114	2.907	0.976	3.902	-1.777	0.118	3.729	5.591	0.044	-0.006
-0.418	3.464	0.033	14.566	1.593	-0.196	6.686	5.617	0.954	0.080
-0.481	1.291	0.848	19.618	-0.824	-0.467	2.168	2.167	-0.856	-0.872
1.350	4.693	-0.394	5.065	0.163	-0.362	3.638	4.922	-0.006	-0.849
-0.234	0.035	0.706	5.304	0.727	1.203	2.369	19.264	-0.015	-1.078
0.675	0.120	-0.507	9.803	0.951	-0.211	4.867	16.451	0.891	-0.829
-0.064	1.484	-0.218	16.872	0.881	1.065	4.317	15.358	-0.945	0.897
-0.092	2.403	0.061	7.997	-0.268	-0.932	1.363	0.012	-0.652	0.578
1.011	1.521	-1.021	16.299	0.931	1.143	2.112	6.438	-2.208	0.426
-0.175	1.377	-2.292	4.564	-0.394	0.389	1.373	9.722	-1.956	0.603
-0.746	3.366	-0.395	14.767	1.457	0.909	9.882	16.227	-0.715	-1.028
-1.583	3.762	-0.473	12.387	1.571	0.350	4.775	17.155	0.399	0.991
-1.198	4.105	2.363	6.771	0.159	0.923	6.154	9.763	0.996	0.788
1.760	1.137	0.552	16.072	-1.341	2.783	9.642	18.325	0.152	-0.780
-0.082	3.546	0.506	13.097	-2.845	0.529	8.215	16.831	1.494	0.611
0.592	3.438	0.084	1.816	0.310	-2.354	2.725	0.013	-0.588	-0.753
1.056	0.464	0.671	18.591	-1.039	0.009	7.548	4.432	-0.464	-1.127
1.120	1.185	0.085	18.254	-2.111	1.185	1.464	11.978	-0.532	-0.361
-0.053	0.486	2.227	9.941	1.048	0.141	9.243	1.706	1.950	0.915
0.327	2.773	0.717	8.550	2.257	-1.567	0.329	13.179	0.206	0.986
-1.480	4.343	0.293	9.062	-0.913	1.413	0.233	17.929	2.812	-0.943
0.958	4.263	-0.077	1.170	0.443	0.114	2.559	11.025	1.174	0.704
-1.384	2.224	2.082	7.030	0.356	-0.427	3.827	12.826	-1.005	0.521
1.728	4.551	0.525	12.198	1.007	0.073	2.401	9.796	0.494	-0.335
0.195	4.916	0.519	17.282	-0.394	-0.807	2.208	0.638	-1.126	-0.634
0.002	3.569	0.768	14.599	0.949	-0.500	9.577	5.077	0.580	-0.539
-1.792	1.460	0.188	11.852	-0.827	1.802	9.095	2.375	0.126	0.141
-1.759	0.691	1.509	16.191	0.184	1.459	1.479	13.413	0.025	-0.992
-1.241	2.337	0.716	8.958	0.985	0.076	1.708	18.922	-0.139	0.216
-0.182	1.482	-0.289	4.946	0.177	0.487	3.632	10.946	-1.146	0.130
0.853	4.012	-0.844	7.823	-0.521	-0.675	8.382	8.462	0.234	1.110
-0.226	0.537	0.954	8.989	-0.347	-0.696	1.203	16.756	-2.059	-2.402
-0.873	1.254	0.426	7.572	-1.083	0.232	3.973	19.953	-0.940	0.094
-2.259	2.123	-0.703	7.740	0.418	0.942	5.084	0.390	-0.067	0.718
-1.016	1.417	0.438	15.152	-0.379	1.997	5.019	8.836	-0.454	-0.016
-0.045	4.620	-0.660	19.578	-0.573	-0.032	0.218	11.641	-1.350	-1.568
0.439	2.157	-1.365	1.755	0.508	0.430	2.013	14.492	-1.885	0.219
-0.132	0.900	-0.627	15.054	-1.842	0.401	8.900	16.016	0.301	-0.492
-2.068	0.815	-0.808	12.875	1.400	0.553	1.603	1.194	0.363	-2.438
-0.469	1.897	0.020	10.484	0.191	0.061	0.291	14.475	-0.638	-0.135
1.330	2.443	0.293	1.838	1.119	-0.324	4.076	12.371	0.054	0.858
-1.299	3.894	-0.734	17.083	0.420	2.230	9.948	1.818	0.382	0.464
-0.535	2.738	0.135	17.105	-0.912	-0.250	8.881	7.233	-0.690	0.554
-1.193	4.784	2.016	4.649	-0.839	0.264	8.487	6.047	1.540	0.588
-1.421	2.016	0.283	13.256	0.856	1.712	9.617	9.360	-0.275	0.329
-1.078	4.472	-0.351	0.284	-1.019	-0.783	5.213	0.017	-0.400	0.723
-1.224	4.106	-0.659	15.460	-0.440	0.387	3.217	5.881	-0.037	1.095
0.993	4.600	0.355	16.012	0.451	-0.929	0.478	1.772	-0.535	3.071
0.461	3.761	-1.771	12.245	1.105	0.221	7.098	9.789	1.506	-1.966
-0.451	0.825	1.011	5.292	-0.060	-1.633	5.045	12.505	0.170	0.977
0.073	1.301	1.829	8.826	0.215	-1.243	1.509	18.937	0.859	-0.086
0.192	0.177	0.864	5.447	0.208	1.114	8.343	0.296	0.403	-0.491
0.404	4.355	0.037	7.730	1.137	0.033	4.975	4.355	0.393	0.179
0.876	2.439	-0.723	10.319	1.903	-2.066	8.230	17.464	0.720	0.420
0.533	4.777	2.364	2.740	1.071	0.510	7.861	5.993	-0.766	0.239
0.097	4.328	0.315	18.063	-1.494	0.950	4.606	8.553	2.053	1.140
-0.681	2.675	-0.130	3.494	0.759	0.388	0.908	8.239	0.436	0.358
-0.501	2.551	0.694	8.605	0.779	-0.242	8.137	18.562	0.354	0.291
0.133	3.120	0.654	2.802	1.111	-1.011	9.898	7.907	-1.516	0.341
-1.671	0.639	0.041	16.276	-1.095	0.309	4.906	8.178	-1.063	-0.313
1.011	0.519	0.028	14.008	0.454	1.150	8.902	10.485	0.548	-0.004
1.292	0.682	0.708	4.461	1.527	-0.026	1.548	15.180	-0.863	0.103
1.042	3.470	1.642	15.886	-0.253	0.466	8.130	15.974	-1.206	-1.111
-1.700	2.777	0.071	1.063	0.067	-0.036	0.155	3.468	-1.130	-1.386
0.241	0.528	-0.842	13.894	-1.227	0.517	1.789	9.003	0.523	-0.306
-0.253	3.524	0.168	1.776	0.296	2.221	8.368	16.824	-0.782	0.109
0.311	3.824	-0.810	4.547	0.105	-0.015	3.807	4.230	0.525	-0.091
-0.428	4.180	1.555	17.492	-0.407	0.870	1.818	5.297	-0.517	1.945
0.760	1.630	-0.056	16.540	0.158	-0.817	2.814	6.867	0.240	0.291
-1.681	3.030	-2.103	17.850	-0.402	-1.010	0.911	17.633	-0.857	0.305
-0.344	1.032	-0.285	4.596	-0.710	-0.197	1.410	2.474	-1.721	-1.539
1.456	0.275	-0.015	1.663	0.785	-0.237	7.183	18.383	-0.430	0.212
0.149	1.409	0.848	0.729	0.707	0.005	3.752	7.129	0.047	-0.049
0.028	0.481	1.007	1.421	1.036	0.124	0.473	7.611	-0.869	1.896
-0.736	0.547	-0.538	16.092	2.580	1.452	2.410	6.810	1.789	0.630
-0.065	4.273	-0.053	16.556	0.077	0.701	1.384	12.457	0.381	-0.950
-2.292	1.775	0.342	8.277	1.283	0.555	4.506	7.050	0.450	-1.320
-1.364	2.633	-1.168	19.945	0.247	0.803	6.720	15.780	0.189	0.672
0.216	1.886	-0.683	19.768	0.419	-0.794	6.511	5.609	-0.316	-0.208
0.559	4.426	-0.554	17.807	-1.113	-1.164	6.439	10.404	2.958	-0.102
-1.263	0.654	-1.165	5.736	0.120	-0.811	2.337	1.190	-0.055	-1.240
-0.887	4.483	-1.036	2.052	-0.539	-0.467	8.346	7.014	-0.690	-1.166
-1.125	1.962	1.022	3.741	0.790	-0.247	9.321	16.998	0.247	-0.335
0.286	0.544	1.099	6.859	-0.506	0.598	4.247	2.683	0.296	0.082
0.109	4.673	0.134	18.344	-0.084	0.784	2.661	2.783	0.214	1.615
-0.783	0.250	0.403	10.272	0.967	0.692	4.091	13.080	-0.942	-0.701
0.442	3.618	1.200	17.770	0.035	-1.302	9.286	15.284	0.722	-0.755
-1.095	2.618	-2.503	18.455	-1.769	-0.421	5.283	19.187	0.695	0.253
-0.529	0.418	-0.403	17.473	-0.084	1.060	0.694	8.930	-0.713	-0.869
-0.906	0.276	1.028	9.050	0.853	0.265	0.708	8.100	0.027	-0.894
0.829	4.842	0.569	10.320	0.302	0.099	4.473	2.989	1.282	-1.059
-0.813	0.337	-0.778	7.872	-0.808	-0.838	6.445	11.669	-0.219	-0.964
-0.406	3.700	0.091	4.869	0.545	0.180	3.478	7.374	-1.132	-1.308
0.990	1.383	-1.411	15.225	0.617	0.514	9.274	13.839	1.233	0.841
1.164	2.376	-1.292	19.624	1.020	1.894	4.138	11.971	-0.667	-0.629
0.363	0.309	-1.063	11.466	-0.853	1.266	3.047	7.907	-0.809	1.628
-1.386	3.998	-0.972	10.745	0.193	1.128	7.675	4.624	-0.996	0.607
0.370	2.421	0.123	19.427	1.054	1.086	0.277	18.675	-0.937	-0.357
0.701	0.116	2.023	4.815	-0.503	-0.785	5.964	9.565	1.322	-0.550
-1.113	1.205	0.353	4.706	0.000	-1.138	7.872	7.576	-2.420	-0.079
-2.019	2.819	-0.754	6.001	-0.652	1.074	8.195	10.227	0.215	-1.765
0.044	0.883	-0.471	8.980	1.336	-0.884	9.582	17.324	0.378	-1.517
0.297	2.122	0.879	7.154	-0.472	-0.797	2.040	17.871	-1.287	-0.725
-0.540	3.304	0.751	4.669	0.004	0.079	5.092	14.719	0.657	-0.699
1.276	4.561	-0.228	12.514	0.368	1.352	4.225	16.942	-0.485	-0.031
0.813	4.272	-0.153	13.285	-0.035	0.490	7.388	6.922	-0.109	-1.257
-1.798	3.088	-1.227	1.684	0.123	-0.170	4.530	5.408	2.065	0.154
0.056	3.104	-0.630	12.886	-0.331	0.015	9.665	15.159	1.606	0.063
-0.728	4.392	-1.027	11.851	-1.002	1.545	0.475	16.469	0.741	0.542
-0.553	3.398	0.128	2.730	-0.303	1.783	6.707	0.988	0.857	-0.500
-0.312	4.662	0.782	17.307	0.520	1.575	0.364	9.267	0.150	-0.701
4.509	5.050	4.516	13.209	4.561	6.066	6.580	4.564	0.633	5.496
0.395	5.093	6.213	14.904	3.564	6.736	6.815	4.059	4.866	3.066
1.577	5.108	4.942	16.334	7.163	3.949	4.687	3.933	6.161	3.146
0.159	7.283	4.214	6.704	2.918	6.186	4.288	5.573	0.054	5.917
4.676	3.998	6.475	12.360	5.050	3.489	8.427	3.755	19.257	5.329
2.821	3.570	3.926	5.988	5.939	5.979	1.830	6.110	17.577	5.395
3.484	7.014	5.931	16.741	5.277	5.142	9.966	5.228	1.416	4.549
3.820	4.409	3.843	4.443	3.380	5.482	8.714	5.372	1.943	5.335
0.898	4.129	5.245	17.115	5.624	5.136	8.373	5.794	9.542	3.831
2.369	4.559	4.442	5.423	4.421	4.829	0.055	3.914	7.309	4.834
0.036	3.700	4.998	19.706	4.728	5.385	1.048	4.817	17.449	5.847
3.011	3.616	3.192	4.171	4.100	4.854	7.577	4.954	5.254	6.902
4.162	3.059	5.885	4.299	4.349	4.724	4.281	6.481	14.309	3.665
0.018	5.683	4.985	4.825	6.228	6.625	7.543	5.470	7.137	5.515
1.729	4.723	4.947	8.043	4.782	5.233	0.586	6.816	3.369	4.954
2.069	5.624	5.396	0.423	5.357	3.062	4.517	5.080	8.060	4.684
2.324	2.820	5.346	5.226	5.060	4.054	4.261	3.966	5.755	3.365
4.192	5.088	5.094	8.829	5.042	4.461	4.318	5.590	10.923	5.144
1.863	3.830	5.029	11.870	4.959	3.375	6.332	5.372	1.656	4.754
2.575	4.007	5.404	2.542	4.652	4.755	1.601	4.664	14.653	4.765
1.183	4.997	4.066	13.126	6.209	4.015	0.503	5.463	2.941	5.047
2.386	5.576	5.145	9.336	6.442	5.191	5.808	5.206	13.040	4.646
2.493	5.084	3.523	6.087	4.399	5.403	4.931	4.801	4.156	4.263
3.026	5.488	4.268	5.518	3.526	5.149	7.284	5.621	14.296	3.590
2.800	5.536	7.489	0.756	3.907	6.879	4.089	5.355	1.206	5.116
2.971	4.967	4.829	8.503	5.025	5.450	2.790	5.822	11.219	5.635
2.710	3.786	3.132	10.023	4.072	6.520	4.893	4.660	11.600	4.049
2.066	4.649	4.499	13.166	4.254	5.700	3.263	6.354	3.405	4.509
1.420	5.210	4.600	14.251	5.502	3.554	1.223	4.578	3.701	5.206
3.427	5.458	5.071	5.715	5.206	6.000	1.471	3.058	11.957	2.689
1.419	5.866	4.977	2.964	4.730	5.200	8.764	6.366	9.357	6.103
1.470	4.917	7.412	11.159	5.196	4.623	8.506	4.948	7.394	6.124
4.665	5.359	6.150	19.061	4.885	4.927	4.489	4.645	15.048	6.074
4.089	4.119	5.006	2.630	4.702	5.598	7.694	4.308	19.374	5.673
3.601	5.461	5.084	17.037	7.036	5.380	1.417	4.617	19.913	5.334
3.490	4.085	6.244	7.604	4.125	3.671	6.952	5.959	4.281	3.814
2.006	4.538	5.621	3.323	4.691	4.295	3.745	5.598	1.315	3.916
1.222	5.026	5.231	0.559	5.837	5.013	0.509	5.321	15.738	4.594
2.283	2.828	5.684	2.585	5.581	4.344	1.559	5.458	11.871	5.755
2.865	4.923	4.044	13.592	5.976	5.338	2.332	4.301	11.676	3.309
0.862	5.428	3.243	3.696	5.818	4.474	9.588	5.033	19.989	4.414
0.921	5.902	5.714	5.212	4.411	4.519	1.065	5.993	19.744	4.096
1.390	4.741	5.403	11.462	5.186	5.144	7.460	4.941	19.767	3.887
4.547	5.963	5.051	11.220	4.736	5.152	2.627	6.396	19.172	3.882
0.215	5.802	5.743	5.457	4.186	4.280	7.054	5.849	10.997	5.768
1.211	4.647	5.144	6.558	6.778	4.850	3.202	5.234	10.103	5.020
4.818	3.723	4.361	19.864	4.143	4.769	7.954	5.534	16.267	5.185
3.841	8.264	4.438	1.558	5.643	5.309	9.519	5.309	14.788	3.879
0.271	5.596	4.401	2.666	5.139	6.328	5.486	4.901	14.788	6.753
1.317	4.211	6.510	14.797	4.209	4.267	3.216	4.414	5.594	5.208
2.895	5.870	4.798	5.920	5.030	4.419	1.009	5.093	13.829	4.676
4.877	4.338	5.122	12.994	4.348	4.666	4.212	4.903	14.278	4.524
0.152	6.500	5.693	8.638	4.845	4.952	8.578	4.484	9.247	5.594
0.240	5.086	4.611	13.104	5.205	3.198	3.106	5.079	10.530	4.969
2.991	6.245	5.119	13.993	3.700	5.156	5.321	3.972	13.556	4.513
3.342	6.391	2.710	0.425	4.680	6.145	2.727	3.811	0.100	5.076
0.994	4.028	7.031	17.403	4.529	4.909	0.811	4.203	13.659	5.335
3.548	3.526	6.088	4.721	4.621	6.163	9.863	6.264	10.548	5.392
1.046	6.341	4.297	13.021	3.703	5.918	0.412	5.975	17.670	3.480
3.762	5.091	3.735	7.176	3.447	5.294	5.166	4.248	10.620	3.493
2.539	3.578	4.410	1.467	5.462	4.918	4.670	3.359	6.586	4.536
2.243	4.203	5.912	4.547	4.499	4.956	2.264	5.063	17.042	2.937
1.174	5.304	4.680	4.616	6.958	4.264	3.321	4.330	1.822	5.551
0.924	5.751	4.766	3.114	2.887	4.959	2.214	4.468	13.961	4.300
1.435	5.394	4.743	12.984	4.736	5.763	5.815	3.997	7.458	4.609
0.467	4.756	5.036	17.469	6.016	3.472	9.690	5.117	16.871	5.451
1.820	5.252	4.427	3.687	5.323	4.081	6.268	3.905	1.366	6.255
1.616	6.341	6.947	14.214	4.767	5.805	1.573	5.115	13.004	4.994
1.477	4.756	6.256	5.528	6.199	4.706	8.625	4.670	2.254	6.399
1.368	3.457	4.998	1.888	6.505	4.450	5.441	4.860	5.279	3.692
0.736	3.364	4.919	18.334	3.290	4.583	2.194	6.248	16.262	5.144
2.702	6.704	4.968	0.236	5.797	4.699	4.643	6.241	7.208	4.461
3.838	4.014	4.586	11.779	4.021	7.729	5.314	3.853	3.372	3.794
2.775	5.971	4.453	11.402	4.858	4.248	8.056	4.010	2.961	3.939
4.651	4.523	6.834	19.808	3.604	3.675	7.207	3.765	11.153	5.002
2.589	5.522	4.511	3.406	6.188	4.232	5.058	2.458	5.473	6.534
2.354	4.979	4.827	1.707	5.665	5.603	7.631	4.985	7.254	6.364
2.970	6.829	4.182	12.558	4.512	4.231	0.822	5.943	7.441	4.331
3.645	5.913	5.069	17.981	5.435	4.364	9.648	6.099	12.207	7.482
4.770	5.594	4.763	0.147	6.230	4.758	7.037	4.360	0.523	5.270
4.438	4.551	5.716	1.005	5.208	5.597	9.504	3.881	9.029	6.184
1.004	5.074	4.181	18.293	5.713	6.896	3.333	4.035	18.702	2.118
0.912	5.186	4.593	13.372	5.155	5.074	8.624	4.786	11.911	4.603
0.241	5.813	5.040	13.389	4.166	5.497	7.818	6.704	11.737	3.985
3.836	6.442	6.032	8.981	5.881	4.779	7.834	5.675	1.229	6.303
3.042	5.388	4.958	8.251	4.668	3.936	3.768	5.682	0.414	4.168
3.779	6.216	5.756	7.211	5.009	6.261	5.811	7.184	7.109	4.175
0.044	4.993	6.634	15.361	3.812	5.137	7.091	5.638	10.695	6.342
4.120	3.551	5.260	13.377	5.499	5.925	7.748	4.109	0.659	4.734
4.394	6.239	6.352	0.356	5.920	7.083	6.310	4.865	1.333	5.653
3.302	7.018	5.681	11.539	5.263	5.518	0.330	3.710	4.167	7.021
4.024	4.712	3.044	3.772	5.550	5.417	2.945	4.291	1.106	6.344
2.799	6.471	5.265	9.183	4.699	3.729	5.645	7.217	10.168	5.226
4.460	4.810	5.163	19.968	5.227	4.281	6.096	4.960	4.677	3.584
3.408	3.830	6.893	1.362	5.015	3.552	6.851	4.925	2.356	3.285
4.903	4.289	5.208	19.913	4.259	3.599	6.646	6.930	7.282	5.908
2.058	6.016	4.936	8.027	3.857	4.293	2.145	5.365	6.440	3.208
1.931	5.685	5.407	11.606	5.814	3.224	0.117	4.905	10.769	5.674
4.844	4.919	4.487	3.321	4.511	3.944	3.272	3.666	7.767	4.692
1.488	4.624	4.875	8.762	4.851	5.219	2.813	3.514	11.553	5.106
0.969	5.740	4.729	11.439	3.424	5.348	7.105	4.206	1.556	5.896
4.576	5.357	4.714	14.899	5.245	5.209	9.024	6.409	19.867	4.953
2.522	5.333	5.194	16.431	3.861	4.249	8.254	5.165	3.426	4.628
4.734	6.167	3.492	3.385	5.191	4.342	8.523	6.738	6.791	5.688
4.964	6.543	5.898	6.852	4.886	5.230	1.987	5.153	12.615	5.919
1.992	4.982	7.806	6.447	7.388	4.989	4.316	3.379	14.055	6.313
1.306	6.575	6.588	15.332	3.844	4.469	4.378	2.854	6.080	3.715
0.610	3.736	2.792	6.559	5.404	3.661	2.652	5.265	15.890	6.604
0.346	4.103	5.097	7.175	4.659	4.957	9.993	3.347	18.197	4.820
0.559	4.743	5.785	17.372	4.226	6.329	7.109	4.613	5.932	5.620
4.905	3.856	5.533	14.311	6.436	3.566	6.011	4.849	1.527	5.680
4.878	3.572	5.793	12.670	5.077	5.531	7.706	5.437	17.698	5.689
4.430	6.135	5.414	3.612	6.247	5.962	4.516	5.383	12.668	6.460
1.219	4.132	5.145	6.676	5.724	5.678	3.784	5.064	18.834	4.627
4.919	4.683	5.708	7.496	6.158	4.130	2.492	4.946	3.107	4.976
4.476	6.127	3.302	8.222	6.828	4.223	4.245	4.040	1.926	4.712
0.467	4.415	5.472	7.506	3.977	5.177	9.465	4.677	15.188	5.402
0.554	2.044	5.627	1.415	3.933	4.773	2.559	3.448	10.282	5.006
2.312	4.282	3.265	15.413	4.492	3.696	9.081	3.733	1.988	5.640
4.527	4.681	3.771	13.584	4.394	4.775	7.596	4.583	13.766	2.911
2.402	6.330	4.832	11.686	6.305	4.357	4.472	3.740	15.539	4.760
1.215	5.606	4.274	4.739	3.859	4.076	2.617	3.466	19.826	3.992
0.131	5.011	3.762	16.101	4.531	3.718	8.961	5.458	16.209	5.287
1.827	3.566	5.810	5.343	6.265	5.895	7.909	6.036	19.415	4.465
2.468	4.298	5.443	16.423	4.895	5.030	4.840	4.894	11.440	5.241
3.644	5.207	5.377	14.101	6.215	6.228	3.361	5.803	6.000	4.838
2.440	6.959	5.459	8.593	2.807	4.888	4.229	3.528	3.823	6.353
1.634	4.318	5.068	9.053	5.338	6.388	6.476	6.018	6.667	5.745
0.418	5.173	4.054	0.668	5.350	5.154	5.318	6.676	17.853	5.862
4.432	3.838	5.811	2.087	4.634	6.743	9.956	5.241	6.396	5.508
3.315	6.354	3.193	18.328	5.806	6.965	3.513	4.967	15.193	6.585
4.726	4.056	3.191	5.219	4.735	5.264	7.136	5.115	1.294	3.729
3.966	6.685	6.781	10.841	5.531	4.861	5.470	5.862	18.846	4.891
3.602	5.338	4.151	3.458	4.290	5.549	8.293	4.711	13.870	5.127
0.462	4.823	4.731	7.879	5.659	4.714	5.165	5.141	14.295	2.945
4.177	4.063	5.069	18.914	5.880	6.791	8.769	3.866	0.735	5.869
1.512	5.192	2.682	18.153	6.553	5.662	6.446	4.637	17.521	4.226
4.726	5.670	6.546	7.573	5.718	5.117	8.578	4.674	2.178	5.844
2.213	4.567	3.927	3.308	5.244	6.137	4.834	4.087	3.493	4.456
4.149	5.903	5.985	2.284	3.781	5.645	9.301	5.272	16.007	5.455
2.526	4.802	4.062	3.196	4.837	5.809	5.867	4.581	5.465	4.191
0.406	6.253	6.681	7.020	6.080	5.222	1.627	5.220	18.195	5.646
0.356	5.489	3.199	17.193	5.065	5.780	6.370	5.093	8.474	3.883
1.282	5.710	5.370	10.185	4.722	4.811	0.660	5.906	7.242	3.927
1.260	5.693	5.783	13.990	5.782	5.004	9.993	6.325	13.008	5.460
3.292	5.783	3.454	12.468	6.223	3.590	6.109	4.849	0.369	5.000
2.766	4.016	4.089	16.864	5.900	3.503	0.022	5.208	17.451	4.818
2.974	4.911	4.598	0.791	4.958	4.767	7.834	5.748	18.413	5.374
2.148	4.720	3.007	2.677	4.982	3.989	4.146	4.998	4.734	4.494
2.051	5.708	4.414	0.026	6.018	3.175	6.662	4.652	14.839	6.280
2.661	5.091	4.264	13.027	5.010	3.251	5.384	7.872	16.613	4.648
2.464	5.828	5.350	16.276	5.241	5.152	6.191	6.066	17.548	5.798
3.905	6.334	4.258	6.794	4.324	6.764	9.679	2.983	9.557	4.570
0.376	5.201	3.367	14.236	5.617	3.039	2.902	5.509	14.211	4.504
1.361	6.484	5.115	8.670	5.252	6.595	9.323	7.369	11.837	3.595
3.738	5.452	5.211	14.882	4.410	4.377	9.383	3.387	16.642	3.541
3.860	5.646	6.972	13.008	6.739	5.431	8.296	5.074	3.968	3.446
1.204	4.502	3.501	3.269	7.036	4.135	9.098	5.114	9.117	6.780
4.813	7.595	5.105	12.444	5.940	6.158	4.339	5.019	5.170	6.290
1.686	4.363	4.842	8.510	4.974	4.751	1.851	2.869	13.904	4.399
4.135	6.338	5.863	18.294	5.087	3.993	0.016	5.270	5.389	6.398
4.290	5.985	5.999	3.485	5.141	4.814	7.121	4.312	10.307	5.326
4.945	5.771	3.715	11.361	4.773	5.692	3.368	3.909	11.678	5.803
4.400	5.899	6.204	17.055	4.411	3.732	8.230	5.835	18.963	5.075
1.310	5.438	4.083	10.137	4.615	5.327	8.666	3.478	18.525	5.631
4.666	4.802	3.190	11.985	4.691	3.277	7.520	5.651	2.899	4.131
4.663	5.085	6.234	14.905	4.262	4.410	7.053	3.860	5.193	6.969
1.870	4.101	6.537	5.650	6.333	5.259	4.427	3.655	0.498	5.857
3.625	2.129	6.104	1.703	3.764	3.316	6.077	4.573	15.623	6.490
2.546	6.125	5.187	8.051	5.348	5.898	6.181	3.894	4.146	4.754
0.190	4.364	5.588	15.962	5.813	5.564	5.261	4.853	2.677	6.346
2.840	4.596	5.428	0.194	4.355	4.954	8.916	5.110	2.888	3.528
2.644	5.433	5.985	15.432	5.471	4.821	8.756	4.045	17.114	6.485
0.054	5.500	6.606	17.992	5.305	4.523	5.458	4.557	16.840	5.849
2.669	4.102	4.387	9.680	5.150	3.429	1.665	6.928	16.120	5.700
4.060	5.096	4.893	14.584	3.962	4.278	7.982	5.194	14.128	4.279
0.609	4.871	3.874	14.783	4.075	4.571	1.983	2.622	15.657	6.423
3.802	5.642	4.311	2.005	5.131	5.074	9.813	3.883	7.275	6.410
0.301	5.823	4.549	2.718	3.507	5.238	7.866	3.426	18.911	4.421
1.118	4.383	4.823	17.858	5.578	5.581	5.301	2.380	2.057	5.512
2.994	5.149	4.487	13.560	4.522	5.551	9.603	4.598	15.011	2.522
1.906	4.231	5.132	17.311	4.589	6.063	8.987	4.741	14.175	6.012
1.870	5.360	4.608	0.665	4.888	5.335	1.123	5.427	18.287	3.765
1.153	3.815	4.932	12.937	5.741	3.218	4.084	6.553	0.992	5.258
4.504	5.706	3.419	4.530	6.624	4.984	5.535	5.120	8.237	4.729
2.665	4.824	4.507	11.767	5.483	4.273	9.932	4.448	12.167	4.084
4.277	4.898	5.504	13.818	5.723	4.199	8.406	5.022	17.136	6.056
4.798	4.936	4.300	11.520	6.898	7.592	9.030	6.108	4.903	4.757
4.461	2.876	5.235	4.314	4.635	4.205	8.363	5.131	0.105	4.311
3.285	4.999	5.452	17.169	4.809	4.992	2.546	5.480	14.725	4.898
0.215	6.055	5.297	5.827	7.373	5.473	2.480	5.226	16.966	5.316
0.496	5.921	3.436	0.474	5.808	6.259	3.918	4.681	17.529	5.100
1.391	4.873	2.657	0.845	4.076	5.975	5.064	3.690	13.556	4.433
3.424	3.146	5.068	10.117	4.416	4.133	7.342	4.581	19.911	4.949
2.767	5.259	5.654	11.131	4.687	6.375	4.568	4.642	15.950	5.074
0.574	5.996	3.442	4.501	3.033	3.127	0.718	6.040	10.808	3.780
2.738	5.178	6.001	13.306	4.542	5.003	7.751	5.081	9.756	8.610
2.626	3.012	3.004	14.720	4.364	4.873	2.808	2.575	0.852	5.784
3.539	6.376	5.150	9.072	4.217	5.878	5.924	6.239	19.289	3.102
2.319	5.038	5.331	1.887	4.338	4.128	5.474	3.351	15.218	5.338
2.418	4.542	5.090	7.368	4.992	6.097	1.946	5.445	12.783	3.995
3.103	5.991	3.160	11.649	5.917	3.480	9.880	5.679	4.019	3.793
4.668	5.755	6.277	13.750	4.426	3.433	2.445	6.027	17.251	4.084
1.288	5.731	3.190	2.723	5.610	6.123	8.861	5.630	18.705	6.050
4.564	5.398	5.187	18.467	5.223	5.741	8.520	6.480	13.282	4.062
4.840	4.242	4.934	17.537	5.132	6.713	8.954	4.915	12.593	4.963
2.273	4.351	4.615	10.945	5.379	4.579	5.649	5.936	7.283	6.220
3.622	5.883	5.386	0.173	5.088	4.984	5.928	4.991	1.124	3.823
2.041	5.860	5.616	10.923	3.569	3.844	7.713	5.734	7.304	4.436
4.941	5.867	4.467	2.362	5.216	2.690	6.465	4.404	17.364	3.815
3.736	5.227	4.288	11.709	5.427	5.055	4.260	4.446	4.529	6.817
3.757	5.288	6.364	2.439	5.408	3.663	0.259	5.555	12.080	4.483
0.855	4.361	5.138	8.272	3.974	4.672	0.399	4.694	18.851	3.254
1.736	5.518	4.854	0.621	5.129	5.059	8.042	5.260	5.625	7.050
4.649	3.707	3.885	10.926	5.502	4.182	0.696	5.034	7.208	3.190
2.054	5.860	5.539	3.147	5.245	5.492	2.222	5.601	16.281	3.765
0.670	3.614	4.425	17.516	4.442	4.450	9.586	4.853	13.357	4.081
4.908	5.397	4.414	1.996	3.785	6.055	6.862	5.582	3.478	5.615
2.079	4.444	6.276	0.235	4.872	5.126	8.615	3.025	10.305	4.540
4.278	4.216	6.854	10.330	5.384	4.799	1.019	2.770	6.172	6.590
3.221	4.999	4.796	7.120	5.353	5.359	5.535	4.138	6.600	4.560
4.762	3.740	4.855	12.329	4.566	3.654	6.359	4.878	8.204	5.104
4.288	3.546	6.638	4.411	4.618	4.432	2.310	5.275	14.019	5.129
3.564	4.496	4.886	6.868	6.463	6.810	0.795	4.773	7.901	3.214
4.515	5.734	5.090	17.019	4.729	6.140	1.871	4.172	12.146	4.175
1.103	3.658	4.923	16.663	5.866	5.930	4.936	4.496	18.771	4.542
0.389	4.790	5.745	13.734	4.953	4.900	4.519	4.844	11.760	2.808
2.578	4.414	5.740	13.683	4.315	5.157	8.757	5.424	12.585	4.135
2.078	7.192	6.415	18.972	5.059	5.379	6.564	5.622	8.947	4.938
1.346	4.933	6.081	18.428	5.126	4.742	1.780	6.050	12.367	5.484
2.491	5.952	5.844	4.952	5.605	4.471	4.642	4.574	6.018	6.024
4.789	4.811	3.465	8.073	4.837	4.848	2.029	6.086	17.048	4.229
3.094	4.106	4.688	7.390	5.056	5.279	7.232	5.670	16.614	3.922
1.701	3.663	5.526	12.045	4.177	3.744	1.574	5.035	3.139	5.170
3.941	4.274	5.747	3.951	2.641	4.353	9.966	4.789	14.449	3.957
4.401	5.004	5.594	2.274	5.317	5.090	3.439	7.288	17.553	5.838
4.823	4.540	6.249	10.953	4.476	4.226	9.685	3.134	5.264	5.268
3.227	5.105	4.116	4.832	4.558	4.434	1.712	3.731	17.393	5.835
0.101	2.788	4.707	10.396	5.313	4.753	3.685	4.891	3.757	4.608
3.783	4.151	2.836	18.538	4.336	4.039	7.052	6.307	17.143	6.955
0.438	4.505	5.088	6.100	4.717	4.354	5.423	4.232	2.322	6.907
4.121	4.950	7.527	8.666	5.834	5.316	1.143	5.124	1.212	4.676
1.072	5.978	2.480	13.956	6.065	3.479	3.938	4.521	7.009	5.675
3.440	4.865	4.135	3.500	5.170	3.971	6.756	3.287	6.470	5.921
4.280	6.833	4.669	7.372	5.901	3.510	4.453	4.742	14.301	3.971
4.038	4.500	3.918	17.133	4.450	5.002	9.598	5.237	2.963	5.562
2.088	2.162	4.149	10.072	3.684	6.111	5.038	5.830	13.300	4.509
3.736	3.937	6.185	8.188	4.960	5.635	5.430	5.891	9.545	6.173
1.562	5.578	4.080	12.550	5.907	5.316	8.433	5.179	10.571	4.758
2.608	5.491	4.200	16.248	4.350	3.967	4.976	5.426	3.326	5.636
