8.971	0.605	1.128	-0.470	3.728	14.772
9.414	-0.979	1.274	-1.174	3.811	6.151
7.444	-0.122	0.052	-0.627	4.784	19.795
8.611	-2.640	-0.676	-0.650	2.951	13.736
1.318	0.099	-0.705	0.155	3.684	1.700
1.804	1.741	-1.673	-0.367	1.933	14.294
9.919	1.448	-0.432	0.063	1.720	11.352
8.002	-0.500	-1.489	-0.735	2.903	13.670
0.437	1.174	-0.944	-0.552	1.231	19.393
1.933	-0.213	-0.851	0.117	1.766	9.373
6.907	-0.574	0.431	-1.027	4.660	9.238
5.798	-1.797	-0.303	0.776	0.477	2.333
2.543	1.001	0.707	-1.833	3.998	18.481
0.980	0.600	-0.031	0.755	4.512	14.847
3.084	0.361	0.094	-1.501	2.040	13.310
5.612	0.256	-0.816	0.376	0.947	8.195
1.377	0.733	-0.595	-0.392	4.587	19.473
2.444	0.092	-0.015	-0.027	1.687	0.324
8.762	-1.238	-0.383	-0.677	1.716	15.583
6.306	1.323	0.703	-0.758	4.667	18.524
3.189	0.950	-0.427	0.360	4.550	18.549
9.268	-1.221	0.566	-0.019	0.369	3.136
0.422	-0.027	1.025	0.706	4.018	14.370
2.452	-0.151	1.385	-3.280	3.145	16.457
1.690	-0.931	1.688	-0.537	3.038	18.004
2.745	-0.631	-0.684	-0.547	3.764	16.126
6.637	1.101	-0.519	-0.654	4.626	17.972
8.063	0.520	-0.788	-0.855	3.550	10.653
4.235	1.406	2.313	-1.823	4.265	13.424
5.889	0.782	0.070	2.505	1.082	4.496
7.021	1.058	-1.050	0.197	4.925	9.049
4.356	1.226	0.912	1.286	0.605	15.572
9.901	2.048	-0.073	0.216	1.841	12.408
3.574	0.486	0.479	-1.462	0.379	4.054
1.539	-0.083	-0.974	0.010	3.296	4.143
5.730	-0.587	0.835	-0.604	3.181	0.391
1.010	-1.622	-1.441	-0.219	3.831	7.551
8.515	0.300	0.283	-0.811	1.780	19.497
0.899	0.281	0.322	0.571	2.971	17.158
3.399	-1.690	-1.685	1.324	2.889	4.173
3.180	-0.039	0.087	0.832	2.556	18.336
8.125	-0.787	0.188	1.301	1.837	5.335
1.954	1.756	-0.231	-0.732	4.483	15.794
0.178	-0.977	1.033	0.335	2.233	9.169
0.635	-0.293	-1.888	0.103	3.264	7.862
0.041	-0.464	0.851	-1.245	2.190	3.074
4.172	1.372	-1.613	-1.464	4.039	15.202
1.334	0.236	0.871	-0.941	0.368	11.440
8.141	0.905	1.366	0.751	4.906	17.300
4.530	-0.212	0.584	-0.850	4.228	0.172
5.356	0.165	0.368	2.248	1.770	7.832
4.255	-0.286	-0.743	0.119	3.496	19.690
9.839	0.810	0.490	0.135	3.063	4.535
7.279	1.189	-0.452	-0.456	2.327	1.621
3.809	-0.292	-1.233	0.018	2.244	9.481
7.368	0.206	1.170	-0.279	4.608	4.421
4.048	0.618	-0.061	-0.617	2.452	7.684
2.894	-0.991	-0.303	0.849	1.282	12.682
6.447	-1.188	-0.561	-1.534	2.830	16.272
3.670	-1.252	-0.811	-0.271	0.583	19.295
6.748	-0.570	0.393	-0.560	0.386	12.784
3.414	0.441	0.594	0.112	4.990	13.184
1.067	-0.735	0.251	-0.394	3.164	11.498
7.274	0.126	-0.966	2.525	3.066	5.488
2.330	1.093	-0.236	0.856	2.737	0.267
5.578	0.756	0.151	-0.590	0.694	7.860
9.287	-1.144	-1.486	-0.205	3.158	13.268
7.621	0.458	0.194	0.362	1.618	11.087
5.707	0.745	-0.595	0.419	4.487	1.782
6.462	-0.674	0.298	0.406	0.068	2.151
2.718	1.707	-1.209	-0.328	4.359	17.619
0.941	-0.294	-2.135	0.552	3.041	18.858
9.802	-1.437	0.731	-0.906	1.145	11.960
5.998	-0.252	-1.007	0.879	4.972	7.677
1.382	0.945	-1.072	1.765	0.816	15.992
6.658	0.171	-1.111	-0.092	3.316	8.926
8.112	-1.753	0.403	0.157	0.163	12.846
7.809	-0.193	-0.037	-0.864	1.848	9.577
5.542	-1.037	0.238	1.178	0.703	12.414
7.457	-0.232	-0.574	-0.586	1.395	8.244
9.487	0.834	0.535	-1.403	3.111	5.039
9.935	2.527	-1.684	1.317	2.704	1.698
6.385	-1.402	1.213	0.422	4.755	17.375
4.816	1.884	0.128	-0.541	2.420	2.157
9.279	0.489	-1.287	0.467	0.471	6.943
4.114	-0.047	-0.393	-0.493	1.423	5.029
0.499	-0.005	0.697	0.646	4.786	13.627
7.339	-0.285	-0.223	-1.608	0.774	18.883
0.555	0.995	-0.507	-0.632	0.224	6.870
5.504	-0.770	-0.355	-0.910	2.216	17.875
3.984	2.121	-0.855	-1.024	3.348	3.535
7.245	-0.010	-0.953	0.529	3.139	8.329
2.988	-1.453	-0.690	0.013	3.905	10.807
2.150	-0.289	-0.688	-0.273	2.664	1.803
2.827	-0.389	-0.130	-1.454	0.791	13.322
7.264	0.555	0.863	-0.419	1.808	1.711
2.981	0.381	-0.054	-0.830	3.475	12.065
0.439	-0.026	0.163	0.772	4.456	9.091
1.054	-0.073	-0.123	-0.008	3.572	18.235
1.119	-0.715	0.593	0.553	4.540	17.166
3.465	1.473	0.029	-0.793	4.477	4.427
4.795	-0.930	2.540	-0.769	3.198	15.173
4.515	-1.521	-0.242	-1.107	4.757	3.432
9.895	-1.113	1.642	0.868	0.118	2.339
2.262	-0.742	-1.389	-0.904	2.213	7.004
8.905	-1.665	-1.098	-1.563	1.864	16.089
1.388	-2.392	-1.107	-0.647	0.222	19.935
3.657	0.118	-1.041	2.059	3.468	19.857
4.299	-0.177	-1.395	-1.750	2.930	14.952
4.172	1.030	0.519	-0.151	1.660	17.831
3.702	1.413	0.901	0.122	0.169	17.578
8.265	-1.637	-1.026	0.238	3.267	8.797
0.283	-0.147	-0.475	0.904	1.136	3.809
4.846	0.609	0.833	-0.510	4.725	4.571
4.538	-0.814	-0.010	0.527	2.935	9.881
0.876	-0.340	-0.581	-2.068	2.321	8.894
0.448	-0.040	1.616	-0.633	0.016	15.023
3.844	1.210	-0.924	0.142	4.887	15.606
4.988	-0.895	-1.003	-0.992	1.407	7.096
1.203	0.585	-1.024	0.226	4.159	6.296
4.681	1.530	-0.941	0.867	0.965	10.392
4.112	3.952	0.511	-0.185	0.417	8.182
9.830	1.236	-0.604	-1.975	0.922	12.600
2.317	0.983	-0.921	-1.819	0.982	11.017
7.846	-1.858	1.248	-0.492	1.552	12.331
5.345	-1.715	-0.642	0.192	3.246	12.188
6.378	0.626	1.311	0.540	3.194	14.400
2.068	-0.263	-0.250	0.704	4.930	13.000
3.421	1.762	-0.627	-1.044	3.782	8.811
8.620	1.676	-0.684	-0.369	3.203	1.351
6.828	1.473	0.048	-0.623	2.207	9.946
8.679	0.124	0.383	0.288	3.080	8.743
8.485	0.048	-1.238	1.614	4.189	5.447
8.723	-0.215	0.348	-0.316	4.503	9.607
6.503	0.923	-1.087	-1.099	3.066	13.677
8.451	0.639	-1.341	-0.410	1.869	14.582
9.401	-0.731	-1.032	0.255	4.713	7.440
5.957	-1.203	0.198	-0.294	0.786	10.204
0.471	0.515	-1.715	0.019	4.615	9.249
8.736	-0.769	-0.628	1.074	4.526	14.513
6.631	0.118	-1.108	-0.922	2.581	9.759
2.609	-0.166	-1.548	-0.591	1.948	1.523
5.299	-0.081	0.288	-0.133	4.395	10.412
8.418	0.098	-0.551	-0.009	2.429	17.816
2.697	0.949	-0.061	0.054	2.481	3.557
8.642	-0.422	-0.831	-0.729	1.583	10.737
6.018	-1.599	0.084	-0.790	4.701	13.307
8.979	-0.446	-0.940	-0.841	2.601	6.306
5.075	-0.813	0.469	0.718	4.408	18.455
6.467	-0.070	0.187	-0.125	0.373	5.729
2.373	-0.275	0.490	-2.571	4.591	11.491
5.202	-0.168	0.317	-0.796	2.065	1.970
8.820	0.645	2.295	-0.802	1.129	14.135
6.900	0.220	-0.871	-0.544	3.843	8.577
4.940	0.612	-1.057	1.007	4.323	12.559
7.313	-0.532	0.365	0.878	3.794	6.830
7.376	0.306	3.351	-0.782	0.416	16.419
5.982	-1.234	0.522	-0.965	1.165	12.652
0.137	-0.217	-0.992	-0.543	1.454	12.673
4.916	1.261	0.618	-0.748	3.766	2.032
0.732	0.026	-0.237	-1.102	3.129	8.134
9.330	0.962	2.242	0.476	2.320	16.589
3.039	0.161	-1.435	-3.143	4.674	16.533
6.499	1.268	-0.654	0.745	2.442	3.145
6.801	-0.876	0.121	-0.502	1.889	0.810
4.473	0.329	0.179	0.604	2.288	7.229
7.695	-0.249	0.739	-0.227	4.921	15.865
2.447	0.652	-1.216	-0.242	2.114	0.046
0.860	-0.990	0.428	-0.786	4.387	15.672
4.376	0.911	-0.161	-1.133	3.311	3.469
3.753	0.090	0.644	-0.014	4.501	16.454
5.494	0.943	-0.535	-2.207	1.208	4.249
6.688	-0.143	-0.757	0.438	1.499	14.750
3.224	0.371	0.404	-1.884	4.606	17.404
1.844	1.711	1.869	-0.275	1.776	2.291
9.551	1.186	0.918	0.190	4.879	3.323
7.036	0.489	-0.048	-1.615	1.989	6.310
3.301	-1.406	0.332	0.284	4.154	15.106
5.843	0.963	-1.016	0.971	0.432	3.732
0.852	0.685	-1.407	-0.782	1.793	8.261
0.165	0.072	-0.473	-0.015	3.577	15.918
7.310	0.499	0.662	0.543	0.003	11.262
4.082	-0.699	-0.780	-0.336	4.303	19.303
1.625	1.405	0.336	0.753	0.961	15.558
2.221	0.304	-2.641	-0.036	1.594	5.774
2.087	-1.790	-1.489	1.254	1.672	17.101
5.204	-0.573	-0.635	-0.328	3.391	2.639
1.870	0.466	-0.306	-0.614	4.809	2.651
7.867	-0.161	0.705	0.299	4.047	15.334
8.540	0.301	-0.112	-1.319	4.560	0.392
0.275	-0.231	-0.966	-0.614	3.757	9.030
9.697	0.257	-1.142	0.454	0.690	7.913
7.804	-0.233	0.859	0.681	3.849	15.037
9.815	-0.732	-0.641	0.786	1.742	1.838
1.391	0.506	-0.178	0.265	3.316	18.324
7.509	0.267	1.659	1.549	4.763	15.009
5.226	0.110	0.949	-0.134	4.056	8.664
6.855	0.300	-0.286	0.347	4.206	18.756
3.825	-1.061	-1.489	0.164	4.115	2.210
1.813	-0.806	-0.015	0.057	3.697	4.771
6.409	1.200	-0.422	2.150	2.284	1.255
1.922	-0.427	-0.996	2.633	0.961	12.782
6.903	-0.729	-0.213	0.842	4.968	17.403
7.824	-0.077	0.191	1.647	0.732	13.015
5.309	-2.638	0.150	-2.002	3.345	16.218
8.090	0.623	-0.864	-0.536	2.622	2.122
3.330	-0.211	-1.487	-0.207	0.199	17.951
4.123	1.080	-2.041	0.893	2.522	11.785
5.498	-0.351	-0.943	0.987	0.982	12.520
7.331	-1.509	-0.097	1.920	3.031	12.504
7.039	1.502	0.374	-3.032	0.788	15.196
1.038	-2.417	1.183	-0.393	1.962	11.271
0.559	1.255	-2.313	-1.485	4.143	16.000
5.651	0.373	0.578	0.937	1.392	5.067
4.537	1.587	2.019	0.806	4.322	17.484
7.315	0.560	0.314	-0.540	3.705	14.216
7.076	0.887	-0.736	-0.325	0.163	0.173
1.384	-0.150	1.081	0.366	1.250	1.999
0.573	-0.482	0.599	-2.081	4.176	2.492
4.497	-0.549	0.131	0.452	1.906	3.858
4.407	0.847	-0.933	0.647	4.234	18.058
1.630	0.218	-0.445	1.074	3.370	11.603
0.884	-0.812	0.631	-1.031	0.357	11.959
3.560	-0.629	2.430	0.520	1.920	2.610
1.956	-1.459	-1.246	0.113	2.181	4.527
4.439	1.575	-0.528	-1.601	2.213	6.323
3.101	1.088	0.092	-0.892	3.905	11.458
1.217	0.294	-0.369	-0.218	1.105	10.244
2.431	0.706	0.664	1.381	0.138	10.979
0.161	0.233	0.435	-0.494	0.647	0.408
4.169	-0.427	-2.123	1.790	2.973	0.903
9.325	-1.080	0.576	-2.075	1.208	9.537
5.712	-0.100	0.461	0.371	1.645	0.383
1.623	-2.493	-0.737	-1.972	4.581	9.155
1.941	-0.116	-1.355	-0.131	3.460	19.387
4.202	-3.266	-0.054	-0.109	4.870	11.658
7.084	0.368	-1.280	1.388	2.447	0.830
8.205	-0.270	-0.923	-1.162	0.995	8.731
2.382	-0.312	2.005	0.731	3.939	0.157
9.197	-0.641	-1.228	1.614	2.757	10.187
0.290	-0.708	0.341	0.371	3.076	8.902
8.310	-1.604	0.475	0.062	0.075	7.506
5.990	-0.223	0.365	1.539	2.641	13.007
2.587	0.054	1.099	-2.104	2.619	14.141
4.937	0.228	0.540	1.228	4.231	5.765
6.896	-0.525	-0.033	-0.049	0.820	1.829
9.517	-0.077	0.542	-1.531	3.757	4.479
1.327	0.011	0.771	-1.495	3.190	4.646
3.918	-1.370	-0.507	0.242	4.971	10.488
2.344	2.103	0.624	-0.165	0.256	8.188
1.709	0.634	0.458	-0.101	2.790	17.081
1.235	-0.827	0.233	-0.254	4.264	14.277
9.476	-1.658	0.158	-1.183	1.947	0.443
7.553	0.331	0.111	0.848	1.835	17.296
3.180	-1.302	-0.114	-0.070	1.147	8.675
5.288	0.958	1.358	1.589	4.538	9.081
2.380	0.487	0.410	0.246	1.548	8.125
2.398	0.748	-0.179	-0.803	0.943	0.940
8.411	-0.513	1.157	-0.254	0.055	2.850
3.974	-1.544	-1.258	-0.423	4.170	11.045
7.136	-1.250	-0.715	0.139	4.607	12.721
2.848	-1.452	0.550	-2.519	1.017	16.573
0.402	1.104	-0.569	0.027	4.334	3.649
9.834	-0.872	0.719	-0.330	3.204	8.587
0.479	0.920	-1.168	-1.188	2.241	10.887
7.763	1.210	0.463	-1.067	0.035	18.836
8.361	0.531	0.811	-0.540	2.755	19.746
6.672	-0.094	-2.617	1.527	3.408	3.269
3.343	0.356	1.843	-0.221	0.233	15.870
9.779	-0.167	0.435	1.696	1.250	2.919
5.489	-2.657	1.068	-0.502	1.999	2.848
9.855	0.978	0.985	-0.508	3.712	19.092
8.872	2.096	1.990	-0.107	2.056	12.116
4.050	-0.551	0.416	0.124	4.440	13.751
8.827	-0.384	1.306	0.012	2.921	19.115
9.078	1.500	1.265	-1.029	2.242	7.165
5.499	-0.407	-1.772	0.427	4.095	17.098
1.530	1.557	0.768	-1.598	0.172	18.797
3.993	1.796	0.601	-1.633	1.232	4.640
6.756	-0.974	-0.954	1.359	4.646	6.407
2.716	-1.676	-0.082	-0.879	1.127	9.411
6.340	0.395	-0.138	1.078	1.845	5.398
8.564	-0.115	-0.794	0.717	4.290	9.045
2.915	1.332	0.414	-0.212	1.136	16.792
5.496	-0.247	-1.066	1.814	2.409	14.790
4.005	-0.113	1.373	-0.739	2.242	11.169
9.162	0.334	-2.248	3.098	3.304	13.518
4.302	-0.974	-0.640	-0.391	0.301	3.569
4.834	-0.429	-0.879	-1.501	3.383	2.886
7.872	0.577	-1.614	1.394	1.011	14.751
2.941	-1.252	1.964	0.242	0.221	4.741
7.965	0.687	0.384	0.129	1.795	9.489
8.327	-0.455	-0.676	-0.296	4.283	0.916
2.747	1.449	0.856	0.362	1.054	15.237
2.866	1.212	1.488	-0.742	3.005	14.725
7.899	-1.948	0.214	-0.481	2.348	16.552
3.321	0.409	-1.408	1.065	3.369	7.630
3.311	1.276	-0.932	-0.557	2.957	10.538
2.178	1.110	0.348	-1.362	3.284	0.316
3.352	-1.934	0.033	-0.935	3.137	8.515
7.687	0.904	0.857	0.625	1.424	4.109
8.901	1.907	0.881	0.487	1.749	7.864
1.154	-0.265	-2.290	0.122	0.177	5.671
7.590	0.047	1.736	0.896	4.263	16.419
7.620	0.640	-1.508	0.343	0.512	13.533
2.605	0.566	-1.474	-1.629	3.678	14.838
9.916	1.388	-0.491	-0.242	1.079	10.658
6.769	1.260	-0.160	1.877	3.750	5.842
2.527	-0.184	0.546	-0.539	1.414	15.332
8.030	1.055	0.365	-1.781	2.591	5.462
6.316	1.263	1.891	-0.308	2.233	15.971
3.514	-1.099	-0.908	1.997	1.547	10.491
6.536	0.304	0.171	0.621	3.205	11.266
3.422	1.113	-1.589	-1.217	4.986	11.010
0.906	0.261	-0.536	0.899	1.718	4.354
6.427	-0.300	-0.607	-0.688	4.065	11.262
3.509	0.175	1.882	-0.094	3.367	0.186
1.012	1.876	-0.587	-0.807	4.158	13.297
1.992	0.533	0.423	-0.007	0.963	3.370
0.185	-0.589	1.450	1.200	3.830	19.559
8.817	-1.004	0.081	1.615	3.436	2.340
5.569	0.092	0.269	-1.209	1.012	0.016
9.625	-1.147	-2.634	-0.823	0.353	12.615
3.728	-0.020	1.738	-1.083	2.109	12.158
9.207	0.642	-0.525	-0.485	1.551	10.492
3.247	0.872	0.953	1.434	0.832	15.437
1.610	0.844	1.389	-0.711	2.807	2.238
7.199	1.346	0.825	-0.894	2.952	11.315
5.023	-1.261	1.415	-0.814	3.908	0.810
0.370	1.568	-0.002	-0.051	4.894	4.254
6.184	0.685	0.751	0.467	1.658	9.024
6.454	2.295	-1.362	-1.807	4.502	13.966
1.099	0.327	-0.759	-1.365	2.581	2.161
5.757	5.037	3.349	9.539	5.312	9.325
4.339	4.702	2.482	6.744	6.105	18.444
1.720	4.606	4.514	6.527	5.095	10.440
4.578	4.926	4.760	1.708	5.452	12.360
4.886	4.705	3.201	2.256	5.402	6.277
4.036	4.916	2.739	0.037	4.208	15.569
3.727	5.675	1.037	9.275	5.543	11.134
4.356	5.658	2.914	2.035	5.374	12.806
5.144	5.971	3.811	4.428	4.234	14.317
5.423	4.171	1.572	0.066	4.482	10.730
4.030	4.549	2.678	5.717	5.589	18.062
5.770	4.735	0.669	0.909	5.049	18.837
3.744	5.156	3.115	6.612	3.761	6.226
4.851	4.734	1.559	2.739	3.732	5.157
4.083	4.482	0.902	2.716	5.242	8.861
4.545	3.832	2.905	2.301	4.403	16.882
6.031	6.179	1.138	9.986	4.105	5.331
5.525	3.374	1.662	9.229	6.299	19.466
5.333	5.521	4.604	4.353	3.771	3.683
4.841	5.348	0.439	2.022	4.690	19.137
2.481	4.123	4.344	1.677	4.846	18.655
8.480	5.237	2.936	6.888	3.628	0.369
5.718	3.947	4.756	5.935	6.589	1.616
5.070	5.168	3.278	8.741	5.714	9.752
2.946	4.749	1.519	2.178	4.146	10.420
4.427	4.507	4.115	1.029	5.698	2.031
5.061	5.273	1.060	2.884	4.948	5.219
4.639	4.067	3.126	0.885	4.646	9.612
5.145	4.272	0.525	2.554	4.467	5.698
5.643	4.822	3.288	3.865	6.062	11.486
3.744	4.590	0.609	5.534	6.067	17.774
6.152	4.785	2.412	0.998	5.713	17.178
5.022	3.935	1.864	8.501	5.179	13.037
7.767	4.805	0.188	8.112	4.876	5.581
4.551	5.368	0.291	8.516	4.350	15.952
5.034	4.880	3.149	1.512	5.811	15.244
6.670	4.288	3.462	3.391	4.851	7.774
3.838	4.646	3.887	6.605	6.307	18.632
6.435	4.389	3.491	2.784	5.306	8.095
5.357	4.901	4.907	8.962	5.495	3.870
5.101	4.689	0.804	7.533	7.449	9.287
4.992	4.841	0.122	7.768	5.276	11.655
5.248	3.810	0.119	0.461	5.136	9.838
5.173	5.865	0.606	5.693	2.200	0.709
5.541	6.207	2.065	1.082	3.384	19.568
4.997	4.603	1.507	6.022	3.902	18.856
4.816	5.481	0.140	6.980	7.708	2.276
6.052	5.036	2.321	3.317	5.173	13.378
6.346	5.261	4.258	6.942	4.073	13.034
5.789	6.051	3.052	4.979	5.379	7.718
4.716	4.444	3.146	6.012	6.201	1.691
5.819	6.221	1.203	8.425	6.593	15.970
5.857	5.059	1.345	7.124	5.303	15.890
5.195	3.824	2.630	7.053	5.059	16.046
5.175	6.813	1.943	1.263	5.284	14.665
5.189	4.991	0.323	8.459	6.480	16.953
5.437	3.067	4.191	8.856	4.896	12.515
4.789	7.337	1.276	3.341	4.770	19.730
5.207	4.429	3.388	3.969	5.934	6.485
4.932	5.095	0.658	5.585	5.569	5.251
4.566	4.557	1.277	6.835	4.881	4.185
5.459	5.490	0.985	7.495	3.218	12.952
3.859	6.227	2.237	7.837	5.057	5.277
3.987	4.269	1.624	8.200	5.986	15.918
6.542	4.977	1.440	4.774	5.133	10.332
5.967	5.871	2.287	5.636	5.020	3.451
6.341	3.954	4.699	6.665	5.753	19.506
3.567	5.595	2.064	0.159	5.871	0.981
5.152	4.282	2.919	4.541	4.695	5.465
3.730	6.351	3.098	2.380	5.176	9.792
5.799	5.079	3.800	1.443	5.752	16.675
5.666	4.227	4.954	6.824	5.628	9.116
5.836	4.662	4.343	7.638	5.433	9.533
5.368	5.224	4.897	9.078	5.107	2.093
4.584	5.738	1.395	3.333	4.303	11.142
4.468	5.147	2.369	1.313	5.324	10.267
3.702	5.805	4.819	2.130	5.307	10.351
6.692	5.497	1.705	5.545	6.237	1.367
6.809	4.929	0.916	2.665	5.773	2.535
6.565	4.051	3.901	2.872	6.038	10.156
4.709	4.672	3.852	7.919	5.079	11.076
3.667	6.414	1.914	9.053	3.639	8.881
7.357	5.166	3.496	0.055	4.621	13.632
4.753	4.895	0.980	8.541	5.064	3.147
3.194	3.724	1.554	6.847	3.304	13.545
5.009	5.248	4.641	1.100	4.979	9.240
5.266	4.330	3.245	5.693	5.309	3.450
6.542	4.149	0.110	4.906	3.426	6.877
3.196	5.115	4.593	8.154	5.338	17.900
5.958	3.920	0.684	7.437	5.488	4.288
5.537	4.451	0.593	5.679	3.989	1.066
6.303	4.864	2.891	1.162	3.762	15.937
4.900	6.015	3.073	9.457	4.318	13.036
5.224	4.689	0.235	5.894	7.386	9.574
5.261	4.172	0.025	3.741	6.030	13.444
6.221	4.971	4.321	4.710	5.749	11.280
4.996	3.225	3.053	3.873	3.297	13.998
5.165	7.127	0.247	2.225	4.948	12.509
5.045	5.597	2.377	6.149	6.457	18.838
4.460	3.747	1.635	7.500	4.799	6.602
4.940	4.496	2.863	5.603	5.039	14.893
5.683	3.951	3.383	6.555	4.893	2.637
4.665	4.694	4.112	5.692	4.900	17.489
6.181	3.682	2.606	3.737	6.490	2.278
4.002	4.716	2.920	5.681	4.051	1.188
4.584	5.213	0.232	4.139	4.646	18.690
5.279	5.514	0.893	9.199	3.670	16.370
5.638	5.027	0.777	7.724	3.710	14.600
3.818	5.216	2.131	9.794	5.978	8.805
4.811	5.263	0.591	9.367	6.254	1.270
4.361	5.547	3.077	0.135	5.579	16.229
3.399	4.800	2.977	2.737	3.957	6.090
5.252	7.187	0.163	0.744	6.725	8.459
4.130	4.256	4.224	4.954	3.701	7.012
4.166	6.023	2.283	5.395	4.626	9.399
3.775	5.667	3.517	9.200	5.522	12.307
5.318	3.697	3.267	4.159	3.249	7.919
2.435	4.996	4.192	2.096	4.390	16.509
5.761	4.423	3.006	3.967	3.652	14.743
4.726	7.537	0.411	9.171	5.070	19.221
3.691	6.600	3.860	5.008	4.803	8.841
4.209	6.440	1.124	6.900	4.607	13.433
5.399	4.289	4.518	0.169	4.567	3.001
5.729	5.316	1.760	1.319	6.640	18.260
5.308	5.141	2.195	0.127	5.649	5.560
4.196	4.862	3.837	5.102	6.218	2.704
6.251	4.000	3.282	7.522	5.204	16.329
5.097	3.512	2.574	2.436	6.197	6.995
4.221	4.478	0.949	0.417	4.426	6.969
4.912	5.003	0.040	5.022	3.046	14.880
6.926	5.291	1.008	1.760	6.269	13.631
5.167	5.851	1.386	0.875	7.161	18.499
5.493	5.441	1.698	7.486	5.639	13.233
5.320	5.056	0.688	2.498	4.252	6.301
3.472	3.700	4.537	4.120	6.100	14.605
5.885	5.138	2.251	6.666	7.186	12.511
4.881	5.983	4.889	9.712	5.387	4.314
5.025	5.192	0.237	5.901	5.510	13.862
4.862	4.598	0.859	5.528	6.762	2.457
4.913	5.424	3.120	7.460	4.889	0.890
5.215	5.633	3.690	9.752	6.525	9.765
4.990	5.381	0.119	4.960	4.053	4.515
5.132	3.887	3.642	7.078	4.105	18.163
6.393	6.392	1.138	2.790	4.088	17.927
4.445	5.395	1.317	7.830	4.388	9.961
3.775	4.487	4.167	7.706	5.361	4.817
4.736	4.517	3.589	1.529	2.893	10.105
5.324	4.463	4.189	9.712	6.726	7.245
5.183	4.776	1.470	0.050	4.336	15.166
7.829	5.040	4.567	7.184	4.173	5.884
6.212	4.669	1.526	4.089	4.197	11.943
1.398	5.675	3.600	4.670	4.984	9.756
5.997	4.319	1.047	4.763	7.642	15.734
5.365	3.039	4.456	8.920	6.748	6.393
5.854	5.574	2.512	3.674	4.832	14.489
7.149	4.256	0.528	2.446	5.090	2.250
2.945	4.574	0.737	8.141	5.859	0.016
4.681	5.006	2.556	5.291	3.216	12.518
2.678	4.834	3.147	6.298	4.364	8.620
5.682	4.986	4.665	8.196	5.194	6.246
5.263	4.754	3.882	0.743	6.816	19.691
4.170	4.526	0.287	5.200	3.403	14.813
4.780	3.620	1.223	8.058	4.822	3.868
5.745	4.590	0.037	2.445	3.284	13.343
5.714	5.760	0.537	7.605	3.821	3.547
5.773	4.611	0.040	5.087	5.480	2.398
5.170	6.754	1.485	3.382	5.867	4.256
5.817	6.720	1.866	4.197	4.595	0.830
5.062	6.028	2.739	1.894	4.534	8.198
3.060	5.452	4.711	2.269	4.638	6.329
3.428	5.889	4.618	0.911	4.800	7.746
5.585	4.667	1.503	5.956	5.432	12.955
5.929	7.006	2.654	7.197	5.236	19.426
4.045	4.041	0.146	2.276	5.986	9.013
5.191	5.808	0.014	6.872	5.124	3.957
4.438	5.273	1.073	4.459	6.608	11.507
7.813	4.136	0.234	1.297	5.661	1.344
4.957	5.139	0.932	6.019	5.676	18.016
4.583	4.645	4.346	6.261	4.484	13.646
4.778	3.166	2.626	0.440	5.689	6.590
4.098	5.521	0.546	7.079	3.861	15.926
3.785	4.060	1.174	7.672	5.870	1.910
4.197	4.964	2.309	5.531	3.645	17.763
6.831	3.599	1.196	7.782	4.733	10.792
4.682	5.486	3.347	3.670	4.137	15.404
5.483	5.452	0.128	0.531	6.626	18.143
5.106	5.037	3.224	6.663	3.887	0.808
5.443	5.411	0.679	0.944	4.649	10.444
5.135	6.059	1.376	0.488	6.311	11.310
4.077	5.171	2.039	7.799	5.285	8.069
5.603	5.039	2.982	8.013	3.395	12.955
3.713	5.476	0.749	8.192	5.267	8.451
5.957	3.725	0.664	3.774	4.508	17.650
3.981	4.584	1.312	7.374	4.470	17.685
5.703	5.073	0.868	5.124	5.228	3.413
5.710	5.824	4.599	2.089	6.795	7.254
5.960	2.903	1.588	3.720	6.659	8.655
4.185	5.746	0.545	7.660	4.390	15.891
3.719	5.207	4.805	9.756	6.128	13.608
4.943	4.202	2.756	4.950	4.755	4.349
5.255	3.371	3.481	5.430	5.512	13.001
4.726	5.533	2.244	5.303	4.254	12.988
6.002	4.101	4.431	3.203	5.034	4.475
5.651	3.415	1.200	2.566	4.710	19.187
5.876	4.861	0.280	5.542	6.179	6.642
4.745	5.403	1.178	8.583	5.419	13.207
6.008	5.780	1.364	7.090	4.396	3.446
3.313	5.055	1.233	4.249	5.558	10.861
3.704	2.736	2.629	9.116	4.839	17.025
4.682	4.921	4.150	6.104	5.452	17.216
3.227	5.087	4.520	5.586	3.893	13.433
4.084	4.824	2.295	4.772	2.784	19.899
7.492	4.411	1.695	9.109	4.201	8.815
3.730	4.612	3.921	9.960	5.122	13.114
3.730	5.468	1.004	3.458	6.313	10.252
2.768	3.367	4.756	4.693	4.894	6.662
5.783	4.777	2.843	2.725	5.457	12.447
4.907	4.158	3.797	0.814	4.874	5.037
5.302	6.108	3.500	1.946	7.668	12.323
5.516	3.996	4.669	9.403	3.899	10.411
5.558	6.027	4.697	5.437	5.658	11.454
4.309	5.170	2.479	2.003	4.329	14.429
6.449	6.260	4.441	0.546	5.772	6.399
5.496	4.208	3.714	9.504	5.068	13.488
3.977	5.675	1.556	4.290	5.604	9.005
5.217	3.812	0.809	7.352	5.701	10.815
4.827	5.698	0.496	9.221	4.725	3.098
6.328	6.063	1.293	5.361	5.169	13.503
6.228	5.983	3.765	8.192	5.119	18.866
5.330	5.019	3.074	1.815	3.363	7.450
7.430	4.043	0.744	1.437	4.635	6.306
6.018	5.305	0.551	8.825	4.126	8.247
4.708	3.959	0.706	8.102	4.412	17.501
3.523	5.956	2.409	3.649	4.073	1.692
7.654	4.191	1.854	7.469	5.119	19.545
5.364	6.037	0.049	0.014	5.909	15.581
6.696	4.573	1.469	8.258	5.988	4.731
5.619	3.654	0.321	5.675	5.357	7.472
4.324	3.481	3.031	8.086	4.611	12.480
2.086	4.191	2.986	6.327	6.347	10.495
4.886	4.621	4.752	5.308	6.065	8.111
2.964	5.195	0.451	7.253	4.887	2.169
4.882	5.274	3.234	9.440	6.379	9.570
4.830	4.384	4.226	7.897	4.738	11.749
4.888	5.808	4.380	9.572	5.201	1.035
4.036	4.556	2.035	1.328	4.694	14.193
5.528	5.141	2.796	9.531	5.128	16.466
5.072	4.279	2.322	3.269	6.483	1.676
5.120	4.462	0.856	5.495	4.433	14.869
5.227	6.012	4.052	2.907	5.258	5.450
2.446	2.824	1.419	0.938	7.916	17.917
3.922	4.723	3.323	4.590	6.581	17.542
4.876	5.219	0.355	2.528	4.329	12.211
3.716	5.055	0.335	0.733	3.694	4.249
5.526	6.494	3.820	4.514	3.708	11.289
3.694	6.165	4.012	1.580	4.550	16.408
4.210	3.704	3.496	3.902	6.376	4.327
4.166	5.996	1.626	7.062	5.809	18.816
5.907	5.410	1.389	4.259	5.648	3.980
6.415	5.382	3.084	9.264	5.496	8.474
3.842	4.646	2.754	3.035	4.222	1.233
4.736	3.676	3.614	8.825	6.027	15.805
4.634	4.196	3.140	9.088	5.369	10.680
3.431	6.359	4.616	1.712	5.589	11.659
6.927	3.893	3.375	3.723	5.344	7.090
4.624	4.895	2.814	2.537	6.780	6.346
4.192	4.144	2.713	8.172	5.160	12.899
5.511	4.814	4.769	8.526	4.246	19.724
5.788	5.088	2.786	8.702	6.447	5.718
5.184	5.305	4.507	8.085	6.161	15.830
4.993	4.536	3.197	2.224	4.920	14.860
3.321	4.563	3.671	3.554	5.209	15.155
5.199	4.664	0.430	1.143	5.251	3.903
3.518	4.711	4.409	8.946	6.151	12.371
4.956	5.515	1.658	9.541	4.215	1.187
5.839	3.973	0.831	7.071	5.673	5.875
1.824	4.314	4.435	9.594	4.486	3.612
5.861	6.329	4.289	5.908	4.946	14.966
7.430	5.693	4.095	2.004	5.111	9.536
4.630	4.577	3.430	3.667	7.147	9.406
6.069	4.375	0.740	2.161	4.105	0.116
2.147	5.394	4.744	3.825	5.063	14.265
5.163	4.625	2.923	9.263	4.714	8.242
5.226	4.572	2.727	5.975	3.946	17.400
5.993	5.337	2.927	2.795	3.864	19.986
4.279	4.601	0.000	0.928	5.146	14.561
5.869	3.022	3.672	9.697	4.211	6.190
5.873	5.755	1.871	5.023	5.047	9.377
6.036	5.830	4.795	3.275	5.335	7.300
6.071	5.277	1.315	9.099	4.789	1.128
6.018	5.374	0.613	6.327	5.952	3.532
4.775	5.423	2.598	8.492	5.295	6.572
6.560	4.236	1.568	6.500	2.965	7.124
5.692	4.851	4.052	3.995	5.742	10.130
4.548	5.049	4.813	2.314	3.560	0.477
4.828	5.700	2.713	2.715	4.936	17.693
4.472	4.905	3.088	2.470	4.378	2.344
4.291	5.036	1.009	5.501	4.689	14.662
5.237	6.346	2.734	8.747	4.775	2.324
4.270	4.484	1.004	4.940	3.465	0.448
4.174	4.012	2.096	3.155	5.419	8.628
2.626	5.688	1.871	1.887	5.692	13.919
4.436	5.803	4.476	0.534	4.679	12.014
4.831	5.820	4.021	1.172	6.742	15.979
3.693	5.577	3.378	1.101	4.768	6.083
6.515	3.933	4.330	9.515	4.652	12.659
4.747	5.079	0.409	4.919	7.361	9.649
3.873	5.791	4.080	8.787	5.707	13.451
4.953	4.445	0.975	2.007	3.582	14.994
4.767	6.170	1.183	6.434	4.130	1.537
5.149	6.306	0.776	6.625	4.989	7.573
5.547	6.534	2.373	1.987	5.185	12.952
3.847	3.866	3.695	6.145	3.729	12.312
5.765	5.000	1.538	1.708	6.868	19.072
5.083	5.916	2.239	2.052	5.070	10.182
4.847	3.453	1.081	1.846	5.485	8.843
3.852	6.865	1.602	9.393	6.660	19.853
4.431	4.897	3.268	1.721	4.653	19.667
5.153	6.205	4.548	9.006	4.998	11.592
6.421	5.363	4.455	2.720	4.204	6.940
4.837	5.390	3.023	7.316	4.743	13.597
5.854	5.566	3.899	9.367	5.526	16.311
4.325	5.362	3.122	3.157	4.653	5.195
4.537	4.888	1.734	0.327	5.410	2.348
4.611	6.227	0.717	7.732	4.325	8.880
6.723	6.488	2.362	7.232	5.408	15.562
5.136	3.681	1.458	1.725	6.073	3.419
6.232	6.389	3.092	9.751	4.965	1.244
6.307	3.262	1.250	1.192	6.215	15.817
5.313	5.438	3.832	4.048	5.630	11.072
4.782	7.125	4.457	8.447	4.876	1.617
4.830	4.763	0.359	4.870	4.229	7.125
5.521	4.866	1.611	7.573	4.949	7.968
-5.128	0.499	-6.105	7.772	-7.275	5.318
-5.533	2.107	-5.470	2.614	-7.961	15.134
-7.433	4.335	-7.392	0.601	-6.560	5.987
-6.724	1.535	-4.670	6.464	-6.546	19.316
-8.111	0.345	-7.337	5.645	-7.447	3.392
-7.761	1.699	-7.358	0.555	-6.979	2.708
-6.805	4.393	-6.731	0.072	-7.061	7.865
-6.421	2.844	-7.722	4.512	-5.276	3.804
-8.143	3.697	-5.633	4.592	-6.036	10.616
-7.805	3.240	-7.586	0.904	-7.141	1.314
-5.078	1.857	-7.253	0.417	-5.497	0.037
-7.014	4.643	-5.809	4.152	-7.396	15.002
-6.607	1.904	-7.159	1.868	-7.518	11.136
-7.907	0.862	-6.994	7.165	-9.847	12.320
-7.728	0.156	-6.163	5.255	-6.175	14.572
-7.102	4.944	-8.068	6.043	-8.511	5.143
-7.748	3.219	-7.033	2.092	-8.140	18.145
-7.150	4.833	-7.234	8.402	-8.330	2.953
-8.146	2.203	-7.671	2.112	-6.831	15.662
-7.312	3.740	-8.071	8.064	-5.818	15.179
-5.957	3.240	-6.427	9.041	-6.577	15.444
-7.425	4.502	-6.410	4.960	-6.010	13.045
-10.028	3.391	-5.722	7.578	-5.811	11.344
-8.354	4.401	-7.347	2.342	-6.346	12.060
-7.536	0.907	-6.605	0.536	-6.092	8.142
-6.617	3.573	-8.398	5.630	-6.296	4.348
-4.593	1.907	-7.846	3.519	-7.227	2.658
-7.338	0.739	-6.636	1.885	-7.282	19.941
-6.170	4.966	-6.484	4.914	-7.359	7.798
-7.259	0.641	-4.880	1.763	-6.450	11.117
-5.679	1.760	-9.271	5.054	-6.460	19.925
-6.600	2.753	-7.926	3.475	-4.954	2.393
-5.880	2.179	-7.191	5.460	-6.501	6.120
-7.296	0.675	-7.507	1.265	-6.941	3.004
-6.941	2.692	-6.975	9.965	-7.345	19.665
-8.430	3.217	-6.180	9.116	-5.606	5.353
-7.298	0.576	-6.459	3.328	-6.437	8.810
-6.879	2.933	-6.757	2.079	-8.829	1.245
-5.174	3.140	-8.896	9.336	-7.800	8.308
-8.410	0.740	-7.032	5.338	-8.031	13.981
-7.810	0.590	-8.058	5.690	-6.782	9.184
-6.384	0.846	-7.173	2.977	-8.361	16.404
-7.902	0.876	-7.474	2.334	-9.225	9.213
-5.121	1.809	-6.801	0.113	-7.066	3.594
-7.276	2.574	-7.183	7.862	-5.836	4.614
-8.291	2.352	-7.767	0.723	-6.894	19.719
-8.753	0.876	-7.851	5.888	-7.123	8.168
-8.445	1.729	-7.834	7.868	-5.959	18.387
-6.463	0.899	-5.646	4.247	-7.696	16.063
-7.401	0.638	-6.901	1.047	-6.698	18.909
-6.179	3.678	-6.822	0.384	-7.436	18.400
-6.912	1.197	-5.376	0.491	-6.667	12.518
-7.155	2.449	-4.726	8.632	-6.584	3.406
-6.773	1.761	-5.566	6.636	-8.279	8.469
-7.064	0.455	-7.623	4.983	-5.519	8.156
-8.408	0.846	-5.637	8.328	-6.281	15.013
-7.647	4.006	-8.586	5.874	-7.049	16.184
-6.286	2.968	-6.006	9.451	-4.558	9.499
-7.643	2.324	-7.310	7.828	-5.812	4.786
-6.772	4.822	-7.309	8.865	-6.404	6.924
-5.293	2.869	-6.760	4.711	-5.748	7.748
-7.076	0.010	-6.557	3.746	-7.807	4.863
-7.965	1.069	-7.917	0.388	-7.250	12.355
-5.792	0.947	-8.673	1.805	-6.919	19.518
-6.758	3.671	-7.006	9.891	-5.861	17.322
-7.052	0.569	-5.544	9.677	-8.121	17.975
-7.664	0.706	-4.426	4.203	-8.283	1.264
-6.000	0.899	-5.573	7.557	-6.609	14.867
-6.766	0.440	-6.188	1.119	-6.256	9.888
-7.794	4.948	-8.479	3.331	-7.233	13.581
-5.366	4.389	-7.995	8.040	-6.244	10.703
-5.997	2.100	-5.436	8.648	-8.487	3.117
-6.897	1.154	-7.921	7.131	-6.278	16.623
-7.629	4.992	-6.426	2.681	-6.904	10.847
-6.641	1.531	-7.391	1.943	-7.591	17.369
-7.142	3.208	-7.414	8.597	-6.529	12.964
-6.628	1.333	-6.851	6.182	-8.304	14.177
-6.508	1.545	-7.148	6.294	-6.592	14.650
-6.159	3.239	-8.149	0.084	-7.871	0.402
-6.508	1.288	-6.439	0.839	-5.798	5.209
-6.575	1.592	-7.658	9.099	-5.533	8.716
-6.627	3.779	-7.233	7.596	-6.467	9.165
-7.495	3.717	-7.844	4.008	-7.467	13.789
-7.310	0.052	-6.592	1.187	-8.344	8.089
-5.369	2.139	-7.443	2.407	-6.387	17.104
-7.702	2.426	-7.407	0.037	-5.719	0.198
-6.985	2.520	-6.834	7.506	-6.987	4.682
-6.185	3.232	-5.611	6.046	-5.548	2.346
-9.044	1.570	-6.286	5.403	-7.369	2.012
-6.984	3.887	-7.091	2.875	-6.922	16.412
-5.483	3.067	-8.342	9.191	-8.458	5.346
-7.635	2.946	-7.333	9.861	-6.117	14.655
-4.516	3.577	-6.943	3.644	-6.949	12.641
-7.383	2.658	-4.877	5.477	-6.201	12.162
-8.295	4.587	-7.940	4.741	-6.001	13.128
-8.925	0.012	-6.314	6.178	-6.749	11.133
-7.383	1.396	-5.615	9.937	-6.937	18.917
-5.705	0.015	-5.620	6.246	-4.906	19.164
-6.090	1.107	-6.576	7.124	-7.150	5.921
-6.400	0.585	-8.345	8.394	-7.101	0.068
-8.175	2.015	-6.524	7.928	-6.963	19.649
-7.124	1.257	-7.928	0.532	-7.197	0.772
-7.990	0.463	-7.313	9.004	-7.103	8.671
-6.262	0.329	-7.868	7.705	-6.660	5.935
-5.248	1.001	-8.137	3.237	-6.801	8.675
-5.449	2.598	-6.361	4.876	-7.326	18.142
-7.026	4.306	-7.527	8.702	-7.293	0.888
-7.988	4.062	-4.362	4.450	-6.769	15.766
-8.087	4.473	-7.341	1.821	-8.996	13.525
-5.758	4.468	-9.250	2.883	-5.614	14.871
-7.424	1.131	-6.049	9.305	-5.945	5.742
-6.656	2.979	-6.850	5.302	-7.248	14.111
-7.963	1.783	-7.637	7.140	-7.398	1.441
-9.011	3.269	-5.022	3.320	-8.119	8.001
-6.519	2.525	-6.833	8.152	-6.386	18.971
-8.963	4.325	-6.416	3.086	-6.153	15.984
-7.610	4.218	-5.324	6.342	-7.667	18.130
-7.231	1.486	-6.209	7.955	-9.246	3.865
-6.327	3.748	-5.253	4.050	-6.146	5.349
-8.043	3.756	-7.408	9.843	-6.971	10.813
-6.877	3.736	-5.452	1.246	-7.029	5.851
-7.873	1.905	-7.521	8.049	-7.485	3.836
-6.171	0.329	-7.308	5.915	-6.091	19.269
-6.854	0.966	-7.525	2.813	-5.194	17.486
-5.925	0.553	-7.067	2.031	-5.749	14.743
-6.232	4.526	-8.571	1.126	-7.106	16.655
-6.728	3.651	-8.945	2.354	-5.533	6.672
-6.715	3.049	-7.653	3.052	-7.301	5.746
-6.783	4.997	-5.878	8.894	-6.121	2.071
-5.446	2.842	-8.167	6.735	-6.829	1.102
-7.714	0.755	-8.096	7.253	-6.746	7.094
-7.411	1.158	-6.012	6.566	-7.566	3.036
-6.871	4.117	-6.985	1.115	-9.030	13.577
-7.898	2.640	-5.983	0.730	-6.382	15.563
-8.311	2.769	-7.780	3.993	-5.222	14.587
-4.990	3.792	-6.809	3.002	-6.857	4.554
-7.388	1.589	-8.086	2.032	-6.010	12.957
-6.645	4.747	-5.729	7.873	-7.474	16.464
-7.842	1.492	-4.826	9.602	-7.157	8.352
-8.967	1.302	-7.069	3.245	-7.349	9.584
-7.110	2.252	-7.923	6.223	-8.029	4.262
-5.355	0.887	-6.084	4.925	-7.289	17.930
-6.376	0.164	-7.352	9.040	-8.515	14.485
-8.822	1.642	-7.933	0.082	-7.542	2.817
-5.039	3.429	-8.511	9.524	-6.139	13.107
-6.421	3.946	-7.330	1.352	-6.718	6.307
-6.695	1.299	-6.452	3.099	-7.870	0.062
-8.378	0.965	-6.271	2.619	-5.528	2.263
-6.260	2.511	-7.534	9.471	-8.587	15.420
-8.679	0.679	-6.555	9.153	-6.465	4.005
-7.167	4.086	-7.991	9.319	-6.571	6.334
-7.536	3.276	-7.318	7.840	-6.358	12.374
-5.460	1.491	-6.902	0.228	-7.239	9.914
-7.423	1.947	-5.649	8.397	-7.917	2.872
-5.189	4.759	-7.244	9.295	-5.028	4.648
-6.711	2.631	-9.232	4.282	-4.861	3.881
-7.340	3.389	-7.926	6.986	-6.165	7.819
-8.252	3.002	-9.207	3.379	-5.753	18.060
-6.888	4.356	-6.049	5.152	-6.497	11.179
-6.405	4.229	-6.607	6.042	-6.783	7.512
-7.365	3.130	-8.023	3.206	-5.003	5.825
-5.241	3.960	-6.184	0.173	-6.091	1.231
-7.657	3.666	-7.856	6.701	-6.466	9.734
-5.133	0.426	-6.348	7.595	-6.002	7.222
-5.680	3.746	-6.952	3.113	-5.764	19.640
-6.506	2.423	-6.881	4.423	-7.436	18.964
-7.050	0.556	-6.949	3.121	-7.964	18.848
-6.774	1.868	-8.350	8.213	-8.766	11.099
-6.815	2.651	-8.377	0.614	-9.059	17.265
-7.405	0.824	-5.950	8.020	-6.795	8.080
-9.183	2.223	-7.921	0.515	-6.729	10.003
-5.721	4.174	-6.933	1.232	-5.504	19.507
-7.793	0.708	-5.965	5.892	-6.044	9.899
-8.382	2.401	-6.025	6.852	-7.077	10.538
-7.193	4.127	-7.574	9.269	-7.059	0.796
-7.849	1.496	-6.805	4.326	-7.084	9.436
-7.867	0.079	-7.023	6.434	-6.381	8.969
-9.055	2.516	-5.814	9.802	-6.516	19.111
-7.351	1.154	-6.741	3.247	-7.764	15.597
-6.610	0.265	-8.500	5.736	-6.745	0.739
-5.128	0.356	-7.228	7.260	-8.141	12.609
-6.739	1.728	-6.774	1.234	-6.149	14.262
-6.652	4.826	-7.963	8.145	-7.707	3.105
-7.426	1.575	-7.631	1.676	-8.554	8.562
-6.426	0.093	-6.056	4.588	-7.647	11.180
-6.700	4.735	-6.042	0.452	-6.604	12.008
-6.914	0.801	-5.926	1.165	-5.476	5.651
-6.551	0.016	-8.025	3.598	-8.419	5.515
-6.244	1.284	-7.219	7.359	-6.854	3.323
-7.600	4.771	-8.472	2.032	-6.753	10.848
-6.148	3.335	-6.929	3.248	-7.034	11.321
-7.612	2.833	-7.795	2.503	-6.283	9.447
-7.473	2.975	-6.700	7.144	-6.907	1.654
-7.206	3.498	-6.173	1.773	-8.514	5.726
-6.147	4.132	-7.999	8.109	-6.185	0.488
-6.907	3.661	-9.501	1.998	-6.595	17.220
-7.066	1.423	-7.051	2.094	-6.722	8.925
-6.827	4.386	-7.521	4.921	-7.729	15.440
-7.515	3.026	-5.927	2.169	-6.281	17.093
-6.384	0.355	-8.614	9.782	-6.846	9.564
-6.615	1.112	-6.545	3.314	-8.435	13.238
-6.575	3.259	-6.255	9.878	-7.303	17.554
-7.826	0.331	-6.868	2.179	-7.233	13.588
-7.203	2.460	-6.047	0.915	-6.919	9.444
-7.874	0.316	-9.258	6.808	-7.752	8.813
-6.236	1.016	-7.052	4.885	-6.373	19.997
-5.289	1.900	-6.438	1.271	-7.277	11.733
-7.339	3.524	-6.978	7.511	-8.528	19.062
-6.242	2.244	-6.636	1.242	-7.014	10.746
-8.035	3.014	-7.627	0.658	-8.108	17.860
-8.117	0.496	-6.928	3.614	-6.761	2.781
-7.845	4.686	-6.951	3.461	-8.035	1.150
-7.029	1.443	-7.097	8.689	-6.777	1.965
-7.105	2.412	-7.212	1.295	-6.611	16.749
-7.639	3.368	-6.267	6.594	-6.442	13.196
-7.831	0.317	-6.528	5.554	-6.102	16.563
-7.008	4.682	-8.111	6.256	-6.941	11.912
-6.087	0.776	-8.272	2.894	-6.643	10.763
-6.110	4.835	-4.833	7.754	-6.875	18.717
-8.383	0.792	-7.631	5.453	-6.401	10.489
-6.350	2.283	-5.868	8.677	-8.615	2.849
-7.108	0.397	-4.905	3.693	-8.882	2.197
-6.014	4.534	-5.526	3.088	-6.089	17.406
-5.727	1.027	-8.421	6.784	-4.770	19.505
-5.442	3.632	-6.672	8.048	-6.326	11.251
-7.922	1.199	-8.349	5.237	-6.857	10.380
-7.523	3.853	-7.527	0.406	-7.091	10.118
-8.136	0.377	-4.895	1.348	-5.278	6.457
-9.284	0.385	-7.720	6.768	-7.575	13.748
-8.089	1.407	-8.973	0.283	-8.774	11.626
-7.233	1.169	-6.410	1.557	-6.839	4.214
-8.233	2.036	-7.166	7.385	-6.978	6.522
-5.819	3.196	-7.216	9.869	-6.834	7.296
-6.653	1.939	-6.656	5.444	-6.223	3.264
-7.903	2.127	-7.646	4.321	-8.270	14.179
-7.780	2.075	-7.140	3.794	-6.641	15.552
-7.027	3.023	-8.393	8.086	-7.576	6.083
-6.777	0.209	-6.540	3.576	-6.534	7.296
-6.575	2.388	-5.593	8.510	-7.244	2.993
-7.354	3.907	-6.375	2.806	-6.692	3.371
-7.171	2.384	-8.344	7.371	-6.847	5.537
-5.978	2.820	-5.817	7.626	-6.427	15.148
-8.506	2.071	-7.827	7.927	-7.734	11.885
-7.154	2.447	-7.251	4.901	-7.600	8.692
-7.386	2.216	-7.180	5.597	-5.453	3.193
-6.816	1.423	-7.582	3.193	-7.330	5.108
-6.599	0.405	-7.435	7.091	-7.011	17.144
-6.799	4.551	-8.055	5.151	-5.852	1.201
-8.148	1.057	-7.167	9.924	-5.537	0.175
-7.220	1.846	-7.607	9.771	-5.325	9.385
-7.380	4.172	-5.582	1.411	-6.493	8.122
-6.326	1.231	-7.770	1.142	-6.057	17.779
-7.495	0.605	-5.709	5.973	-7.197	5.722
-7.237	0.737	-6.007	6.178	-7.735	3.237
-4.900	3.500	-4.931	4.523	-7.061	4.275
-8.373	3.478	-6.107	8.299	-7.029	4.749
-7.399	2.784	-8.226	2.560	-8.058	2.687
-6.789	0.567	-9.414	6.577	-6.391	7.915
-8.159	1.730	-7.588	4.015	-9.270	14.666
-7.096	1.423	-6.332	2.322	-7.441	6.977
-6.159	4.564	-7.256	9.024	-8.949	13.006
-5.373	0.616	-6.715	4.903	-7.355	16.392
-7.375	1.315	-6.479	0.700	-5.611	12.409
-7.163	1.573	-8.347	1.481	-6.274	9.264
-7.127	4.043	-7.347	2.412	-7.775	0.868
-5.222	3.068	-6.499	1.634	-6.843	4.164
-7.856	1.602	-6.599	3.085	-7.445	1.601
-6.414	1.734	-6.283	3.546	-7.812	10.399
-7.433	4.587	-7.370	6.133	-6.875	18.116
-5.683	3.350	-7.007	5.809	-7.474	16.329
-7.406	3.422	-6.539	3.765	-7.157	17.931
-6.353	4.703	-7.000	7.318	-7.567	16.330
-6.868	4.965	-7.856	9.673	-6.965	2.732
-6.215	4.951	-7.473	1.581	-5.635	10.952
-6.044	3.992	-6.450	1.917	-6.201	17.695
-8.562	2.486	-7.841	0.482	-7.892	15.791
-6.664	0.620	-6.243	2.176	-7.875	7.960
-6.078	3.178	-5.989	9.531	-7.168	14.069
-5.041	4.505	-6.875	7.553	-6.183	12.156
-6.653	2.091	-5.938	0.452	-7.749	9.776
-6.611	3.668	-6.683	9.227	-7.873	3.656
-7.321	3.512	-8.062	6.136	-8.098	8.342
-6.511	2.151	-5.077	5.354	-8.372	13.150
-7.664	1.172	-4.884	0.695	-7.653	13.086
-4.815	1.159	-7.492	8.526	-8.842	10.136
-6.488	0.135	-6.663	4.312	-6.914	8.729
-6.788	4.824	-7.625	2.006	-8.624	15.340
-6.738	3.393	-6.529	1.045	-6.585	1.405
-6.276	3.364	-6.372	9.228	-6.537	17.724
-7.361	0.160	-7.289	9.569	-5.741	15.237
-5.678	1.390	-5.344	0.681	-6.234	13.621
-6.956	4.485	-6.504	3.897	-5.299	3.602
-7.355	4.798	-4.582	0.508	-8.366	9.546
-7.099	4.313	-4.887	8.347	-7.251	7.699
-7.292	0.601	-6.236	6.559	-7.109	13.492
-6.857	1.430	-6.320	3.505	-6.675	14.814
-5.623	0.756	-5.820	2.969	-7.588	16.637
-5.678	1.572	-7.097	1.911	-5.800	8.657
-5.943	1.378	-6.818	4.466	-7.128	6.631
-5.827	2.617	-8.685	6.615	-7.553	13.757
-7.519	4.171	-9.648	4.120	-7.170	3.639
-5.685	1.672	-7.617	6.297	-6.236	13.742
-6.912	1.143	-5.356	7.962	-6.732	19.420
-6.580	0.863	-7.914	7.332	-7.855	6.327
-6.688	4.492	-8.150	0.434	-6.797	0.372
-6.902	1.499	-5.768	5.667	-6.314	17.211
-6.943	0.356	-8.028	9.430	-8.079	9.022
-7.573	4.782	-6.623	3.515	-9.416	10.968
-7.492	3.857	-6.004	0.029	-5.660	5.565
-6.373	4.324	-6.181	2.198	-6.302	16.114
-7.442	0.487	-5.486	7.978	-7.703	6.029
-6.561	2.449	-9.832	6.624	-5.807	10.061
-7.030	3.760	-8.699	2.405	-8.283	14.914
-6.250	3.642	-6.688	4.412	-6.752	2.483
-7.173	4.002	-7.582	2.933	-8.906	19.717
-7.730	3.189	-7.541	1.449	-8.413	8.971
-10.324	1.354	-8.379	4.824	-7.269	11.288
-7.882	0.740	-4.656	6.111	-7.681	3.785
-6.953	4.509	-6.336	0.444	-5.692	1.832
-7.613	4.824	-7.609	6.118	-6.238	13.420
-8.092	3.996	-8.719	4.692	-7.516	0.330
-5.213	4.645	-7.185	6.490	-7.387	14.221
-6.472	0.675	-5.330	4.000	-6.822	12.944
-6.892	3.090	-7.817	9.701	-5.446	18.147
-6.798	2.646	-8.085	6.667	-7.678	12.921
-5.894	2.375	-6.728	5.042	-5.780	6.939
-8.287	0.817	-7.492	1.664	-6.231	15.043
-6.153	0.611	-7.242	8.871	-8.795	18.113
-7.844	0.952	-8.029	8.933	-7.136	4.096
-6.641	0.427	-6.905	9.516	-5.501	8.670
-6.185	2.529	-5.145	3.396	-8.650	7.647
-6.942	2.821	-7.172	7.337	-6.521	13.601
-6.146	1.602	-6.256	0.867	-7.564	10.661
-6.181	4.265	-8.365	4.334	-6.709	5.981
