14.101	-0.205	0.148	15.225	0.113	8.532	-0.771	3.314	0.696	13.557
2.569	-1.169	-0.973	15.568	0.306	1.152	0.939	4.148	8.382	11.222
17.015	0.740	0.385	14.741	1.266	1.836	0.308	4.331	5.296	8.047
13.291	0.577	1.502	7.501	-0.160	0.432	-0.857	3.692	4.218	19.503
7.040	1.261	-0.444	8.387	1.306	5.974	1.980	2.329	4.717	11.866
18.723	-0.326	0.167	9.885	0.103	0.052	-0.326	0.600	4.039	3.190
16.489	-0.268	2.731	14.569	1.980	1.712	-0.783	1.318	5.544	0.840
7.036	1.029	-0.227	15.248	-0.081	2.777	0.880	0.481	6.481	18.660
3.879	-0.119	1.376	1.059	1.078	0.990	-0.465	3.648	7.397	7.036
16.373	0.492	0.128	0.242	0.755	8.292	1.394	1.488	0.475	3.051
1.115	0.096	1.603	16.141	-0.693	7.785	0.253	2.377	2.234	2.357
4.922	0.147	0.287	7.248	0.631	6.111	-0.119	1.166	8.756	4.605
6.813	1.078	0.208	15.246	-1.428	0.307	0.793	0.752	7.408	19.306
15.880	0.020	-1.465	7.838	0.012	1.132	-0.250	2.358	5.331	1.402
18.411	-0.644	0.384	14.880	-0.203	3.658	-1.007	4.161	3.262	4.905
2.195	0.476	0.463	16.975	0.382	2.528	-0.665	3.076	1.686	11.030
8.989	-0.382	0.784	6.103	-0.515	0.367	-0.396	3.374	4.919	18.269
18.065	0.526	-0.337	7.784	1.162	2.553	-0.173	0.301	3.338	16.052
13.538	0.722	-0.273	1.524	0.473	9.919	-0.220	0.729	3.255	0.822
17.501	-0.418	-0.745	5.528	-0.177	3.227	-0.114	0.349	1.351	6.356
4.924	-2.598	1.282	17.529	-0.371	5.348	0.427	1.518	7.733	4.586
15.128	-1.240	-2.153	4.477	-0.350	3.775	-0.458	2.147	1.614	3.953
7.134	-0.492	-0.754	18.616	-0.992	9.950	-0.085	3.860	3.802	15.782
6.307	0.900	-1.039	19.517	0.689	7.824	-1.602	2.699	5.867	6.935
10.861	0.199	-0.765	0.841	0.418	0.258	-0.051	4.734	1.719	1.695
10.684	0.187	0.509	9.352	-0.140	7.466	-1.720	1.930	3.093	8.310
7.513	-0.570	0.088	13.661	0.074	8.622	-1.162	2.913	8.830	1.304
11.192	0.226	-0.607	15.560	1.049	5.287	1.172	0.598	4.717	16.978
17.439	0.342	0.159	9.510	-0.025	7.695	0.179	3.343	0.771	16.152
15.796	-0.320	1.179	12.511	-0.761	9.926	-0.108	1.113	8.924	15.747
14.460	-1.028	1.368	18.424	1.778	9.429	-0.565	4.978	0.001	13.953
16.291	2.578	0.407	16.256	-1.049	1.651	0.206	3.602	0.124	8.252
9.349	1.577	2.344	16.472	0.338	7.267	1.154	1.427	5.828	18.068
14.868	3.989	3.120	5.709	3.995	2.299	4.823	3.893	0.775	3.024
10.859	3.939	6.349	1.718	4.966	5.292	5.679	0.047	3.059	4.445
0.090	4.089	3.713	16.955	5.591	6.677	4.388	4.654	0.516	6.224
8.340	1.660	9.794	4.487	2.952	5.002	4.822	0.475	6.551	3.792
6.391	3.239	2.721	17.982	5.608	4.500	3.161	0.807	8.684	5.008
17.399	1.862	5.550	7.438	6.758	5.068	5.317	4.447	9.654	3.657
8.977	4.229	8.298	18.310	2.545	5.087	3.752	1.540	3.783	4.465
18.230	4.248	3.932	8.502	3.418	6.520	3.754	0.568	2.330	4.878
17.629	0.212	0.669	18.480	3.130	4.458	4.333	1.927	9.614	4.073
11.535	0.039	7.082	12.883	3.801	3.958	4.067	2.305	2.807	4.287
19.554	1.656	3.652	2.603	4.973	4.307	4.046	3.567	4.050	6.786
0.657	1.610	9.740	14.575	7.451	3.662	3.495	2.560	2.523	4.805
14.072	3.579	9.647	0.762	5.970	4.569	2.345	4.798	3.145	4.746
8.807	2.407	3.517	11.871	4.585	4.309	6.504	2.503	5.585	3.594
0.586	2.604	2.883	5.993	4.919	4.488	4.569	0.589	1.245	5.990
17.061	4.646	6.969	16.518	6.535	4.889	3.932	1.709	3.016	3.589
1.087	2.665	2.332	11.036	4.663	5.646	3.659	0.614	3.788	5.090
16.936	3.447	4.652	0.642	5.141	3.477	4.795	0.380	0.242	5.541
10.328	4.322	2.304	9.254	5.596	4.115	4.770	3.332	9.767	5.371
9.278	1.051	5.746	2.450	4.236	5.045	5.808	3.199	2.277	6.343
18.107	0.969	7.518	1.772	3.434	5.424	6.611	0.656	6.251	4.933
14.585	1.441	4.818	5.238	5.080	6.638	5.175	4.895	1.585	4.770
0.229	1.582	0.182	8.556	2.824	4.927	4.523	4.680	4.835	4.840
18.133	4.237	5.275	14.503	6.802	5.523	5.296	2.191	6.332	5.121
16.428	2.257	5.507	0.103	5.433	6.350	3.420	0.560	2.482	6.578
2.587	1.124	8.127	6.787	4.669	4.562	5.098	4.482	4.407	5.113
10.605	1.038	2.107	5.166	3.605	3.432	5.046	0.081	1.375	6.777
6.273	0.320	0.702	5.331	5.238	5.112	4.270	2.200	9.420	4.757
2.163	0.081	8.864	10.165	7.032	4.984	4.746	3.203	2.362	3.845
10.365	4.202	0.817	3.963	6.855	5.112	6.067	3.322	4.183	6.645
5.399	3.532	7.353	5.328	3.579	5.520	5.157	0.235	6.511	5.951
6.292	2.112	1.357	1.949	5.325	5.388	3.983	2.928	8.099	4.904
0.552	0.415	4.086	2.122	2.698	4.077	5.732	3.998	0.399	5.731
8.977	2.219	-6.627	-7.131	4.089	3.441	18.894	-7.050	8.619	-6.518
11.243	3.023	-7.144	-8.320	2.194	3.901	8.167	-6.581	7.544	-6.770
6.560	4.440	-6.224	-8.079	2.270	0.743	19.082	-6.126	4.035	-5.410
4.329	2.665	-5.641	-7.701	0.989	2.099	18.232	-6.727	4.198	-7.772
2.230	4.593	-5.872	-6.051	3.146	1.225	3.158	-5.677	0.666	-7.162
6.833	0.503	-6.570	-6.035	4.496	9.700	11.547	-8.382	5.996	-6.407
10.480	1.936	-6.448	-6.849	4.904	1.584	8.695	-6.900	4.578	-6.386
2.469	2.838	-7.193	-8.241	4.419	1.570	1.143	-6.670	1.415	-6.641
1.380	3.085	-8.406	-7.703	0.002	5.293	19.903	-7.059	2.302	-6.686
17.276	1.994	-7.883	-5.905	2.023	3.024	1.500	-6.390	6.891	-6.192
19.284	4.664	-8.149	-7.376	0.929	3.221	16.171	-8.957	4.663	-7.327
0.130	2.212	-7.818	-8.329	3.992	4.396	16.639	-7.158	4.462	-6.932
18.198	3.925	-7.405	-5.451	4.436	2.799	14.007	-6.832	5.193	-5.604
16.717	4.200	-5.666	-7.007	4.290	3.575	0.006	-8.487	1.639	-6.922
6.764	1.933	-6.176	-7.284	0.219	1.317	15.500	-7.848	3.943	-7.717
4.923	1.552	-6.144	-6.747	1.892	4.004	3.689	-4.690	7.777	-6.432
2.988	2.038	-5.887	-5.961	4.565	2.076	19.893	-5.653	8.314	-6.792
14.563	1.618	-6.699	-7.113	1.673	4.768	13.424	-7.815	2.382	-7.953
14.658	1.545	-6.999	-8.275	1.363	1.338	14.332	-7.426	2.512	-6.762
12.101	0.239	-7.071	-6.289	0.204	9.489	1.576	-8.241	5.403	-8.594
17.332	0.032	-5.363	-7.779	3.494	1.208	13.962	-6.853	3.708	-6.081
19.723	0.181	-6.790	-7.612	1.422	1.085	5.739	-6.695	9.961	-6.429
12.627	4.160	-6.219	-9.020	2.330	4.952	12.646	-5.678	6.829	-6.767
1.884	2.028	-8.404	-5.946	2.090	3.600	0.049	-7.340	2.774	-6.802
1.155	0.101	-6.878	-6.134	2.846	3.225	10.898	-6.563	9.143	-5.857
15.534	3.498	-9.200	-7.300	2.193	0.599	3.206	-6.025	0.230	-5.631
9.562	1.982	-7.483	-6.167	0.862	4.866	16.958	-7.529	4.574	-7.112
15.021	4.937	-7.770	-7.389	1.258	5.962	16.406	-5.752	8.103	-7.242
8.800	3.765	-8.053	-5.688	0.005	5.593	3.101	-7.450	2.758	-5.973
7.623	1.054	-5.887	-6.994	4.852	3.053	19.535	-6.643	8.354	-6.481
15.280	4.745	-6.844	-6.331	1.249	2.159	17.994	-7.678	2.725	-7.659
3.231	0.540	-7.440	-9.160	3.062	9.375	6.525	-6.769	4.887	-7.352
7.499	1.531	-7.238	-5.125	4.509	3.479	9.131	-6.281	0.492	-6.744
18.986	3.088	-8.106	-5.620	4.478	0.302	18.450	-7.938	0.519	-6.711
