0.851	-3.423	2.391	1.158	-0.709	12.675	5.159	8.697	1.986	5.177
0.629	-1.084	7.651	0.641	1.035	19.823	6.013	10.631	0.393	1.673
-0.131	-0.178	3.545	0.269	-0.517	19.259	9.514	7.329	2.894	6.488
0.035	-1.726	6.020	4.255	0.253	18.517	8.186	2.782	2.289	8.269
-0.377	-1.109	0.780	0.239	-1.805	15.829	1.633	2.419	4.366	3.884
0.746	1.400	2.322	0.605	-0.197	9.958	9.773	8.096	1.125	5.009
-0.622	-1.535	9.903	2.964	-0.578	9.925	0.659	9.886	2.561	9.567
0.298	0.695	5.023	1.999	0.049	1.221	3.274	10.992	3.884	4.412
-0.401	0.158	0.389	1.395	1.686	6.725	8.495	15.410	0.930	8.059
-2.340	-0.411	4.620	2.566	-0.735	7.684	4.628	3.719	0.355	0.756
1.272	0.190	8.645	4.628	-0.391	6.769	1.562	7.365	2.907	5.593
1.406	-0.380	3.300	3.228	0.253	14.440	1.451	10.718	2.277	4.193
-0.834	-0.501	9.016	3.325	-1.629	12.242	1.963	15.434	3.901	2.570
0.297	-1.274	5.630	0.385	1.252	11.657	5.517	13.029	1.496	2.843
-0.065	1.198	0.634	3.893	-0.013	4.472	8.025	5.236	2.290	4.016
0.956	-0.715	6.896	3.338	-0.101	14.098	7.166	1.361	3.043	0.765
0.244	-0.760	9.854	4.281	-0.947	17.665	2.416	13.937	4.792	7.256
-1.102	-0.563	4.796	2.914	1.377	12.982	6.210	16.265	0.020	0.596
0.278	-0.595	7.866	4.844	0.004	7.183	1.502	16.127	3.974	2.412
0.100	-1.410	8.179	1.199	0.210	9.919	9.697	7.094	3.733	9.847
0.913	-0.946	9.891	3.111	0.456	7.777	6.106	7.616	3.852	6.018
0.527	-0.876	3.401	2.143	-1.214	12.801	1.834	2.133	2.409	5.671
-1.244	-0.625	3.106	1.170	-1.380	4.669	8.445	13.887	3.571	8.945
-1.765	-0.044	5.344	3.325	0.402	14.158	3.293	14.988	0.993	0.216
-0.425	0.023	9.461	2.942	0.717	7.152	7.577	6.893	4.035	8.790
0.774	-1.350	5.202	0.798	-0.328	0.101	4.701	18.684	0.725	5.923
0.268	0.362	4.913	3.057	-0.862	14.564	3.796	5.803	2.806	7.980
-0.689	-1.642	3.051	3.110	-1.065	3.794	1.231	5.578	3.138	4.650
-0.490	2.325	0.261	3.953	0.781	15.427	8.540	8.929	4.081	0.404
-0.505	-0.455	0.150	2.667	-0.421	12.311	3.049	10.170	4.262	1.031
0.133	-0.454	2.717	2.700	1.382	18.439	8.053	2.270	1.544	3.717
-1.514	-0.403	6.935	4.153	0.502	3.742	7.252	13.110	4.277	0.883
-1.155	0.350	7.450	4.401	1.229	9.375	8.209	8.067	0.308	9.115
-0.524	-1.341	9.802	3.848	-1.198	19.490	7.406	10.719	4.192	1.249
-1.358	1.111	4.625	2.172	1.091	13.664	1.484	15.999	1.184	9.170
0.801	1.830	5.430	4.524	-0.324	6.644	3.165	1.814	4.011	8.989
-1.719	0.196	0.453	2.323	-1.055	13.313	9.135	16.095	0.763	3.428
-0.077	-0.204	4.042	3.888	-0.266	4.393	0.469	16.068	1.781	1.913
1.303	-0.166	8.565	1.368	0.249	12.876	1.496	17.638	2.213	1.049
2.110	0.717	2.676	0.537	-0.692	14.643	6.591	8.049	2.457	9.898
0.114	0.732	5.567	0.398	0.498	13.218	8.436	5.604	0.654	0.819
-1.917	1.259	1.382	4.710	-0.615	19.306	6.316	19.642	2.842	8.259
1.276	1.309	5.727	2.399	0.068	19.744	7.547	8.858	0.099	2.753
1.683	-0.212	9.924	4.686	-0.258	5.189	1.218	8.743	1.497	6.020
0.102	0.918	1.264	4.730	0.455	7.410	3.968	4.927	3.157	6.068
-0.206	-1.884	9.447	2.533	0.148	2.057	4.328	12.556	2.045	8.803
0.845	2.873	2.961	4.274	0.140	19.241	9.568	16.153	1.137	9.577
0.883	1.094	7.187	0.841	-1.486	16.057	7.570	9.117	0.792	7.912
-0.317	-0.199	4.455	4.402	-0.431	12.325	0.604	0.951	2.852	3.648
-0.134	0.544	7.569	0.466	-0.137	14.526	4.139	1.045	0.832	1.866
1.244	0.956	2.705	0.090	-0.057	12.021	0.148	2.763	0.772	8.767
-0.419	-1.987	8.867	4.856	0.624	13.692	2.825	13.490	3.385	7.141
-0.341	-0.566	7.840	4.484	-0.607	7.701	4.949	3.688	0.307	6.232
0.966	0.057	2.477	4.034	-0.510	17.334	4.279	19.142	4.213	2.578
0.459	-0.667	5.557	1.974	0.477	5.746	7.654	5.464	3.292	5.926
-0.088	0.098	2.462	2.968	0.623	17.039	1.650	10.064	0.969	2.468
0.424	-0.020	3.957	0.666	-0.950	14.522	7.699	17.550	1.041	4.628
0.192	-1.330	4.930	0.521	0.469	7.390	6.914	4.258	0.243	5.953
0.498	0.246	8.488	2.789	-0.594	5.621	1.633	1.568	0.646	5.539
-2.397	-0.902	9.709	2.387	-1.232	16.772	6.594	1.781	2.208	6.665
-0.840	0.216	1.026	0.283	1.168	11.028	7.289	5.907	1.414	8.216
0.657	2.237	5.587	4.589	-1.051	3.207	6.038	1.744	1.281	3.737
-0.713	-0.829	4.261	1.613	-1.187	3.300	6.626	14.804	3.606	1.659
-0.720	-1.296	9.711	3.833	-0.532	13.680	3.676	9.674	3.051	7.655
0.107	-0.359	3.518	1.538	-1.208	13.340	8.024	10.247	3.689	4.019
-1.134	0.374	5.585	4.305	-1.083	7.724	8.279	17.341	3.603	0.638
0.095	-1.093	5.024	4.856	2.084	2.491	0.336	13.912	1.852	2.550
0.147	-0.123	6.007	2.373	1.015	0.987	4.342	5.152	4.634	0.275
-1.445	0.074	7.533	2.324	-1.708	8.800	3.237	7.024	1.323	6.968
-0.051	-0.530	1.720	4.203	-0.631	1.373	0.034	18.328	1.979	6.043
0.111	1.257	6.387	0.232	-0.073	10.819	0.185	16.062	3.259	9.861
-0.347	-0.025	5.544	2.320	1.607	15.756	4.554	6.913	3.347	7.216
-1.343	-0.910	4.364	4.571	-0.750	11.558	8.206	10.561	3.193	1.200
2.143	1.951	3.837	3.060	-0.998	2.774	6.606	11.760	2.340	9.861
-1.612	0.086	5.531	3.081	-0.512	1.938	1.433	2.244	2.415	6.134
0.702	0.161	4.636	2.681	1.027	7.928	0.902	9.740	1.428	6.784
-0.492	1.223	0.457	2.399	-1.522	17.059	9.872	5.064	1.086	3.793
-0.244	-0.878	3.546	4.045	-0.188	19.892	7.762	0.646	4.655	2.440
0.248	1.024	4.903	2.196	-0.037	0.346	7.685	4.970	3.249	3.865
-0.795	-1.722	4.878	3.700	-0.407	9.379	5.567	0.748	1.123	4.969
0.216	-0.518	9.852	1.532	0.240	4.458	2.232	11.857	2.207	7.783
-0.977	-0.012	5.689	3.025	1.320	15.811	5.446	1.540	4.726	5.346
-0.490	-0.905	2.902	1.655	-0.745	1.916	1.702	7.673	2.707	7.875
-0.062	0.337	5.349	1.148	0.680	13.009	6.737	4.654	0.605	9.083
0.397	-1.107	5.919	2.138	-1.019	8.617	4.851	15.482	4.003	0.195
0.892	0.281	0.369	3.364	0.344	8.096	3.133	6.821	2.964	0.954
-0.499	-2.317	9.325	3.556	-0.722	0.456	4.683	0.892	3.879	5.453
-0.678	0.033	9.523	4.771	-1.426	12.238	6.856	18.029	1.410	3.740
-0.558	1.398	8.880	4.060	-0.301	15.772	2.657	12.894	0.657	5.081
-0.555	0.099	6.309	1.160	0.805	18.914	1.859	11.659	4.023	8.210
-1.460	-0.043	9.932	3.374	0.253	7.775	7.420	14.953	0.107	0.159
-0.926	0.279	8.761	3.856	-0.251	2.633	9.676	11.360	0.822	9.258
-2.252	1.327	7.830	0.012	0.688	3.486	9.193	5.375	1.915	5.980
-1.868	0.238	1.320	2.078	-0.620	14.422	1.538	18.682	2.973	6.456
-0.324	0.154	5.378	2.549	0.091	1.214	2.965	11.235	1.501	9.664
-0.714	-1.091	0.460	2.451	0.077	5.529	3.358	14.872	0.607	2.285
1.295	0.821	6.883	2.664	-1.827	17.298	0.279	7.324	0.528	0.862
-0.264	-0.809	7.556	3.393	1.532	14.745	6.512	1.338	2.600	4.611
-0.309	0.237	5.323	4.251	-0.210	8.943	5.946	8.542	1.347	0.285
0.865	-0.255	6.841	0.551	-0.447	5.293	2.280	13.525	1.336	0.280
0.996	-0.033	0.850	3.708	-0.023	18.383	5.132	7.031	0.292	1.549
2.417	0.023	0.607	2.929	1.442	13.180	8.880	4.981	2.259	8.267
1.950	-2.051	9.414	4.026	-0.086	1.596	2.760	8.556	4.940	0.693
1.541	0.366	4.841	4.740	0.698	18.190	4.082	4.409	1.366	8.139
-0.230	1.902	5.574	1.015	-0.318	11.433	5.293	4.266	3.744	1.207
1.027	0.071	9.374	3.077	0.002	4.270	6.310	0.261	1.159	2.319
0.502	0.233	8.339	2.577	-1.322	14.750	2.550	10.518	3.556	0.019
-0.356	1.841	9.324	0.646	1.105	13.420	3.451	1.221	3.384	2.402
0.157	1.908	5.633	0.061	-0.106	6.410	9.860	1.275	1.609	6.545
-0.531	-0.203	8.172	2.740	-1.122	4.271	9.234	9.717	3.691	2.681
-0.548	-0.299	4.852	3.101	-0.586	0.770	9.566	11.474	0.122	5.641
-0.143	-0.353	5.671	2.768	-1.344	0.438	5.361	17.575	4.425	8.802
0.332	-0.122	6.835	1.955	-1.510	14.802	7.390	19.889	0.709	9.235
0.127	-0.611	1.493	1.010	-0.831	14.337	4.621	18.738	3.241	6.070
-1.014	-0.227	6.997	1.844	-0.055	19.733	3.038	6.050	1.639	4.376
-0.092	2.285	0.359	2.107	0.773	8.808	7.244	3.364	1.661	7.657
0.963	0.001	7.799	4.436	-1.706	16.106	6.290	3.188	4.280	4.470
0.202	0.208	9.285	1.944	-1.948	16.714	1.468	13.500	1.470	3.628
-0.941	-0.088	8.102	4.003	0.008	15.687	6.375	2.977	3.585	5.497
2.578	-1.514	2.454	4.855	-1.189	6.577	9.729	1.073	0.855	6.548
0.383	-0.578	2.642	2.368	-1.622	2.755	3.804	10.993	1.464	8.777
1.240	0.397	0.740	2.883	1.513	12.016	4.992	7.740	0.152	3.513
1.009	0.141	8.460	4.570	-0.040	12.618	8.335	2.173	3.646	2.664
-1.121	0.627	3.158	3.465	-0.762	9.366	1.596	11.675	3.469	1.381
0.541	-0.944	4.851	3.614	-1.567	18.826	8.027	10.450	3.197	1.023
-0.788	-2.079	6.681	0.548	-0.056	19.633	0.463	2.425	2.793	8.449
0.046	-0.137	1.733	1.248	-1.253	4.349	6.802	6.148	1.283	5.776
0.786	-0.744	9.378	3.739	1.259	7.091	2.579	17.741	2.411	4.635
-1.781	-0.365	4.400	1.255	0.813	12.983	9.563	14.578	0.857	2.454
0.026	0.758	1.775	2.824	1.707	13.329	2.109	16.402	2.841	5.291
1.766	-0.990	6.627	1.760	1.734	5.980	5.608	9.974	0.221	8.357
0.218	0.406	6.184	1.377	-0.335	6.903	5.274	8.358	1.925	7.403
-0.269	-0.695	0.403	0.262	-0.232	15.380	4.912	9.817	2.242	9.287
0.451	1.555	7.376	2.887	1.185	4.026	0.400	14.732	2.671	4.850
0.046	0.695	1.908	4.970	2.013	18.730	6.506	17.405	3.352	5.229
-1.671	-2.422	3.648	2.316	-1.726	6.422	5.627	18.920	2.838	4.203
0.660	-0.452	7.699	2.333	-1.076	11.813	7.253	16.479	2.104	2.210
-1.906	0.447	2.822	4.836	0.587	3.267	8.315	12.751	3.733	1.395
-0.019	0.200	5.588	4.809	-0.612	5.679	9.126	5.447	1.025	3.829
-0.405	0.079	7.506	4.566	0.843	9.882	0.836	9.274	0.378	6.011
-0.912	-0.421	0.237	1.975	-1.540	10.794	7.427	15.758	1.000	8.300
-1.322	-0.035	9.309	3.933	0.015	18.693	0.621	11.238	3.626	1.712
0.483	0.465	8.475	0.553	0.003	0.049	2.886	6.127	0.854	5.330
-1.437	-0.090	4.075	4.598	-1.083	7.873	8.519	15.102	4.877	5.511
-0.522	-0.821	3.219	2.659	1.148	13.478	7.423	15.422	3.854	5.256
1.649	-1.341	7.215	4.456	0.338	8.683	7.085	11.408	4.675	0.555
-0.178	-0.279	2.282	1.279	2.569	10.411	4.030	12.821	1.553	2.870
-0.839	1.491	4.319	3.930	0.136	16.284	8.973	14.053	3.599	3.763
0.390	1.676	7.956	4.958	0.490	9.418	0.527	15.083	4.030	3.691
0.557	0.303	1.472	3.131	-1.317	7.593	9.157	2.341	0.778	8.518
0.804	-1.049	4.430	0.194	0.066	15.292	1.758	13.652	4.033	8.807
0.010	0.873	9.600	3.853	-1.551	10.479	6.886	17.142	3.488	9.752
-0.065	-0.768	8.088	1.234	-0.473	9.577	0.264	15.054	3.104	9.104
-1.449	-0.651	5.850	1.836	0.654	1.696	9.872	6.545	1.748	4.232
-0.347	0.064	0.543	1.093	0.290	15.847	8.982	17.316	3.949	3.100
-1.345	-0.322	2.420	4.080	-1.114	12.955	6.452	5.378	3.478	0.382
0.777	0.023	3.437	4.771	-1.447	17.466	8.053	14.255	2.373	4.896
-0.122	-0.951	0.758	3.357	0.034	8.664	1.210	19.296	0.220	7.382
-1.181	0.198	6.607	2.756	0.969	16.872	0.146	12.798	4.560	3.819
0.983	1.264	0.297	4.174	-0.060	9.539	4.346	19.877	2.727	8.454
0.106	0.687	0.819	1.761	-1.465	2.625	1.902	8.831	4.003	0.869
-0.387	1.232	4.813	2.788	0.123	18.312	9.569	9.885	3.014	6.143
0.134	-1.059	7.664	1.169	-0.266	3.549	1.840	9.207	3.374	6.133
0.078	-0.699	7.808	1.211	-0.341	11.257	2.268	2.293	0.465	0.564
-2.164	2.160	1.892	2.004	-2.297	4.832	8.611	15.116	4.994	1.848
-0.391	1.217	5.066	4.915	-0.113	10.581	6.219	3.643	2.453	6.246
-1.654	2.379	4.914	1.730	0.919	8.721	4.513	18.697	4.198	2.066
0.777	0.186	0.638	2.039	0.002	12.297	0.637	19.416	3.102	6.086
-0.399	1.650	5.360	3.515	-0.104	14.744	7.360	9.951	2.392	6.371
-0.395	-1.269	2.068	4.243	-0.326	6.447	4.391	11.514	1.843	2.514
-1.726	-0.698	2.664	0.693	-0.474	11.099	1.122	8.826	4.478	8.916
0.935	0.841	0.038	1.490	0.571	18.042	5.841	2.177	3.076	8.671
0.273	2.434	5.284	0.075	0.644	8.309	1.177	17.115	4.107	1.383
-2.397	1.390	9.851	1.797	0.664	16.615	5.248	13.480	1.843	1.355
0.581	0.640	2.124	4.942	0.244	6.769	9.601	19.814	4.420	5.092
0.520	-1.698	9.270	0.086	0.216	16.985	3.940	3.800	3.846	2.629
-0.941	-0.605	8.613	3.447	-1.775	6.984	6.108	10.039	2.326	7.330
0.769	-0.618	7.517	4.528	-0.353	18.407	2.647	7.036	3.107	5.474
0.383	-0.324	4.266	1.145	-2.519	10.834	2.471	11.767	1.155	4.950
0.490	0.346	7.316	4.534	2.104	10.719	8.741	6.135	4.143	9.592
-0.545	-0.912	9.270	0.234	-0.295	6.233	7.354	5.007	1.508	4.345
-2.076	-0.062	7.242	3.852	0.871	1.589	2.664	19.777	3.623	5.666
-1.963	-1.983	0.614	2.278	0.996	5.460	3.392	17.489	0.535	3.039
0.729	0.325	3.252	4.239	0.323	10.128	4.194	8.316	4.430	1.062
1.130	0.934	7.300	3.379	0.329	11.193	4.005	7.791	0.826	3.122
-0.269	-1.112	9.380	2.735	-0.399	17.745	0.476	12.248	3.685	2.551
1.596	-1.199	6.336	4.416	-0.760	16.648	0.889	17.361	2.169	0.466
0.767	0.865	1.672	4.902	-1.040	2.412	7.793	3.162	2.833	8.654
1.201	1.650	0.749	1.712	-1.219	2.318	2.804	3.673	4.015	5.648
-0.070	-0.409	6.384	2.064	1.535	7.983	7.550	2.469	3.133	9.230
0.869	-0.100	8.268	0.895	-0.543	1.166	2.369	2.271	1.622	7.078
1.707	-0.211	4.324	2.694	-0.068	14.857	5.003	10.970	1.834	7.740
-0.676	1.558	5.038	1.880	-1.924	1.635	5.135	19.311	0.049	3.539
-0.176	-0.449	4.226	0.702	0.014	1.488	2.166	17.993	0.198	3.623
-0.325	0.301	9.167	0.927	0.623	10.104	4.351	3.215	2.480	0.042
-0.523	0.091	3.283	3.053	0.106	7.891	7.074	3.405	1.496	3.876
-0.763	-0.258	2.828	4.403	-0.894	10.373	8.951	13.916	3.210	9.265
0.037	0.458	9.546	2.155	0.248	7.338	3.913	7.157	4.129	2.075
-0.512	1.949	5.303	3.583	0.802	17.420	1.981	8.446	4.418	3.569
0.734	0.380	8.685	4.315	0.789	8.910	5.527	3.851	3.598	3.958
-1.219	-1.113	7.522	2.745	0.740	0.487	7.901	13.895	3.221	8.821
0.289	-1.164	9.877	2.574	0.437	15.142	2.932	4.634	1.966	6.138
0.432	-0.837	6.668	4.763	-0.061	11.650	7.219	14.804	0.666	9.654
-0.017	0.189	4.444	0.787	-0.980	9.620	6.892	17.297	3.783	2.743
-0.619	-1.301	3.125	3.076	-0.990	11.837	1.405	8.222	1.419	2.929
0.148	-1.374	6.082	0.135	0.730	5.435	3.499	7.039	3.860	7.844
0.748	1.089	7.341	0.113	0.438	1.826	1.116	5.641	0.177	5.131
0.372	1.514	3.641	2.598	-1.242	18.140	0.037	11.504	1.303	5.144
-0.583	0.629	2.128	4.620	-1.086	12.543	9.148	3.667	3.028	0.419
-0.047	2.719	8.396	1.405	-1.457	17.755	8.281	17.736	0.079	1.830
0.643	-0.039	6.670	3.865	-0.223	9.115	8.300	10.876	2.710	6.648
0.945	-0.876	9.468	1.860	-0.518	3.852	6.324	6.912	3.412	7.815
1.089	1.192	0.836	1.369	0.318	1.403	3.865	3.524	2.814	1.334
-0.298	-1.087	6.867	2.305	-1.516	5.348	1.029	18.364	1.607	6.666
-0.928	0.864	7.609	4.095	-1.179	7.883	2.096	10.099	2.699	1.733
-0.606	-0.130	9.924	0.245	-1.325	0.050	9.576	9.438	2.256	1.187
-0.282	0.717	7.429	2.941	1.193	7.861	0.238	1.909	0.185	3.973
-0.487	-1.532	6.306	2.144	-1.127	2.802	1.506	18.211	3.206	7.888
-0.661	-0.429	2.048	2.944	-0.992	6.857	1.484	11.717	3.939	6.346
1.478	2.147	5.505	1.882	0.513	11.395	1.436	7.943	3.232	2.065
0.690	-0.932	0.783	2.377	-1.141	16.315	6.842	7.687	3.074	6.270
-0.669	-0.698	5.001	3.615	1.173	17.419	9.568	12.314	2.477	5.060
-0.688	0.422	3.847	0.576	1.050	4.498	9.267	14.540	3.509	6.600
0.495	0.398	3.852	4.448	0.903	17.770	7.007	3.499	1.624	0.273
-0.679	-0.687	6.569	2.254	0.939	8.775	5.236	4.638	0.067	3.410
1.194	-1.754	1.292	3.847	-0.646	19.657	6.520	19.810	2.131	3.822
0.274	-0.100	5.114	2.354	2.689	16.453	3.109	14.631	4.476	4.156
-1.025	1.269	6.974	0.678	0.606	5.161	2.657	18.789	1.558	4.583
-1.287	1.175	1.887	3.009	-0.148	7.418	0.212	6.909	2.781	9.993
-0.474	-1.451	5.377	0.359	-1.171	0.929	2.948	1.754	0.708	6.968
0.760	-1.286	9.648	4.068	-0.527	12.292	0.673	3.411	1.341	1.547
-0.769	0.167	2.729	4.003	1.522	8.373	1.276	16.056	0.573	9.558
0.959	-1.085	6.646	0.370	-0.487	19.743	1.486	16.025	4.324	6.517
1.586	-0.564	6.397	2.288	0.949	13.131	3.180	18.374	0.090	5.098
-0.265	1.812	3.066	1.542	-0.614	18.292	2.011	0.198	3.609	3.090
-0.467	-0.159	6.968	2.748	-0.181	14.919	5.525	17.976	1.287	3.761
0.698	0.197	3.707	1.371	-1.167	15.590	9.912	9.173	2.461	9.240
-0.512	0.145	8.422	0.601	0.125	8.346	6.504	6.269	2.426	5.838
-1.667	-0.568	9.767	2.115	0.558	11.053	1.287	1.233	2.757	8.386
-0.725	-0.508	4.840	4.784	-1.569	10.496	7.863	5.525	1.907	7.429
-0.763	0.260	2.301	2.032	-0.333	17.004	2.947	17.872	2.881	3.289
0.342	0.453	9.006	3.194	-0.609	13.342	9.838	1.685	3.756	2.230
0.115	0.118	8.922	1.874	-0.891	19.515	1.640	8.811	1.988	9.917
-1.242	-0.121	0.193	2.189	-0.133	8.774	1.054	1.480	0.528	5.996
0.553	0.115	3.230	2.834	-1.130	18.511	5.685	19.536	4.117	9.531
-1.067	0.235	8.501	0.370	-0.540	17.786	9.055	12.151	1.390	6.173
1.127	-1.250	2.727	0.053	-1.336	18.621	5.985	17.950	2.589	9.074
0.722	-0.488	8.426	2.989	0.605	5.717	5.186	12.337	0.946	6.616
-0.033	-0.737	1.951	2.040	0.598	14.896	2.122	16.604	4.348	9.758
-1.569	-0.760	6.094	2.049	-1.177	17.667	0.071	13.479	3.687	8.967
1.052	1.070	7.354	3.847	-0.766	4.843	9.797	12.441	3.739	4.343
0.106	-1.243	3.035	1.790	1.919	4.707	8.717	0.883	0.117	5.985
-1.204	0.956	6.644	3.680	-1.369	16.629	9.021	4.357	1.943	6.164
-0.173	0.579	0.344	4.640	-0.419	2.898	7.422	3.809	2.472	2.543
0.467	-1.362	6.842	0.122	-0.668	18.452	7.570	2.300	4.194	0.195
0.112	-0.379	9.140	2.463	-0.900	14.356	1.840	9.213	0.143	9.518
-1.016	-0.063	5.965	2.574	0.100	5.104	5.188	16.523	1.919	0.288
1.737	-0.650	5.294	4.122	0.125	17.930	1.018	0.661	4.550	4.288
1.389	-2.097	9.252	0.857	-1.380	13.454	8.165	7.044	2.729	2.259
1.647	1.834	9.902	0.256	-0.032	13.473	3.290	5.011	0.988	1.613
0.085	0.269	3.268	0.249	-1.075	17.783	9.220	2.432	2.877	3.044
0.044	0.277	9.105	1.890	-0.748	1.871	8.563	5.260	0.776	2.261
-2.049	-1.915	1.076	3.605	-0.499	5.120	0.485	18.373	3.783	0.502
1.441	-0.363	6.762	4.398	-1.136	11.066	0.374	7.545	1.801	5.412
2.209	0.827	8.115	4.710	0.354	13.791	2.458	5.913	4.596	0.986
-0.771	0.513	0.203	3.893	-0.151	18.008	8.647	16.477	1.110	2.501
0.805	1.404	0.196	3.423	0.049	5.032	8.124	4.242	2.853	4.047
0.621	-0.928	2.578	0.392	0.171	1.131	3.491	17.447	3.562	3.892
0.308	0.899	6.025	3.392	0.258	10.313	4.551	19.869	4.444	5.089
-0.926	-0.404	2.521	2.317	0.795	15.058	2.045	3.209	4.172	9.715
1.541	0.907	1.204	1.257	-0.373	0.392	0.191	18.861	2.540	2.589
0.585	1.101	0.889	3.814	0.061	7.584	1.551	10.365	4.797	5.932
0.088	-1.263	5.464	1.267	-0.591	20.000	6.511	1.055	3.258	3.479
0.406	-0.664	9.994	1.001	-0.666	2.248	2.065	14.057	1.674	8.720
0.922	-1.189	6.248	2.470	-0.326	15.584	6.311	18.423	4.754	3.946
-0.462	0.026	4.083	3.597	0.520	18.989	6.321	15.197	4.995	4.582
0.929	0.686	8.165	0.920	0.904	19.779	4.379	18.732	0.947	0.089
0.608	0.779	8.519	1.527	-0.462	14.851	2.101	11.666	3.496	5.652
0.885	1.023	3.530	3.486	0.367	16.443	1.118	14.022	1.899	7.212
-1.455	-2.224	9.649	3.661	0.012	13.192	8.380	8.153	0.445	8.102
0.557	1.357	9.070	0.730	-1.339	19.491	7.051	2.642	1.411	5.304
0.317	0.734	2.327	4.444	-0.688	4.049	4.541	5.767	4.247	6.855
-0.470	1.175	6.174	1.763	-1.127	3.494	6.811	19.126	2.302	9.312
-0.684	1.088	3.855	3.705	0.553	11.611	9.993	0.761	0.577	2.720
0.329	-1.216	1.647	3.140	-0.016	15.098	9.461	9.157	1.085	4.243
-0.602	0.900	5.193	1.230	0.327	1.470	8.900	9.940	0.550	0.056
-0.805	-0.685	6.187	4.703	-0.443	15.760	2.859	6.153	0.967	1.876
-0.779	0.573	9.155	4.510	-0.581	2.446	4.971	10.101	3.311	9.317
-0.606	-0.388	9.785	2.371	0.011	18.790	3.342	1.063	3.056	2.654
0.338	0.464	3.092	2.509	0.653	14.833	6.433	12.829	0.761	7.271
-0.035	-0.335	0.672	1.436	-0.998	5.368	4.487	16.579	1.092	7.885
0.669	0.466	6.831	2.278	0.535	7.463	3.977	10.249	0.295	6.696
1.204	-1.402	0.296	1.525	1.595	6.366	0.857	15.402	0.794	4.429
-1.368	-0.197	4.663	4.332	0.672	13.546	3.028	10.496	1.651	3.438
0.310	-0.641	3.391	3.278	1.295	1.069	9.317	0.622	1.702	9.863
0.380	-0.540	5.550	3.148	0.330	13.805	6.659	8.810	1.503	8.937
0.254	1.286	5.419	2.535	0.477	18.398	2.355	3.730	3.344	1.660
-0.687	1.746	3.450	4.637	1.572	8.398	9.909	14.911	3.345	7.665
0.994	-0.777	4.008	4.756	-0.243	3.125	6.081	3.128	4.683	1.000
0.526	-0.116	6.862	1.328	-0.958	2.545	3.225	12.608	3.095	1.906
-1.128	0.602	4.709	4.745	2.552	11.464	2.938	9.851	2.323	4.879
0.441	-0.116	8.010	0.884	0.632	5.231	6.882	14.198	0.106	8.840
-0.674	-1.133	8.151	4.068	1.226	11.578	7.346	17.035	2.256	2.773
-0.722	0.791	7.642	0.893	1.142	3.639	2.674	2.213	2.191	7.037
1.590	0.385	5.865	3.043	-0.551	13.611	3.692	9.902	4.839	6.212
1.073	0.242	2.324	0.772	-0.411	6.038	6.922	19.210	2.506	5.758
-1.070	0.267	2.333	1.701	1.536	8.697	0.119	9.926	0.700	5.258
-0.041	-0.381	1.985	0.801	0.025	2.887	7.935	17.120	1.173	6.931
-0.832	-1.290	8.913	2.720	-0.676	8.047	6.627	3.039	3.722	3.449
0.725	1.117	2.701	4.354	-1.240	9.090	7.022	13.203	0.843	5.024
0.884	-0.038	0.890	2.329	-2.028	4.661	0.862	6.473	3.745	7.468
-0.132	0.486	1.179	1.659	1.100	9.140	2.326	12.739	0.838	9.643
-0.844	-1.516	0.139	1.908	-0.568	2.203	6.112	17.769	3.044	0.690
-0.265	0.486	2.128	3.718	1.337	8.113	9.918	19.353	0.134	4.931
-1.203	1.870	4.420	4.826	0.910	11.790	4.651	15.185	0.198	2.338
-1.943	0.180	3.299	0.683	0.809	7.719	6.803	14.249	4.918	0.944
0.381	-1.506	0.363	2.199	0.332	18.296	9.316	8.782	3.087	1.336
-0.957	-0.836	0.872	2.601	0.594	19.106	6.162	17.627	0.221	1.845
0.903	-1.484	9.639	1.147	-1.274	18.971	2.933	1.686	1.956	9.239
-0.519	-2.265	3.583	2.426	2.738	19.705	7.333	16.368	2.301	0.319
2.695	0.761	4.907	3.437	-1.065	1.908	2.621	18.370	3.647	1.143
0.279	1.623	8.904	2.060	2.205	9.707	6.845	4.500	3.823	5.131
2.017	-0.326	0.210	4.859	1.196	16.836	8.714	15.984	2.114	0.098
-0.783	0.409	9.286	3.138	-0.718	15.358	1.186	13.215	4.609	2.227
0.296	0.305	4.186	0.121	1.556	0.285	6.308	11.607	2.107	1.832
-0.823	1.137	6.464	0.131	0.169	7.221	0.635	9.001	3.722	2.978
0.635	-0.464	9.871	0.625	1.555	19.941	6.868	6.120	2.592	8.611
-2.959	-1.651	0.146	1.945	-0.733	14.700	5.521	15.378	1.096	9.002
-0.565	1.459	2.938	2.786	0.769	18.190	6.757	11.965	4.595	9.170
-0.200	-0.391	3.796	0.202	0.043	5.199	2.991	13.762	0.486	7.421
0.309	0.095	9.281	4.947	0.613	11.894	7.191	12.087	3.660	7.569
0.472	0.016	7.675	3.341	-1.220	2.255	0.176	13.584	2.044	7.284
-2.513	1.143	6.091	1.465	-1.588	6.370	9.299	16.660	0.740	9.037
9.226	7.148	4.970	3.117	7.922	4.203	4.374	16.245	5.775	1.045
6.175	5.868	5.079	3.741	10.088	9.629	6.423	18.177	3.498	5.391
16.902	1.635	5.673	2.512	18.548	4.126	5.584	9.122	2.820	9.326
7.182	0.622	5.315	3.166	5.141	4.305	5.328	9.412	3.231	9.173
5.957	1.729	4.127	1.649	19.731	8.823	5.915	5.254	6.024	0.733
15.812	2.937	4.675	3.918	7.493	17.322	3.782	11.074	4.663	7.516
12.871	6.998	4.159	1.898	8.754	8.657	5.304	1.499	5.581	5.644
9.405	2.113	3.853	3.226	19.598	11.601	4.870	9.606	5.899	0.478
2.391	0.610	4.774	0.422	0.095	9.484	6.473	13.168	5.668	5.267
19.770	6.198	4.223	2.879	10.230	18.864	5.468	4.386	4.884	4.343
15.144	2.561	4.946	1.600	7.570	14.644	6.364	15.831	5.894	2.457
11.389	0.436	4.945	3.160	19.505	7.487	4.901	18.032	4.293	6.828
6.834	4.301	6.251	3.329	19.325	18.269	3.672	12.410	5.600	1.765
8.257	1.041	3.928	0.407	2.070	3.851	4.243	6.755	4.707	1.366
19.553	5.200	4.192	3.428	6.480	0.026	3.657	17.561	5.497	8.042
16.831	0.058	5.157	2.932	2.821	12.632	5.434	19.103	5.109	4.142
19.230	6.720	5.432	3.074	12.860	10.131	4.323	9.524	5.693	3.389
12.916	1.253	6.756	0.615	3.279	12.013	4.210	14.253	4.944	9.114
3.396	8.815	5.291	1.701	17.725	3.769	5.634	16.443	5.045	4.619
1.049	9.949	4.950	4.004	10.547	17.098	4.931	2.352	5.362	3.635
4.605	6.279	4.966	3.532	1.707	11.744	7.243	15.931	4.397	2.064
18.112	8.347	3.478	3.917	15.375	4.798	3.817	8.872	5.333	0.133
15.055	4.895	3.933	3.461	15.991	13.537	5.496	10.937	5.378	2.667
16.604	0.643	3.375	4.546	12.064	18.556	4.153	9.546	5.549	9.598
3.347	0.518	7.295	1.346	10.345	11.456	6.075	0.382	4.967	2.772
17.781	8.401	4.634	3.025	2.304	16.865	3.974	3.957	4.538	8.664
19.703	9.035	5.522	2.632	14.243	13.676	7.250	14.101	5.570	1.259
18.615	6.882	3.395	0.650	16.817	17.093	6.472	0.166	5.526	2.650
5.003	9.342	5.692	1.469	12.631	19.197	4.505	14.891	4.652	3.680
18.763	6.601	6.820	2.850	15.209	10.477	5.358	9.898	4.994	3.324
0.687	1.997	4.427	0.223	17.912	11.337	4.901	10.976	5.873	2.685
15.451	8.899	4.397	0.543	13.412	16.402	5.752	12.691	4.907	2.426
9.812	1.781	4.746	2.061	15.538	2.816	3.905	9.369	6.265	6.009
1.781	2.633	4.410	0.254	6.676	10.851	5.201	1.083	6.483	8.565
7.403	2.911	4.188	2.776	6.271	13.191	4.799	4.969	5.472	2.565
9.955	5.359	6.682	4.500	5.827	9.466	5.292	17.790	6.313	2.732
16.565	3.799	4.351	2.925	0.183	8.438	3.378	1.750	6.107	7.636
14.642	2.392	3.208	0.416	3.230	10.217	4.177	4.399	3.962	1.660
11.879	6.660	6.553	4.367	19.616	2.754	6.066	4.295	4.605	6.990
6.556	4.556	4.681	0.083	17.133	1.957	5.217	10.143	5.742	3.784
19.332	9.996	4.941	1.613	16.306	17.263	4.977	0.883	3.456	7.745
10.198	9.972	4.161	1.300	1.080	4.310	4.878	1.352	3.376	9.813
1.970	6.912	3.893	4.764	18.797	7.074	7.453	10.910	4.486	4.154
11.525	1.569	5.057	3.971	6.193	18.964	5.244	7.034	4.569	4.537
18.645	3.582	5.637	4.585	0.449	3.329	6.020	9.423	4.330	9.466
15.972	5.487	6.184	4.530	13.728	14.221	5.846	19.269	5.912	5.733
12.972	3.515	6.260	0.651	7.816	3.398	4.001	13.600	5.866	4.652
11.934	1.925	5.095	2.275	16.069	17.965	4.239	15.240	5.389	0.408
16.742	3.269	5.711	4.833	10.062	2.516	5.585	9.186	5.907	6.804
1.080	9.313	6.222	4.290	2.495	11.638	3.847	2.946	5.209	1.001
16.304	9.905	4.829	2.801	16.828	18.758	5.270	6.805	4.808	7.331
1.782	5.145	2.713	3.576	13.716	7.888	4.217	1.276	4.752	4.396
14.372	9.666	6.178	0.829	17.753	2.168	5.611	16.552	4.163	0.683
11.223	4.378	3.933	4.190	6.164	17.485	6.983	10.024	4.751	7.408
12.980	6.095	5.976	0.045	11.214	8.909	4.397	16.289	5.447	2.300
6.639	0.781	4.080	4.097	8.903	10.189	5.174	8.902	4.771	5.593
0.560	3.919	5.179	2.272	11.794	5.049	4.307	7.582	3.648	5.503
12.850	0.916	4.225	0.893	9.624	3.235	3.612	7.331	4.889	9.082
18.083	7.499	4.408	2.710	7.393	17.936	5.664	11.391	5.254	0.074
14.273	7.646	3.273	0.051	11.239	4.127	5.313	14.805	7.059	7.344
18.204	0.217	5.668	3.776	16.279	18.419	6.652	8.185	4.841	3.211
19.794	0.072	6.645	2.030	7.607	1.606	2.565	17.917	4.590	4.868
14.503	8.204	5.827	4.580	10.707	3.162	6.132	17.865	4.011	9.019
1.660	4.557	5.602	0.360	13.427	10.264	5.956	16.021	4.172	8.978
12.396	5.292	5.132	1.235	6.025	19.515	4.246	2.554	4.702	5.765
7.674	9.923	2.672	0.022	14.920	16.344	4.233	14.112	4.469	0.040
10.407	0.270	4.574	2.258	12.798	0.094	5.969	5.537	5.655	5.007
10.657	3.699	4.848	0.131	4.351	19.710	4.187	15.587	5.932	1.428
17.449	7.706	6.348	1.170	4.733	15.637	4.197	18.374	4.273	8.161
13.698	3.654	3.853	4.901	10.870	18.151	4.042	19.067	5.400	8.151
12.235	5.127	4.727	2.490	15.440	15.101	5.981	12.621	4.796	5.767
4.291	5.615	5.116	4.705	15.030	10.000	4.884	12.516	5.147	8.321
5.213	4.406	5.073	0.939	18.951	14.518	6.373	9.893	6.326	3.428
14.578	4.813	5.408	4.997	2.143	5.226	4.938	14.363	5.469	9.622
16.755	1.575	4.626	0.243	18.713	11.097	4.618	1.534	7.024	3.704
18.543	1.597	4.710	0.672	5.985	6.691	3.682	18.675	6.640	5.653
14.857	2.659	6.460	4.657	5.681	17.458	6.221	1.984	3.901	4.997
15.006	9.933	4.829	3.941	12.894	19.300	5.092	11.599	6.133	1.916
15.192	4.567	3.269	4.450	4.907	8.131	5.549	16.170	4.219	6.965
4.894	4.220	5.924	3.046	7.588	3.113	5.077	15.918	5.070	4.562
12.851	5.973	5.170	3.675	0.047	11.037	4.807	5.842	4.141	4.561
8.003	3.420	3.600	3.062	16.130	16.895	5.867	4.266	4.243	1.325
18.627	3.766	6.103	3.007	4.363	8.651	3.492	10.584	5.354	6.016
12.705	1.288	4.579	4.742	12.927	15.118	3.109	6.974	4.599	4.768
10.904	5.054	4.091	4.605	15.950	12.369	4.740	8.549	5.527	5.248
14.231	6.413	4.785	4.172	15.837	3.887	5.527	4.163	6.300	9.482
11.362	6.725	5.786	0.148	5.680	10.544	3.976	14.901	5.724	1.416
1.106	2.641	4.943	3.698	13.704	10.525	5.907	9.130	5.426	5.159
14.428	8.341	5.657	2.237	10.886	0.170	3.499	9.884	5.649	1.979
6.025	5.635	4.304	2.047	17.733	15.770	3.778	7.098	6.084	5.760
7.499	6.147	5.412	2.429	19.932	19.197	6.466	14.857	5.126	0.631
0.257	8.138	5.214	2.159	1.584	19.410	3.706	6.107	2.495	5.923
15.914	1.059	5.566	2.233	1.496	4.304	3.730	15.842	3.850	7.376
8.782	7.264	5.562	1.960	0.115	7.638	6.210	11.363	4.779	0.048
9.573	0.494	3.870	1.673	14.233	11.172	3.857	7.510	2.184	8.008
1.894	8.393	6.724	3.994	12.872	9.884	6.210	3.655	7.241	8.284
16.865	3.533	4.165	4.861	17.299	10.896	4.309	13.024	4.214	0.308
9.188	1.143	4.299	3.516	13.904	11.244	3.899	3.034	4.635	2.829
0.134	5.040	3.663	3.022	14.667	19.908	4.560	14.535	4.040	2.920
17.087	9.905	4.917	3.532	12.897	1.853	7.349	4.056	3.839	9.421
11.618	4.311	4.149	0.991	19.141	6.636	5.130	16.522	5.434	1.749
2.962	6.999	3.214	4.462	15.869	18.480	5.374	13.005	4.066	1.987
11.275	0.585	4.842	3.104	1.093	6.312	5.545	5.192	4.537	6.061
9.044	2.173	5.605	0.299	2.568	15.474	3.817	11.773	5.042	9.169
8.199	7.271	3.566	3.149	12.377	0.105	5.081	1.943	6.187	6.223
18.861	5.134	4.105	4.350	17.423	0.010	6.142	0.105	4.730	7.489
14.631	5.319	4.119	3.850	17.156	19.437	3.209	4.598	5.734	1.539
10.577	0.100	5.114	1.564	9.922	10.874	5.959	14.413	4.777	4.233
16.318	8.709	5.477	0.746	8.954	5.551	6.110	0.993	5.349	3.704
15.412	0.014	3.153	4.156	11.536	5.808	5.468	3.142	2.843	0.673
12.428	8.950	2.289	1.851	9.547	7.023	3.926	3.474	6.081	7.344
17.412	0.773	5.055	2.308	4.398	4.724	4.137	19.576	3.998	7.218
18.208	2.214	6.466	3.775	2.277	18.585	5.824	12.363	6.428	7.961
8.814	4.818	3.530	1.002	3.282	13.404	5.549	13.280	6.378	2.902
13.004	0.603	5.435	4.948	6.733	15.221	5.765	12.652	6.330	6.838
9.297	0.732	4.281	4.233	5.724	9.215	5.104	8.871	5.622	9.345
17.543	7.149	5.538	0.329	3.658	5.702	3.344	2.599	5.873	9.560
6.777	8.131	4.301	3.469	14.178	14.244	6.434	14.469	5.044	2.904
16.002	7.433	5.433	2.273	18.025	18.226	4.403	6.938	4.053	8.646
2.391	9.367	5.009	2.266	6.866	6.714	6.882	17.349	4.182	9.163
11.001	7.034	5.600	0.148	1.274	16.946	5.359	11.362	4.861	1.170
18.954	6.621	2.263	1.905	11.053	14.712	5.488	10.364	5.940	8.308
8.953	0.974	5.331	3.816	1.274	4.296	2.702	15.295	6.027	0.454
19.971	3.411	5.042	3.278	6.268	13.648	3.728	9.041	4.188	3.384
10.970	0.519	3.082	2.386	6.806	16.232	5.518	2.952	6.024	7.621
6.861	2.487	6.483	2.901	16.479	1.923	4.724	10.175	4.369	1.507
10.981	8.804	4.558	1.931	4.460	1.583	4.110	17.097	6.328	7.083
4.441	6.937	6.268	2.867	15.795	17.872	4.224	8.528	2.717	3.548
4.674	0.546	4.519	2.516	0.842	8.422	5.892	7.646	6.138	6.590
0.088	7.993	6.102	2.539	12.504	6.764	6.321	1.170	4.463	9.737
4.650	2.380	3.827	2.423	11.962	16.805	5.750	15.171	3.560	4.473
19.045	4.881	3.798	1.547	17.604	19.043	5.712	2.436	5.082	6.869
14.610	4.218	4.388	1.461	9.146	11.998	4.761	10.654	4.796	6.937
17.829	6.236	6.483	1.575	13.280	5.417	2.909	13.167	6.857	0.500
15.776	0.708	5.371	0.993	18.339	0.907	3.721	12.014	4.790	9.998
10.747	8.801	4.684	4.395	1.382	16.360	4.912	2.803	4.952	3.531
4.920	4.227	6.149	1.037	11.128	12.095	4.804	14.561	4.954	6.578
18.983	3.109	6.532	1.991	15.157	13.685	5.456	14.284	3.691	1.178
9.418	1.285	5.028	3.055	15.277	14.901	5.611	2.828	5.647	2.052
14.575	6.117	3.557	1.600	17.521	1.526	4.343	3.701	3.555	8.803
17.217	9.373	4.774	2.965	14.060	14.165	4.155	7.875	5.737	2.035
13.622	7.945	3.285	4.786	3.376	11.026	4.812	19.529	5.759	7.142
17.384	5.950	4.014	1.653	15.004	9.152	5.305	12.017	6.971	6.254
13.215	1.220	6.068	4.435	18.994	8.252	5.131	0.914	6.179	0.641
1.060	7.791	4.339	4.622	5.134	10.662	6.730	19.063	4.298	9.665
12.259	5.310	5.845	1.950	12.837	16.253	3.747	12.786	5.497	5.810
0.325	6.822	5.637	2.185	19.769	19.794	5.385	12.885	5.171	2.313
10.855	2.025	4.626	4.030	6.717	10.900	6.203	5.308	5.679	2.596
6.876	7.102	3.479	2.925	2.612	17.093	5.105	6.099	4.647	2.321
14.121	0.438	3.029	2.343	3.637	6.536	5.006	8.552	5.899	5.592
4.642	9.589	5.057	1.391	1.181	6.357	4.035	16.615	4.918	2.821
9.838	9.303	3.914	0.137	14.925	16.025	4.382	15.360	4.052	1.697
10.381	3.262	4.029	1.099	8.743	7.442	4.272	2.953	4.894	2.737
14.956	6.311	4.955	2.405	4.886	0.507	5.194	1.412	3.870	4.730
4.866	8.173	4.870	2.336	6.478	6.973	4.528	14.144	6.317	6.104
2.553	4.813	4.402	3.235	13.604	15.642	4.898	0.749	5.062	7.201
6.475	2.441	5.641	0.447	3.245	10.668	3.663	9.978	3.884	1.054
18.094	5.883	5.850	4.244	13.014	10.250	5.941	4.215	5.753	9.029
19.956	6.387	5.280	1.397	6.146	7.945	3.683	5.324	4.486	2.154
12.489	1.456	5.338	2.414	4.741	15.811	5.520	19.170	4.802	7.962
9.268	5.392	3.247	4.158	13.972	4.590	2.281	5.195	4.818	0.517
14.384	1.403	5.193	1.456	8.677	3.207	4.552	14.020	2.980	2.575
15.537	6.844	4.375	3.222	16.833	10.819	4.643	17.347	6.034	3.335
11.867	4.448	5.444	1.213	18.013	13.159	5.711	6.683	4.527	9.477
2.753	0.229	6.384	1.764	14.919	9.597	4.393	5.909	4.985	5.040
14.247	7.030	5.490	3.657	5.253	3.695	5.477	16.567	4.592	2.216
11.790	6.794	5.811	2.899	14.521	13.168	3.789	6.513	5.120	5.242
8.619	7.175	5.989	2.823	6.399	4.345	5.201	15.028	5.285	1.102
5.709	4.531	5.178	0.995	17.663	10.050	5.129	0.852	4.597	8.746
19.368	4.290	4.983	1.103	15.838	6.912	5.671	11.223	4.895	8.624
1.833	6.673	7.339	4.466	13.443	9.146	5.311	1.796	5.109	7.811
5.618	9.201	4.219	3.668	7.159	13.762	6.400	10.384	5.590	2.584
17.333	2.459	5.104	4.906	9.306	2.750	4.220	19.730	2.866	6.482
2.907	9.097	5.699	4.929	4.179	18.055	4.468	3.197	6.883	0.929
5.386	1.957	6.676	2.529	3.191	17.901	3.529	16.015	3.960	8.886
13.076	7.346	5.047	3.105	4.546	18.969	4.099	7.561	4.305	9.505
7.140	3.852	4.635	1.952	13.618	0.138	5.054	0.714	4.825	8.984
11.036	6.673	6.914	1.978	4.721	9.101	4.956	4.698	2.707	3.748
18.956	1.863	4.871	2.605	12.152	14.188	5.323	16.567	5.057	5.552
18.504	5.539	3.928	4.209	6.405	1.259	4.848	6.968	6.340	3.332
0.696	2.034	5.751	1.188	15.076	14.684	4.994	9.006	4.771	9.259
4.444	1.730	6.276	4.217	13.674	0.020	5.689	15.272	4.612	6.889
7.837	6.498	5.896	0.462	10.491	18.599	3.154	4.685	3.580	0.407
1.621	6.708	4.631	3.161	7.532	7.136	3.678	6.771	3.805	2.089
10.067	5.522	5.643	0.393	1.002	19.271	6.025	9.759	5.721	7.021
6.842	0.108	4.951	3.833	18.355	1.674	5.784	3.740	5.422	1.669
8.298	5.497	3.851	2.157	12.305	3.611	3.744	14.227	4.677	0.157
15.390	5.983	6.630	4.877	2.000	12.065	4.552	9.403	5.177	3.523
8.209	5.992	5.208	1.931	8.449	19.790	5.451	15.343	3.811	2.735
2.128	2.144	4.865	3.113	2.133	4.303	4.771	2.313	4.009	7.216
8.668	0.762	5.318	2.559	4.456	7.827	4.858	17.865	5.784	8.132
3.988	0.975	4.313	3.512	5.308	2.859	5.863	2.282	6.688	1.493
17.859	4.117	6.193	1.742	0.335	2.909	5.393	10.086	4.935	0.020
4.104	1.710	4.598	2.751	5.303	10.574	5.408	5.177	5.732	8.501
3.678	2.240	2.120	0.431	8.318	2.854	5.547	16.951	4.899	5.784
18.153	6.576	3.460	0.059	1.184	18.577	5.083	17.319	5.593	8.686
0.446	6.585	3.946	0.440	18.436	19.567	5.736	10.121	4.653	3.722
7.478	1.834	6.366	4.922	10.509	3.690	3.486	6.355	7.228	9.594
17.015	5.639	5.865	2.414	13.111	6.170	4.874	13.040	4.743	0.845
17.397	9.457	5.923	4.225	1.982	15.134	5.356	6.833	4.633	0.741
15.652	4.883	5.945	4.888	13.782	5.823	5.610	19.476	5.224	0.790
17.791	0.718	5.201	2.130	4.216	7.007	5.543	9.780	4.862	9.010
13.793	9.148	4.085	1.620	11.278	14.919	5.132	11.652	5.196	1.888
19.494	5.959	6.101	4.241	11.611	8.337	4.830	16.591	5.888	3.042
8.626	1.067	5.734	3.115	6.816	3.118	5.555	14.805	5.437	4.317
8.993	0.869	3.800	2.734	8.228	11.701	5.442	2.004	3.524	6.286
10.766	9.341	5.867	2.245	7.555	2.229	3.876	10.334	4.495	2.972
16.028	9.206	5.884	2.772	7.722	16.734	3.270	11.967	5.120	2.722
4.457	9.883	5.896	4.155	14.394	3.698	5.555	12.943	6.237	2.211
14.937	6.066	6.556	2.401	17.744	6.471	4.920	17.874	5.695	6.328
6.463	8.772	4.443	1.419	11.212	1.412	4.342	8.643	5.096	5.040
3.098	3.654	7.547	3.218	2.029	8.527	3.911	10.863	4.443	8.102
17.543	6.489	5.749	1.775	16.724	6.657	5.286	4.639	5.279	3.156
2.592	8.635	5.423	1.652	13.119	15.801	2.672	1.796	4.948	1.736
14.929	1.725	4.882	2.921	8.351	9.678	4.740	1.716	5.615	3.083
10.946	1.697	5.245	0.962	17.357	5.225	5.598	10.721	5.458	8.447
15.807	1.863	4.366	2.315	19.156	12.160	5.839	18.939	3.573	4.687
4.854	8.102	3.356	3.920	19.829	13.397	3.580	19.194	3.675	2.734
14.171	8.520	5.031	3.045	9.648	3.802	5.134	19.248	5.048	4.615
14.736	0.091	4.955	0.046	9.577	1.906	3.565	8.570	4.207	2.038
7.722	7.027	5.116	1.453	0.262	6.833	5.805	2.777	6.376	3.841
17.397	8.197	5.488	3.012	15.485	13.000	4.572	6.702	6.707	0.820
0.612	0.439	5.900	1.145	12.575	4.083	6.347	14.176	5.065	1.496
19.430	0.970	3.101	0.729	7.945	16.491	5.100	3.586	5.964	8.990
14.137	9.274	5.430	0.482	10.041	18.258	3.948	6.876	5.791	3.860
0.464	4.101	5.145	1.783	19.396	4.976	5.817	6.493	5.531	1.135
3.497	0.869	6.209	4.166	3.588	5.425	4.414	10.069	4.238	5.341
15.155	3.757	4.724	1.000	9.717	7.361	7.355	7.824	5.063	1.153
10.250	8.307	5.089	0.487	17.354	13.268	4.239	14.977	5.061	1.147
15.064	3.790	3.683	0.950	0.205	2.236	4.684	15.531	4.353	7.527
2.847	3.602	5.077	4.838	8.824	6.551	4.521	16.622	6.901	4.623
9.174	8.641	3.710	0.624	0.551	10.963	6.442	9.326	6.772	6.051
6.672	6.254	5.316	3.273	9.639	3.089	4.963	1.167	2.675	4.455
1.319	3.812	3.674	1.348	4.023	19.466	5.699	7.673	3.950	0.989
4.168	9.073	6.442	3.599	1.133	17.835	6.130	12.086	4.830	6.404
12.458	5.299	6.957	0.864	13.337	10.528	5.230	1.568	5.422	7.302
8.080	1.818	4.501	3.770	16.618	16.113	5.184	14.081	4.964	1.460
12.019	8.303	4.533	4.366	17.884	13.649	4.063	0.745	3.622	3.505
3.967	8.908	4.538	0.230	3.200	7.556	5.381	2.784	3.094	0.957
17.521	0.418	5.171	4.971	3.672	0.826	5.279	5.309	4.361	0.472
14.519	3.519	4.964	0.670	2.923	8.606	4.836	1.045	3.870	3.285
7.056	0.904	6.384	2.375	15.482	13.534	4.779	3.765	4.083	6.243
0.709	1.059	3.909	4.029	0.245	14.010	4.743	13.670	5.780	0.505
7.937	6.684	5.625	2.585	4.362	19.161	5.441	18.293	6.223	8.409
11.054	1.605	6.708	3.943	4.498	17.215	5.205	1.674	5.292	2.351
5.288	3.260	5.610	4.904	16.258	2.266	7.357	16.611	4.956	1.066
10.088	9.118	4.294	2.909	12.148	10.151	6.839	13.109	3.487	6.715
12.879	1.698	5.682	4.423	12.835	15.021	4.806	9.877	5.701	5.351
8.418	6.367	5.927	1.799	19.640	6.442	3.927	5.279	4.597	3.444
14.001	8.123	5.361	4.006	3.883	10.785	6.026	7.047	4.939	9.291
0.568	3.305	7.198	0.334	18.795	9.006	3.848	7.071	3.853	2.677
9.786	3.639	4.162	2.352	5.856	2.985	3.552	14.090	4.742	1.198
9.343	4.798	3.113	1.606	1.585	1.327	2.892	18.296	4.995	8.617
6.162	4.609	4.766	3.047	14.845	6.912	4.176	14.316	4.397	2.843
1.217	4.063	6.374	2.795	16.855	12.595	4.250	6.548	5.934	5.059
9.251	5.592	5.811	0.841	12.236	19.451	5.803	3.146	5.091	5.356
5.370	1.468	4.879	3.922	5.237	16.041	5.731	7.362	6.075	7.179
8.672	2.504	5.208	2.215	14.274	3.835	5.940	18.780	4.746	3.974
17.671	9.879	4.742	3.534	7.190	6.793	4.745	6.771	4.314	2.899
8.038	2.408	4.871	2.086	5.788	5.765	4.472	14.945	7.315	5.106
10.248	3.688	4.962	0.611	2.138	6.278	5.388	3.603	2.933	6.590
17.782	3.772	4.493	2.283	19.769	8.102	4.141	7.390	5.694	8.313
10.372	7.536	7.184	4.980	12.968	15.164	6.338	8.674	6.245	0.041
10.442	9.278	4.975	3.123	19.727	16.434	6.259	2.697	5.262	4.118
6.689	1.946	4.234	0.610	14.559	16.351	3.337	15.828	4.950	0.517
18.037	9.259	5.121	0.063	6.301	18.650	5.309	16.194	5.370	7.606
16.600	8.647	4.721	4.468	15.860	7.680	6.862	10.970	5.981	4.142
1.940	2.411	4.865	0.954	9.698	9.490	6.401	2.613	4.119	4.015
17.964	8.081	4.451	0.624	8.049	7.009	2.972	3.167	5.086	8.510
17.911	5.843	3.884	4.853	10.839	2.157	6.695	9.601	6.263	9.147
13.216	4.008	3.399	3.335	7.438	16.602	3.352	0.173	4.920	2.298
10.083	9.246	5.357	3.400	0.780	11.296	4.941	1.497	4.950	6.682
11.857	0.878	5.415	2.624	18.564	19.900	5.490	5.348	4.760	8.358
13.497	6.132	4.810	4.391	5.461	19.814	6.631	17.790	5.499	2.294
17.607	2.388	5.152	1.173	16.740	2.227	5.031	3.887	5.746	4.173
3.394	2.171	2.932	2.260	4.318	18.561	5.692	5.666	4.091	8.714
14.321	1.810	6.405	2.279	14.152	10.710	5.425	17.840	3.729	2.142
2.364	7.882	4.675	4.347	8.546	15.530	5.741	16.968	6.191	0.420
11.314	0.180	5.079	2.748	19.449	4.739	5.115	2.208	3.595	9.686
7.961	6.027	4.596	0.186	4.778	6.627	4.997	15.163	5.131	3.147
16.610	3.535	4.806	0.362	8.404	4.616	6.000	7.845	5.327	8.446
17.749	4.376	5.364	0.879	13.137	19.840	5.874	0.119	6.053	6.791
14.050	1.374	4.577	0.426	8.060	15.755	4.274	11.373	3.960	5.639
19.665	2.144	5.550	4.959	18.455	0.139	5.072	8.351	4.949	0.103
11.951	9.796	5.212	0.074	15.514	12.812	4.752	18.769	4.688	4.612
19.319	3.661	6.593	2.001	15.312	11.950	4.199	18.759	4.727	2.205
8.301	5.232	6.394	0.915	4.359	1.243	5.113	19.654	5.139	0.354
6.795	3.624	3.375	2.255	4.544	14.611	3.891	6.544	6.805	5.925
6.000	5.890	5.134	4.391	9.796	18.331	5.310	6.664	3.118	3.896
9.803	3.616	5.979	3.590	16.466	17.517	3.914	10.806	3.034	8.113
8.469	3.040	4.993	4.927	18.169	1.324	4.987	1.563	4.533	6.758
2.793	8.746	4.104	0.335	17.336	15.906	4.638	7.368	5.246	1.688
4.454	0.672	5.989	2.942	19.334	11.184	4.308	3.798	5.597	7.621
9.693	8.971	2.840	1.465	4.859	4.455	4.173	15.854	6.855	6.238
18.912	7.064	4.056	4.322	19.757	2.182	4.168	3.380	5.623	7.503
4.849	6.167	4.439	2.381	11.149	17.598	7.056	4.027	2.038	5.594
15.064	7.837	5.240	3.647	7.589	8.103	5.935	19.244	3.754	4.577
3.095	4.851	4.153	3.293	18.476	11.122	2.804	19.462	4.589	7.212
2.553	1.267	4.472	4.241	7.787	16.534	6.912	0.838	6.084	5.474
17.969	3.383	6.719	3.661	18.260	8.592	3.502	6.254	5.145	3.320
14.597	0.870	6.930	4.023	9.785	4.550	6.566	7.973	3.607	4.699
3.862	4.759	5.806	4.129	19.412	14.008	5.210	16.107	4.663	5.872
12.625	7.387	5.465	4.936	17.064	13.892	3.916	1.095	3.145	0.154
5.774	8.563	4.757	2.141	17.371	0.653	4.655	15.896	5.277	3.906
0.906	2.842	4.135	3.916	4.544	3.919	6.579	15.310	4.797	6.347
5.646	8.180	5.289	4.380	8.200	6.635	4.539	16.443	6.009	3.925
14.207	7.899	5.066	0.152	6.325	2.881	5.787	15.953	7.039	2.882
4.698	8.845	5.264	4.204	18.390	12.758	5.403	16.814	3.893	3.450
6.366	5.441	5.425	3.333	17.283	19.377	5.373	4.203	6.356	7.739
2.241	3.132	5.204	4.976	7.154	4.398	6.190	6.496	6.512	8.556
13.486	6.185	4.745	3.622	17.708	5.375	5.798	4.426	4.995	1.185
16.847	1.818	7.077	1.009	7.861	4.220	4.736	7.446	4.689	8.076
12.635	5.054	4.485	1.834	18.493	15.244	6.969	18.332	4.460	4.414
15.929	8.697	5.748	2.758	12.934	9.067	5.200	7.428	5.155	6.638
6.184	6.074	6.269	1.596	0.469	15.383	5.302	12.911	4.728	5.068
4.641	4.929	4.162	4.950	5.948	11.355	2.907	5.032	4.392	0.979
11.538	1.594	6.341	1.374	18.592	4.820	4.118	2.347	8.485	0.020
8.126	1.849	5.137	3.589	0.728	18.920	5.969	2.124	4.371	4.260
13.229	5.460	4.687	0.673	17.331	2.256	4.033	13.766	4.482	6.066
8.687	2.659	5.767	4.913	13.853	8.861	4.992	12.991	5.895	3.098
5.059	2.347	6.375	1.730	3.345	5.562	5.294	9.510	3.070	6.870
1.559	8.246	5.401	0.202	4.037	10.980	2.621	15.839	5.035	0.685
10.387	8.361	4.911	3.795	2.281	16.291	5.921	13.580	5.188	8.596
6.698	1.233	5.596	0.858	9.321	2.253	4.249	19.332	4.989	4.178
6.649	6.958	6.909	3.503	2.922	10.618	5.282	8.628	5.254	3.423
13.405	1.041	5.183	1.496	5.056	16.724	5.436	7.023	4.735	4.183
12.147	9.309	5.664	3.372	18.993	17.206	4.888	19.844	4.182	4.766
18.282	8.792	6.388	1.701	15.512	2.036	3.102	12.352	4.962	9.320
3.533	6.505	6.176	3.872	6.354	8.132	3.820	18.704	3.850	2.903
9.720	6.620	3.409	2.572	18.667	14.936	4.487	0.324	4.523	5.073
5.306	1.571	4.625	1.208	3.130	18.733	4.265	3.844	4.670	7.875
12.667	1.608	3.683	3.241	13.052	4.117	3.229	11.483	5.443	2.955
1.045	7.972	5.162	4.841	12.439	0.909	2.933	14.077	4.566	9.790
18.292	3.116	2.904	-7.526	16.523	9.842	7.639	-7.162	2.855	-6.522
3.101	3.411	8.784	-7.109	6.518	3.062	6.528	-6.041	0.989	-8.076
1.490	4.763	9.308	-7.821	17.791	2.572	2.243	-7.796	1.335	-6.433
14.418	1.015	5.693	-6.775	8.600	2.128	1.766	-6.253	2.435	-7.212
17.982	0.362	7.637	-5.847	4.377	12.256	5.366	-8.109	1.792	-6.969
17.339	7.167	9.855	-7.583	12.015	1.620	4.841	-7.314	2.331	-5.444
10.739	7.486	6.282	-6.611	13.398	17.718	9.616	-7.270	2.746	-6.408
0.093	2.577	6.673	-6.560	2.397	19.823	3.400	-7.394	0.028	-7.800
3.025	3.072	0.968	-8.121	6.120	4.302	7.737	-6.881	0.660	-7.321
11.932	6.272	9.005	-8.059	18.359	13.724	0.827	-8.192	4.067	-6.323
17.756	4.527	5.548	-9.563	4.585	3.891	4.966	-8.429	4.702	-7.084
0.992	2.552	8.215	-7.042	7.024	1.307	8.557	-6.635	0.137	-8.349
16.745	1.030	7.288	-6.291	19.119	6.538	5.682	-8.496	1.996	-6.748
3.875	0.874	1.735	-7.880	14.851	8.532	2.831	-9.258	4.950	-7.800
11.029	9.195	6.685	-5.681	3.385	19.366	7.933	-5.748	4.776	-8.462
16.525	7.872	7.259	-6.452	14.677	11.428	0.380	-7.763	2.402	-6.192
12.116	4.117	6.305	-7.457	16.657	5.406	4.491	-7.285	1.328	-7.074
17.543	1.879	2.650	-6.570	11.753	18.094	9.715	-6.377	0.227	-6.510
0.743	4.344	5.843	-8.333	0.788	18.067	2.423	-5.446	0.989	-5.966
4.336	2.879	1.993	-6.767	10.119	19.525	1.153	-6.965	3.251	-8.090
16.810	3.072	2.431	-6.030	1.769	11.764	4.921	-5.200	2.969	-7.884
14.835	6.589	6.166	-7.695	12.509	10.678	4.265	-8.392	3.541	-5.792
10.139	8.637	9.687	-7.739	6.383	6.822	3.102	-6.755	2.106	-7.236
7.997	1.691	4.492	-4.632	2.028	17.038	5.164	-6.629	4.978	-8.050
5.068	4.238	5.060	-7.012	4.801	5.823	9.680	-6.603	1.604	-7.783
10.428	6.034	2.452	-9.098	5.293	5.418	5.533	-7.593	1.740	-8.446
3.895	8.291	6.638	-6.684	18.639	9.289	2.590	-7.250	3.031	-7.915
11.576	1.756	8.309	-6.366	5.593	4.056	5.339	-6.024	1.181	-7.119
18.700	6.714	5.389	-7.029	7.324	19.592	0.278	-6.529	2.258	-6.358
14.517	3.443	9.051	-5.823	2.558	18.667	7.247	-5.782	0.610	-6.390
10.611	5.909	9.263	-8.231	3.343	0.946	6.195	-7.517	2.466	-8.552
18.936	3.373	4.552	-7.723	13.792	11.783	4.164	-8.945	3.169	-8.622
6.260	1.981	6.745	-7.482	18.336	18.739	5.106	-6.648	4.321	-4.295
5.235	8.319	7.712	-7.059	11.659	6.777	3.057	-5.402	4.834	-5.161
19.740	8.587	3.101	-8.050	5.611	19.881	4.086	-7.694	4.361	-7.863
1.461	6.638	0.027	-6.854	9.668	12.810	1.462	-7.062	0.595	-5.828
1.969	2.404	8.690	-7.979	11.864	6.716	1.425	-8.120	0.794	-6.144
8.693	3.281	7.507	-8.922	10.282	17.166	5.942	-6.900	4.850	-7.559
7.722	6.241	2.809	-7.425	5.918	2.202	0.183	-7.502	1.401	-6.625
13.501	6.803	3.275	-8.319	4.031	12.853	6.117	-8.034	2.261	-8.063
11.667	3.492	7.766	-6.598	14.046	12.932	7.878	-7.620	2.145	-6.152
18.589	5.130	1.249	-5.496	19.644	15.060	6.188	-6.007	3.218	-7.941
13.016	2.174	6.271	-6.827	16.735	15.429	2.756	-7.659	1.789	-6.177
10.529	1.352	3.400	-8.373	18.066	17.522	1.768	-6.635	0.361	-6.812
14.844	7.913	3.695	-8.299	18.741	7.888	9.716	-8.002	0.350	-6.709
9.021	9.209	1.347	-5.485	13.813	8.383	9.326	-7.742	3.624	-7.655
17.772	9.386	8.945	-7.673	1.385	9.370	7.018	-6.610	2.628	-7.746
4.460	2.983	4.810	-8.120	14.753	16.293	4.313	-8.029	0.946	-8.046
12.737	1.214	2.511	-7.591	16.016	18.792	5.700	-6.976	0.314	-8.298
19.532	3.374	4.593	-8.677	16.585	8.179	0.319	-7.702	0.851	-7.605
3.754	4.957	7.180	-7.177	4.381	13.471	8.277	-6.395	1.334	-7.103
1.490	3.350	5.117	-7.248	9.070	2.798	2.425	-7.718	0.531	-6.778
5.941	2.749	9.015	-6.377	1.571	4.103	9.975	-7.702	2.313	-6.544
8.310	7.095	1.764	-6.402	8.358	14.660	6.802	-6.577	3.397	-6.919
10.836	1.362	6.045	-7.031	0.802	5.374	8.143	-5.423	1.506	-7.738
8.410	0.518	7.436	-7.536	2.233	15.280	0.297	-6.897	0.018	-7.974
10.949	3.100	5.764	-8.011	6.831	4.680	3.910	-6.120	3.195	-5.401
3.648	9.312	6.450	-6.795	12.299	11.492	6.205	-8.099	3.736	-8.042
1.414	9.779	0.532	-5.917	1.123	5.632	7.821	-6.327	1.526	-8.804
13.266	9.672	1.192	-7.048	5.477	13.460	5.090	-8.670	2.529	-5.870
1.533	3.250	3.044	-8.206	0.142	1.091	3.978	-9.426	0.402	-7.107
18.300	8.200	7.929	-4.827	8.711	13.939	7.797	-5.772	0.829	-6.871
0.694	9.324	2.041	-7.509	5.920	1.906	2.190	-8.091	2.969	-7.317
1.682	9.613	4.394	-6.612	11.262	14.116	3.558	-6.852	2.440	-7.243
12.638	6.257	0.483	-7.949	12.698	6.617	5.615	-6.864	3.869	-7.620
0.704	8.433	4.382	-7.739	12.392	5.015	9.156	-6.148	4.680	-7.490
15.534	8.888	4.209	-6.615	2.095	6.161	8.620	-5.968	0.125	-7.389
6.099	7.504	4.611	-5.715	1.746	14.530	9.523	-7.706	3.686	-6.405
3.086	7.424	7.736	-7.669	14.103	11.002	4.333	-7.413	3.461	-8.306
13.445	1.072	4.103	-7.607	8.418	9.516	5.576	-6.014	3.145	-6.262
18.999	8.331	6.587	-6.818	6.560	16.385	9.280	-7.914	2.130	-8.660
0.487	5.810	8.076	-7.371	7.700	5.675	7.359	-7.902	3.380	-5.664
11.571	3.381	2.608	-7.016	0.642	13.956	6.574	-6.873	1.613	-8.181
0.339	3.966	0.895	-7.161	18.444	18.078	6.230	-6.928	2.124	-5.686
17.416	8.246	5.050	-6.025	11.253	10.792	9.258	-7.045	1.663	-8.006
12.941	4.914	0.593	-8.781	13.845	7.682	0.538	-5.951	0.001	-6.523
1.960	9.555	1.260	-8.582	3.539	3.889	9.000	-7.844	4.676	-4.113
11.084	3.531	1.155	-5.742	9.305	1.625	0.365	-5.611	1.992	-8.038
15.350	4.727	0.635	-6.573	1.396	8.945	3.694	-7.902	0.681	-6.837
8.446	5.556	0.875	-6.725	13.636	19.651	0.201	-6.386	3.712	-6.511
14.233	5.632	5.052	-8.060	8.667	4.792	1.464	-6.526	1.701	-7.298
16.127	0.700	8.270	-6.924	15.681	9.588	4.235	-6.380	2.429	-8.393
7.606	0.395	6.559	-7.572	6.399	12.747	9.059	-6.949	0.097	-6.928
6.271	3.508	4.340	-8.703	5.563	12.058	9.251	-5.674	4.637	-6.889
1.939	4.050	4.424	-6.120	7.141	18.762	1.818	-7.248	2.780	-7.117
15.492	5.839	4.223	-6.460	8.840	15.248	3.755	-8.132	4.902	-7.017
11.998	8.256	5.246	-6.403	0.462	4.809	4.624	-6.655	4.245	-8.653
10.506	7.565	8.637	-5.054	15.217	16.494	7.160	-6.460	4.496	-7.794
0.833	0.880	1.541	-5.928	0.038	17.701	0.502	-6.799	3.376	-6.716
7.349	4.555	7.915	-6.636	11.365	14.923	6.154	-5.324	0.885	-8.075
17.794	5.932	1.451	-6.490	7.967	9.462	6.290	-6.285	2.135	-7.808
5.816	9.301	7.045	-5.306	15.798	3.974	7.538	-8.290	2.696	-8.061
17.544	7.106	4.578	-6.396	0.778	8.273	5.781	-6.717	3.108	-7.046
18.948	2.334	8.390	-8.465	12.794	11.935	3.072	-6.363	4.584	-7.201
18.763	0.965	6.478	-5.246	5.978	17.782	8.328	-7.939	3.821	-7.368
17.154	1.397	1.075	-8.545	19.269	7.641	3.451	-6.775	4.089	-5.303
3.178	6.286	6.760	-7.974	17.263	9.520	7.443	-7.503	1.945	-7.616
1.650	6.243	7.825	-7.029	10.047	7.646	2.135	-7.848	1.928	-6.620
17.833	6.174	8.170	-6.086	17.151	9.269	3.920	-6.809	0.919	-7.178
15.263	9.492	1.351	-8.072	7.634	7.488	8.664	-8.271	2.501	-7.619
3.387	3.130	7.901	-6.305	9.436	19.732	7.006	-7.292	2.017	-5.963
2.651	4.938	5.203	-8.282	0.799	7.999	9.721	-7.054	0.885	-5.946
7.597	6.184	0.738	-6.097	11.616	9.023	0.118	-7.343	1.117	-7.405
7.659	7.538	9.934	-8.016	19.572	8.688	2.347	-5.891	3.280	-9.223
11.334	4.126	2.450	-6.216	13.888	7.461	5.455	-8.671	3.290	-7.131
5.776	5.970	5.408	-7.599	11.445	0.910	7.581	-6.660	0.099	-6.214
6.975	2.604	5.721	-6.981	12.929	4.491	6.475	-6.705	4.669	-8.567
8.786	3.728	3.889	-7.616	17.689	10.636	8.716	-6.021	4.793	-5.487
6.848	8.002	2.004	-7.481	18.101	6.469	5.012	-9.048	4.303	-6.815
14.141	3.420	5.961	-7.875	15.546	14.855	3.897	-8.057	3.037	-7.125
16.458	5.301	5.367	-7.168	1.971	6.004	4.438	-7.048	3.200	-6.273
13.246	7.244	0.382	-6.703	7.046	14.076	3.172	-6.698	0.563	-7.643
5.533	7.620	4.876	-6.325	10.952	14.573	2.789	-8.715	1.990	-8.013
6.264	1.739	6.560	-6.820	16.140	19.461	5.558	-6.648	0.998	-7.210
14.948	0.056	7.706	-6.073	11.113	11.309	3.176	-8.444	2.276	-7.156
15.185	2.780	4.949	-6.138	6.314	6.371	9.609	-8.684	4.774	-5.833
4.874	2.548	2.546	-6.327	10.557	9.298	5.056	-7.473	3.320	-8.178
18.808	9.358	7.278	-6.142	18.895	2.656	2.088	-7.726	0.971	-5.491
19.703	5.914	2.842	-6.630	0.418	6.767	8.805	-8.914	1.055	-8.215
13.911	8.240	3.088	-6.215	2.713	5.892	3.811	-7.166	0.060	-7.053
10.854	2.919	1.073	-7.406	14.421	11.715	7.246	-6.298	4.673	-7.899
7.548	2.238	7.824	-9.009	9.154	18.599	0.920	-6.747	0.590	-6.993
11.934	8.454	2.317	-8.480	6.962	0.497	8.371	-6.222	2.108	-6.408
2.677	3.893	0.520	-5.957	8.070	18.745	6.224	-6.830	3.157	-5.633
9.768	4.179	0.459	-5.902	5.528	19.253	4.323	-7.626	3.915	-8.180
11.379	0.567	0.587	-7.809	12.561	2.136	5.432	-5.755	2.659	-6.876
2.240	4.786	5.284	-8.293	1.918	6.134	1.274	-7.381	3.416	-6.374
12.210	5.987	6.418	-7.453	19.430	2.562	5.004	-7.271	0.837	-7.182
9.637	1.808	8.525	-8.281	18.155	18.920	8.959	-6.942	4.152	-5.606
14.002	3.343	6.709	-6.186	4.429	2.131	9.445	-7.986	3.697	-6.521
8.952	7.351	0.705	-8.675	5.814	8.519	0.768	-8.263	4.879	-6.085
16.108	8.570	8.849	-8.528	10.108	4.279	6.614	-6.280	0.136	-8.553
10.466	6.569	4.448	-5.257	3.407	1.058	1.511	-7.577	1.782	-7.239
8.691	4.506	7.888	-6.863	10.733	16.314	0.999	-6.636	1.777	-8.300
4.463	1.682	0.077	-7.802	0.714	8.161	1.015	-6.983	1.444	-8.560
4.458	5.591	4.548	-7.944	11.831	5.635	8.506	-7.188	3.999	-6.879
6.230	2.248	3.184	-6.404	0.653	15.881	5.605	-8.413	2.840	-5.690
17.562	1.671	5.444	-7.948	12.704	12.689	1.305	-7.500	1.345	-5.688
14.298	3.959	3.457	-5.823	12.906	14.022	0.900	-6.338	2.842	-7.425
2.826	9.846	6.932	-6.959	17.759	9.610	1.555	-8.152	4.214	-7.698
11.326	4.658	5.673	-7.710	17.154	2.457	3.479	-7.170	2.182	-6.492
0.538	5.674	0.461	-7.791	18.224	0.163	0.910	-5.816	1.074	-6.860
12.476	5.242	1.157	-7.221	15.568	17.169	8.492	-6.279	4.611	-9.338
3.314	7.630	7.731	-7.933	11.315	3.894	8.812	-7.266	2.233	-5.844
10.707	2.813	7.421	-8.389	10.865	10.793	7.148	-7.108	0.735	-7.081
16.763	9.940	7.350	-6.045	19.561	0.206	5.828	-6.730	1.820	-6.746
6.710	5.053	2.033	-6.980	19.950	14.662	3.969	-6.526	3.723	-9.193
8.144	6.433	5.169	-7.066	15.570	4.212	9.140	-5.201	1.357	-6.121
14.425	4.222	5.673	-8.021	19.212	12.943	9.721	-9.443	4.746	-6.826
8.111	6.083	6.457	-6.850	11.300	15.805	3.114	-7.591	3.792	-8.155
8.670	1.808	3.199	-5.653	1.328	15.040	9.844	-3.448	0.163	-6.575
1.727	1.419	5.419	-5.511	19.024	17.195	8.344	-6.380	2.970	-8.668
12.173	3.066	3.885	-4.855	11.875	3.346	1.204	-8.812	2.405	-7.528
6.796	7.715	8.865	-8.124	16.258	7.565	9.460	-7.159	4.265	-6.965
0.373	7.113	7.007	-6.111	17.676	13.288	2.143	-9.321	3.809	-9.164
7.195	4.594	1.081	-8.259	17.904	5.289	7.527	-7.919	2.842	-5.176
7.511	3.304	0.605	-7.402	5.821	0.705	1.117	-6.074	1.309	-6.306
14.562	4.254	6.504	-6.381	11.591	10.982	5.104	-7.101	1.481	-6.932
13.499	1.334	6.800	-7.312	0.445	8.381	8.308	-7.167	2.385	-7.389
2.714	8.076	9.717	-6.559	0.671	7.508	6.651	-5.817	4.978	-6.580
15.686	0.394	9.360	-7.951	11.785	9.276	5.019	-6.315	4.024	-6.965
15.548	0.652	3.982	-5.887	9.558	2.539	0.703	-7.002	0.612	-5.645
1.621	3.163	3.599	-6.924	18.318	18.779	9.505	-8.835	3.231	-6.447
16.590	3.400	4.120	-6.730	4.719	2.052	5.391	-7.409	2.315	-6.263
1.001	9.633	4.905	-8.782	11.892	13.041	4.574	-6.206	1.499	-6.659
5.730	5.214	8.136	-7.527	12.923	0.276	9.560	-6.398	4.323	-5.315
19.250	0.667	2.936	-6.027	14.405	0.969	6.641	-6.804	2.825	-7.663
1.379	3.717	4.805	-6.981	17.501	11.043	0.653	-6.112	3.618	-8.779
13.818	3.578	4.673	-8.299	7.737	3.032	8.158	-6.525	2.079	-7.221
4.098	9.621	3.811	-6.367	16.365	14.046	3.476	-5.097	4.924	-6.986
2.770	8.307	7.829	-6.028	11.604	12.096	8.200	-6.175	3.616	-4.947
6.219	3.388	0.779	-7.588	19.010	5.944	0.213	-7.353	4.477	-8.053
9.800	6.788	8.914	-6.072	15.372	14.080	3.338	-7.251	1.997	-8.360
10.309	9.993	4.779	-6.410	12.950	6.769	0.143	-6.006	0.943	-7.279
1.447	3.221	2.876	-6.617	7.097	12.808	9.636	-6.774	2.227	-7.755
10.825	3.049	9.154	-8.610	7.368	18.030	0.473	-5.631	4.674	-7.257
16.472	4.164	1.426	-6.033	13.439	18.544	7.617	-8.146	0.705	-6.875
0.402	6.972	5.534	-4.661	3.889	3.490	6.418	-5.759	3.886	-4.724
19.215	4.660	9.487	-8.287	9.696	1.068	7.386	-7.269	2.895	-6.866
10.170	9.353	6.350	-5.966	12.374	6.165	6.494	-7.223	2.786	-8.453
17.555	8.646	4.240	-5.723	9.878	12.236	7.830	-7.817	2.348	-8.017
10.188	2.503	5.501	-6.436	16.670	13.174	4.914	-7.088	3.321	-7.208
13.873	8.713	2.954	-6.674	17.725	3.486	3.512	-8.522	3.341	-7.098
2.970	4.853	3.317	-9.093	4.668	3.165	4.469	-6.247	0.033	-8.349
11.178	2.762	3.898	-6.996	12.041	14.702	7.806	-8.960	4.103	-6.554
4.091	4.281	4.923	-7.266	19.921	17.942	6.888	-7.166	1.229	-7.435
0.712	7.015	2.870	-5.771	0.366	13.184	1.522	-7.344	1.560	-6.449
5.744	4.360	6.799	-8.775	8.528	12.412	3.013	-8.368	2.365	-7.657
8.768	9.189	4.388	-6.988	19.126	3.688	3.120	-7.924	0.863	-8.306
1.765	6.897	0.645	-7.270	15.398	11.427	1.626	-5.809	3.227	-6.784
18.305	5.031	6.488	-8.437	12.502	13.387	0.054	-6.511	4.882	-7.107
14.131	3.355	9.458	-6.617	2.837	2.329	2.477	-6.787	2.777	-6.606
5.234	2.420	5.296	-6.446	5.843	3.884	0.933	-5.396	4.294	-5.910
6.837	4.692	4.749	-6.705	3.711	8.522	4.872	-5.947	4.521	-6.863
8.821	9.930	8.087	-6.877	13.992	4.207	9.196	-8.746	4.904	-8.624
11.335	5.559	9.247	-6.056	18.953	4.858	1.830	-7.626	0.259	-6.671
8.334	2.676	0.602	-8.629	2.479	19.135	7.877	-7.418	0.020	-6.120
15.876	8.187	0.433	-6.397	6.376	0.645	8.426	-5.663	4.776	-8.197
10.424	0.450	3.208	-5.073	5.477	3.672	3.064	-8.647	3.718	-7.398
6.113	3.596	7.045	-8.008	1.047	16.584	5.466	-6.651	0.554	-6.302
7.957	8.542	9.766	-8.146	10.647	4.672	9.677	-8.127	3.429	-6.240
9.683	3.959	3.610	-6.346	13.717	13.061	8.143	-6.700	0.802	-7.568
6.158	8.725	2.717	-6.342	19.708	13.543	5.204	-6.069	3.076	-6.901
10.053	7.428	3.255	-5.814	14.368	3.992	6.291	-5.557	1.077	-5.960
9.575	6.774	5.136	-6.221	0.002	14.177	3.271	-5.312	3.986	-6.769
13.909	7.483	0.086	-7.049	5.170	7.636	8.872	-6.670	2.709	-5.212
17.670	6.204	3.685	-7.653	15.315	13.925	9.819	-8.108	4.520	-6.982
8.979	2.357	6.168	-7.382	11.163	7.011	7.074	-7.154	0.029	-5.475
1.565	9.146	0.951	-6.048	15.249	11.785	8.716	-6.109	4.696	-6.126
19.209	4.051	9.665	-6.677	7.496	13.403	5.437	-7.306	3.165	-8.314
19.262	1.657	6.661	-5.558	10.101	15.374	6.004	-7.495	0.610	-6.989
11.312	4.235	8.424	-8.021	1.653	5.594	5.359	-5.164	2.905	-6.788
2.913	7.401	6.201	-7.472	13.422	12.450	1.323	-6.514	3.808	-6.010
6.591	4.036	9.250	-3.887	3.305	15.943	9.207	-6.885	1.977	-7.075
9.310	5.975	2.416	-8.350	5.975	9.644	2.274	-7.616	3.850	-6.394
18.678	4.981	5.991	-7.675	17.319	19.409	2.726	-5.524	0.669	-7.370
3.251	7.390	6.802	-7.259	11.716	4.988	5.622	-8.288	4.985	-6.303
19.264	2.959	4.866	-6.549	9.242	15.169	6.821	-6.676	1.052	-7.676
0.009	2.144	3.373	-6.384	7.559	16.850	6.601	-6.001	0.555	-7.780
2.687	2.394	2.860	-5.616	3.564	19.270	2.935	-7.093	2.396	-6.166
10.061	4.127	4.820	-8.655	13.955	7.673	8.630	-8.528	3.865	-7.767
17.803	6.579	9.506	-5.883	15.073	4.176	5.207	-4.019	3.312	-7.934
0.433	8.382	8.956	-5.437	8.420	11.155	9.003	-7.331	2.970	-8.766
19.272	6.220	0.641	-7.406	17.714	17.122	7.483	-5.977	4.795	-7.818
3.389	5.502	2.682	-6.463	16.760	2.561	9.960	-7.480	2.470	-6.405
7.487	0.204	0.087	-6.421	17.057	2.727	5.425	-4.906	2.322	-7.921
4.980	9.809	7.567	-9.586	19.400	14.506	1.710	-6.865	1.548	-6.472
3.534	9.844	1.802	-8.232	5.282	8.720	1.661	-5.945	1.916	-8.317
11.216	4.310	9.518	-6.801	1.680	11.769	0.658	-7.787	2.127	-7.224
3.026	9.827	9.678	-6.446	1.540	13.072	2.265	-5.188	1.245	-8.300
12.560	4.174	1.438	-7.030	18.576	10.931	1.134	-7.467	0.219	-7.005
18.866	2.645	5.527	-7.927	14.420	9.479	7.771	-7.944	3.499	-8.180
18.000	4.809	7.003	-5.915	17.107	14.542	6.914	-8.326	1.189	-6.996
6.898	9.811	7.023	-5.191	17.564	17.258	3.200	-4.404	4.762	-7.117
3.246	0.111	9.270	-6.743	7.830	11.231	7.211	-6.581	0.284	-5.975
9.592	2.086	4.760	-8.436	10.817	2.032	7.511	-7.074	3.554	-8.449
17.432	4.141	7.221	-6.875	5.827	19.284	2.310	-6.545	4.672	-6.120
16.495	2.960	6.079	-7.486	2.067	15.292	7.455	-4.645	3.244	-6.670
1.348	8.830	4.395	-7.219	18.373	2.105	5.822	-7.309	2.267	-7.343
10.119	4.228	7.050	-6.993	1.344	13.427	1.270	-7.838	0.160	-8.084
6.663	2.897	0.691	-6.945	18.450	17.528	7.243	-5.669	3.071	-7.909
7.643	2.718	9.663	-7.441	19.783	15.210	4.850	-8.587	0.835	-6.421
5.672	8.375	3.961	-6.615	3.037	3.195	7.021	-7.215	4.331	-7.494
11.307	4.392	1.940	-6.505	16.847	7.445	2.312	-5.945	2.448	-7.010
6.211	2.610	5.211	-7.624	12.578	6.149	4.559	-6.572	1.346	-9.269
17.774	8.578	1.912	-8.270	11.800	2.532	8.909	-5.819	1.747	-5.903
2.528	7.624	6.505	-6.328	3.472	19.968	0.350	-8.171	1.854	-6.819
3.521	2.725	3.717	-6.627	6.466	10.094	9.521	-5.431	4.736	-8.025
7.060	0.634	0.692	-7.528	18.330	18.534	7.372	-5.467	2.593	-6.320
10.175	9.506	1.955	-6.046	19.811	0.033	2.238	-7.829	1.355	-7.696
2.686	1.103	3.369	-4.688	12.325	8.622	2.507	-5.741	3.751	-7.627
5.844	6.455	9.862	-7.095	17.738	15.306	6.163	-6.442	0.837	-7.307
0.606	7.426	9.875	-7.190	8.553	9.917	0.690	-8.014	4.057	-6.764
9.573	9.317	2.745	-6.288	10.894	0.725	0.546	-6.738	2.153	-7.565
7.418	3.060	2.499	-5.848	19.039	13.576	6.143	-7.624	4.667	-8.010
12.149	1.590	0.176	-9.366	1.659	3.009	0.675	-8.792	3.329	-7.653
3.596	8.873	7.868	-4.194	9.262	13.651	3.541	-6.091	1.409	-7.489
0.767	4.604	3.446	-6.643	18.376	14.180	8.803	-4.885	4.907	-7.648
15.794	6.426	7.002	-6.103	18.908	18.597	8.364	-8.734	2.413	-7.096
12.128	1.712	1.268	-6.083	12.142	7.679	5.079	-6.891	2.093	-8.079
9.421	9.640	3.903	-7.680	8.214	10.734	3.895	-7.061	2.188	-9.499
18.020	0.217	6.407	-7.745	9.349	7.772	2.584	-6.867	1.856	-5.732
17.532	7.811	9.522	-5.986	11.252	6.747	0.510	-7.083	4.195	-8.440
12.665	2.379	4.546	-7.969	6.044	14.848	8.077	-6.246	0.538	-6.488
13.528	0.037	6.691	-7.383	2.910	18.577	2.326	-6.341	3.155	-6.858
7.299	8.389	1.235	-6.054	4.162	18.752	1.940	-6.788	1.781	-6.835
10.850	1.146	5.545	-6.843	2.578	16.765	9.032	-9.288	4.963	-6.159
15.977	2.223	9.076	-6.980	5.748	4.488	0.372	-6.744	1.208	-6.344
1.448	6.513	7.719	-7.375	3.432	10.712	7.096	-5.977	0.686	-7.735
7.127	9.031	6.768	-6.537	14.273	17.886	4.059	-5.403	2.007	-7.211
14.124	0.704	3.040	-5.787	7.663	1.217	1.992	-7.346	0.348	-5.239
9.677	6.619	9.664	-8.096	19.371	7.245	4.791	-6.555	1.152	-7.506
10.559	6.003	4.408	-7.482	3.192	12.224	1.111	-7.176	4.625	-6.070
13.856	4.736	4.458	-6.797	3.187	0.616	7.865	-7.766	1.394	-8.137
17.796	3.594	8.240	-8.299	1.096	17.495	8.260	-6.692	1.254	-7.514
11.831	6.947	6.212	-6.875	8.931	18.578	6.863	-8.157	1.572	-7.046
1.858	1.907	3.569	-7.504	19.842	1.414	7.673	-4.869	0.458	-8.548
6.996	3.788	4.993	-7.237	19.167	16.890	1.417	-6.551	4.004	-6.874
6.013	4.546	0.120	-6.670	0.625	5.218	9.772	-7.231	0.570	-5.167
4.214	2.166	7.821	-7.561	14.891	10.137	9.373	-6.139	2.332	-6.993
4.293	2.921	9.464	-7.005	19.742	12.627	0.801	-8.697	3.842	-6.435
9.318	8.908	8.338	-7.338	11.914	12.526	7.109	-4.421	2.143	-6.387
12.320	7.921	1.785	-7.667	1.960	18.813	9.947	-6.936	3.975	-7.276
18.257	8.139	4.374	-6.050	6.814	1.443	3.373	-7.131	1.000	-8.335
13.840	8.565	3.430	-7.569	4.054	5.448	3.415	-8.662	3.442	-6.948
0.057	1.788	0.002	-7.893	10.033	11.898	5.974	-4.980	4.988	-7.664
0.800	3.608	7.831	-7.114	14.434	9.683	0.887	-7.126	3.608	-6.295
17.482	3.711	3.044	-7.244	11.018	9.441	6.333	-7.057	3.178	-6.091
12.794	9.466	8.851	-5.428	2.688	3.194	4.886	-6.230	2.689	-7.394
18.444	9.420	7.564	-6.562	4.970	12.651	1.644	-8.964	3.857	-6.906
7.977	8.287	4.410	-6.617	10.056	14.493	6.530	-7.962	3.685	-7.221
14.611	7.017	4.773	-6.886	6.646	14.309	4.962	-5.784	3.938	-7.079
1.375	5.581	1.418	-7.501	1.343	19.938	2.134	-6.522	0.604	-6.446
18.258	6.246	1.875	-4.387	8.858	15.005	3.170	-7.727	2.513	-6.302
10.661	1.833	2.289	-5.127	18.014	7.601	2.939	-6.598	2.031	-7.960
18.399	9.112	1.923	-6.582	10.543	18.383	7.206	-7.390	2.316	-4.308
4.724	8.333	9.044	-5.925	17.759	6.305	7.460	-6.296	0.643	-6.705
4.341	6.232	2.377	-6.907	12.401	4.299	4.790	-7.795	0.503	-8.093
12.674	2.597	3.419	-7.717	1.790	5.714	3.739	-7.759	1.287	-6.725
14.186	3.444	4.284	-5.129	11.089	6.961	7.839	-6.012	0.767	-7.983
2.692	1.442	0.999	-7.695	19.946	18.465	9.553	-8.125	4.837	-7.294
17.040	9.070	0.704	-8.359	18.225	14.169	9.430	-7.056	1.048	-8.682
12.722	6.756	0.684	-8.840	18.316	14.180	4.426	-7.212	4.188	-7.036
4.445	1.003	6.874	-6.022	16.162	1.380	5.034	-5.246	4.257	-8.866
11.393	9.922	0.564	-6.525	3.889	4.647	1.269	-9.866	4.182	-6.088
4.928	8.432	8.679	-6.386	13.279	12.481	8.809	-7.662	4.836	-4.370
4.007	4.245	8.111	-5.557	16.868	11.003	3.355	-6.880	4.548	-6.595
6.334	1.606	3.816	-7.225	2.373	18.450	8.679	-7.440	2.184	-4.151
14.250	9.948	9.053	-7.626	0.348	9.804	6.111	-7.449	1.714	-7.627
19.514	4.580	1.955	-7.762	3.564	18.054	1.645	-7.522	0.756	-6.696
15.171	8.928	2.308	-8.975	12.353	17.471	5.476	-5.408	0.970	-5.874
1.047	9.956	3.455	-7.211	3.835	4.196	7.099	-4.558	0.962	-6.001
1.268	5.847	3.757	-7.036	13.094	7.171	7.556	-5.629	4.737	-6.065
5.683	7.203	7.196	-6.728	8.612	6.918	0.144	-7.902	2.014	-7.612
19.521	8.559	1.374	-7.071	3.707	6.577	4.385	-8.082	1.115	-6.519
3.145	6.104	1.606	-7.385	5.147	5.973	2.054	-7.140	0.801	-6.459
0.076	0.484	7.101	-7.485	0.853	6.165	4.102	-5.890	1.790	-5.697
6.110	6.171	9.549	-6.910	6.514	1.952	5.117	-7.281	2.796	-6.768
17.036	5.445	8.166	-7.300	0.771	10.571	3.839	-7.222	2.045	-7.427
3.160	4.488	4.525	-7.204	6.720	11.952	8.204	-6.651	2.402	-6.766
3.241	6.238	7.072	-6.220	14.171	10.280	8.283	-7.467	3.546	-7.221
7.935	6.093	8.785	-7.264	0.967	15.777	0.681	-7.415	3.039	-4.433
15.905	3.893	1.260	-6.355	5.222	10.051	5.115	-8.040	2.340	-7.217
7.571	0.267	6.810	-7.431	18.490	12.305	9.752	-6.507	3.073	-8.697
16.698	1.275	2.932	-7.122	19.175	2.548	9.753	-8.036	2.943	-5.252
11.893	5.418	7.973	-6.878	10.194	19.219	4.850	-5.508	4.587	-4.637
11.181	5.486	3.462	-6.796	11.090	10.607	0.682	-5.613	4.955	-7.586
15.665	1.118	5.863	-6.179	4.168	19.315	9.491	-7.769	1.611	-8.062
13.657	0.762	7.087	-6.738	2.294	5.488	8.753	-6.862	0.477	-5.715
5.258	1.390	0.654	-5.392	15.443	11.396	8.929	-6.986	4.958	-7.649
0.778	0.850	0.768	-6.617	13.054	7.482	9.472	-7.519	0.736	-7.576
0.234	4.551	1.539	-6.916	15.952	12.484	0.606	-6.460	3.085	-7.606
11.683	0.361	4.322	-6.215	12.400	1.830	7.976	-6.883	3.855	-8.283
9.163	6.997	4.231	-8.494	8.619	3.617	2.757	-5.006	3.269	-8.208
