1.754	4.520	11.186	0.369	13.106	0.502	0.465	8.558
18.704	0.522	4.289	6.070	2.628	0.493	-0.476	6.056
16.609	6.876	17.177	7.654	10.695	-0.046	-0.508	7.609
9.122	9.467	12.828	8.264	0.061	-0.399	0.184	5.198
13.035	1.856	4.664	9.693	9.920	0.727	-0.796	2.697
0.273	8.375	15.607	2.182	14.775	0.417	-1.279	3.018
8.054	5.169	8.644	7.196	0.938	-0.715	0.100	3.226
17.404	5.557	16.902	7.196	0.054	-0.143	0.567	8.313
7.355	1.515	19.152	4.847	4.436	-0.804	1.367	8.991
14.338	9.763	4.540	1.622	0.531	-0.295	0.024	1.915
8.569	2.816	0.563	4.234	14.865	1.330	-0.655	9.978
12.034	6.848	6.283	7.657	6.934	-0.852	1.521	5.296
11.269	4.499	10.916	6.417	8.610	1.383	0.338	9.444
18.408	9.822	5.671	0.836	19.991	0.134	0.363	9.138
3.156	4.603	14.413	5.383	8.089	-0.536	0.782	7.895
10.764	5.594	6.067	0.214	11.034	1.083	-0.414	4.041
10.212	3.717	10.513	2.749	2.422	-0.653	0.300	9.000
16.014	0.316	15.373	2.357	13.302	0.209	-1.477	8.420
3.101	9.812	1.921	7.597	8.257	0.550	-0.519	0.915
7.476	2.235	9.511	9.040	9.952	-0.226	0.692	9.485
17.390	7.270	15.948	0.121	15.359	-0.237	0.019	8.968
6.440	9.852	8.065	4.071	4.696	1.467	0.581	9.322
17.550	0.245	13.573	4.909	16.232	1.061	-0.129	2.894
8.102	3.241	8.041	7.540	1.781	-0.494	-0.734	3.839
13.352	5.407	6.508	7.597	14.489	2.060	-0.054	1.000
10.744	1.412	1.394	6.374	7.812	-0.755	-0.570	3.029
2.904	6.240	13.072	6.532	9.705	-0.264	0.538	0.321
16.627	9.395	4.692	3.789	3.099	0.935	0.699	6.557
17.729	1.631	5.055	1.415	5.315	0.784	-0.476	9.511
14.187	8.523	3.829	4.861	2.868	-0.658	0.140	2.635
2.651	0.538	11.386	6.523	8.442	0.682	-0.366	0.465
19.235	9.219	6.408	6.368	8.679	0.051	-1.807	0.799
10.007	8.643	4.862	9.195	9.784	-0.319	-0.494	4.949
10.387	6.898	19.585	7.725	2.926	1.096	0.727	9.772
17.371	8.854	9.415	5.267	13.638	2.905	1.338	5.547
3.867	5.726	15.353	9.669	5.355	1.607	0.967	6.473
13.905	5.258	18.637	6.573	13.766	-1.067	0.428	9.589
0.743	4.002	16.418	7.737	10.808	0.484	-0.250	5.425
0.700	4.564	7.208	5.762	13.112	-0.014	1.881	1.252
10.269	0.486	7.734	3.347	10.639	-1.438	0.478	1.501
4.695	8.195	16.407	3.667	0.839	0.466	0.005	3.685
16.328	4.194	7.680	6.337	15.570	0.464	1.077	2.649
10.868	0.861	16.857	8.583	4.044	0.895	-0.073	8.322
8.546	2.367	13.777	9.029	11.775	0.404	1.922	1.357
9.729	8.150	7.322	0.689	11.675	-0.117	0.272	0.657
15.602	3.177	9.919	8.036	11.924	2.357	1.193	2.452
12.143	5.945	11.066	1.002	4.633	-1.596	-0.447	1.232
5.073	9.812	13.368	0.599	0.864	-0.334	0.988	0.874
16.520	5.255	5.587	6.009	17.400	-0.650	-2.451	6.784
5.014	8.982	11.261	7.568	4.721	-0.218	-0.398	2.098
1.759	4.546	18.071	1.305	8.198	-0.104	0.207	2.327
13.129	9.383	2.869	2.162	13.180	0.609	0.976	6.675
2.509	4.283	14.933	0.951	11.029	0.940	1.011	6.260
9.850	0.066	3.719	9.632	14.914	1.166	-1.168	5.053
6.893	8.511	10.531	2.277	7.999	-1.865	-1.424	7.856
18.898	2.164	10.545	2.077	6.139	0.369	0.619	1.859
12.647	3.827	14.058	8.871	11.255	0.676	1.137	1.027
8.430	7.540	18.874	4.262	0.790	-0.727	0.446	2.139
5.076	3.057	14.209	1.424	3.321	0.471	0.230	9.719
6.967	0.244	0.904	3.240	4.066	1.515	1.557	6.141
4.782	8.408	2.087	9.533	17.882	0.001	-0.229	3.305
3.918	4.263	15.852	0.281	19.707	0.687	2.127	4.250
17.370	6.550	13.742	2.386	0.362	1.212	-0.448	1.258
12.400	1.514	8.195	3.665	14.323	0.870	-0.176	7.667
18.008	9.783	15.684	2.807	14.895	0.125	-2.068	7.104
14.336	8.995	15.689	6.011	3.881	1.405	-0.184	5.137
7.777	3.627	6.931	7.955	6.538	-1.594	-1.934	3.868
18.930	6.448	15.131	1.655	15.490	1.689	-0.558	7.829
13.275	1.760	12.683	8.146	9.043	-1.627	0.460	8.826
5.827	6.539	7.115	5.530	5.723	-0.011	-1.600	9.415
14.675	6.713	17.804	2.815	19.440	0.281	0.160	5.698
5.896	0.710	12.395	8.623	19.787	-1.758	-0.341	7.739
6.396	2.683	6.512	8.507	12.638	0.033	0.451	8.891
8.268	7.174	12.724	1.970	4.554	-0.415	-1.091	3.435
10.259	9.966	9.297	7.641	14.247	-0.643	-1.195	4.991
10.501	1.268	8.944	0.645	14.477	-1.299	0.063	7.856
14.405	1.450	12.596	1.923	12.304	0.056	-0.746	3.671
7.480	8.988	10.177	5.941	18.785	0.749	-1.867	2.796
17.636	5.727	8.390	2.607	18.666	-0.704	1.046	9.823
0.072	9.623	0.239	4.101	5.829	2.117	-0.691	8.279
7.235	6.197	0.409	5.457	11.769	-1.064	-0.274	7.560
12.251	2.797	10.569	6.747	9.973	-0.418	-0.787	1.221
16.049	9.447	17.843	8.205	5.634	-0.922	-0.320	6.152
9.917	1.874	11.904	4.948	11.119	0.543	-0.103	2.067
4.953	9.696	8.580	5.671	5.988	-0.755	-0.524	1.463
10.165	5.779	12.807	3.266	19.771	-1.216	-1.399	7.580
11.105	3.798	5.706	5.886	13.671	-0.820	-0.013	1.021
6.201	0.074	0.557	4.609	13.168	0.456	0.938	8.120
15.360	6.943	4.622	2.106	7.111	0.313	-0.588	2.163
8.175	3.896	12.198	4.648	18.348	-0.614	-1.948	4.955
13.362	7.636	5.173	2.451	16.453	-0.880	0.168	2.733
3.626	4.975	19.878	8.937	10.612	-0.798	-0.494	6.479
6.140	2.452	19.140	6.875	1.691	0.192	-0.532	8.813
9.979	4.591	9.564	3.157	0.453	0.313	0.372	7.226
8.173	6.072	9.935	4.944	5.748	0.973	0.527	3.429
4.852	3.989	11.950	5.079	7.708	-0.442	0.464	5.359
19.575	6.077	3.632	9.825	2.497	0.988	-0.393	4.956
11.308	3.987	0.652	7.706	11.519	2.744	0.003	0.282
13.341	3.802	0.528	2.978	6.141	-0.602	-0.332	9.149
8.186	9.147	18.453	7.990	2.382	0.477	-0.712	7.158
7.169	5.582	3.437	9.238	5.970	1.910	3.736	3.086
1.096	5.790	4.545	6.189	6.162	0.614	2.599	4.534
3.272	4.246	3.320	7.358	6.037	2.116	3.164	2.097
7.617	5.853	4.948	3.564	7.347	1.819	2.344	0.235
2.822	4.706	2.073	0.409	5.419	0.778	0.307	2.341
5.549	3.871	4.006	4.694	6.840	2.203	9.208	1.320
4.334	5.868	3.627	8.113	5.020	1.556	9.768	1.825
3.925	3.956	3.663	1.984	3.881	2.150	4.152	4.860
2.491	5.341	3.355	4.427	3.496	1.220	0.550	3.194
2.196	4.272	4.313	7.890	5.852	1.345	7.103	1.233
5.517	5.195	4.575	4.431	6.236	2.266	3.512	2.152
1.655	6.256	3.958	3.628	4.794	2.253	3.908	1.720
9.980	6.593	2.707	0.953	4.729	1.050	0.308	4.911
1.399	6.669	3.817	1.909	4.181	4.362	1.517	3.919
7.727	5.622	2.816	1.985	5.009	3.015	7.001	4.156
7.301	5.137	0.600	4.746	3.817	4.415	1.641	1.323
9.313	4.694	4.783	9.783	6.327	2.901	8.636	4.242
5.496	3.766	4.216	3.838	6.636	1.378	4.262	1.663
5.379	5.357	0.612	6.694	7.440	4.594	0.578	2.674
4.916	4.779	1.095	2.486	3.302	4.853	0.126	2.719
7.383	3.149	0.793	5.145	5.162	4.255	3.829	4.077
7.436	5.625	0.431	4.366	6.598	2.162	9.197	4.080
3.570	4.884	0.642	2.648	2.396	2.985	5.282	2.315
5.298	6.722	1.159	9.952	6.143	0.824	3.286	0.177
3.096	4.405	4.870	2.414	4.496	0.474	2.122	3.566
6.251	4.937	3.084	0.513	4.386	4.566	1.129	4.355
7.047	4.549	2.730	9.329	4.077	1.616	3.450	1.976
6.477	6.015	1.036	8.014	5.821	2.262	0.971	2.501
9.894	5.399	1.877	8.415	6.147	3.739	9.577	4.292
0.660	4.947	3.917	4.061	5.406	3.757	5.237	1.924
4.566	4.929	1.468	3.548	4.875	4.132	7.936	2.811
9.609	4.635	0.502	4.316	5.370	4.381	6.063	0.838
3.907	5.692	3.063	5.108	5.092	0.331	9.797	3.319
8.484	6.182	0.898	2.410	3.728	0.393	5.898	3.340
6.672	4.961	2.299	3.050	5.046	3.988	4.078	4.829
5.025	3.236	2.476	6.213	5.314	2.812	5.142	2.415
4.323	5.532	0.133	0.622	6.725	3.654	7.763	4.467
2.146	4.687	2.237	1.118	2.528	3.806	6.104	4.771
5.951	4.580	2.029	3.170	5.172	0.396	8.780	1.745
9.885	5.708	1.765	5.627	6.001	4.876	6.935	4.150
1.802	5.043	0.968	8.266	4.669	4.353	6.286	3.352
9.198	5.693	0.563	6.493	5.199	4.918	3.779	1.341
0.272	4.435	0.766	6.118	3.262	4.746	7.572	4.234
0.740	5.418	2.065	1.887	2.932	1.938	9.471	4.498
7.723	4.723	3.252	9.435	5.957	3.620	1.776	4.200
8.602	5.560	3.719	1.092	6.567	0.817	7.448	0.538
4.330	5.737	2.766	6.915	5.013	3.183	0.097	2.238
6.935	4.859	3.260	9.309	3.853	2.994	6.495	2.091
8.960	6.334	2.834	7.629	6.452	1.225	8.022	3.545
0.797	5.013	4.152	3.181	6.965	3.629	4.644	3.702
6.870	4.493	1.073	2.544	4.268	1.954	1.984	2.959
8.489	5.874	1.391	3.134	5.195	3.274	2.518	2.052
7.251	3.547	1.889	2.857	6.111	3.296	8.263	2.087
7.256	5.049	0.404	9.243	2.730	2.799	1.617	0.491
0.618	4.815	2.059	1.008	5.400	1.918	2.260	4.060
9.580	6.092	0.437	4.852	6.950	0.744	8.553	3.720
4.117	5.295	0.086	9.391	5.209	1.603	1.493	1.879
1.034	5.006	4.709	7.751	3.923	2.626	9.746	2.886
6.833	4.387	0.819	0.678	2.586	3.617	2.424	1.495
2.901	2.385	4.526	1.511	4.755	4.956	1.173	3.024
1.701	5.511	3.323	5.909	4.905	0.982	8.272	2.737
0.252	4.522	1.744	4.910	5.580	0.697	6.643	1.391
6.150	4.477	4.452	9.225	7.295	2.019	0.880	0.669
1.425	4.360	4.163	8.041	6.531	2.782	1.226	3.148
7.037	3.395	0.624	3.819	3.378	4.884	8.192	1.636
3.101	5.446	0.241	7.270	5.205	2.100	3.115	2.945
5.916	4.909	2.279	6.648	4.551	1.585	1.743	1.813
8.506	5.027	2.764	8.982	4.733	0.291	0.750	1.972
3.632	4.799	3.118	0.757	5.396	3.651	8.107	1.629
9.796	5.371	1.475	4.466	6.785	1.803	6.128	2.335
1.117	5.149	2.254	8.196	4.576	4.552	2.149	2.538
7.077	7.042	3.502	8.267	5.862	0.384	6.615	4.398
6.611	6.073	0.862	4.499	4.189	4.441	4.415	0.182
2.584	5.289	4.571	3.763	4.862	4.340	0.851	4.159
5.552	4.643	3.422	6.674	5.783	1.852	8.268	1.811
4.940	5.495	4.533	8.396	4.947	3.457	7.268	1.884
6.431	5.934	0.465	2.969	3.052	4.320	4.521	4.750
8.627	5.152	0.602	9.976	5.471	2.464	4.571	0.768
1.669	5.546	1.519	7.213	5.035	3.616	9.612	0.752
1.982	5.823	2.007	8.709	5.575	0.219	3.517	1.339
9.078	4.023	3.659	0.039	5.395	3.008	6.442	1.222
9.329	3.942	2.246	0.857	4.061	4.324	1.191	0.331
2.279	3.260	1.991	2.688	5.591	0.563	4.991	3.921
4.971	5.547	4.372	1.408	6.884	3.177	6.901	1.062
9.801	3.709	2.514	0.574	4.544	4.390	5.408	1.366
7.576	4.915	4.780	3.964	5.342	1.700	3.895	4.520
1.940	4.037	2.321	9.563	5.060	0.167	5.302	3.045
8.837	4.604	3.056	2.868	6.485	3.244	9.738	2.574
2.951	3.596	3.586	2.176	5.815	3.223	2.381	2.696
5.553	6.198	2.986	8.137	4.376	4.003	5.109	4.923
4.778	4.124	3.141	7.901	3.848	1.030	6.510	2.964
3.776	5.190	2.361	4.367	3.688	1.043	1.294	0.467
8.519	3.480	3.795	3.182	5.944	0.334	6.095	4.762
7.602	5.987	1.591	9.469	3.968	3.022	4.298	2.219
0.876	4.313	4.481	6.095	6.002	4.044	0.176	0.707
3.162	5.053	2.385	6.263	4.446	3.843	1.725	1.362
9.923	3.130	3.153	2.357	4.544	1.120	3.495	4.749
2.499	6.028	3.695	5.019	5.532	1.654	5.852	0.469
4.702	4.436	1.391	3.079	5.510	3.905	5.826	2.219
2.405	4.946	2.448	6.598	5.520	1.671	5.916	4.253