0.473	-0.346	16.378	7.604	1.633	7.577	0.354	2.631	-1.486	9.681
-0.529	-1.208	2.087	1.500	2.141	6.435	1.387	1.635	0.676	12.925
1.718	-0.683	18.804	2.576	0.456	8.444	-1.843	1.692	0.189	2.942
-1.592	1.340	1.172	1.807	0.940	8.053	-0.119	0.548	-1.215	7.519
0.502	0.129	18.017	6.790	1.601	1.975	-0.097	2.743	1.617	13.377
-1.059	1.509	0.128	3.769	0.094	1.017	0.699	3.921	-0.523	17.026
-0.498	1.129	0.087	7.289	4.102	1.175	0.649	0.120	-0.181	12.546
-0.956	-0.164	7.992	4.475	3.388	4.739	1.157	2.739	-0.673	9.766
0.115	0.577	9.959	9.128	0.186	5.986	-0.888	1.381	0.188	18.972
1.089	-0.491	17.744	1.652	3.430	5.286	-0.740	0.005	-2.871	12.152
-0.978	-0.138	17.500	7.625	0.842	8.054	0.197	4.677	1.067	9.228
1.769	0.421	16.995	8.894	2.486	5.523	0.450	1.699	-0.216	6.433
-0.031	0.338	4.651	9.153	0.054	7.622	1.142	4.865	-0.388	13.429
-1.108	-0.224	1.847	1.451	2.293	6.848	-0.417	1.362	0.623	6.972
0.777	0.303	16.586	1.750	4.850	8.457	-0.552	0.048	1.571	10.307
0.805	-0.197	3.909	3.927	1.898	6.107	0.003	4.273	-0.279	7.859
0.683	1.780	0.791	3.548	0.457	8.789	-0.055	1.374	0.837	4.965
-0.271	-1.240	0.640	6.982	4.387	9.809	-0.027	2.451	2.108	9.156
1.607	0.101	16.167	3.862	0.859	8.140	-2.146	2.376	-0.609	10.903
0.931	-0.390	1.455	3.816	2.415	9.400	1.366	2.332	0.541	7.973
-0.784	0.817	12.894	5.831	0.625	0.608	2.247	4.803	0.569	6.001
1.256	1.450	15.706	3.420	3.719	1.442	0.410	1.515	0.674	17.468
-1.195	-1.264	19.364	9.365	4.550	3.763	-0.903	0.564	0.131	0.497
0.104	0.171	12.598	0.949	1.153	6.246	-1.684	0.253	-0.088	8.471
1.962	-0.702	19.319	3.891	4.386	5.267	0.482	1.613	0.604	12.348
0.123	-0.146	5.820	1.205	2.529	4.005	0.319	0.665	0.497	17.115
-0.702	-2.084	2.744	9.135	1.589	1.372	1.005	4.841	1.628	12.843
-1.070	0.235	17.504	0.263	3.191	6.764	-0.622	1.853	1.773	5.180
-1.763	-0.059	1.232	4.666	1.066	2.180	1.678	3.411	-0.534	3.765
-0.048	1.493	11.538	2.806	3.182	7.861	-0.581	2.447	0.560	3.924
-1.232	-0.966	8.227	2.237	4.613	8.734	-0.691	4.480	0.470	3.294
1.423	0.047	15.655	2.797	2.672	0.445	0.235	4.138	0.264	3.626
1.682	1.050	16.624	6.745	4.641	2.060	-0.399	4.415	1.134	14.977
-2.684	-0.774	18.104	5.161	4.994	8.594	-0.174	4.111	-2.692	8.534
-0.187	-0.855	6.072	3.091	0.510	9.400	-0.167	0.499	1.064	7.471
1.235	-0.622	6.660	6.318	2.713	9.647	1.397	1.989	0.359	8.899
-0.466	1.718	8.544	9.891	1.529	3.290	0.336	1.543	0.782	9.533
1.558	2.431	9.954	6.660	4.415	1.110	-2.231	3.757	1.654	1.173
-0.145	0.062	14.252	7.287	2.199	8.199	-0.263	2.659	0.487	5.487
-0.258	-1.816	11.377	5.613	2.784	9.386	-0.590	4.259	-0.758	10.790
-0.753	1.323	11.858	2.294	0.992	0.580	-0.240	4.238	-0.908	7.697
0.042	-0.965	8.557	4.412	2.861	1.386	2.316	3.962	0.192	18.666
-1.771	0.454	9.284	4.111	3.838	2.303	-0.304	3.968	0.763	8.248
-0.760	1.770	15.135	2.347	3.383	2.172	-0.304	3.896	1.819	5.268
-0.429	1.458	18.198	5.722	1.895	0.340	0.775	1.830	-0.162	19.800
-1.340	0.857	3.232	6.427	2.764	8.112	-0.893	1.143	-0.720	5.714
0.666	0.392	18.012	9.556	0.574	1.136	1.157	0.430	-0.179	4.710
0.955	-0.355	14.269	8.728	2.254	3.602	-1.636	1.531	-0.031	1.010
-0.314	0.267	3.271	9.179	0.283	5.872	-0.172	3.972	0.229	3.483
0.481	-1.144	6.538	1.750	2.653	8.193	0.806	0.485	-0.542	13.547
0.601	1.886	1.868	1.951	3.396	3.000	0.229	0.745	0.729	19.817
1.119	1.979	4.703	6.380	4.337	2.074	1.730	0.787	-0.081	12.660
-0.852	0.128	0.642	5.022	0.915	8.932	-1.498	0.836	1.052	14.363
0.368	-1.371	0.987	0.214	4.551	2.120	0.522	3.758	-1.209	9.876
0.441	-1.428	19.748	8.780	1.169	4.401	-1.125	3.245	-1.867	17.447
0.124	-0.354	12.281	8.641	0.370	2.076	-0.171	0.736	1.702	2.136
-0.752	0.811	0.494	5.654	3.331	3.614	-1.701	2.532	-1.269	6.400
-0.310	-0.904	15.179	5.654	1.648	8.718	-2.182	2.176	0.185	11.792
1.416	0.275	18.147	2.980	3.543	8.710	2.041	1.105	0.583	7.835
-0.521	0.950	10.674	6.247	4.157	6.720	-0.264	0.835	-0.531	5.990
1.304	-0.597	5.780	6.202	4.369	1.049	0.585	2.815	0.115	3.868
1.301	0.495	7.263	8.264	2.077	8.830	-0.494	4.421	0.229	10.488
1.269	-1.494	7.148	6.936	0.558	8.418	-0.527	0.989	0.423	0.596
-1.090	1.172	16.671	4.822	2.156	1.728	0.659	2.999	0.134	3.543
-0.050	-0.477	5.131	0.574	3.886	0.928	-0.467	3.561	-0.354	11.177
-0.730	1.665	8.978	4.224	1.235	7.487	0.474	3.258	0.536	7.754
-0.535	1.782	12.471	5.468	2.425	2.182	-0.117	1.765	-2.333	12.423
0.044	-2.905	17.324	9.581	1.212	7.839	0.148	1.076	-0.118	5.081
0.201	-0.466	4.854	3.856	2.813	6.955	0.858	4.641	0.142	15.971
-1.013	-0.675	16.020	6.925	1.006	1.175	-0.209	1.475	0.257	1.415
-1.332	0.715	3.521	8.896	3.911	9.861	0.548	3.422	1.882	14.439
0.846	-0.779	11.108	6.728	3.452	3.723	-0.020	0.342	0.645	0.548
-0.227	0.645	3.661	6.021	0.021	1.226	0.308	3.960	1.657	15.558
1.054	0.347	0.859	5.737	1.929	8.243	-1.119	0.250	0.603	11.521
-0.080	0.696	18.388	8.560	4.590	0.658	-0.974	2.599	-1.306	19.042
-0.796	1.043	8.506	4.393	1.887	5.829	1.649	1.881	0.157	13.012
-1.464	0.562	6.862	3.277	3.443	2.323	-0.063	3.645	0.390	0.357
-0.716	1.954	12.035	0.390	2.248	7.796	-1.808	4.897	-0.709	12.866
0.559	-0.367	10.820	5.856	1.021	0.855	-0.359	4.252	-0.623	5.518
1.681	-2.001	15.022	4.300	4.603	6.149	-0.336	2.919	-1.230	3.026
1.452	-0.550	14.126	9.506	3.193	4.724	0.136	1.686	0.135	3.460
0.165	-0.009	15.494	2.677	0.026	0.906	-0.368	0.655	0.102	5.086
-0.782	0.793	17.434	4.956	0.040	8.126	0.005	4.955	0.000	10.545
1.509	0.511	2.701	0.304	3.149	1.505	-0.496	1.202	-0.135	1.357
-0.675	-0.180	8.177	6.333	4.905	5.686	-2.647	4.376	-1.699	4.317
0.668	-0.760	17.466	3.354	4.107	3.408	0.640	4.848	1.320	10.813
3.359	0.573	7.175	1.102	1.817	6.124	0.675	3.959	1.680	14.970
0.205	0.763	2.654	4.152	3.305	5.943	1.450	4.765	-0.015	11.267
-1.056	0.449	1.892	1.324	4.684	1.853	-1.036	0.246	1.093	16.049
-1.268	0.887	8.393	0.619	1.328	5.343	-2.233	1.316	-0.378	5.934
1.484	0.249	11.351	7.721	0.388	6.032	-0.655	2.384	-0.473	7.498
0.284	-0.308	5.484	3.367	1.622	9.960	-0.461	0.417	0.829	5.672
0.986	0.706	9.319	9.970	1.213	7.420	0.957	0.476	-0.762	2.231
-0.671	-1.563	11.998	2.839	4.954	7.685	-0.469	0.104	1.372	12.837
-0.661	-0.733	0.212	4.164	1.330	6.693	-1.661	2.764	0.526	13.526
-0.507	-0.204	8.220	9.043	1.248	4.590	-0.974	0.294	0.786	16.269
0.371	0.246	19.247	2.608	2.400	0.972	0.339	1.708	2.130	15.318
0.217	-0.747	12.048	1.394	4.824	5.154	1.891	1.493	0.373	14.403
0.575	0.630	6.516	8.972	2.485	6.697	0.456	4.058	-0.356	16.987
-1.016	1.647	19.636	0.346	3.101	6.595	0.103	1.853	-0.019	11.773
0.205	-0.865	3.112	8.569	4.576	5.683	-0.897	0.220	0.124	11.863
-0.296	2.688	4.480	0.160	1.949	1.072	-0.091	2.103	0.265	12.273
1.343	0.304	1.002	5.804	0.364	7.902	-0.982	1.573	-0.101	3.522
0.587	0.905	12.878	9.269	2.356	5.074	-0.289	3.219	-1.547	0.313
0.570	-0.867	7.485	1.041	4.050	1.740	0.985	3.509	1.050	1.931
0.875	0.126	9.018	3.254	1.637	6.337	-0.388	4.666	1.350	2.417
-0.530	0.603	7.805	8.998	3.212	6.839	-0.640	1.698	-0.984	7.297
1.142	0.397	5.887	4.170	2.169	6.884	-0.359	2.123	-1.764	19.548
0.450	-1.497	2.014	2.334	0.797	7.048	-1.159	2.577	-0.617	7.501
0.688	-1.549	6.558	9.286	4.651	5.502	0.384	0.201	0.163	3.328
-1.105	-1.484	5.247	2.278	0.408	2.610	0.330	1.882	-0.449	8.089
-0.441	1.091	3.034	1.865	1.352	8.371	1.132	4.885	0.162	8.808
0.077	-0.097	15.691	4.682	4.591	5.254	-0.144	0.666	-0.664	6.829
-0.902	0.469	1.896	6.721	3.996	9.005	-1.732	0.293	1.073	19.844
0.241	0.012	6.749	2.501	4.457	7.588	1.155	0.737	1.415	15.639
-0.264	-0.608	6.343	7.322	1.697	5.066	-1.261	0.329	0.361	9.572
0.568	1.123	17.625	0.483	3.229	8.303	1.268	3.438	-0.006	11.839
-1.730	-0.665	7.732	8.268	1.659	6.614	0.137	1.782	-1.671	13.380
-0.238	-1.697	18.337	1.225	1.025	1.556	0.064	3.941	-2.185	15.749
-2.629	0.685	9.514	7.467	0.151	3.351	-1.913	2.160	1.157	13.372
-1.248	0.527	15.441	1.684	1.993	2.100	0.518	2.656	0.169	6.044
-2.114	-0.258	3.056	1.687	4.359	5.424	0.255	1.682	0.382	2.693
1.547	1.121	3.527	7.649	3.265	5.549	0.627	4.738	1.432	6.326
-0.753	-0.077	16.232	2.831	2.645	2.273	-0.419	1.929	-0.521	6.256
1.477	2.321	9.707	4.069	3.473	2.895	-1.175	3.250	-0.828	19.055
2.311	0.703	5.514	4.701	3.593	6.690	0.539	0.421	0.962	7.469
-0.998	-0.362	11.167	9.769	4.887	0.084	-0.330	1.181	-0.782	4.622
-0.130	1.682	3.144	9.044	1.722	5.921	1.015	3.435	-1.566	5.731
1.898	0.956	8.385	5.461	2.836	1.328	-0.675	3.368	-0.277	16.621
0.263	-2.104	16.924	8.657	0.576	0.172	1.136	3.919	0.477	8.927
-0.089	-0.053	6.568	3.695	2.260	4.569	-0.541	3.972	0.890	7.959
0.181	-1.888	4.837	9.932	1.328	4.918	1.110	3.521	-0.145	4.700
1.616	-2.367	10.272	4.347	0.613	0.503	0.088	0.258	0.454	2.279
1.931	0.396	15.811	4.466	3.590	7.558	0.836	2.036	0.259	5.669
-0.036	1.274	5.947	3.944	4.364	0.532	-0.374	0.562	-1.121	3.444
-0.687	1.889	12.588	5.688	4.762	4.304	0.975	3.334	-0.391	14.418
-1.480	-0.041	1.225	3.068	3.194	5.924	-1.960	4.238	-0.915	10.345
0.576	0.379	11.739	5.506	4.890	7.230	1.131	3.130	-0.632	4.626
-0.784	-0.415	16.769	6.634	1.561	8.001	0.199	3.567	-1.352	4.829
-0.852	-0.581	5.517	2.794	3.863	9.550	-0.098	0.701	0.353	13.715
1.177	0.790	15.836	0.342	4.806	1.567	1.001	1.330	-0.147	8.394
-1.622	0.115	7.339	6.475	4.783	2.398	0.309	3.161	1.424	17.887
0.015	2.372	6.606	8.057	4.151	3.949	-0.419	0.781	0.985	14.497
1.677	0.163	15.102	3.608	1.271	8.553	0.563	0.546	-0.256	11.512
0.696	1.049	7.072	1.757	3.836	1.851	-1.427	0.872	-0.954	14.390
-0.399	0.169	7.328	4.663	1.869	9.100	0.120	1.064	-0.880	18.721
-0.809	-0.363	16.627	8.777	1.902	0.971	-0.430	3.836	-0.345	19.396
-0.406	-0.759	1.365	9.519	0.735	0.950	-0.529	3.801	-0.027	17.803
0.236	-0.410	14.236	8.879	0.138	0.606	1.428	2.604	0.017	0.402
-0.639	-0.020	6.128	5.109	1.426	8.429	-1.690	2.763	-0.904	1.796
0.882	0.171	6.804	6.638	3.283	0.104	0.601	2.201	-0.190	19.386
0.386	-1.120	15.145	3.098	1.604	2.994	0.409	0.374	0.640	0.653
1.301	-0.135	14.642	3.533	2.130	1.108	-0.533	0.676	-0.974	10.843
-1.176	1.003	13.965	0.982	4.360	7.376	0.427	3.383	0.021	10.786
-0.605	1.119	7.964	8.283	1.866	3.553	0.687	3.596	-1.216	18.835
-0.170	0.873	16.390	0.921	0.828	0.437	-1.270	1.966	-0.665	9.538
-1.079	-1.154	5.105	5.155	4.501	3.058	-0.778	3.275	-0.651	2.283
0.445	-1.791	18.123	7.485	2.999	3.752	-0.256	3.689	0.199	6.365
-0.479	-0.018	12.770	5.240	4.866	7.580	1.837	2.764	0.240	1.784
-0.083	0.663	17.485	3.118	1.235	0.705	0.367	3.313	1.185	2.891
-0.145	-0.507	6.712	5.690	0.420	4.332	0.453	3.077	0.468	2.464
0.687	0.726	7.142	7.582	4.426	5.572	-0.010	2.082	-0.159	18.678
1.701	-0.226	11.236	4.745	3.026	3.794	0.052	3.389	-0.914	2.153
-0.032	-1.617	4.400	7.894	0.677	3.609	-0.348	1.596	0.450	11.514
0.788	-0.756	11.813	3.825	2.603	7.092	-1.079	0.745	0.427	11.812
0.038	-0.088	17.190	1.479	1.770	3.267	0.046	1.410	0.486	0.379
-0.321	-1.085	0.116	9.742	3.446	0.913	0.890	2.017	-0.482	16.335
1.737	-0.057	0.374	6.865	2.386	2.604	0.562	0.031	0.540	7.457
0.192	0.489	7.968	8.263	4.491	0.026	0.418	0.050	0.192	15.767
-1.082	-0.366	0.819	3.003	1.860	5.224	0.384	3.151	0.443	16.596
0.755	-0.765	6.366	6.199	4.339	1.760	-0.021	3.762	0.123	14.669
-0.995	-0.690	12.931	0.049	1.030	2.487	-1.162	1.708	-0.474	17.405
1.115	0.119	1.255	1.878	2.945	6.098	0.092	3.505	1.462	2.443
0.564	-1.844	6.173	7.331	2.750	9.900	0.760	1.077	-0.978	18.008
-0.771	1.326	12.231	8.179	0.771	0.237	1.391	0.700	-0.997	6.234
-0.934	0.367	18.777	5.125	1.469	1.920	1.617	3.907	1.144	2.940
-0.134	-0.984	7.868	0.698	2.183	1.351	0.307	4.864	0.365	12.076
-0.205	-1.736	10.599	0.918	0.071	3.784	-0.841	0.355	-0.090	10.594
0.601	0.899	2.057	4.797	1.894	6.307	0.459	1.405	-0.788	0.296
-0.297	0.761	4.310	4.824	0.933	5.603	-0.185	1.230	-1.048	1.924
-0.860	2.062	5.837	4.567	2.260	8.888	0.494	0.032	1.465	15.819
-0.486	0.461	6.772	4.622	1.102	4.347	0.808	4.188	0.747	18.543
-0.514	1.432	12.814	1.027	3.979	0.398	0.561	2.259	0.505	7.584
-1.088	-0.415	5.104	1.565	3.813	1.804	0.083	2.078	0.574	19.521
1.486	0.680	7.750	8.331	1.877	9.410	-0.101	0.591	1.958	16.045
-0.042	-0.640	12.021	6.140	0.476	2.390	-0.156	3.894	-0.277	5.367
0.263	-0.279	6.719	9.493	0.178	7.085	-0.372	1.024	0.159	7.814
-0.175	1.273	9.889	9.848	2.406	7.381	0.487	2.282	0.341	2.856
-1.485	-1.167	6.696	5.677	2.141	6.321	1.318	1.375	0.287	2.219
0.076	-0.345	3.998	4.273	3.357	3.804	-0.473	4.187	-0.288	5.180
-0.387	0.484	15.340	6.442	4.473	4.529	2.377	1.849	0.203	11.868
-0.133	0.027	12.106	6.882	0.442	7.340	-1.298	2.552	0.164	1.836
0.340	0.405	10.285	3.222	2.852	0.470	0.774	3.191	-1.717	14.611
0.597	0.682	3.658	4.532	0.941	9.201	-0.307	3.382	-0.754	14.863
-0.132	-2.037	15.485	4.174	4.268	0.456	1.096	3.749	-0.956	13.006
0.591	0.279	8.561	9.185	0.934	7.618	0.271	3.367	-0.762	10.945
1.040	-0.366	7.280	9.437	0.796	6.374	0.482	4.503	0.544	9.838
0.486	1.532	19.489	8.506	2.342	6.267	1.754	1.699	-0.628	5.886
-0.872	0.242	12.991	5.346	4.373	8.204	1.148	1.213	-0.356	14.636
0.570	0.482	14.327	7.735	0.242	8.829	0.997	3.699	1.691	0.010
-0.436	0.679	11.249	5.626	2.678	1.790	1.147	1.526	-1.082	1.340
-1.965	-0.910	5.869	5.957	0.814	7.771	-3.214	4.030	0.129	13.675
-0.487	0.292	0.304	6.791	1.260	9.578	-1.497	3.781	0.763	17.739
0.100	-0.724	0.825	9.699	0.948	0.502	2.382	2.374	0.112	5.291
0.003	0.256	17.025	3.416	0.981	1.869	1.392	2.813	0.189	18.732
-0.416	0.971	4.767	7.615	4.606	5.014	0.393	1.343	-0.871	2.084
1.145	-0.724	14.095	6.097	3.600	6.651	-1.923	4.963	2.298	19.188
0.197	-0.135	11.959	1.186	0.211	6.130	-0.183	1.198	-1.929	15.541
-0.385	-1.497	9.585	3.337	3.728	7.102	-1.249	4.434	0.591	4.154
0.157	-0.752	0.221	5.382	0.763	5.726	-0.477	2.778	-1.269	16.753
1.047	1.696	16.596	7.701	0.864	3.413	1.895	0.388	-0.203	17.049
0.358	1.933	6.231	2.937	2.960	4.185	1.967	4.222	-0.735	14.383
-0.271	0.538	17.782	0.195	2.941	5.218	-0.190	2.602	-0.931	11.233
-0.755	1.659	16.409	9.800	2.330	8.288	-0.977	0.275	-0.623	2.195
-0.525	1.818	13.110	4.339	0.853	6.878	-0.622	1.263	1.581	18.514
-0.003	-0.405	8.835	9.028	1.803	4.120	-0.793	2.926	-2.137	17.902
1.234	1.063	9.931	2.961	4.149	9.318	-1.729	3.671	-0.356	7.882
0.438	-0.142	5.990	8.484	0.087	5.311	-1.489	4.458	0.036	10.188
-0.591	0.988	1.431	7.885	4.838	3.695	-0.007	0.074	-0.734	1.568
-0.228	-0.123	1.009	7.021	0.916	7.436	0.346	4.346	-0.959	18.463
-1.104	-0.622	2.970	2.288	1.682	3.735	-0.354	0.022	-1.120	1.530
0.279	0.640	19.593	4.786	0.074	3.633	-1.430	2.426	-0.976	0.909
-1.456	-2.188	19.612	2.630	1.924	5.293	0.728	0.538	1.124	0.576
-0.802	-1.058	17.995	9.072	1.761	3.148	1.228	1.092	-0.220	10.881
0.606	2.109	8.747	5.716	3.753	1.593	1.737	2.343	0.985	12.698
-2.983	0.964	17.229	0.401	3.512	7.362	0.074	0.273	0.523	16.265
0.271	-0.631	17.496	1.410	0.694	2.488	-0.019	1.358	-0.389	9.142
-2.342	-0.202	9.359	4.464	4.126	9.967	0.350	3.203	0.491	15.458
0.273	-0.005	11.834	5.352	1.477	7.321	-1.016	1.757	0.479	10.352
0.392	1.790	19.850	5.139	4.701	9.491	0.271	3.594	0.483	13.804
0.273	0.335	16.197	5.504	2.922	5.905	-0.390	3.234	0.051	11.998
0.259	-0.066	19.222	3.440	0.632	7.572	-0.460	1.239	0.373	18.836
-0.425	1.678	7.209	9.368	2.965	9.896	-0.612	4.364	0.593	14.599
1.996	2.016	2.410	4.749	0.331	4.452	-1.043	3.140	0.601	3.825
0.195	-0.426	11.276	5.007	0.476	3.130	1.077	2.241	0.257	17.638
2.527	-0.785	11.062	2.605	3.696	5.163	-1.065	2.437	0.536	5.102
0.781	-1.396	1.789	6.957	3.346	4.498	0.410	0.493	-0.452	13.509
0.225	1.050	19.132	1.259	3.598	0.898	0.049	2.542	-0.122	1.567
1.733	-1.106	0.004	0.604	3.612	3.434	-0.345	4.213	0.733	9.001
0.965	-0.711	1.081	4.195	1.953	5.198	-0.015	2.010	0.530	1.101
0.788	-0.014	4.575	1.337	0.374	7.367	0.342	4.960	-0.184	18.651
0.890	-0.466	6.038	3.041	4.107	3.226	-0.724	2.254	-1.846	17.043
-0.512	-0.056	13.240	3.459	4.991	7.834	-0.835	2.936	0.501	2.593
2.262	-1.681	13.251	5.640	1.749	8.014	-1.323	0.559	-1.596	17.126
0.615	1.786	12.173	6.550	2.902	2.591	0.176	4.015	-0.595	9.001
-0.297	0.427	16.188	7.424	2.107	7.726	0.950	0.744	1.668	17.621
1.581	0.870	7.093	0.745	3.469	7.938	0.340	3.638	0.265	2.873
-1.273	-0.262	6.328	6.695	3.451	9.462	-1.081	4.040	0.903	19.097
1.332	-0.115	4.911	1.274	3.272	1.949	-0.110	4.537	1.309	9.602
0.476	0.306	17.401	2.134	1.354	9.406	-0.233	4.073	-0.123	15.996
-0.196	1.731	15.154	9.959	2.322	5.587	0.453	2.315	-0.081	2.878
-1.380	-1.134	10.514	1.801	3.494	1.362	-2.224	0.640	-1.241	15.503
-0.501	0.398	3.336	4.178	0.451	6.661	-1.143	0.965	0.175	3.301
-0.243	-0.733	7.036	7.510	3.067	6.710	0.084	1.969	-0.352	11.899
1.034	0.373	10.310	7.604	2.317	4.773	-0.265	1.193	-0.096	11.449
-0.337	1.372	8.080	7.407	0.374	6.585	0.125	4.003	-0.617	10.416
-1.823	-0.973	0.173	9.752	0.143	4.182	-1.806	1.660	-0.685	12.902
-0.794	1.149	14.929	9.408	0.038	9.003	1.537	2.138	0.174	11.878
0.858	-0.451	8.451	0.792	1.502	4.834	-0.283	3.050	-1.977	13.144
-0.552	0.603	19.391	9.456	4.693	0.804	-1.868	1.798	1.375	9.867
-0.526	0.589	6.787	5.348	0.552	9.916	0.886	2.960	-0.143	4.207
0.064	-0.433	12.188	7.582	0.206	6.223	-0.408	4.787	0.602	10.796
1.240	1.222	5.904	4.342	1.119	8.355	-0.134	1.215	0.818	3.060
0.673	-1.126	3.982	3.371	0.829	9.649	-1.480	1.869	-1.934	1.799
-0.039	1.066	13.221	7.096	0.033	0.757	0.265	2.820	1.314	0.374
-0.746	-0.597	8.518	6.671	4.794	3.697	0.047	0.946	-0.347	6.001
-2.176	0.070	12.768	9.143	4.666	2.712	0.580	1.618	-0.687	3.852
-0.971	0.929	15.830	3.946	4.814	5.849	1.649	1.116	-1.718	15.567
0.322	-0.049	13.918	2.704	0.650	6.053	0.276	1.866	0.745	0.991
1.916	0.819	18.585	8.033	3.892	4.681	-1.831	3.794	-0.848	14.286
0.102	0.526	9.660	9.829	0.346	8.686	-1.254	4.622	0.062	17.172
0.990	0.549	0.384	4.006	4.231	3.529	0.198	1.689	1.575	17.864
-1.363	-0.090	8.797	2.613	3.334	8.712	-0.010	3.690	-1.745	4.536
-0.468	-1.069	19.457	9.734	3.748	6.948	1.849	2.095	0.748	13.329
0.248	-0.437	16.296	2.911	1.370	5.437	0.640	2.796	1.541	0.202
-0.491	1.558	2.383	9.738	2.148	3.351	0.708	4.486	-0.056	3.872
-1.080	-1.564	12.358	7.507	0.393	6.013	0.336	2.146	1.009	1.880
-0.733	0.265	18.616	6.794	3.891	5.158	0.312	2.423	0.541	12.356
2.203	0.770	11.726	7.393	2.704	1.301	0.121	1.320	-0.564	14.777
-0.354	-2.073	12.023	5.800	4.582	4.551	0.016	0.511	-0.910	4.204
0.434	0.046	5.369	6.560	3.952	9.030	0.354	3.929	1.768	10.299
1.904	-0.528	8.233	4.928	0.907	5.369	0.172	3.574	0.789	14.727
-0.443	-0.391	8.985	9.049	3.294	8.871	-2.269	1.929	0.748	16.195
-1.112	-0.130	9.379	5.921	0.878	5.731	2.070	3.032	-0.369	11.849
0.824	0.652	2.471	9.873	0.714	7.229	-1.883	1.024	-0.819	10.785
2.000	0.371	3.196	2.985	1.012	6.152	-0.905	2.178	-0.572	5.738
2.003	0.523	0.403	4.101	1.081	7.186	0.301	2.263	-1.259	12.658
-0.547	0.915	6.888	5.397	3.047	2.139	0.254	3.931	-1.376	0.180
1.158	-0.674	19.860	8.812	0.784	0.840	-1.279	3.188	-0.315	14.601
-1.207	0.232	8.491	0.531	2.479	6.110	0.404	2.064	-0.305	8.352
-1.625	1.287	2.076	1.790	3.374	7.352	0.019	3.768	0.007	2.130
1.281	0.002	13.069	3.754	4.639	0.811	0.020	2.344	0.686	9.355
1.642	0.666	2.301	4.923	3.258	5.696	-0.020	3.689	-1.273	7.610
3.209	-0.662	16.532	2.522	0.359	3.567	0.787	1.820	1.348	11.804
-0.591	-1.128	0.635	4.563	4.951	0.834	-0.348	4.215	-1.233	7.280
0.839	1.136	10.740	7.262	3.618	7.778	1.868	2.543	0.909	19.563
1.079	-0.895	11.737	3.085	3.756	2.901	0.485	4.965	0.390	3.076
1.431	-0.873	2.824	4.371	1.664	0.579	0.724	3.866	-0.888	5.678
2.282	1.851	16.100	1.694	4.358	6.176	2.189	0.947	0.202	2.882
-0.056	-0.253	0.579	8.911	0.711	1.429	-0.342	4.832	-0.845	14.829
0.570	0.065	18.278	7.790	1.145	0.732	0.823	0.330	0.965	12.841
-0.939	-0.095	15.051	9.185	3.777	9.719	-0.100	0.932	-0.432	14.791
-1.362	0.307	18.687	4.716	2.307	3.439	0.190	2.207	0.289	14.009
1.721	-0.261	9.481	5.631	2.349	3.721	-0.920	1.968	0.431	1.273
0.926	0.065	12.690	7.347	3.407	6.214	-1.140	0.867	-0.473	11.936
-2.359	-0.364	6.374	5.383	1.271	2.824	-1.818	1.363	-0.540	16.240
-1.301	0.147	17.548	4.988	3.042	2.185	-0.275	2.219	-0.307	6.542
-0.416	1.071	0.186	4.760	4.819	4.540	0.438	2.992	1.128	19.550
-0.106	-0.705	9.461	9.734	2.802	5.057	-0.500	4.089	-1.497	16.105
-0.716	-1.641	4.740	4.126	0.441	4.768	1.218	4.765	1.225	8.440
0.398	-0.963	12.931	4.593	3.966	5.688	-0.556	1.266	0.944	4.512
0.339	-0.248	16.591	0.172	1.887	9.215	0.548	1.469	1.431	4.099
-1.964	-0.996	16.052	2.376	3.094	6.455	1.770	0.247	0.985	5.982
-0.405	0.368	12.247	6.515	1.769	8.773	0.575	1.103	1.558	6.492
-0.816	0.022	13.576	9.224	2.326	3.172	-0.029	0.985	-0.654	3.596
0.548	-0.090	5.375	9.222	1.984	4.352	-0.151	4.117	-0.126	16.079
0.132	-0.203	2.613	9.119	4.012	6.462	-0.088	0.294	0.965	12.655
0.511	-0.626	7.568	2.056	4.440	2.205	1.531	2.345	0.186	18.987
-0.132	-0.797	19.291	5.159	2.679	7.540	0.421	1.374	0.419	7.682
-1.129	0.618	5.025	3.966	3.774	3.193	-1.545	0.935	0.374	7.236
-0.290	-0.124	5.325	1.437	4.447	8.693	0.470	1.339	-1.145	0.189
-1.855	1.143	2.800	3.063	1.534	5.818	0.835	2.922	-0.836	15.390
-1.614	-2.763	9.030	4.511	1.436	0.218	-0.834	4.445	-1.037	8.758
0.156	-1.606	18.302	1.219	0.131	5.101	0.167	2.492	2.246	7.217
1.182	0.448	11.571	4.851	4.140	3.267	-0.648	3.569	0.878	11.233
0.856	0.422	17.584	4.591	1.635	8.665	-1.131	4.019	0.343	15.459
-1.285	-0.420	5.409	9.192	2.070	3.391	-1.578	4.872	-0.721	7.334
-0.637	-0.393	7.330	9.333	2.900	1.895	-2.201	2.141	0.421	1.621
0.758	-1.510	1.603	3.719	0.765	2.265	0.530	4.888	-1.491	19.552
0.050	0.021	16.163	5.847	4.456	8.179	0.427	0.936	-1.356	1.173
-1.225	-1.613	3.307	7.529	2.882	2.725	2.025	2.171	-2.376	10.915
-0.469	-0.945	17.967	8.016	0.984	9.765	0.710	3.163	0.571	5.773
-0.290	-0.324	2.519	4.135	4.341	2.503	0.075	3.712	-1.236	0.521
-1.204	-0.588	2.901	2.767	3.631	3.582	1.323	4.028	0.254	5.336
-0.558	-0.087	5.291	0.636	3.769	4.373	0.467	1.497	0.253	10.762
0.630	1.455	15.513	3.779	0.965	3.745	0.430	4.951	-1.418	9.735
0.648	-1.721	10.133	3.479	2.402	4.092	-0.364	0.058	-0.778	12.927
1.235	-1.464	4.800	9.511	3.426	8.116	1.274	0.121	0.160	15.841
0.276	0.865	1.232	1.676	2.510	7.896	0.749	3.462	1.465	1.927
-0.914	-0.493	18.762	6.762	2.745	4.337	-1.032	4.288	-1.720	16.819
1.388	-0.887	16.429	0.978	3.715	8.360	1.998	1.912	0.398	18.249
-1.193	-1.055	17.233	3.940	0.669	3.113	-1.038	1.363	0.208	15.206
0.328	0.918	8.315	8.307	3.856	0.168	0.740	1.176	0.756	19.614
-0.443	0.174	16.703	3.910	1.828	9.799	-0.292	2.380	-1.963	19.451
-1.172	-0.146	12.861	3.097	4.579	8.785	0.793	1.201	-0.173	6.745
-1.483	1.125	1.546	0.213	3.318	4.056	0.645	2.407	0.992	15.776
-0.308	2.114	3.538	6.338	3.206	0.595	-1.089	1.765	0.508	14.926
-0.849	-1.300	5.547	2.753	4.607	4.162	-0.018	3.550	0.532	0.670
0.314	-0.647	16.063	3.301	2.703	1.436	1.647	3.723	2.019	3.919
0.937	0.862	7.717	1.745	0.294	5.380	-1.644	2.726	1.052	6.799
1.591	0.316	18.430	5.549	0.870	0.240	-0.824	2.838	-1.017	13.789
-0.382	2.100	0.709	9.414	4.116	9.000	-1.058	2.074	0.184	4.200
0.220	-1.157	11.554	4.540	2.164	1.301	-0.146	3.070	0.086	17.772
-0.731	1.540	9.400	6.295	2.092	6.078	0.418	4.362	-1.481	11.424
-0.848	2.727	15.541	9.830	3.276	4.575	-0.068	3.970	1.175	19.604
0.529	0.360	5.989	7.922	2.894	5.496	-0.217	1.142	0.429	4.241
0.268	-0.843	8.994	6.972	4.534	8.537	0.739	1.655	1.542	7.232
0.039	0.433	15.608	5.380	0.796	9.059	-0.696	0.730	0.109	3.528
0.749	0.479	11.019	7.661	0.435	5.967	0.387	0.854	-0.742	0.373
1.223	1.428	19.524	6.017	0.790	1.516	-2.123	1.558	0.202	6.476
-0.209	1.021	11.277	1.155	2.193	4.585	0.609	1.678	-1.221	1.686
0.451	0.172	1.185	7.621	0.344	7.938	0.987	4.444	-1.048	8.866
-0.157	0.244	3.760	5.766	2.419	3.908	-0.090	1.172	0.437	13.698
-0.636	0.077	13.757	3.450	4.797	4.972	1.633	2.004	0.013	17.785
0.642	-0.432	4.573	5.444	1.326	6.083	0.127	0.254	0.871	7.243
0.542	0.709	4.362	7.602	2.203	3.792	-1.628	0.779	0.335	4.868
-0.512	1.569	5.268	1.106	1.750	8.397	-0.066	0.297	0.313	11.755
-0.546	1.087	16.952	1.903	4.127	9.253	-0.034	0.779	0.019	7.488
-0.484	1.519	8.455	4.369	1.598	5.020	-1.277	1.057	-0.861	14.171
0.116	1.182	2.211	3.688	4.383	9.921	1.271	1.635	0.542	6.810
-0.190	-1.318	12.325	4.109	3.507	4.680	0.678	4.780	-0.532	10.307
-0.749	-1.696	8.471	7.311	1.406	0.288	-1.579	4.178	1.563	1.842
-0.024	1.066	4.055	9.290	3.521	7.618	-1.051	2.763	0.707	10.421
1.882	-1.476	17.276	6.099	0.467	3.973	1.766	4.453	0.488	3.956
-1.012	0.038	15.517	8.650	0.141	9.340	1.161	0.891	0.345	3.964
-0.695	-0.798	11.133	0.017	1.095	2.435	-1.461	3.723	-1.098	0.432
0.644	-0.303	19.018	0.069	0.515	8.160	0.003	3.457	1.151	19.117
-0.769	-0.797	4.148	8.302	3.592	7.780	0.022	4.514	-1.332	16.546
0.047	1.874	3.601	5.150	2.922	7.621	0.640	4.229	0.360	19.705
1.878	-1.090	17.013	5.570	0.303	4.308	0.846	1.838	-2.951	15.704
1.695	1.036	11.040	8.118	1.753	1.204	-0.200	0.979	-1.482	6.507
1.099	0.235	4.365	6.264	4.558	2.801	-1.450	3.316	0.113	3.371
0.345	0.530	13.458	4.697	3.882	1.420	0.028	1.166	2.025	7.778
-1.047	1.586	7.786	6.366	1.647	0.585	1.126	3.974	2.246	2.184
1.315	-0.778	15.317	7.605	3.525	4.330	0.193	3.836	0.747	6.824
-1.658	0.494	2.368	9.262	2.027	4.255	-0.882	3.067	0.437	17.667
0.280	0.187	11.600	0.023	0.352	5.030	-0.081	3.886	-0.462	0.283
-0.237	-0.333	13.816	7.791	0.754	3.108	0.101	1.787	-0.864	14.868
-0.806	0.870	14.500	5.410	1.510	3.097	0.982	2.378	1.287	4.206
1.035	-0.151	17.334	5.097	3.594	7.680	-0.289	4.971	-0.349	1.284
-0.275	-1.155	16.075	6.270	3.574	4.162	0.785	3.510	2.285	4.927
0.473	0.230	13.336	9.845	0.735	7.400	2.166	1.109	-0.109	8.535
-0.105	0.103	9.764	1.001	4.866	7.766	-0.200	4.664	0.422	14.934
0.287	-0.761	16.045	8.465	0.558	1.287	-0.662	4.108	-2.008	11.796
0.145	0.963	12.440	8.750	2.205	4.112	-1.781	4.374	1.225	7.496
-0.602	-2.256	14.402	5.179	3.703	3.444	0.151	0.753	0.276	2.799
0.641	0.679	2.498	3.618	1.866	4.664	-2.194	4.000	-1.916	18.399
0.395	0.761	6.793	7.459	2.014	3.261	-0.385	2.858	0.603	10.369
0.616	0.365	0.399	0.928	3.310	4.798	0.581	1.652	-0.738	19.697
-0.958	0.039	18.108	8.009	3.994	4.983	0.668	4.170	0.992	7.045
-0.817	-0.356	3.330	0.007	4.287	9.181	-0.970	2.945	-0.556	8.838
-0.026	0.989	15.533	8.951	3.915	2.390	0.514	0.328	-0.195	18.334
0.431	-1.023	2.219	4.992	1.368	3.948	0.024	3.955	-1.107	0.891
1.515	-1.325	3.205	0.890	2.318	6.946	1.501	1.772	-0.736	10.683
0.738	0.119	17.686	0.678	3.033	6.309	-1.190	4.885	0.102	0.247
2.674	0.887	12.174	5.083	3.063	9.747	0.231	0.005	-1.733	16.480
1.772	1.346	6.219	8.032	0.912	9.324	0.337	3.247	0.621	1.120
-0.460	-0.888	15.290	5.308	2.883	4.330	-0.668	0.591	-2.326	6.432
1.578	0.374	9.618	7.483	0.107	3.245	1.256	1.528	-1.874	17.129
-0.314	-0.260	14.942	5.343	0.813	2.684	-0.909	0.412	0.430	18.708
-1.124	0.804	16.991	0.944	1.315	1.947	-0.051	0.253	-0.355	8.689
-0.520	-0.652	1.104	5.121	0.158	1.909	1.286	2.314	-0.846	1.834
-0.726	0.364	17.540	3.740	3.837	4.205	-1.299	0.595	-2.143	5.128
0.055	-1.714	9.717	7.794	1.458	8.744	1.024	0.966	0.467	0.621
-0.287	-1.091	4.260	1.565	1.107	5.683	0.708	1.022	-0.686	10.337
1.078	0.087	19.396	3.121	2.497	2.464	-0.954	4.589	-0.173	15.286
-0.258	0.316	19.474	4.404	0.071	2.963	-1.408	2.400	0.640	16.554
-0.878	-0.890	11.537	3.146	3.248	7.851	-1.096	0.065	-0.139	18.027
0.932	-0.443	15.232	5.670	1.657	2.280	-1.073	3.090	-0.854	9.627
0.197	0.763	3.444	9.830	0.940	0.825	-1.568	4.203	-1.519	10.380
1.286	0.812	4.168	7.166	2.674	9.147	-0.181	4.377	0.220	19.290
-0.797	-1.684	11.855	9.049	4.187	2.755	0.511	1.147	0.019	3.614
-0.895	1.559	7.464	0.234	1.409	3.787	-0.334	2.143	0.603	9.905
1.011	-1.331	1.513	0.290	0.115	9.171	-0.432	4.453	-0.254	11.869
0.628	0.811	17.243	3.584	1.436	0.173	-1.354	1.566	-0.428	10.307
-1.245	-0.106	7.687	8.987	0.675	5.047	1.051	2.768	-1.143	5.522
0.773	0.346	6.584	3.290	4.036	5.118	0.593	2.069	-0.817	9.425
0.006	-0.979	8.997	5.775	1.344	3.718	-0.992	3.960	-1.025	8.588
2.702	-0.283	18.964	9.896	0.262	7.768	-1.170	4.761	0.467	8.646
0.925	-0.317	11.149	8.731	2.400	7.227	-1.347	1.840	-1.141	0.597
0.897	0.362	7.807	9.180	3.097	6.331	0.500	4.902	-0.568	7.167
1.201	0.865	7.797	4.114	2.700	1.287	-0.541	0.006	0.310	10.514
0.064	0.976	12.906	5.159	4.505	4.683	2.300	3.451	-0.319	6.294
-1.001	0.754	19.883	7.752	2.685	5.626	0.296	2.659	-0.175	1.956
0.655	0.517	11.801	5.320	3.311	3.947	1.025	4.438	0.527	3.440
0.957	0.508	1.508	3.735	3.513	4.397	1.352	4.021	0.181	16.733
-0.395	0.346	19.549	3.571	2.096	6.565	-0.898	2.139	0.587	2.051
0.532	0.665	19.179	4.708	3.033	1.572	-0.096	2.445	-0.242	18.236
-0.926	0.756	0.326	0.488	0.291	5.464	-0.849	1.018	0.844	4.062
-0.777	-0.531	13.381	8.257	3.701	2.854	0.114	3.747	0.001	8.607
1.794	-0.313	19.580	7.883	3.239	8.236	-0.034	3.426	-1.277	13.528
-0.674	0.031	12.328	4.634	3.563	4.619	0.116	3.653	0.585	6.382
-0.440	-0.914	18.849	5.524	4.372	0.605	0.518	2.655	-1.125	3.761
-0.668	0.841	13.236	5.117	2.256	3.687	2.252	1.742	0.771	8.557
-0.153	-1.138	4.755	3.410	2.125	1.522	-0.941	2.808	2.889	19.390
-0.038	0.220	0.525	2.659	2.703	3.891	0.102	4.126	0.188	6.376
-0.424	-0.590	17.022	8.641	0.336	0.709	0.980	1.795	0.960	2.686
-1.036	0.124	3.645	3.574	1.313	3.756	0.256	0.967	0.094	3.834
-0.338	0.826	1.936	9.248	2.533	6.985	-1.365	2.072	1.028	13.470
-2.393	0.008	8.153	7.053	2.863	9.319	-0.003	0.264	-0.839	1.791
-1.425	-0.803	5.998	4.550	2.355	3.581	0.430	1.660	2.090	17.536
1.230	0.731	17.587	2.424	0.900	2.057	-0.494	0.288	0.306	6.403
0.755	1.353	19.596	9.245	1.156	5.961	0.733	2.057	-0.433	5.333
-1.472	-1.179	2.807	5.099	2.561	9.348	0.906	0.101	-0.434	8.930
-0.586	-0.701	2.469	8.837	1.487	5.019	0.755	3.554	0.150	12.487
-0.660	-0.138	14.983	1.466	4.105	0.154	1.148	1.292	-0.426	10.297
0.502	0.087	2.160	1.030	2.605	8.411	-1.996	2.546	-0.924	11.868
0.266	0.214	3.670	6.707	1.500	0.802	-1.418	1.630	1.426	13.067
0.061	0.503	14.563	3.223	3.922	0.841	1.191	1.505	0.704	11.674
-0.029	1.278	18.689	4.903	3.036	6.075	-0.042	0.689	-1.072	5.361
-0.748	0.128	0.992	2.843	2.928	4.956	-0.607	4.640	0.767	11.437
1.032	1.272	19.360	3.855	0.490	5.283	-0.855	2.527	-0.667	18.621
-0.315	1.173	17.528	9.257	4.583	7.573	-0.862	2.012	0.048	9.123
0.198	-0.206	6.566	5.324	4.702	1.537	0.248	0.996	0.613	8.504
0.049	-1.848	12.143	1.932	0.543	0.371	-1.020	3.819	1.792	12.280
0.020	0.273	6.824	5.727	4.510	5.200	0.250	2.024	1.792	2.406
-1.748	0.284	13.428	7.533	3.506	4.494	2.137	4.208	-1.003	1.348
-0.714	1.772	16.100	3.854	4.958	3.796	0.347	2.436	-1.335	0.496
-0.166	-0.727	16.380	7.774	1.692	2.069	-0.025	0.543	3.325	18.794
0.257	1.606	8.370	9.592	4.354	9.573	1.489	0.126	-0.652	15.560
-1.268	0.201	0.284	8.957	0.417	5.149	1.109	1.300	-0.463	1.638
-0.148	0.177	6.314	6.811	4.331	3.198	0.361	1.596	-0.579	5.667
1.452	1.161	4.038	2.729	2.413	2.392	-0.270	1.446	-0.617	10.118
1.013	1.015	5.479	9.546	0.919	0.648	0.944	2.504	0.030	7.898
1.009	0.527	18.584	3.289	2.162	6.084	0.581	0.294	0.794	13.613
0.263	0.363	12.637	5.219	2.265	9.923	0.018	3.773	1.462	14.654
-1.326	1.387	13.406	4.608	3.795	1.639	1.131	0.116	0.237	1.135
0.782	-0.689	15.009	6.355	3.149	2.894	0.305	4.518	2.417	5.131
-0.728	1.004	1.973	7.275	0.841	6.098	-2.419	0.886	-0.396	19.505
-1.532	0.039	11.155	2.208	2.455	2.872	-0.434	1.592	0.569	15.202
0.465	-0.939	11.473	0.149	1.128	3.399	-0.934	1.342	-0.351	9.521
2.166	2.141	0.635	3.504	1.198	9.262	1.368	2.659	-1.994	15.936
-0.107	1.080	17.308	8.597	1.088	2.017	-1.151	3.419	-0.164	17.429
0.053	0.318	8.450	7.345	1.025	4.243	0.595	4.552	-0.288	8.711
0.828	-0.072	14.648	6.735	1.094	3.057	-0.273	1.169	1.500	0.831
-1.454	0.789	19.810	3.798	2.548	5.576	-1.882	1.510	-0.987	13.615
0.694	1.314	2.560	7.682	3.353	1.494	1.349	4.854	1.072	6.293
0.128	-2.734	7.631	6.654	1.557	7.534	0.816	2.967	0.339	7.575
1.404	-0.089	13.141	3.205	4.486	6.916	0.490	0.015	0.600	2.157
-1.327	1.664	9.575	6.198	0.090	2.334	1.023	2.987	-0.069	5.160
1.022	-0.619	17.702	7.900	0.655	2.289	-0.065	0.077	-1.044	16.940
-0.605	-0.757	10.240	5.363	1.954	9.393	-0.796	4.812	-1.563	7.992
-1.017	1.877	15.473	7.306	1.858	5.884	-1.951	0.955	-1.019	12.226
-0.186	0.729	5.021	9.119	1.423	7.608	-0.737	2.855	0.096	13.007
-1.203	-0.526	16.628	3.144	4.987	2.582	-0.228	4.602	-0.489	3.219
-0.322	-1.741	6.350	6.102	4.627	4.813	0.014	2.657	0.737	13.956
-0.085	-1.305	19.801	8.338	4.801	1.465	0.664	0.679	-1.210	18.381
0.023	-0.756	10.580	0.507	2.183	9.816	-2.386	2.143	0.933	17.259
2.130	-1.495	7.604	3.829	4.193	8.485	1.732	1.179	-1.063	16.183
-0.528	0.525	9.093	9.924	1.711	4.340	-1.792	3.658	-0.965	6.172
4.597	4.955	18.534	4.130	0.012	4.542	0.945	5.308	1.478	10.737
5.286	2.216	12.167	8.678	4.278	4.404	0.728	3.643	0.312	2.509
3.574	3.638	15.425	3.437	2.141	5.045	6.353	4.642	2.317	8.040
5.967	6.036	8.961	3.362	2.724	6.894	1.789	6.534	1.422	16.819
5.580	3.338	1.884	4.749	2.432	3.341	2.347	6.756	2.486	11.528
4.831	3.395	10.375	0.850	3.884	5.081	7.349	3.619	4.500	14.111
4.962	3.199	17.002	7.050	3.823	5.062	6.442	5.570	2.501	14.294
4.639	4.155	5.557	2.633	1.985	5.120	7.643	5.372	3.543	2.493
4.286	5.972	15.910	2.441	0.056	3.574	8.042	4.271	4.467	10.160
4.038	4.888	15.579	2.906	2.662	4.502	9.555	2.442	2.690	13.470
4.407	3.229	9.983	8.880	1.887	4.691	9.151	5.178	3.438	10.998
5.531	6.516	11.063	9.696	0.220	6.639	0.020	7.392	1.519	4.315
5.140	5.796	15.758	4.080	1.621	3.833	7.018	6.160	0.836	15.703
4.079	3.300	19.591	6.982	0.267	6.532	1.922	5.424	4.940	9.659
4.913	5.108	12.591	1.320	3.149	6.024	1.893	2.517	1.876	14.113
4.981	2.727	16.402	9.756	0.849	5.713	7.666	6.224	1.468	0.849
5.855	6.108	5.045	5.083	0.973	5.601	7.590	5.341	0.238	16.870
4.943	5.654	7.103	0.383	1.900	6.643	0.833	4.595	0.946	17.301
2.648	5.285	9.082	7.549	0.503	3.752	0.322	4.286	3.393	9.936
4.365	4.353	12.135	7.443	4.860	6.001	7.755	3.885	0.137	14.386
3.049	4.445	1.142	8.759	2.207	5.695	6.731	5.183	4.554	0.533
2.818	4.796	0.141	3.892	3.246	4.742	0.690	6.926	0.594	14.630
6.661	4.468	3.918	5.522	4.288	5.634	5.943	3.976	2.623	18.598
5.199	3.275	5.573	3.666	3.560	5.629	1.668	4.801	4.856	4.830
5.541	4.360	9.606	7.926	4.477	2.711	1.742	6.198	3.939	18.227
2.423	4.396	8.029	6.858	4.739	6.471	4.113	4.448	0.559	9.678
4.836	5.383	11.262	8.967	1.055	4.045	5.939	5.542	2.094	9.985
5.759	4.489	14.937	4.094	2.003	4.699	5.617	4.847	4.320	0.557
4.228	4.020	15.582	7.325	0.247	4.539	9.836	4.257	0.255	13.480
6.003	5.834	0.553	0.570	0.762	4.693	9.562	6.216	2.170	5.152
5.002	5.787	17.923	0.828	3.607	5.614	0.334	4.520	1.676	9.383
6.036	5.367	13.995	8.774	4.117	5.458	0.691	4.677	0.580	1.301
5.601	4.619	15.655	3.979	2.188	3.931	3.571	5.823	1.640	19.933
4.271	5.318	16.114	7.920	0.893	4.752	3.566	5.280	3.631	8.640
7.047	5.914	15.263	9.789	2.389	2.920	3.964	4.648	0.669	5.164
5.650	4.171	16.797	6.804	4.696	5.539	6.851	5.656	2.674	11.216
5.211	4.391	11.607	9.915	0.302	5.360	3.483	5.092	1.944	15.173
3.658	4.204	10.106	3.641	3.549	3.749	1.767	4.722	0.074	1.257
3.988	4.663	19.892	3.561	3.837	6.900	0.273	4.080	1.696	14.868
4.484	3.640	2.167	7.558	1.699	4.364	9.659	7.222	3.537	5.259
6.457	4.499	3.303	4.751	2.230	4.112	3.976	5.060	2.147	6.671
3.996	4.089	12.683	0.392	2.879	3.031	9.371	4.381	3.474	6.280
4.963	4.235	12.748	4.788	1.601	3.564	1.697	5.659	1.516	3.119
5.069	5.635	5.126	5.106	2.342	4.949	2.684	1.744	1.603	15.544
6.025	7.898	17.393	3.428	0.538	4.107	1.939	5.291	2.710	17.982
4.562	5.851	14.787	5.206	4.356	4.908	7.274	4.619	0.188	1.509
4.757	5.630	19.302	8.833	2.312	4.752	6.318	2.622	1.708	1.342
4.381	5.266	11.609	3.697	1.627	5.277	9.682	5.160	1.793	1.485
4.562	4.881	10.488	0.121	4.280	5.000	3.605	4.689	2.118	19.910
4.520	3.971	9.582	1.164	4.388	5.591	5.189	3.654	1.711	3.754
4.497	5.493	10.195	5.532	3.562	5.072	9.391	4.945	0.322	18.630
5.527	4.044	5.297	6.561	2.701	4.354	1.024	4.538	2.860	9.552
5.948	4.126	0.779	9.659	4.090	4.975	2.734	5.031	1.297	18.202
5.739	5.950	14.282	9.530	4.815	4.183	1.158	5.672	4.318	3.926
5.798	5.227	17.440	0.176	1.419	6.274	5.528	4.759	0.365	16.671
5.770	4.684	11.221	3.066	4.179	5.619	5.077	4.180	3.830	8.451
4.746	5.408	8.266	1.133	2.507	4.134	3.591	4.123	0.384	17.463
5.620	6.339	12.922	5.174	2.410	3.949	8.005	5.550	1.905	7.869
5.240	5.030	7.574	5.198	4.278	5.929	9.180	5.118	4.324	18.433
6.039	4.986	3.679	0.962	0.407	4.105	5.158	5.382	2.111	2.349
3.780	5.453	19.221	2.328	2.863	4.629	2.698	4.615	2.869	6.061
5.280	4.568	8.306	9.896	3.787	4.400	1.129	3.989	4.004	2.816
6.553	4.763	17.091	9.758	1.996	5.920	6.032	5.623	4.066	12.350
3.238	5.241	12.781	2.463	3.620	5.495	7.228	5.428	0.458	16.399
4.764	2.401	13.899	9.756	0.928	4.991	5.612	4.484	2.774	8.441
5.037	3.735	5.913	9.374	1.392	4.956	0.147	3.983	3.719	19.092
6.101	5.155	6.331	7.022	1.703	5.303	5.912	5.295	3.894	8.032
4.677	3.997	9.013	6.895	4.172	5.471	8.364	4.469	2.176	4.708
6.126	4.140	12.614	9.593	2.404	4.845	9.523	4.276	1.519	5.970
5.483	6.138	9.112	3.943	2.081	4.721	8.510	3.348	3.015	10.372
5.826	5.499	3.277	4.370	0.724	5.636	5.315	3.977	4.831	5.628
4.922	4.462	17.493	9.363	3.212	6.678	3.327	4.472	2.233	3.609
4.758	5.533	18.132	3.988	3.906	6.069	0.131	4.926	2.233	14.023
5.070	4.745	16.174	3.283	3.997	4.974	4.474	4.328	3.837	18.675
4.229	5.368	4.802	3.935	2.761	5.574	3.972	5.554	1.861	7.425
4.974	3.863	19.564	7.588	3.864	4.175	2.152	6.507	3.057	18.988
7.042	4.483	19.899	7.631	1.025	6.012	4.789	7.181	0.147	3.862
5.017	1.676	2.009	7.025	1.479	6.571	3.747	5.854	0.365	12.182
6.355	3.740	19.726	1.815	4.851	6.263	0.002	5.159	1.656	18.093
4.422	4.759	1.571	8.452	3.407	5.074	6.779	5.952	0.060	11.561
5.418	5.265	17.448	8.109	3.832	7.096	3.808	4.983	0.275	3.876
3.978	5.483	2.824	6.644	0.127	4.543	4.772	4.261	4.457	8.626
5.829	4.328	1.694	5.000	0.515	5.797	4.527	5.287	0.562	11.008
4.608	5.743	13.838	9.468	4.860	5.760	3.002	5.230	4.092	7.303
4.255	4.196	0.145	6.384	3.229	5.807	1.865	6.393	0.968	5.031
5.808	5.500	11.584	4.139	1.967	5.599	2.466	3.850	4.435	17.998
5.147	3.810	19.373	4.870	4.411	5.452	2.019	2.341	2.445	17.039
5.222	6.487	5.484	9.272	2.316	3.769	5.020	5.532	3.497	4.884
4.593	5.274	4.407	3.821	3.581	6.352	7.311	5.033	2.361	18.862
5.332	6.284	18.228	7.615	0.684	6.326	6.621	5.579	4.591	5.045
4.222	5.369	8.899	0.199	3.225	4.233	8.291	3.863	3.334	19.657
4.068	3.324	7.613	8.000	4.184	4.739	6.253	5.741	2.366	17.614
4.548	3.500	2.452	3.409	0.101	6.292	5.558	6.777	0.014	4.951
4.682	4.801	15.427	3.922	0.216	6.274	2.500	4.365	0.342	10.206
5.824	5.717	14.055	7.841	4.967	4.744	4.425	6.612	2.743	12.112
4.047	4.249	16.362	4.237	0.089	4.703	4.189	5.482	4.395	3.230
5.239	4.761	14.712	1.184	3.052	6.298	3.389	5.518	0.539	0.224
4.621	6.513	0.088	8.198	4.243	5.979	8.445	4.756	3.054	7.503
5.290	3.353	16.582	2.668	1.936	5.112	6.102	3.125	4.696	5.957
4.719	5.815	15.288	2.419	3.906	5.926	4.498	4.411	2.639	13.361
5.372	4.875	11.821	7.279	0.529	5.890	1.337	5.209	2.701	6.374
5.158	3.607	0.149	5.007	0.407	4.365	9.845	3.610	1.581	8.420
7.090	5.148	0.318	6.543	0.407	5.410	2.240	5.500	1.866	4.766
7.214	5.688	1.526	9.729	4.689	4.872	2.993	4.568	4.600	1.158
4.849	4.751	17.934	0.286	2.176	4.458	1.724	5.008	1.239	8.987
5.259	7.040	4.633	0.327	3.040	5.139	7.673	5.710	0.777	4.079
6.434	7.267	2.688	2.387	2.305	4.775	1.438	5.734	0.070	1.527
5.515	5.053	5.325	9.616	0.890	6.168	5.669	5.418	3.007	11.127
5.400	4.492	3.525	2.810	0.933	6.343	1.711	4.850	4.498	7.287
5.983	5.905	12.319	5.283	1.786	4.080	0.698	4.823	2.071	9.807
5.526	5.792	1.285	4.610	2.514	4.106	9.573	4.458	0.452	4.373
6.550	4.909	1.955	8.359	2.691	3.548	3.272	4.566	2.105	19.748
4.409	5.116	3.280	2.508	4.501	6.285	3.594	4.920	0.477	6.121
6.426	5.662	0.067	2.070	4.907	4.641	3.607	4.923	0.613	11.715
7.092	6.292	6.473	1.041	2.114	5.172	1.135	5.755	3.428	1.753
4.350	6.005	8.306	4.621	0.857	4.413	5.534	5.832	0.991	5.530
6.617	4.354	0.575	5.614	4.616	3.784	1.398	5.173	4.596	7.671
3.347	3.056	12.097	4.037	4.838	4.583	6.289	4.215	2.453	3.391
5.391	5.023	8.531	1.648	0.845	5.488	4.396	5.811	3.062	15.439
4.943	5.096	2.116	2.777	4.450	4.704	5.961	4.698	0.291	19.400
6.835	3.660	2.774	9.898	4.133	5.207	6.004	3.597	2.202	14.183
6.824	4.509	18.195	8.685	1.870	2.948	7.698	6.952	4.055	11.314
3.809	4.132	12.278	5.626	1.508	7.835	3.471	5.595	3.644	4.938
5.184	4.714	10.687	4.047	0.098	4.337	6.717	4.237	1.809	11.680
4.491	5.270	6.229	1.399	3.067	5.957	5.934	4.163	0.564	14.996
6.890	4.705	6.960	1.509	4.245	5.750	1.931	4.849	2.744	14.290
5.138	2.595	15.108	0.965	2.246	5.754	1.837	3.887	4.418	2.137
5.741	4.818	14.008	2.276	3.065	4.978	2.004	7.784	3.722	14.547
4.672	4.119	17.051	7.088	3.946	5.932	7.170	3.691	3.064	19.815
5.803	5.147	10.514	3.906	4.602	4.722	1.903	5.953	1.700	11.952
4.624	4.044	11.671	5.026	0.744	3.630	2.581	4.165	2.297	9.023
4.065	5.117	4.681	9.160	2.881	6.827	2.894	3.941	2.871	10.845
5.375	3.563	19.160	2.133	1.891	4.951	3.167	4.630	1.425	18.729
3.913	4.648	16.524	9.530	0.239	3.651	1.557	5.369	0.737	15.892
6.316	4.870	11.938	9.869	3.670	5.595	1.971	4.347	1.622	18.324
6.024	4.800	13.106	5.148	1.646	5.596	4.662	4.866	2.872	4.050
3.520	5.139	15.928	6.299	4.363	2.613	1.404	5.517	0.592	13.731
6.643	5.819	4.880	1.581	2.147	5.690	1.145	4.357	0.811	15.623
3.686	3.900	7.045	8.506	1.090	4.122	0.195	4.272	1.658	7.908
4.236	4.783	3.187	0.206	3.163	4.780	8.934	4.782	4.530	1.460
4.539	6.738	15.005	6.353	1.184	4.377	9.182	5.326	0.078	17.237
6.400	2.911	14.826	0.404	2.785	3.963	5.835	6.656	2.929	17.485
3.414	5.480	13.496	8.147	3.188	3.984	6.720	3.445	1.982	12.317
4.364	3.777	1.168	9.064	4.324	5.660	5.940	5.429	2.293	15.377
4.079	8.205	14.385	3.453	2.241	3.648	1.166	5.875	1.107	16.133
6.821	2.595	18.913	9.651	0.182	3.986	2.014	3.746	4.890	2.181
5.553	4.909	5.476	0.025	1.985	4.933	7.603	4.696	4.566	11.611
5.046	3.874	7.124	8.529	0.140	4.246	4.116	4.087	1.593	3.034
4.115	5.171	10.486	5.245	2.340	5.323	3.257	7.300	3.446	15.740
5.675	5.791	1.640	7.224	1.979	5.316	6.074	6.445	0.030	0.643
6.196	5.365	1.720	3.035	4.344	2.711	3.630	6.130	0.052	14.796
5.197	3.998	3.777	3.534	1.278	6.271	7.545	5.924	3.802	4.288
4.421	4.416	4.520	7.518	1.789	2.434	8.577	4.263	1.375	10.834
4.171	6.205	13.165	0.337	2.062	3.152	6.766	5.169	2.285	4.886
3.979	4.266	13.844	6.471	4.241	5.606	6.571	4.683	1.482	2.510
4.214	4.391	4.348	9.323	0.674	5.834	7.683	5.085	2.441	8.673
3.601	4.612	0.923	2.317	3.579	3.228	7.362	6.887	4.117	1.877
4.815	5.696	6.368	0.267	0.378	5.187	5.649	4.128	4.281	11.805
4.414	5.713	5.198	6.960	0.882	5.300	6.077	4.306	2.858	0.166
3.975	4.642	0.016	2.523	4.114	5.563	0.764	5.392	0.617	3.481
5.719	3.439	9.484	9.470	3.444	4.094	3.417	3.422	0.333	8.642
7.073	7.019	13.200	8.479	2.500	5.793	0.299	5.991	0.861	13.964
5.400	3.785	2.744	8.602	2.077	5.063	4.145	4.336	0.625	17.869
5.032	4.945	3.351	8.417	3.997	3.267	7.547	5.348	4.256	9.427
4.766	6.216	16.613	5.102	4.064	5.039	0.929	3.394	1.193	17.011
6.248	5.497	17.149	6.857	1.388	6.245	5.897	4.032	0.208	6.030
4.022	5.458	11.893	0.605	3.307	3.228	5.956	5.991	4.000	10.549
5.196	4.048	14.302	6.166	3.581	3.185	5.597	6.994	0.028	14.763
3.944	5.999	6.813	6.443	0.879	5.402	0.191	4.962	0.747	6.885
3.889	4.528	19.031	6.316	2.131	4.889	3.166	5.056	3.415	0.125
6.130	5.915	13.610	0.779	3.358	5.798	3.711	5.527	1.917	2.313
4.611	4.479	19.339	3.648	0.757	5.675	0.045	3.564	3.916	8.646
4.332	6.985	18.194	2.424	3.290	4.178	2.939	4.199	3.226	6.799
4.169	5.178	1.401	5.250	3.522	5.141	2.203	6.130	1.821	0.825
4.712	5.814	1.246	1.645	1.516	4.921	1.504	5.366	3.252	19.223
5.806	5.527	18.352	4.300	3.760	4.381	5.145	3.822	2.641	2.419
6.188	5.041	11.459	7.607	1.981	2.968	8.497	4.574	1.726	11.002
5.767	4.974	19.183	5.048	3.945	4.278	1.429	4.607	2.756	9.348
4.444	2.963	11.149	4.580	1.626	7.389	3.790	5.704	1.514	14.095
4.282	5.125	3.481	5.848	1.810	5.376	5.632	4.040	3.373	15.079
5.698	3.297	18.144	1.618	3.402	6.024	0.869	5.601	4.523	19.258
4.729	5.079	6.546	6.907	1.445	5.202	7.321	4.301	0.362	14.077
5.576	4.414	9.654	1.385	4.569	6.014	5.420	3.808	0.139	10.482
5.867	7.367	8.189	5.253	0.846	5.603	9.911	3.592	0.946	11.751
3.971	5.541	16.288	8.276	3.284	4.640	7.937	4.155	2.401	2.182
5.738	5.905	12.233	3.698	4.761	3.657	6.793	5.743	1.761	19.605
4.462	5.506	2.558	9.319	4.202	4.056	0.181	4.296	4.476	2.364
5.262	5.032	19.972	8.161	3.704	5.695	8.145	5.139	0.084	3.343
5.072	5.691	18.960	2.083	1.579	7.406	1.674	5.638	3.489	12.491
5.041	5.450	0.241	5.349	2.822	3.916	9.937	4.458	1.442	7.919
6.483	4.344	12.240	7.478	1.671	5.845	5.898	6.278	3.703	11.255
5.734	5.259	0.427	3.641	2.786	4.054	4.156	3.391	4.950	17.736
5.692	5.046	7.602	5.874	2.065	5.331	9.028	3.305	4.049	3.469
5.656	6.375	17.543	9.775	3.215	5.641	2.830	5.305	0.166	19.741
2.504	5.366	13.629	4.288	0.378	3.537	2.298	5.279	3.894	17.975
4.522	4.149	12.213	2.358	4.509	3.259	8.305	4.555	0.628	19.379
4.063	5.485	1.436	0.113	2.919	6.226	7.066	5.276	0.745	19.708
3.623	4.747	5.437	2.964	3.252	3.442	3.679	6.182	3.243	0.404
3.912	6.227	4.410	8.673	2.136	3.993	8.245	3.801	1.274	14.053
2.751	3.497	10.388	6.373	2.663	5.245	9.194	4.187	4.237	14.573
6.109	3.923	16.666	1.069	2.984	5.757	8.805	6.670	2.850	2.942
5.418	3.939	14.681	8.314	2.215	5.166	3.565	5.494	3.849	5.377
4.714	5.088	3.718	0.600	0.945	4.111	1.157	4.440	0.686	1.552
4.696	3.292	9.522	8.914	0.096	3.948	6.784	6.474	2.750	3.118
5.376	5.629	7.291	4.878	2.247	4.452	5.364	5.013	3.314	6.760
4.975	6.144	7.229	6.118	1.631	5.211	6.093	5.560	2.163	7.770
4.970	4.485	14.963	9.468	1.571	5.544	2.345	5.339	0.218	10.274
4.041	5.595	17.360	7.738	2.477	4.314	7.228	4.933	4.834	5.954
4.003	2.766	1.687	9.781	1.080	3.779	2.640	5.613	1.308	3.359
4.971	7.014	15.674	6.271	4.075	5.810	5.330	4.538	2.564	13.991
4.634	5.731	1.684	2.704	0.160	3.915	3.706	6.203	3.321	12.914
3.651	4.634	17.067	8.034	4.109	3.295	3.833	5.791	0.244	9.520
5.294	4.067	19.314	6.987	2.807	5.724	2.849	4.458	2.024	13.259
5.440	4.647	9.079	4.289	1.604	5.808	7.123	6.151	2.153	9.612
5.030	5.988	7.087	4.030	0.525	5.317	3.570	4.923	1.035	11.509
4.365	5.283	18.053	8.432	1.914	5.458	6.444	5.070	0.016	13.662
4.447	6.545	14.290	9.139	0.559	5.713	2.584	6.290	1.141	15.404
4.989	6.068	17.772	5.859	0.870	4.969	9.423	5.360	0.333	3.260
5.212	6.698	2.655	0.943	4.598	2.894	7.740	5.587	3.544	15.870
4.846	5.274	0.796	7.431	4.382	4.334	7.172	5.158	0.711	13.267
6.203	4.504	9.109	6.049	0.058	3.134	1.062	6.277	1.273	0.011
4.332	4.889	16.166	8.190	0.842	4.538	7.620	3.854	2.654	19.463
6.024	5.622	4.067	2.201	4.827	3.651	3.226	4.967	4.051	19.300
3.862	3.025	14.413	6.968	4.962	5.315	8.698	5.176	2.503	16.593
4.968	4.371	8.018	1.743	2.006	4.888	8.508	4.385	4.782	9.710
3.980	4.591	12.422	2.207	0.519	4.276	9.392	4.540	3.443	15.320
5.309	5.302	13.359	1.456	1.816	5.153	5.767	4.379	3.824	9.440
4.351	3.790	12.023	5.701	3.740	5.186	9.646	5.852	4.346	10.166
4.999	3.581	7.009	6.338	4.334	4.279	4.032	4.494	1.138	4.197
5.788	7.283	16.576	9.109	2.054	6.135	1.741	5.696	0.812	15.505
5.078	4.062	19.690	6.108	0.645	4.894	5.234	6.229	0.947	0.145
5.555	6.153	9.554	1.414	0.196	4.107	4.945	5.437	0.365	13.333
3.354	4.950	2.817	4.925	2.550	5.099	4.030	5.586	1.242	1.233
6.002	4.868	12.790	3.269	2.652	5.769	4.341	6.152	3.694	2.318
5.699	5.097	0.657	5.110	0.829	6.607	6.464	7.446	2.222	10.007
4.595	4.106	11.290	1.765	1.652	4.760	9.285	4.779	2.112	17.896
5.608	6.192	11.003	5.238	1.752	5.614	1.557	3.855	2.993	8.907
5.005	5.992	14.202	7.930	3.858	3.998	2.064	3.806	0.590	19.154
6.281	3.876	4.540	8.915	1.600	5.285	7.667	5.683	3.723	15.453
4.561	4.054	13.308	6.330	2.886	5.030	8.478	6.091	4.218	17.458
3.906	5.715	15.961	5.368	4.425	6.482	5.565	4.682	1.283	9.278
6.144	4.392	16.879	6.008	1.521	4.343	7.945	4.910	4.911	17.998
7.110	5.173	19.044	3.405	4.070	5.229	9.157	4.598	2.992	11.748
3.904	5.063	15.475	9.387	4.112	5.501	0.480	4.233	1.510	12.501
5.511	5.032	10.591	7.549	1.897	4.321	2.188	5.617	1.965	8.843
4.309	3.805	19.273	3.790	2.112	5.388	9.932	7.144	3.080	10.513
5.680	5.255	15.552	9.243	3.850	6.158	4.494	5.874	4.130	18.014
4.876	4.108	3.176	3.697	1.045	5.565	1.717	4.798	2.826	16.786
6.520	4.144	6.712	4.596	1.463	4.829	5.949	7.247	3.115	4.379
3.559	4.951	0.456	5.075	4.794	4.865	7.690	4.025	4.944	14.804
5.349	5.250	11.971	3.082	3.244	4.521	5.843	4.761	4.836	0.317
4.443	4.654	7.544	7.849	0.718	6.148	6.724	5.901	4.757	14.129
5.950	6.689	12.309	7.603	2.812	3.255	7.669	4.755	3.873	14.261
3.987	4.088	3.552	2.541	2.903	5.674	9.242	4.226	0.779	12.854
5.807	4.977	12.671	2.240	3.228	7.125	2.547	7.551	0.414	19.575
4.092	4.603	10.266	8.006	1.413	6.622	6.780	2.719	2.180	19.161
3.516	6.571	9.722	7.894	3.110	2.328	2.254	3.959	2.800	1.834
4.699	4.169	0.385	7.082	0.230	5.179	4.410	4.093	1.203	1.316
3.888	3.853	4.986	9.760	1.714	3.867	5.634	4.922	4.310	9.329
3.266	3.591	11.963	1.317	4.647	5.399	0.750	3.642	2.268	3.092
4.295	4.500	18.677	4.756	2.989	6.884	2.655	3.695	1.466	2.158
4.848	3.545	14.035	6.910	0.696	4.412	3.752	3.973	4.269	19.360
4.942	6.460	8.395	1.127	1.298	5.613	5.297	5.865	1.624	11.267
6.020	3.014	5.109	0.895	0.749	6.029	2.621	4.794	4.821	13.164
4.439	6.038	6.902	8.255	3.891	4.316	7.938	6.416	3.930	4.613
5.538	4.598	9.827	5.769	0.242	4.559	5.702	5.324	0.650	1.867
6.123	4.583	1.448	2.408	4.005	4.612	2.279	4.292	3.859	5.287
6.367	5.764	14.087	5.855	3.107	3.649	7.357	3.470	4.261	14.663
6.607	3.706	4.343	6.421	2.012	3.297	0.962	3.977	3.523	11.023
4.551	3.306	3.352	8.539	0.365	6.328	9.791	4.277	3.589	2.860
5.535	4.795	19.103	9.565	3.509	4.321	3.424	4.890	1.870	8.478
5.098	5.741	7.650	3.586	2.411	4.745	7.402	6.493	4.951	1.336
4.889	4.774	12.956	1.989	3.395	3.266	1.716	4.931	4.734	18.038
4.889	5.768	13.354	9.980	0.635	5.477	3.442	4.156	3.084	12.429
4.502	5.986	1.019	7.958	4.786	4.952	3.460	3.856	3.908	14.958
5.535	3.859	9.354	7.221	2.343	3.253	8.275	3.768	2.360	5.934
4.580	7.517	9.737	5.594	3.730	3.892	8.681	5.993	0.034	7.258
4.768	5.133	1.354	9.631	0.906	4.665	1.494	3.447	1.568	0.806
4.231	4.675	18.972	8.840	2.309	5.564	9.277	5.221	2.704	17.618
5.457	5.569	13.523	2.479	2.897	3.896	5.988	4.610	2.815	16.905
6.168	3.385	5.727	1.445	1.929	4.393	4.555	5.509	4.682	11.154
4.867	6.444	17.000	3.560	4.186	2.190	1.321	5.191	1.959	2.939
4.681	5.329	0.301	0.676	0.024	4.692	1.907	5.207	0.265	12.789
4.267	6.332	19.272	4.101	0.968	5.120	9.332	4.655	4.684	2.332
5.183	4.798	14.951	1.864	3.286	3.957	3.918	4.918	1.418	5.151
4.459	4.978	0.715	0.379	2.175	3.462	6.335	2.873	2.982	11.725
5.186	4.942	8.704	0.245	3.791	6.773	3.979	5.477	0.377	8.154
4.686	4.899	8.629	2.900	2.873	3.976	3.001	4.168	3.165	7.148
3.450	6.049	6.561	4.969	2.996	4.535	1.938	4.832	3.200	0.265
4.215	3.068	15.857	5.229	4.512	5.021	2.403	7.088	1.279	1.327
4.515	5.436	12.003	1.248	4.508	5.150	0.089	4.854	1.969	13.864
3.855	5.280	5.071	5.530	1.511	5.364	7.975	5.279	1.763	3.594
6.792	4.885	19.647	4.448	0.690	5.234	2.140	4.589	4.055	12.822
4.921	5.739	17.515	5.373	2.496	5.149	5.210	3.833	3.171	10.659
5.539	4.229	14.507	9.255	4.876	4.904	1.690	5.463	3.421	3.366
4.838	4.583	17.260	7.648	0.736	5.607	5.827	3.961	0.769	3.232
5.806	2.729	15.783	0.018	4.075	4.418	5.487	5.162	0.390	3.036
3.813	4.801	15.074	1.598	2.369	4.933	2.463	5.360	1.240	4.580
5.332	5.287	9.447	5.528	4.919	5.726	5.322	5.790	0.061	12.048
5.619	6.802	18.835	7.758	4.611	2.821	9.078	4.314	1.155	18.753
4.702	5.715	1.061	6.561	2.953	5.443	5.028	3.894	1.235	15.016
6.034	5.215	14.955	5.005	0.734	3.362	6.423	1.667	2.045	8.886
3.146	5.054	18.806	9.221	4.038	5.850	1.193	4.516	3.306	5.265
6.031	5.526	17.950	3.647	1.265	3.782	7.326	3.864	2.072	19.847
6.307	3.052	9.858	2.152	3.997	5.655	5.497	5.266	4.620	15.783
6.115	5.223	10.288	8.388	4.021	4.901	6.745	3.458	3.718	14.978
3.448	3.837	3.808	0.051	3.896	4.981	3.169	4.971	1.440	0.277
4.053	5.170	2.542	5.527	3.171	3.882	9.702	7.087	0.800	11.001
5.286	5.099	4.267	5.462	2.657	5.996	6.216	3.920	3.718	2.323
5.451	4.370	3.227	8.261	3.403	3.572	2.274	5.782	4.312	2.474
5.023	6.394	9.101	8.939	4.570	6.571	2.893	4.438	1.890	6.879
4.717	5.526	18.368	4.287	3.439	3.846	0.904	4.946	1.731	3.995
3.579	4.541	18.767	2.678	3.795	6.012	5.114	5.181	1.275	7.461
4.261	4.850	5.591	5.597	1.525	4.483	0.125	4.238	1.634	6.428
4.908	3.197	11.651	1.412	1.360	5.292	8.221	6.135	3.134	1.865
6.062	4.814	5.007	9.070	1.499	5.927	7.297	6.403	3.839	13.613
3.798	4.690	19.997	2.024	0.252	3.206	8.620	5.017	0.349	12.572
2.197	3.568	11.579	0.531	2.190	4.636	5.796	4.239	2.159	11.320
4.934	5.357	2.832	3.128	3.260	4.520	2.761	4.569	3.268	4.220
4.624	5.971	2.556	6.363	0.823	5.617	2.785	5.331	0.664	10.993
4.863	5.784	6.170	6.235	1.696	4.090	4.468	6.014	1.124	7.616
3.579	6.626	7.006	0.102	3.569	4.136	3.379	3.358	2.901	8.119
4.946	5.690	14.479	3.093	0.134	5.144	0.160	3.590	4.192	12.069
4.829	5.301	17.271	8.956	2.774	3.910	8.272	4.769	0.761	3.714
4.708	6.127	19.602	4.060	2.377	5.595	7.929	5.820	1.292	18.584
4.896	4.541	1.996	8.628	1.972	3.813	4.985	4.892	2.387	0.757
3.578	4.596	10.488	7.185	3.115	6.141	2.635	3.899	3.097	18.400
5.840	5.880	4.549	5.713	3.641	5.402	9.603	4.515	0.291	14.940
3.226	3.780	1.520	9.164	1.510	4.489	8.208	3.404	1.553	9.109
5.740	6.272	18.189	9.402	4.866	5.594	6.161	4.651	4.112	4.314
5.695	4.502	2.219	3.447	0.122	4.332	0.298	5.259	1.905	14.886
2.632	2.832	15.254	2.059	0.229	5.682	9.518	5.395	0.721	0.572
4.451	5.172	2.551	2.401	0.259	4.880	4.745	3.629	0.978	5.566
3.770	6.629	19.186	1.545	2.335	5.517	0.276	4.137	3.741	19.220
4.848	4.809	15.959	1.166	1.659	4.358	0.009	5.034	2.440	12.769
4.903	6.005	12.474	5.454	2.587	3.615	3.607	4.016	4.280	12.634
5.858	5.066	9.684	0.976	5.000	4.975	6.659	5.306	3.536	10.045
3.966	5.337	4.789	5.890	1.643	5.561	4.546	4.617	0.999	7.654
4.922	4.430	10.901	9.540	2.905	5.739	4.831	6.180	3.610	3.318
6.448	7.110	6.123	3.215	2.270	3.849	8.260	4.479	2.935	4.086
3.552	3.633	17.682	7.875	2.496	6.713	9.791	4.989	1.685	8.327
5.360	5.124	17.698	7.163	2.086	5.088	9.146	5.733	3.343	12.842
3.913	5.204	11.573	0.865	3.461	4.876	2.623	4.633	1.603	11.212
3.287	7.124	16.708	4.535	4.207	4.878	4.213	5.050	1.616	14.494
6.318	5.801	18.405	0.479	4.424	5.457	1.463	3.610	0.566	11.246
4.537	4.544	13.724	7.490	2.080	4.536	4.308	5.227	4.276	7.719
5.469	4.083	2.537	9.848	1.672	3.129	4.415	6.041	0.802	2.452
3.529	4.439	8.790	5.158	1.260	4.001	3.187	5.806	1.471	1.412
4.505	4.605	8.944	8.330	0.324	5.447	2.910	5.173	0.975	17.916
4.131	5.445	10.344	1.411	2.052	5.285	0.712	4.807	2.537	14.842
4.155	5.731	13.865	8.196	3.714	4.435	1.520	5.597	2.013	10.230
4.552	5.132	5.381	5.625	1.995	3.866	9.549	5.629	4.037	4.686
4.954	4.205	12.169	7.014	1.953	4.399	6.564	5.541	1.658	2.338
6.130	4.152	2.403	8.816	2.876	4.448	9.303	5.418	1.635	13.315
5.444	5.679	12.254	4.150	3.475	4.095	2.398	4.004	3.181	18.918
2.754	6.019	11.382	1.698	0.950	3.362	0.394	6.027	3.594	5.534
4.845	4.974	14.683	7.003	0.938	4.905	8.969	4.501	2.585	2.283
6.622	3.598	8.489	4.631	4.988	3.841	0.799	6.556	0.485	9.443
6.066	4.514	10.853	6.338	2.058	5.946	7.403	4.289	2.250	4.959
4.111	6.859	8.407	5.078	0.205	5.741	1.210	4.200	4.758	14.655
5.164	4.254	16.232	8.233	1.239	4.775	3.715	4.914	1.595	18.756
5.408	5.973	14.211	5.409	0.812	4.269	5.224	5.896	2.548	19.641
4.897	4.556	5.153	9.202	1.472	5.210	0.267	4.018	3.472	2.336
6.450	6.404	3.327	6.712	0.797	5.445	6.270	6.255	1.915	5.081
7.417	4.527	11.756	0.532	4.854	3.263	4.038	4.771	0.959	18.873
4.764	6.242	13.335	4.524	2.908	4.696	0.953	6.198	3.301	2.246
3.297	4.980	19.886	4.808	2.404	5.760	1.219	4.768	1.933	16.630
3.770	4.634	4.855	6.116	1.025	4.952	1.473	5.425	3.956	11.556
4.176	5.597	13.855	8.052	1.732	4.654	8.501	5.514	4.163	0.452
6.670	4.668	18.707	8.486	2.271	5.059	3.059	5.051	2.303	8.024
4.111	2.424	16.153	5.739	4.969	5.404	5.521	5.907	4.482	3.908
6.092	5.005	2.274	3.333	1.749	7.199	2.783	3.056	3.318	0.697
3.203	5.644	9.452	1.948	4.045	4.543	1.221	3.895	2.308	8.908
3.951	5.612	8.594	4.385	1.484	4.075	3.262	6.405	1.183	16.440
5.803	4.815	7.493	3.754	4.803	2.947	7.259	5.928	4.612	5.257
5.349	6.563	6.776	7.541	3.461	5.529	4.207	4.803	1.569	13.012
5.431	5.101	19.050	3.837	3.494	4.015	3.370	4.878	1.853	18.019
4.614	4.773	9.288	2.123	0.025	3.561	7.561	4.200	0.372	10.374
3.099	4.744	9.964	6.403	0.570	4.540	0.442	6.287	0.579	10.498
5.152	3.645	7.477	9.979	4.052	4.323	1.698	6.495	1.290	15.991
4.159	6.022	5.632	7.857	2.869	4.149	4.922	5.092	4.399	0.688
6.519	6.658	14.745	7.237	3.020	6.011	3.261	4.500	1.132	6.653
4.997	4.493	10.714	8.237	3.210	5.390	9.161	6.017	1.850	14.307
3.719	4.734	9.061	2.979	2.308	5.317	0.336	4.310	0.660	3.015
6.035	3.886	13.083	2.116	4.968	5.878	9.685	5.137	2.822	8.403
3.435	5.109	12.371	5.505	3.939	5.545	6.581	6.544	4.532	10.987
5.080	6.086	4.236	8.319	3.814	5.127	1.129	4.551	0.680	1.595
3.913	5.987	12.241	9.880	1.183	5.240	5.908	5.271	0.327	13.868
4.324	5.674	8.371	4.967	4.144	6.075	9.136	4.565	4.992	14.178
4.981	5.719	14.944	8.617	4.898	6.689	0.778	4.265	2.801	6.017
2.955	4.984	8.248	3.375	4.509	5.639	2.987	6.134	0.938	16.464
4.763	4.393	4.281	4.247	2.097	4.899	4.465	4.037	4.609	6.887
6.401	3.398	5.106	9.659	4.252	4.960	4.140	5.629	4.926	11.737
3.353	5.358	7.398	6.734	3.317	4.544	4.383	5.546	4.419	3.922
3.270	3.199	5.958	1.120	1.308	4.345	0.178	5.185	1.020	14.865
4.795	3.266	2.044	5.357	0.226	5.515	2.074	5.829	1.397	17.507
4.849	5.769	10.179	8.127	2.357	3.621	4.280	3.884	0.643	11.567
5.483	3.987	17.441	8.138	0.510	5.501	5.480	3.775	3.172	15.387
4.552	5.760	4.041	3.715	4.310	5.850	4.745	3.484	3.632	16.710
5.706	3.523	13.312	7.569	2.151	3.744	8.685	5.988	1.876	10.038
4.682	3.711	12.594	2.947	0.828	4.633	3.570	5.273	4.321	7.009
6.064	4.988	15.494	5.998	3.341	7.187	0.644	6.343	1.351	4.554
5.756	6.666	1.716	1.892	2.220	4.828	8.955	3.751	3.011	16.990
5.667	3.800	17.716	5.552	4.971	3.665	3.688	5.318	0.991	3.125
5.840	5.706	15.007	6.089	1.322	5.228	4.232	6.477	0.292	12.941
4.240	3.131	16.165	0.043	2.970	5.438	5.318	2.756	1.724	1.633
6.327	7.911	9.881	0.981	0.145	5.427	4.546	5.377	0.171	7.576
5.144	3.656	15.152	0.182	4.261	4.943	0.922	4.998	2.505	1.249
4.624	5.035	7.601	9.825	4.532	5.954	5.524	5.685	2.648	15.772
6.345	4.783	12.907	3.268	1.920	8.239	0.315	3.207	4.050	7.402
5.004	6.224	15.074	9.838	0.859	5.660	1.481	5.810	3.702	10.682
5.142	2.724	0.888	8.508	0.987	6.045	6.039	5.167	3.743	19.120
5.548	5.729	19.194	2.238	3.364	6.336	5.174	4.392	1.194	13.393
5.077	5.280	3.462	0.121	4.212	7.075	7.883	7.794	0.602	2.321
3.796	5.052	0.504	9.262	4.921	3.873	5.515	4.792	2.975	13.787
5.217	5.429	6.046	5.585	2.327	3.975	5.524	6.354	0.431	4.702
6.146	7.135	8.732	9.895	2.269	4.640	3.267	5.598	4.688	14.122
5.805	6.775	9.058	3.572	2.753	4.214	1.695	6.328	2.633	0.525
5.415	2.749	1.808	0.806	3.016	3.187	8.415	5.049	0.348	1.539
6.398	8.007	5.060	8.897	3.220	5.858	7.150	6.808	1.191	9.372
3.657	6.161	10.191	3.666	3.707	4.803	2.369	6.779	1.071	0.577
4.459	5.354	4.981	7.317	2.629	4.109	6.436	4.659	0.861	12.137
6.321	3.393	10.050	4.367	4.123	4.156	0.108	4.641	3.729	8.668
4.250	5.031	1.451	3.994	0.972	4.476	3.751	5.520	0.815	18.252
5.572	5.143	15.132	7.007	1.593	5.305	4.068	5.630	4.536	11.422
4.300	5.763	17.172	3.127	2.174	6.516	9.245	4.230	2.959	9.732
6.737	4.862	7.313	8.788	3.496	5.473	4.960	4.166	3.027	0.066
5.804	4.047	5.815	7.346	1.917	3.664	7.919	6.417	4.078	19.726
6.291	4.290	6.010	1.401	1.011	6.022	4.480	5.633	4.901	19.767
6.621	5.706	14.200	9.161	2.874	5.306	4.358	2.810	1.860	10.468
4.401	2.428	7.181	8.794	2.813	4.284	7.876	4.590	4.434	19.286
3.341	4.307	3.937	2.415	3.443	5.311	0.693	4.702	3.631	14.191
5.568	4.339	19.975	0.523	3.008	1.356	8.761	6.875	4.295	8.841
5.474	4.777	10.057	4.219	2.401	7.023	5.314	2.814	1.000	6.936
4.135	5.027	0.301	5.674	4.056	5.651	2.726	6.884	0.302	15.261
5.648	4.401	12.409	5.885	2.747	4.933	4.215	3.132	3.743	14.481
4.109	4.552	13.809	5.827	4.889	4.872	8.612	3.865	1.159	0.456
5.246	5.073	18.329	6.966	1.799	5.737	9.351	6.696	3.801	3.076
5.596	5.682	7.193	6.628	1.731	5.091	3.335	6.370	3.670	7.410
7.023	5.606	16.750	3.064	1.434	4.625	2.389	4.823	4.501	15.610
4.563	6.225	6.167	2.577	4.161	4.594	5.958	4.095	0.767	8.966
4.797	3.801	0.658	4.186	0.160	4.401	3.361	4.402	4.041	14.319
6.193	5.390	8.317	9.213	2.831	5.060	7.237	5.585	3.061	12.256
6.176	4.530	2.644	9.605	1.018	5.835	7.944	4.772	2.976	6.750
5.008	6.147	7.997	8.292	1.871	6.477	8.752	5.000	2.551	16.887
5.052	6.296	16.172	8.553	4.320	5.453	6.565	5.053	2.939	15.115
4.417	3.547	15.641	5.123	1.110	4.697	8.656	5.472	0.283	1.438
5.213	5.036	14.478	9.490	4.771	4.486	9.254	3.687	2.184	9.593
4.294	5.016	1.652	4.316	2.957	5.190	2.980	3.610	1.686	0.947
5.031	6.108	14.626	9.368	4.639	5.112	7.329	5.614	4.398	0.130
6.699	5.366	8.025	9.242	3.733	6.623	3.099	4.941	2.400	12.907
6.072	4.780	15.358	7.366	3.255	5.658	9.478	3.663	1.403	15.341
4.607	4.045	19.055	4.830	4.340	5.061	7.707	4.891	0.089	15.758
4.194	5.765	6.525	2.368	1.668	6.858	6.674	5.088	1.792	3.219
7.053	4.069	9.357	5.931	0.246	4.196	5.503	5.533	4.780	10.609
4.810	5.166	6.031	9.834	4.606	5.700	5.145	5.054	2.338	2.858
4.982	4.864	15.248	8.718	2.950	3.387	4.748	6.415	2.489	0.373
4.974	6.271	16.309	6.634	2.900	3.709	5.284	4.829	2.097	19.363
2.241	4.835	13.204	2.290	2.267	4.442	0.248	3.279	1.655	5.204
5.922	4.408	5.161	2.193	4.725	4.655	1.762	5.464	2.061	8.957
5.340	2.577	1.983	5.684	0.161	4.675	1.271	3.644	3.872	13.725
4.696	3.187	2.123	6.276	1.291	4.549	9.040	4.314	3.392	0.204
7.700	4.798	0.427	3.611	2.066	5.158	0.817	6.004	1.945	16.245
4.514	6.159	0.750	1.360	2.104	3.517	7.900	5.944	3.478	11.176
6.656	3.957	0.349	8.750	3.500	4.236	3.390	5.351	1.962	16.717
3.001	3.635	3.605	9.259	2.754	5.511	6.886	7.244	2.603	6.560
5.270	5.935	7.577	2.754	3.129	4.995	7.416	5.532	1.875	17.157
4.800	4.386	11.172	4.045	1.053	4.360	7.870	3.898	3.384	17.404
3.858	3.342	4.244	2.977	3.080	5.678	5.473	5.544	2.188	8.242
3.311	4.674	7.087	2.508	3.919	3.715	9.962	2.863	2.644	6.154
5.164	4.979	13.661	7.507	0.965	5.414	7.843	6.570	2.175	19.026
3.855	5.688	10.049	2.742	3.982	4.871	8.538	5.953	0.921	18.668
4.951	6.388	14.283	2.071	1.537	5.559	2.890	5.829	1.932	10.043
5.304	6.753	0.393	9.930	0.161	3.868	6.954	6.615	1.518	7.292
4.529	5.895	15.170	2.117	0.507	5.819	7.113	3.188	2.825	6.732
7.191	4.829	2.089	5.753	3.133	4.312	1.211	5.682	2.861	14.693
6.386	3.975	0.388	8.926	4.301	5.641	9.348	5.110	2.958	16.992
5.424	5.150	7.225	2.345	4.921	3.443	4.727	5.902	2.072	3.123
3.988	3.831	11.013	4.825	3.330	4.592	9.903	6.166	4.868	12.638
4.780	6.104	14.779	0.027	3.872	6.423	4.467	5.075	3.814	9.120
3.744	5.952	10.232	7.640	0.542	5.538	3.890	5.453	4.076	4.623
4.645	4.744	16.503	0.260	2.340	4.465	6.901	3.817	2.238	5.787
5.239	4.297	18.113	3.033	1.039	6.078	0.362	7.166	3.810	9.064
4.850	5.067	8.627	5.861	1.215	5.183	7.659	4.530	4.758	3.011
5.327	5.027	6.883	4.191	4.445	4.890	4.447	4.943	0.333	17.009
3.858	5.029	11.031	5.945	3.333	4.424	8.999	3.150	0.371	7.273
5.387	4.172	15.376	0.772	0.677	6.094	0.640	3.376	1.281	15.100
5.191	5.832	1.383	4.493	4.801	7.082	2.712	5.511	1.828	15.635
5.065	6.910	14.554	9.703	2.701	4.835	5.613	5.005	0.687	17.571
6.005	4.305	14.279	6.986	4.372	4.773	5.514	5.323	3.738	0.333
7.649	4.039	15.116	1.346	2.536	5.632	0.146	6.230	2.943	15.137
3.064	4.176	1.631	2.750	3.158	4.958	5.447	4.393	4.073	18.951
6.061	6.196	5.475	0.505	1.648	4.700	9.557	4.030	3.315	10.066
5.587	5.721	5.983	7.869	2.500	4.390	6.681	6.045	1.846	7.131
4.568	4.208	14.918	5.945	1.971	6.068	7.983	7.216	1.091	15.794
4.203	4.176	9.938	6.883	3.565	3.980	5.346	5.459	4.419	7.530
4.572	5.446	8.462	8.043	4.466	6.808	7.539	3.954	3.594	14.138
3.823	4.812	6.159	8.998	0.966	3.684	8.465	3.407	3.049	5.119
4.877	5.329	7.715	7.576	3.791	6.053	8.426	5.263	2.268	2.913
4.602	4.246	12.999	5.668	4.731	4.848	2.986	5.850	1.144	12.769
