15.707	6.619	4.222	7.961	-0.549	8.814	16.868	0.792	1.432	4.518	13.176	0.203
3.514	8.317	3.996	14.941	-0.331	7.003	9.925	7.087	1.399	3.561	12.785	-0.424
6.043	4.161	3.993	4.954	-0.378	9.006	18.946	5.292	4.126	3.276	9.754	-0.174
4.821	6.660	3.670	18.071	2.467	6.743	18.342	5.021	1.545	0.595	12.556	0.705
16.710	5.616	2.271	9.597	0.855	9.057	6.964	0.651	2.039	4.350	18.971	-0.183
3.275	3.271	1.639	19.974	-0.018	8.859	0.957	3.526	0.568	4.233	0.389	2.657
10.377	1.576	1.299	18.306	-0.338	2.362	0.287	4.900	1.805	2.703	15.350	-0.798
13.261	9.984	3.296	12.237	-0.131	3.484	8.836	3.579	3.004	3.935	10.795	0.323
11.609	9.713	1.440	9.385	-1.728	2.177	13.703	5.544	2.809	3.998	4.027	0.551
13.807	2.096	1.722	5.915	1.450	0.969	18.089	7.236	4.745	4.062	10.580	-0.174
2.546	1.491	4.063	8.833	-0.046	2.850	2.997	1.429	0.589	4.657	11.693	-1.487
4.528	3.159	2.232	9.267	0.434	9.241	0.317	8.030	0.265	4.167	14.289	1.367
6.201	7.531	4.804	13.873	-0.511	6.069	19.316	7.404	2.379	0.363	3.636	0.167
7.799	6.878	1.191	3.530	-0.314	0.618	19.497	7.402	3.029	0.577	16.032	-0.719
12.923	3.681	1.696	10.913	-0.349	3.870	9.492	9.229	1.198	1.976	4.106	0.664
5.110	5.454	2.738	10.073	1.781	9.926	1.134	1.228	1.914	2.543	19.197	1.177
11.976	0.491	4.859	18.913	0.988	9.994	5.402	5.183	1.934	0.003	16.796	-0.894
1.780	0.005	2.262	19.354	0.663	1.811	12.846	4.114	2.230	4.338	9.719	-0.144
5.365	7.847	3.017	9.319	0.579	9.828	6.205	4.967	1.535	0.826	18.224	-1.048
18.383	6.996	1.976	0.298	-1.184	5.274	9.358	6.941	3.424	4.267	9.635	-2.202
15.335	2.535	3.931	9.207	0.773	2.296	2.396	9.555	2.679	4.804	9.923	0.314
15.783	7.463	3.087	18.313	-0.016	8.957	13.312	3.007	3.633	0.329	6.348	0.562
12.505	8.476	0.112	14.111	-0.619	2.304	18.655	2.611	1.497	3.950	9.947	0.682
8.926	1.410	1.831	8.501	-0.646	4.137	11.375	1.047	2.882	3.301	0.567	-1.585
4.750	8.804	4.687	12.639	-0.407	8.970	17.663	1.792	1.220	3.008	18.786	1.618
7.047	4.369	2.741	5.388	1.864	6.467	15.699	5.178	4.489	4.144	7.792	0.136
4.155	5.869	2.920	15.681	0.958	9.670	7.340	4.570	2.003	3.387	4.531	-0.630
5.994	6.663	4.735	6.140	0.471	0.440	1.864	3.025	3.746	0.205	4.825	-0.711
15.268	7.780	4.365	11.316	2.821	5.066	16.611	7.699	0.120	1.567	2.789	-0.633
4.620	6.751	4.095	9.934	0.564	4.057	10.641	6.919	3.935	0.947	19.653	-0.106
12.743	2.869	3.260	6.382	-0.643	1.986	4.050	0.500	4.761	4.822	0.469	0.354
2.805	3.957	0.189	8.161	0.402	8.814	16.753	3.279	3.788	0.630	8.490	0.699
11.919	2.340	3.875	15.183	-0.058	1.932	19.019	5.253	2.239	4.544	12.627	-1.364
4.996	5.510	2.565	15.991	1.411	5.588	0.762	5.220	0.498	3.963	17.308	-0.360
8.883	7.561	1.977	11.937	0.160	9.558	1.705	5.972	4.200	3.287	9.435	0.196
11.290	6.534	3.603	18.538	0.218	8.990	2.521	6.862	0.851	3.027	18.531	-0.094
14.727	7.598	0.406	0.322	1.013	3.328	6.991	8.141	1.238	4.610	10.447	0.158
5.678	0.147	2.669	11.735	-0.628	1.648	19.541	9.501	3.016	0.106	4.266	0.281
6.383	9.202	3.554	16.651	-0.013	5.116	7.669	2.637	2.645	4.678	17.755	0.098
8.951	7.081	3.558	0.396	0.995	2.740	2.973	4.054	4.178	3.081	12.429	0.336
19.312	4.577	2.082	8.514	-1.174	1.598	13.737	1.370	4.703	2.407	7.543	-0.913
12.299	3.999	0.721	14.129	-0.715	2.293	11.752	5.947	1.147	2.441	0.901	0.085
15.495	9.482	0.057	17.497	0.945	3.983	0.471	7.713	3.811	0.792	11.807	-0.458
17.050	4.101	4.996	9.979	1.006	3.926	7.600	9.266	0.577	0.526	17.736	0.459
16.634	5.117	0.907	13.096	-1.411	1.491	5.518	2.819	3.932	0.387	17.030	-0.342
16.706	9.611	4.589	3.457	0.136	1.792	9.016	3.263	4.328	0.506	5.427	0.325
10.109	5.387	3.960	11.121	-0.808	2.244	0.695	1.389	4.430	4.259	6.065	-0.664
8.979	9.646	0.981	17.883	0.521	7.013	5.459	6.950	2.341	4.596	15.215	2.301
16.347	8.598	0.481	14.181	0.759	0.550	12.442	3.862	0.783	3.039	9.230	-0.333
2.129	4.574	4.842	3.174	-1.191	8.138	10.529	7.786	4.304	4.871	12.573	1.091
4.668	1.464	2.640	1.678	0.288	5.356	2.401	5.915	4.002	2.811	1.903	-0.961
16.303	8.657	2.459	17.259	-1.472	8.557	14.358	6.769	1.172	1.150	11.499	1.014
0.491	1.154	1.458	16.788	1.577	3.700	14.202	9.330	1.283	3.392	10.235	-0.247
18.389	7.826	3.740	3.106	-0.647	2.282	11.202	4.679	0.012	3.310	5.187	0.724
7.184	7.779	0.425	12.324	-0.866	7.649	12.231	5.680	1.797	2.302	0.316	-0.336
10.304	1.703	4.270	13.874	-0.283	4.310	19.932	5.376	3.648	4.417	13.284	-1.939
1.260	1.195	2.387	3.986	-0.068	5.214	13.904	3.669	4.936	0.564	15.559	0.282
3.185	7.738	0.922	8.934	-1.477	8.234	16.948	9.858	4.173	3.177	15.972	1.179
8.633	1.903	3.339	14.654	2.096	0.405	19.871	8.063	0.422	4.147	17.713	-0.468
18.182	0.612	0.188	11.763	1.386	6.432	16.415	0.737	1.676	3.053	15.354	-0.315
12.064	7.285	4.642	5.249	1.474	5.268	11.921	9.733	2.666	1.424	10.271	-0.582
4.892	4.723	0.874	18.949	1.019	8.830	3.795	4.507	4.692	4.949	3.275	-0.277
11.125	3.288	2.999	0.975	-1.544	0.656	5.019	6.696	1.677	0.175	6.518	-2.837
9.130	9.216	4.229	10.392	0.727	1.632	0.051	7.895	4.504	3.959	13.255	-0.379
11.423	7.793	0.353	9.174	0.932	5.815	17.350	5.622	4.910	1.011	5.781	0.217
16.935	6.061	4.860	17.209	1.162	9.318	5.588	3.999	4.968	1.153	8.629	0.926
12.289	7.674	4.706	3.108	1.107	4.843	1.881	4.075	1.035	2.487	8.121	-0.518
13.163	2.804	1.853	8.915	3.009	1.797	4.158	5.516	4.341	0.352	3.307	0.889
12.701	3.959	3.852	18.485	0.327	3.637	17.858	3.761	1.505	3.853	1.204	0.286
11.408	6.834	1.071	12.172	0.418	5.848	15.189	9.935	2.399	3.715	7.052	0.424
9.893	4.363	1.130	9.774	-2.602	4.038	7.714	0.962	0.089	1.082	15.791	-1.403
15.739	0.367	1.282	1.781	-0.127	8.643	3.689	5.999	0.145	2.683	0.436	-0.008
18.525	7.478	4.929	9.885	0.394	9.919	12.101	6.554	0.940	4.482	10.232	0.919
6.887	0.864	4.496	17.743	0.248	0.920	6.317	3.937	0.228	1.114	16.006	0.875
5.784	2.634	0.764	6.592	-0.376	3.902	14.321	5.307	2.900	3.354	10.284	-1.407
5.203	9.786	3.290	19.136	0.346	9.641	11.431	8.812	4.462	3.147	8.203	2.030
10.430	2.899	2.861	8.279	-0.949	6.242	15.224	1.944	1.869	4.606	18.400	1.545
5.512	6.966	0.170	14.676	-0.352	0.948	9.593	6.056	4.796	2.903	0.194	-0.986
18.046	6.587	4.811	5.826	0.193	9.705	19.824	2.586	3.700	1.433	17.746	-1.632
17.216	4.460	4.882	1.078	0.321	4.249	0.914	6.354	0.736	3.496	0.142	-2.681
3.548	2.193	1.579	3.895	1.395	2.589	17.607	6.537	2.477	0.358	14.359	0.426
3.067	2.040	1.882	11.060	0.630	8.615	2.587	7.895	2.144	3.019	2.196	1.127
16.595	0.562	3.885	3.367	0.267	8.357	14.788	0.323	3.521	1.210	4.939	-0.841
6.243	8.138	0.897	16.156	-1.084	7.578	12.599	1.804	2.538	3.578	3.482	-0.560
16.788	5.675	4.146	3.802	2.258	5.130	12.375	2.596	4.825	1.390	4.095	-1.050
5.781	4.958	1.074	9.555	-0.475	0.799	9.945	1.920	0.344	1.662	13.518	-0.535
5.159	3.202	0.029	8.026	-0.463	9.258	15.215	3.887	0.653	4.033	6.720	-1.940
12.383	6.266	2.695	14.090	0.830	0.411	15.914	5.006	4.607	3.117	9.188	2.351
15.526	9.494	4.065	2.342	0.329	0.139	16.265	5.615	0.262	3.153	14.349	1.976
13.873	9.800	3.438	11.633	-1.170	2.373	8.228	0.471	4.979	3.227	5.122	1.537
12.416	8.387	1.323	13.534	-0.093	7.908	9.259	0.540	2.134	3.368	2.444	-0.010
12.072	6.466	0.390	1.436	0.352	4.615	11.195	8.491	2.722	2.984	8.860	0.821
15.305	9.273	1.470	12.590	-0.277	1.795	17.538	8.189	1.441	3.079	0.303	0.863
10.451	0.213	0.136	13.355	-0.068	9.349	12.253	0.989	1.958	0.600	11.246	-0.670
9.875	2.302	4.710	14.841	-2.451	7.580	16.939	3.136	0.757	2.415	12.512	-0.442
2.496	7.738	3.360	10.964	-0.313	0.045	6.306	4.880	0.811	0.780	0.200	0.488
18.194	6.042	2.721	7.749	-1.013	6.564	4.166	5.329	1.228	0.598	3.300	-0.199
6.198	2.164	0.570	14.189	0.243	1.335	6.985	8.392	0.055	2.400	6.174	-0.730
17.818	3.933	1.135	11.773	-0.457	6.572	17.309	7.596	3.689	3.090	13.960	0.443
9.178	3.966	0.537	16.794	0.922	7.569	1.537	1.669	4.552	2.707	4.923	-2.034
16.272	9.647	4.462	15.284	0.586	5.824	14.270	1.759	2.790	1.288	13.566	-0.944
11.130	0.551	0.449	1.205	-0.597	8.168	6.195	4.194	2.954	1.415	17.400	0.622
6.500	2.766	2.303	6.981	0.357	7.746	10.465	7.210	2.063	1.289	0.827	-0.741
8.612	4.076	1.839	19.646	0.141	2.232	11.902	7.407	4.924	4.103	13.172	-0.865
11.353	8.764	0.558	13.182	1.278	0.099	13.468	2.052	1.073	1.004	8.046	-0.993
5.056	8.363	0.487	14.465	0.483	3.695	16.995	9.564	0.809	3.306	18.571	-0.182
2.694	8.799	4.789	0.048	0.619	1.800	4.968	9.497	2.457	2.604	14.609	-0.705
4.880	7.008	2.094	4.633	1.243	1.309	11.680	8.831	3.049	3.100	13.643	0.621
18.866	9.641	2.726	18.008	0.227	9.524	9.304	9.148	3.308	4.341	14.990	0.005
10.346	6.050	4.759	0.860	-0.183	0.517	6.759	2.996	1.193	2.153	17.160	0.029
11.238	7.698	3.048	6.593	1.551	6.365	15.930	8.338	0.900	2.412	8.438	-1.147
16.187	8.960	0.761	17.163	-0.083	1.003	0.204	8.573	1.184	4.416	7.937	2.386
8.754	6.499	4.701	6.947	0.500	4.600	17.896	2.410	4.671	4.798	9.289	-0.483
14.427	9.291	4.310	8.919	0.305	8.440	19.360	2.778	3.474	3.350	6.025	2.258
9.941	0.975	0.313	18.747	0.540	4.330	12.684	6.512	4.558	2.183	4.940	1.112
14.247	4.840	4.611	17.150	0.731	7.343	13.540	9.884	2.819	3.342	5.007	0.319
10.114	6.139	2.438	11.559	0.151	0.087	15.147	8.280	4.056	0.042	16.500	-1.444
9.233	3.365	1.682	4.086	0.405	6.577	14.481	8.939	3.617	1.992	7.351	-0.585
6.037	1.497	3.128	16.554	-0.309	7.899	18.957	9.441	0.934	0.039	12.428	0.520
8.518	3.084	4.002	6.550	-1.332	6.005	5.480	9.336	0.719	1.355	7.603	-0.384
2.909	4.400	1.775	18.239	-0.009	7.073	9.491	9.726	1.809	1.260	11.160	1.174
4.626	2.918	2.915	14.361	0.295	1.186	8.605	1.288	4.775	2.454	17.547	-0.703
0.378	5.656	3.336	8.911	0.129	7.551	18.733	7.594	4.247	3.360	10.042	-0.919
6.568	9.305	1.677	4.619	0.359	9.744	14.694	3.161	1.826	3.097	2.045	-0.025
18.327	3.993	1.498	7.606	0.372	4.650	18.038	6.027	3.601	4.275	5.325	-0.976
16.596	1.393	2.354	8.678	0.225	6.402	9.153	8.846	3.842	2.635	11.696	-1.495
7.515	3.181	4.430	3.072	-0.070	5.658	15.545	0.499	3.205	2.264	8.536	-0.948
9.368	7.326	1.808	18.629	-1.311	3.361	15.281	3.417	2.521	0.727	16.772	-0.461
15.589	6.391	3.074	1.887	0.552	5.000	17.429	1.332	4.734	3.574	7.776	-0.688
6.853	1.704	4.303	18.831	1.307	2.220	6.240	4.510	3.771	2.957	8.116	-0.639
17.496	8.369	0.982	12.438	-2.083	1.458	8.787	1.293	4.421	4.021	4.569	0.421
19.936	1.740	1.775	3.642	-0.724	4.372	4.175	2.415	3.681	0.720	16.661	-0.231
7.124	2.473	4.883	2.170	-1.265	1.574	9.427	4.621	2.814	2.281	19.828	-0.798
2.178	9.205	3.927	18.899	1.487	0.863	1.040	1.345	1.551	2.470	11.886	1.635
2.144	0.659	0.019	8.734	1.376	1.592	6.465	6.717	1.197	3.705	11.611	-1.031
13.349	5.603	4.357	12.448	-0.256	5.127	17.337	4.488	4.303	0.252	15.871	-1.168
4.144	0.946	3.953	13.956	-0.537	1.114	13.298	8.258	4.714	3.857	6.902	-0.697
12.970	8.742	2.472	4.972	1.306	8.637	16.733	9.560	4.278	1.021	7.754	0.519
10.497	2.062	3.047	9.349	0.008	8.065	5.693	2.225	3.790	1.685	19.067	-1.250
7.565	3.890	2.540	11.408	0.028	0.408	17.352	3.938	2.682	2.273	17.414	0.587
11.751	8.550	3.756	15.402	-0.042	2.604	11.720	1.002	0.670	2.385	5.203	0.388
1.869	0.697	0.895	2.984	-1.592	6.136	8.931	6.389	4.842	3.028	17.357	-0.749
9.088	0.933	1.744	0.192	-2.259	7.601	13.413	9.532	1.939	3.643	11.648	-2.012
19.098	1.329	1.310	19.179	-0.387	1.322	16.699	5.472	3.293	4.517	5.713	-0.405
13.138	0.434	1.970	13.632	-0.314	3.754	19.668	9.074	3.737	2.872	17.842	1.588
14.776	9.816	4.910	19.694	0.321	6.194	10.231	6.259	4.555	0.313	2.340	1.327
9.760	1.930	3.897	16.379	0.030	5.616	16.181	3.826	4.667	1.526	1.035	-0.063
6.915	8.350	4.299	3.174	0.195	3.546	18.280	7.270	3.653	1.423	7.463	-0.467
15.330	5.090	2.610	3.910	-1.180	6.511	2.769	9.277	0.179	1.393	5.117	-0.598
0.495	1.690	3.056	19.412	-0.616	7.456	12.785	0.572	3.524	0.028	9.345	-2.001
0.547	5.911	4.462	1.321	-0.555	1.615	0.066	9.288	2.748	1.626	18.294	-0.560
18.767	7.681	1.343	19.622	0.318	5.823	6.899	2.160	2.445	4.468	11.618	-1.283
15.200	2.791	0.592	12.208	-0.683	0.877	13.230	4.397	4.659	3.231	17.771	1.053
1.930	6.627	2.876	17.321	0.746	1.732	17.025	8.558	3.518	2.816	10.865	-0.780
5.587	5.282	2.189	7.196	0.069	3.670	5.197	5.815	0.270	2.901	4.571	-1.627
1.377	0.308	4.370	19.593	-1.253	4.832	6.975	6.256	3.832	2.784	8.127	-0.786
8.569	7.711	3.513	4.898	-1.308	0.555	3.658	4.700	2.109	3.434	7.958	0.295
1.595	4.221	3.337	8.483	0.572	4.652	0.295	0.190	2.267	2.345	1.910	0.810
1.405	6.531	1.533	6.863	0.282	3.949	12.227	5.499	4.171	2.350	12.573	-0.638
4.294	8.685	0.073	3.825	-1.058	3.837	17.373	4.188	2.731	2.401	11.287	-0.311
7.617	3.219	0.608	12.380	-0.430	2.396	7.151	1.178	1.622	1.588	13.507	1.489
10.035	7.807	0.205	2.976	1.441	8.650	3.634	4.038	0.232	4.102	0.498	0.272
16.178	1.100	2.789	12.896	0.305	2.155	15.357	2.653	3.094	4.859	2.895	2.623
7.505	8.593	3.855	5.694	-0.216	0.852	13.602	9.284	3.748	4.739	19.571	0.961
12.939	9.034	1.129	19.432	1.152	4.505	0.592	8.088	3.398	1.597	16.357	-0.314
5.505	4.539	4.874	12.062	-0.189	0.460	3.664	2.763	3.621	1.044	1.336	0.406
1.323	3.532	2.195	17.576	-2.436	3.312	4.218	6.960	2.162	1.635	3.990	0.542
7.216	3.797	1.439	15.414	0.562	5.641	10.645	3.374	4.948	4.358	6.343	0.814
8.375	4.968	2.357	14.960	1.529	4.603	17.588	8.546	2.861	4.145	15.775	-0.170
10.963	6.214	1.766	15.790	2.338	1.862	9.529	7.986	2.823	1.500	19.551	0.124
7.627	5.693	1.950	18.357	-0.537	9.524	11.994	7.420	4.039	0.695	16.256	0.991
19.762	3.589	2.755	7.976	-0.874	5.187	8.072	9.244	1.548	4.477	9.303	0.633
19.298	7.824	2.675	4.118	0.869	0.390	2.157	6.838	2.858	2.557	8.826	0.035
9.969	8.024	1.512	18.184	-0.051	6.248	6.346	0.344	3.204	2.480	4.465	1.229
17.646	3.033	4.714	8.704	0.048	6.829	8.457	8.642	3.789	2.253	13.128	0.567
8.991	7.780	3.145	18.593	-0.599	0.341	0.144	6.992	2.608	0.744	16.729	-0.165
7.547	5.494	3.308	17.556	0.074	2.744	5.031	8.244	3.530	3.104	3.192	-0.372
1.834	2.690	3.243	3.637	2.618	8.237	4.139	4.253	2.940	4.071	17.682	-1.275
9.862	5.864	3.218	5.071	1.828	1.714	5.282	1.894	1.545	3.141	12.642	0.255
16.347	1.622	2.061	3.993	1.356	7.473	15.830	4.709	0.835	2.637	14.287	-0.257
12.128	3.790	2.010	3.424	-1.066	3.038	2.213	7.769	0.538	1.214	7.454	-0.623
15.509	9.486	1.881	7.606	1.444	8.013	7.325	5.370	0.972	2.972	10.985	-2.239
17.429	3.414	4.398	10.991	0.898	7.331	6.828	8.923	2.227	0.228	13.063	-0.424
10.622	0.568	4.445	2.788	-1.278	5.294	19.126	0.376	0.735	3.430	15.015	1.965
14.297	2.580	2.148	15.089	-0.910	5.029	5.483	4.039	3.948	3.802	14.469	-0.185
14.744	9.184	1.842	5.151	0.690	7.591	18.253	6.829	2.849	2.964	18.380	-1.686
10.127	4.260	4.575	18.959	1.514	9.586	0.585	4.107	0.185	2.165	9.815	-1.969
17.040	7.342	0.033	4.663	0.917	3.573	6.141	0.012	3.386	3.209	5.452	0.169
14.761	9.494	0.725	7.192	-1.168	1.559	12.003	2.787	0.796	3.966	16.923	0.484
4.500	2.637	1.228	14.268	-1.607	8.225	3.171	6.086	4.141	4.530	1.485	0.621
14.425	6.561	0.980	1.529	-1.317	4.146	13.069	6.900	2.647	4.411	0.913	0.377
2.510	8.684	2.613	17.710	1.103	5.592	5.563	5.795	0.558	2.595	11.743	-0.677
2.853	0.378	2.451	16.229	0.820	9.559	3.386	3.918	3.687	3.763	0.161	-1.314
17.917	5.798	2.274	0.343	-0.061	0.300	3.436	1.750	3.383	1.500	0.445	0.273
5.253	2.604	3.597	17.883	-0.911	8.886	9.849	2.348	2.115	3.181	12.951	-0.686
8.054	0.171	1.785	19.144	1.301	8.688	16.874	7.875	4.438	3.743	8.936	1.328
7.562	0.243	3.729	11.517	-0.072	7.752	3.303	0.745	2.694	1.850	7.363	0.648
15.369	0.591	0.878	15.751	-1.988	3.647	2.725	4.073	1.948	4.490	10.862	-0.362
10.842	2.575	3.681	8.337	-0.048	0.697	5.808	4.889	0.956	3.319	1.510	1.119
12.743	8.844	4.592	18.473	0.110	9.638	18.917	5.137	1.053	3.213	11.008	1.688
6.046	4.681	2.133	12.821	-0.351	1.855	4.322	2.312	0.472	3.890	15.459	-0.972
8.258	2.088	3.721	15.304	-0.095	1.231	6.899	5.282	4.720	1.814	17.318	-0.498
18.694	4.538	2.095	8.798	-0.600	1.266	0.673	3.895	2.723	1.697	10.567	-0.627
14.907	0.424	3.406	5.245	0.379	2.929	5.423	1.353	2.516	0.250	7.244	2.291
17.808	4.955	1.170	11.993	-0.317	1.287	4.778	1.035	4.022	4.283	5.408	1.887
3.957	0.665	1.933	3.463	-0.306	3.904	11.582	7.236	4.877	3.056	11.515	0.883
5.549	9.106	3.505	1.205	2.375	7.343	0.489	5.424	2.403	0.695	17.017	-2.411
15.702	3.300	2.701	9.811	-0.897	1.542	18.868	4.857	3.505	1.356	17.950	-1.981
8.303	1.196	2.181	1.413	-0.494	6.634	7.412	2.213	0.775	1.519	7.451	1.363
6.218	1.084	1.165	15.940	-0.215	2.886	2.235	2.784	3.745	3.563	14.728	-0.368
13.147	8.994	1.142	2.836	0.353	7.582	4.489	7.075	0.076	3.141	0.918	-0.368
10.576	3.756	3.525	3.117	0.281	6.406	3.646	6.993	0.884	0.783	0.852	-1.192
2.527	9.112	4.410	1.252	-1.317	2.461	1.822	9.536	2.465	0.002	14.308	-0.447
18.177	4.503	2.878	6.571	-0.422	0.850	7.995	3.558	2.499	2.407	0.632	0.132
16.507	2.848	1.822	6.950	-0.220	6.797	9.541	4.141	3.535	2.873	19.691	1.085
16.312	7.692	2.456	4.567	-1.484	6.005	6.590	0.845	2.241	3.211	1.324	1.168
19.275	0.371	2.454	16.065	-2.489	0.006	8.105	7.120	4.329	3.836	15.876	-0.815
3.066	6.007	0.270	2.429	0.468	2.306	1.341	5.974	4.067	0.710	16.314	0.230
12.199	8.300	4.346	16.633	0.806	2.655	4.670	7.857	1.216	3.749	11.288	-0.627
6.217	9.993	2.768	18.556	-0.008	5.261	12.252	8.140	1.704	4.967	8.853	-0.088
14.233	3.390	4.248	5.476	0.410	7.190	11.604	9.362	4.744	1.810	4.483	0.413
11.470	2.499	2.753	16.614	-0.435	9.674	12.667	5.683	1.749	2.630	7.904	1.518
7.165	0.209	0.036	1.007	-0.240	9.389	18.858	7.768	3.908	1.453	19.397	-1.414
15.673	6.815	4.419	18.038	0.530	8.233	5.704	9.645	0.697	1.534	5.171	-0.288
16.133	8.647	3.742	19.995	-0.149	2.858	4.191	0.806	3.299	1.075	17.497	-0.385
19.619	9.317	3.813	0.385	0.413	1.535	19.804	0.890	2.321	3.958	12.021	-2.372
10.304	8.215	2.630	19.467	0.402	8.142	18.674	4.730	2.762	1.309	16.489	0.600
9.620	1.032	4.510	16.020	0.127	0.813	3.885	7.233	4.640	0.817	17.364	0.165
4.312	7.777	0.646	12.394	0.804	6.599	9.434	3.700	1.203	1.994	1.876	0.549
13.833	4.129	4.501	6.542	-0.588	8.764	6.254	6.934	1.152	2.601	14.809	-0.360
6.244	7.468	0.879	18.956	1.433	1.310	2.413	1.713	4.088	4.311	1.735	-1.274
13.227	1.137	0.411	12.093	0.216	0.410	17.515	2.322	3.067	2.665	5.945	0.523
9.562	4.305	4.823	4.434	-0.581	9.299	17.005	2.691	2.192	0.188	10.797	-0.905
14.940	4.788	2.825	2.595	0.370	9.622	12.028	1.663	2.863	4.151	17.023	1.324
2.766	6.077	1.751	12.076	-1.635	4.481	17.168	9.736	3.876	4.109	8.423	0.653
3.783	4.201	0.743	17.085	0.046	6.197	16.020	8.149	2.314	4.225	12.457	-0.129
5.056	8.823	3.253	17.321	-0.536	2.567	2.687	0.062	3.453	0.482	0.859	-1.045
8.733	5.376	4.238	8.700	-0.574	5.943	1.824	5.943	2.916	1.719	1.031	-0.624
6.112	6.814	4.103	11.238	0.670	8.619	11.878	4.658	3.324	2.512	9.633	-0.974
0.645	9.045	3.066	19.606	-0.940	5.296	16.195	6.556	4.366	2.593	4.307	0.296
19.718	3.152	2.486	1.711	1.905	3.988	11.528	5.657	3.859	2.870	3.352	-0.484
0.044	8.432	3.167	5.899	0.414	0.582	3.934	6.803	1.661	0.938	4.604	0.343
16.392	2.229	3.396	10.335	-0.187	9.715	8.763	5.777	3.871	3.912	6.204	0.576
1.990	4.861	3.913	16.805	0.683	3.697	8.098	3.078	3.332	3.779	16.694	-2.056
16.890	1.882	4.623	10.302	0.582	7.242	11.407	3.504	4.198	3.875	7.427	-0.487
5.045	6.038	2.210	12.841	0.687	5.381	3.280	0.246	1.585	3.597	2.075	0.845
14.520	2.095	3.698	4.747	0.455	7.041	3.456	1.751	3.954	4.820	9.644	0.741
17.019	2.581	3.757	8.991	0.470	1.031	10.904	6.876	0.720	3.907	18.592	-0.778
19.061	9.093	1.695	0.871	-0.131	8.206	6.848	3.217	1.159	3.719	16.483	-0.424
12.722	3.056	1.156	19.605	0.486	3.129	0.213	4.531	2.000	3.487	6.755	0.416
9.583	0.253	1.286	9.051	-0.181	8.914	8.800	2.803	0.411	2.793	12.797	-0.470
12.467	3.164	0.507	9.998	-1.631	6.272	7.257	4.136	2.492	1.060	8.688	-0.776
4.338	9.088	4.950	12.294	-0.424	9.617	18.495	3.120	1.445	3.262	18.010	-1.082
0.590	8.652	4.930	6.722	-0.412	0.974	16.443	4.340	0.655	1.754	0.281	1.504
11.931	5.579	3.492	15.248	2.413	2.001	9.910	8.643	1.061	1.839	5.980	-1.470
12.358	9.830	2.582	8.963	0.064	7.629	8.875	1.554	3.961	1.434	6.129	-0.624
3.755	9.148	3.994	5.785	0.160	2.150	1.502	0.324	1.725	1.396	12.176	-2.207
3.995	1.666	4.531	14.764	0.204	4.637	5.426	0.129	2.893	4.988	14.377	-0.779
12.878	6.548	4.071	19.767	-0.448	7.374	5.296	9.938	0.843	2.508	14.475	0.853
6.943	3.949	0.049	1.766	-0.071	5.432	9.979	9.505	3.376	0.353	7.667	-0.408
10.747	9.686	3.428	12.318	-1.306	5.492	0.715	3.387	2.598	2.411	9.491	-0.331
6.328	7.535	3.614	15.766	-1.781	2.505	12.367	1.814	0.861	2.037	18.844	0.522
7.454	3.115	3.089	8.696	-1.048	7.473	19.311	0.779	0.117	0.892	1.846	-0.502
6.820	8.094	2.173	10.092	-1.623	7.886	11.384	3.742	2.671	0.316	12.208	0.260
9.758	9.388	0.061	19.035	-2.427	0.025	14.818	6.714	4.225	4.945	18.584	0.640
3.369	6.169	3.145	15.876	-1.581	5.278	9.252	2.682	1.263	2.285	0.959	1.456
11.413	2.062	3.538	9.129	-1.818	0.119	8.895	5.113	0.620	2.054	1.838	0.412
3.260	6.150	1.619	0.321	-0.750	3.652	7.093	4.670	0.430	4.774	12.132	0.243
11.110	6.599	3.550	0.517	0.644	6.757	3.727	7.650	3.195	3.880	4.580	1.934
17.937	0.260	2.451	6.948	-1.189	3.919	15.700	6.449	0.985	1.659	19.069	-0.119
14.770	6.854	1.275	19.934	2.268	8.885	8.296	0.992	0.300	2.002	19.129	0.839
9.211	1.682	3.240	0.884	-0.796	7.966	4.081	9.009	3.252	1.460	3.227	-0.143
13.737	8.051	0.761	9.110	-0.785	2.552	12.376	4.597	2.357	3.985	18.354	-0.393
8.263	5.879	2.307	0.960	0.777	2.944	0.267	3.596	0.737	2.822	16.986	-0.312
9.219	9.395	1.618	4.006	0.755	0.603	11.281	6.433	3.366	1.313	4.059	1.421
19.978	3.403	4.041	12.399	-0.586	0.849	14.260	9.670	1.139	1.134	4.342	-1.051
15.200	4.349	4.091	18.473	1.512	7.979	10.552	5.666	4.302	3.006	6.089	0.242
5.886	6.850	0.848	15.297	0.932	9.632	16.010	6.291	0.602	1.828	10.626	-0.756
1.080	8.626	3.767	12.122	0.898	3.004	9.771	3.633	0.792	2.404	2.999	-0.935
2.867	7.585	4.322	8.120	-0.989	8.557	6.442	3.245	1.208	3.134	18.529	-0.161
6.933	0.210	4.433	3.359	0.331	7.699	17.675	0.068	3.619	0.502	17.575	-0.308
3.714	4.174	2.395	13.356	1.559	2.300	13.134	9.825	4.078	1.899	3.476	-0.577
18.776	4.986	4.873	14.572	1.281	0.429	16.395	1.923	3.870	3.017	16.799	-0.864
4.901	1.780	2.396	1.556	1.986	1.913	13.146	6.423	1.806	0.219	6.741	0.617
9.711	8.729	0.215	6.797	-0.466	6.731	6.256	9.333	3.276	3.012	8.786	0.341
16.927	9.051	0.004	5.726	0.342	4.732	2.987	2.532	4.189	4.493	5.826	0.125
18.905	8.409	3.394	10.295	0.542	1.200	2.096	6.846	3.959	0.302	15.409	0.317
9.693	0.397	2.284	7.085	-0.304	3.165	12.208	2.613	4.325	3.901	7.041	0.248
15.726	3.958	3.490	6.088	1.845	7.492	1.122	8.245	4.467	3.414	0.150	0.377
15.215	0.639	2.596	6.910	-0.738	5.086	7.017	5.405	0.638	0.560	9.319	2.514
7.024	0.135	3.810	6.615	-0.174	8.756	7.946	4.729	3.571	4.877	18.246	-0.990
7.752	5.493	1.962	1.684	0.283	2.342	12.949	4.507	4.157	1.120	3.987	0.996
3.295	4.826	2.344	16.185	-0.218	2.677	18.324	1.530	0.485	1.946	15.826	-1.497
3.649	1.742	4.350	14.225	0.860	9.255	19.289	8.631	1.621	0.919	7.367	-1.268
18.380	0.831	0.378	4.184	-0.329	8.115	17.033	1.775	2.103	2.451	18.923	-0.437
11.712	1.402	0.726	6.160	0.635	1.212	8.013	1.791	1.673	0.039	11.115	-0.114
13.394	8.414	3.787	12.191	-1.523	4.691	2.255	3.510	2.372	3.033	19.377	-0.466
6.726	6.082	3.121	13.577	0.627	2.045	9.614	5.530	1.482	2.625	8.085	-0.254
9.662	3.324	2.881	7.254	0.725	9.961	8.454	6.768	4.255	1.954	1.928	-0.354
5.701	8.290	3.178	16.688	-1.943	4.638	10.775	8.112	3.375	4.665	16.439	-0.705
19.508	4.715	2.983	10.814	0.723	6.207	16.348	8.699	4.585	0.826	8.544	-0.456
2.017	9.318	1.158	7.121	-1.911	7.344	3.841	5.833	4.564	2.907	15.346	-0.104
6.564	0.711	4.831	5.708	-0.993	2.403	15.292	4.212	1.356	0.606	14.906	-0.434
2.707	9.800	0.355	3.911	0.749	3.435	16.394	3.861	1.894	0.324	1.384	0.150
10.796	5.181	2.842	10.335	-0.168	1.007	10.011	0.181	2.424	0.553	7.797	0.144
13.379	6.054	1.502	3.811	0.371	7.992	1.361	7.044	2.612	0.083	3.412	-0.296
19.819	4.217	1.890	0.986	0.143	9.261	17.648	3.637	0.063	4.598	9.559	-2.017
18.212	9.786	1.140	9.124	1.608	2.272	4.466	9.092	3.414	0.490	11.697	0.319
4.886	8.034	3.015	10.341	0.350	7.942	5.297	7.378	0.709	4.183	2.411	0.788
14.398	5.866	0.131	14.581	-2.372	4.494	15.960	0.059	2.432	1.482	2.830	0.898
11.843	4.012	3.540	8.674	-1.023	2.411	7.354	6.453	1.450	4.856	11.615	1.002
4.489	5.594	0.201	10.908	-1.775	5.472	17.841	7.681	4.210	0.879	8.882	0.728
1.294	2.368	1.509	15.977	0.339	8.204	10.646	4.471	0.964	3.109	13.864	0.844
2.767	6.935	0.798	7.633	-0.388	2.242	3.968	4.179	3.884	4.571	8.717	-1.318
9.760	0.548	3.498	19.461	-0.518	7.249	14.106	6.483	0.186	1.742	6.586	1.499
14.600	4.281	4.272	10.254	-1.208	9.021	7.524	8.739	2.868	0.390	19.099	-0.393
3.333	2.126	2.560	5.072	-0.025	6.312	17.090	0.801	1.881	1.560	8.497	0.599
5.764	0.194	4.025	16.677	0.398	0.251	8.728	6.413	1.579	2.965	6.201	0.390
7.004	8.735	4.484	14.878	-0.552	6.276	2.032	2.124	4.462	3.992	17.962	0.722
3.541	2.392	3.003	10.680	0.124	9.656	1.250	5.390	4.364	0.779	2.361	0.376
13.076	1.775	3.357	14.817	-0.563	4.794	9.748	4.279	2.018	4.248	3.194	1.912
6.313	5.060	0.186	1.702	-0.573	8.662	17.042	8.026	3.947	4.068	13.099	-0.026
11.186	1.631	1.433	1.497	-1.238	6.659	7.754	9.906	2.359	3.657	17.019	-0.784
15.588	7.953	2.636	16.554	1.170	0.674	2.248	9.408	3.248	3.620	15.587	0.285
15.613	2.956	2.319	10.238	-2.213	9.878	8.327	3.284	4.088	3.323	15.259	-0.324
0.368	7.793	1.349	10.140	-1.295	8.512	2.838	6.384	0.459	3.094	1.607	-0.911
13.261	6.144	3.968	15.103	-0.827	2.652	11.843	3.455	1.719	1.138	14.794	-0.278
18.249	4.156	3.830	6.024	0.503	1.111	4.462	6.392	1.914	1.215	18.076	0.258
18.767	4.596	0.895	5.492	-1.008	4.302	5.609	6.641	2.903	2.998	12.361	-0.293
18.292	6.934	1.453	9.526	-0.448	7.070	2.564	6.352	3.165	2.672	19.667	-0.078
9.027	9.270	2.280	12.082	-0.114	2.180	0.195	8.779	1.313	0.653	4.740	-2.268
8.630	2.153	3.134	12.062	-1.806	6.741	19.570	2.245	3.849	0.782	5.440	-1.049
18.317	7.950	2.107	14.945	0.060	4.779	18.630	7.940	3.733	1.850	17.144	-0.273
1.421	1.678	2.118	11.550	5.910	6.916	12.174	1.930	4.910	4.499	5.250	3.986
2.912	0.688	3.877	7.156	7.562	9.455	4.009	6.653	6.415	4.409	6.299	4.282
12.811	0.144	3.525	7.204	4.755	2.617	6.537	0.470	5.385	1.642	4.894	1.387
11.058	7.640	2.988	19.052	9.701	1.410	6.584	1.761	5.468	0.373	4.306	1.900
15.996	6.054	0.843	10.636	7.220	8.959	6.293	7.795	5.120	2.784	4.413	3.601
13.934	6.783	4.127	7.814	1.417	9.443	1.472	8.056	5.038	0.257	5.718	4.259
0.616	4.924	4.034	17.766	4.556	3.148	0.667	6.598	6.206	1.936	6.025	2.931
4.832	7.373	2.787	4.643	1.181	4.526	2.274	9.997	4.978	0.508	5.240	3.996
0.796	1.497	1.935	6.306	9.995	1.595	14.007	0.375	5.499	0.770	4.800	3.015
12.782	9.146	4.496	17.400	6.731	2.738	0.647	1.501	3.610	0.892	5.287	0.992
1.935	6.811	1.512	17.864	5.765	8.707	19.898	5.533	5.172	1.067	4.175	0.593
12.929	1.978	0.311	7.542	8.709	4.450	12.138	9.965	4.181	0.913	6.049	0.173
4.942	6.281	4.088	19.406	8.736	9.475	5.102	0.967	5.873	4.045	5.330	0.586
2.190	5.501	1.598	19.900	1.524	4.639	11.409	2.115	4.611	1.523	5.179	3.516
17.675	1.461	3.217	12.230	5.341	3.418	3.235	2.827	4.973	0.877	4.449	0.449
2.841	9.450	4.199	4.297	3.503	3.373	5.862	8.879	4.648	2.354	3.969	0.905
19.348	7.311	0.930	15.222	2.520	0.401	16.484	8.134	6.487	4.521	4.970	0.287
14.948	3.118	0.107	16.493	0.052	2.544	11.779	7.353	4.927	4.297	5.242	3.918
12.930	3.003	4.841	18.082	1.133	0.252	2.066	1.338	5.448	2.688	4.315	0.447
13.046	3.680	2.002	8.739	9.104	2.835	17.333	6.007	5.078	0.375	5.275	2.790
17.934	5.573	1.115	2.132	6.964	6.347	17.708	2.751	4.785	2.784	6.316	0.845
12.907	1.005	0.031	13.144	9.166	5.471	10.222	0.153	6.281	3.705	5.573	2.681
18.448	1.442	0.694	2.331	3.014	9.747	3.451	2.791	3.681	1.542	5.248	3.006
19.950	7.628	4.379	19.177	7.473	2.515	16.296	9.298	4.785	0.943	4.987	1.256
4.161	5.940	2.778	16.883	0.089	9.893	18.813	9.658	5.929	3.743	5.225	0.861
3.502	3.629	0.300	2.269	1.063	7.305	2.211	5.504	4.658	4.564	3.528	0.767
10.211	3.648	3.443	1.657	9.081	6.469	18.161	0.696	4.561	4.121	5.092	4.014
6.760	9.801	4.411	6.918	1.109	0.610	11.655	3.883	6.149	0.259	4.747	0.097
14.168	5.559	1.693	1.106	3.989	0.325	12.508	1.125	5.002	2.846	4.500	1.943
10.224	4.944	2.552	8.780	5.955	3.930	4.150	7.815	4.273	3.682	5.568	4.600
12.449	4.774	1.907	14.222	9.705	5.748	8.421	5.923	4.649	3.481	6.243	0.555
13.157	7.547	1.495	1.781	2.231	2.052	17.468	0.200	5.684	4.779	6.160	1.078
1.743	5.720	4.345	13.170	0.042	1.601	5.925	3.116	4.868	3.729	3.331	0.058
6.612	8.094	2.780	3.806	6.288	0.617	9.589	0.202	4.993	4.184	4.680	3.502
12.001	9.189	0.970	7.309	0.525	8.299	11.440	1.926	5.747	2.395	4.367	3.084
6.430	3.446	3.951	15.089	6.325	2.027	9.642	5.373	6.931	1.121	6.609	0.262
1.916	7.873	1.485	10.319	5.198	9.881	2.178	6.697	3.496	0.112	4.314	0.276
13.097	3.813	2.722	16.931	1.069	3.956	4.467	9.515	4.866	4.845	6.138	0.020
5.984	9.968	4.830	8.577	0.840	7.875	9.091	8.634	4.566	2.858	7.071	3.515
18.136	6.935	2.438	5.972	1.657	6.783	10.241	4.540	3.815	0.459	5.498	2.753
12.669	4.318	3.012	9.570	7.705	8.886	0.344	7.602	3.998	3.989	4.162	3.493
2.652	1.060	4.270	19.740	7.668	6.111	3.050	0.815	4.353	0.614	5.186	2.220
7.769	5.283	3.372	5.451	0.407	1.910	17.454	5.320	6.147	3.379	5.671	4.536
15.717	9.005	2.136	17.591	7.140	0.566	15.116	6.922	5.134	3.507	3.599	4.071
4.723	6.947	0.507	9.217	2.051	5.660	5.401	9.938	5.315	4.970	4.311	4.258
4.273	0.212	0.783	5.787	0.334	1.375	13.785	0.092	5.721	1.005	4.539	3.416
14.870	6.604	0.266	19.859	7.981	4.183	9.543	3.056	5.978	0.121	5.950	0.602
1.954	5.862	2.890	6.231	2.271	7.288	7.745	3.523	4.671	1.379	3.749	2.707
13.321	7.734	3.083	11.707	1.169	6.071	12.359	4.657	5.259	3.818	5.289	3.283
6.482	2.987	2.088	10.921	4.806	2.984	2.394	6.115	5.511	4.151	5.919	3.425
13.575	5.184	3.806	1.526	4.104	7.082	0.965	8.746	6.641	2.666	5.123	1.004
14.045	4.467	3.070	3.182	8.235	4.706	19.675	4.135	3.157	2.537	6.183	4.466
1.938	9.199	2.295	12.530	6.661	7.325	12.902	0.570	6.058	2.209	4.912	3.791
17.563	7.138	3.625	4.962	5.699	3.328	18.495	1.354	3.578	4.806	5.608	2.358
0.533	8.557	4.264	6.349	8.550	6.119	7.892	5.034	6.365	3.127	5.530	0.633
7.406	4.671	0.015	6.273	1.536	8.867	6.632	1.555	4.248	4.332	4.773	4.045
0.101	3.713	3.865	8.252	5.043	7.131	19.866	0.645	2.741	0.266	4.370	3.624
6.288	1.972	0.369	19.726	9.934	5.111	7.693	4.757	3.828	1.149	5.054	1.631
7.436	3.129	4.679	18.517	8.305	3.049	2.870	2.470	4.108	3.838	4.659	2.983
3.457	0.907	3.095	18.005	3.089	7.363	0.395	0.601	4.571	4.159	6.094	0.142
3.739	0.983	2.120	0.213	1.162	0.745	14.927	5.466	3.620	0.282	5.703	4.523
13.846	8.063	1.931	3.540	6.895	2.554	12.092	7.566	6.378	4.734	6.471	2.855
3.535	2.891	4.493	4.954	4.100	5.488	0.765	5.499	6.936	4.645	5.274	1.468
15.072	0.387	1.890	2.106	9.542	9.942	14.755	3.349	5.137	3.565	5.831	4.297
13.502	8.586	1.522	4.337	8.172	8.011	14.051	7.275	6.865	3.834	3.980	2.800
1.978	7.768	4.135	5.120	4.450	5.597	19.965	7.321	5.531	1.056	4.112	3.685
8.143	2.312	0.265	18.184	0.370	6.884	10.031	2.120	4.738	0.756	5.495	2.112
9.220	5.337	3.597	3.924	0.012	4.502	15.645	3.061	4.228	4.108	4.568	1.072
18.400	7.901	2.613	13.735	8.243	3.589	12.075	7.741	5.672	2.048	5.592	0.886
13.169	2.662	2.315	17.812	6.172	4.206	16.070	8.525	4.093	2.939	6.637	3.524
3.765	9.087	4.854	2.881	6.099	6.542	1.687	0.345	4.573	3.311	5.402	2.724
5.763	6.800	3.743	11.150	5.925	2.904	13.244	4.147	5.275	2.205	4.312	4.331
7.258	7.918	0.498	14.257	0.568	2.057	7.263	9.073	5.120	1.624	5.415	1.135
5.102	8.062	2.654	14.493	6.410	3.138	0.212	5.094	4.438	2.057	4.965	0.546
5.000	0.472	0.697	8.909	5.395	0.804	3.990	7.841	6.109	0.313	5.127	2.005
5.321	8.310	3.960	13.130	4.270	3.835	7.390	7.713	5.346	2.954	4.245	2.405
16.138	1.247	3.676	18.196	7.192	6.544	17.354	0.506	4.681	1.233	5.885	3.331
1.552	6.665	1.028	0.147	7.290	5.993	2.241	8.288	4.518	4.790	4.807	0.544
9.834	8.413	1.989	17.165	0.931	1.607	17.925	5.001	5.592	0.767	2.717	4.913
12.504	3.132	3.231	2.130	7.429	6.439	15.834	4.272	3.957	1.980	5.459	2.154
13.163	6.398	1.636	7.336	1.543	0.656	16.358	7.756	4.647	2.966	5.534	3.574
1.329	6.083	2.108	3.514	5.441	0.086	13.141	3.273	5.531	2.212	5.536	3.606
13.093	2.795	2.015	5.830	2.691	6.281	4.956	4.156	3.358	1.251	4.939	4.716
19.441	0.230	0.131	6.421	2.753	8.017	17.615	7.316	4.537	3.247	5.482	4.649
13.547	7.621	1.479	5.672	9.350	5.605	0.253	5.448	4.684	2.758	3.863	0.131
11.990	1.851	4.153	19.716	2.157	1.250	5.081	3.353	4.535	0.530	7.731	3.029
4.808	4.025	1.012	19.756	0.462	9.518	0.964	2.415	4.774	1.163	3.407	3.003
2.636	4.002	2.507	9.184	9.158	9.221	6.516	3.384	4.644	1.054	5.341	1.312
9.301	9.642	4.094	5.491	0.993	2.171	17.322	1.569	3.111	4.207	7.051	1.683
11.964	7.215	3.586	7.467	4.360	6.802	8.188	8.979	6.942	2.494	5.439	0.013
1.026	5.110	4.835	13.559	6.199	5.017	18.461	7.089	5.253	2.355	4.051	0.717
8.585	0.133	1.185	11.686	9.247	6.785	8.380	3.400	5.386	0.150	3.021	3.732
6.658	8.631	0.049	16.626	2.675	5.410	0.578	8.766	4.364	1.530	5.084	0.823
9.454	9.523	2.637	3.520	8.218	3.767	15.320	9.975	5.380	1.846	4.087	2.898
18.353	8.119	2.896	14.468	5.224	3.467	14.585	8.798	5.407	2.532	5.681	3.066
15.541	5.998	4.216	3.176	5.653	9.628	9.152	2.817	4.316	0.439	3.908	3.553
17.277	9.914	4.185	8.058	2.057	7.262	6.790	3.168	4.941	1.278	4.177	0.900
8.527	7.449	1.198	7.293	1.802	3.112	17.088	4.109	4.434	2.082	6.379	2.222
15.705	1.054	3.430	9.992	6.127	7.193	16.995	9.508	7.943	1.817	5.574	2.303
1.990	7.511	3.275	19.519	2.049	2.578	15.618	7.833	4.977	1.192	3.182	3.036
5.354	8.363	0.106	6.326	3.793	9.122	13.198	5.419	3.967	1.174	5.626	4.255
13.035	4.893	0.367	14.756	8.965	1.124	17.932	7.989	5.641	1.937	4.536	3.319
7.987	5.378	1.787	8.568	4.192	8.952	18.300	7.035	4.831	0.192	4.326	2.391
6.094	3.421	1.128	19.408	9.915	2.284	12.018	3.584	5.877	3.150	6.348	1.541
4.623	0.466	2.108	13.244	6.873	6.586	8.886	2.327	4.791	3.259	5.756	1.811
14.562	7.612	1.977	4.851	7.021	2.267	11.323	2.974	4.249	4.213	6.153	1.941
15.057	8.801	1.780	11.233	1.518	4.847	7.517	6.997	6.855	2.207	6.164	4.924
2.336	9.518	3.724	5.829	5.054	7.903	17.977	4.142	5.863	1.877	4.426	1.407
15.086	5.585	4.176	1.489	0.240	0.353	18.466	2.506	5.463	0.213	4.646	0.835
8.373	6.827	0.416	5.717	9.887	0.925	11.972	2.581	3.766	3.176	5.562	4.776
16.199	0.243	0.569	5.232	2.621	8.566	8.134	6.127	3.225	0.782	3.750	2.432
14.262	7.679	1.193	3.670	5.606	9.873	7.186	7.079	5.490	1.965	3.839	2.921
19.837	8.749	1.125	0.779	8.339	0.031	19.199	3.429	6.708	0.463	4.899	0.481
9.250	1.188	2.198	10.685	4.168	9.836	10.745	8.940	6.032	4.236	4.680	2.925
15.873	5.632	4.378	0.568	5.002	8.788	11.024	6.662	3.355	4.468	4.478	0.010
14.181	5.756	3.001	2.668	6.067	2.231	10.997	7.823	5.623	3.034	4.623	1.408
16.415	1.282	3.593	16.623	8.940	6.286	18.746	6.326	4.787	0.605	5.946	4.119
8.305	7.181	3.505	17.066	6.224	0.246	5.981	2.216	3.512	0.007	5.826	3.077
4.275	0.873	3.595	16.083	6.281	0.502	6.744	9.133	6.157	1.698	3.413	3.461
3.958	7.864	2.707	9.353	8.489	4.584	18.678	4.705	5.234	1.589	4.361	4.013
11.030	8.551	4.548	1.620	4.574	5.871	16.433	5.732	4.570	0.715	5.650	3.727
17.892	1.367	2.894	13.978	8.902	4.644	16.249	8.303	4.176	4.413	4.437	0.946
15.498	8.494	3.943	4.769	9.419	8.893	17.276	4.552	5.084	1.678	7.761	4.156
3.104	3.820	4.630	14.140	3.947	3.477	17.738	9.869	5.575	2.402	5.664	4.934
16.961	5.763	1.109	18.153	0.933	2.314	9.652	7.109	5.653	1.198	3.822	0.632
7.537	4.438	4.084	19.688	5.236	2.506	10.248	4.547	5.011	0.544	3.944	4.539
0.139	6.763	0.879	16.128	6.925	6.517	2.124	1.072	4.630	0.974	5.366	2.759
2.389	4.649	0.967	14.060	8.561	8.913	10.460	4.009	5.041	1.022	5.575	1.358
17.217	2.343	2.237	8.785	7.571	8.838	3.417	2.180	4.382	4.600	6.063	3.910
15.493	8.396	4.786	10.597	7.639	2.773	1.470	1.514	5.813	1.629	6.358	4.895
16.582	9.397	0.557	12.804	1.923	9.431	3.454	3.419	4.782	1.318	5.258	2.826
5.967	3.550	0.324	6.589	3.238	0.529	8.115	3.635	4.697	1.844	6.824	1.818
10.647	9.113	1.662	4.990	6.254	7.954	3.484	2.454	5.639	0.095	4.756	2.094
11.631	4.324	1.862	19.837	0.125	2.450	2.732	2.881	3.219	0.436	6.525	3.334
8.142	3.850	0.470	3.412	5.663	6.293	16.198	0.765	4.832	1.088	4.784	2.570
17.062	9.711	1.179	5.211	9.431	7.131	13.503	2.634	5.200	2.478	4.935	3.477
8.092	5.089	4.205	4.510	6.225	2.304	7.367	0.914	6.621	2.396	4.112	3.678
10.256	2.091	1.563	11.405	3.380	4.520	15.872	8.364	4.735	4.999	6.306	0.571
17.130	6.782	1.592	1.371	3.423	1.929	2.454	6.105	4.323	3.982	4.190	4.373
1.878	7.550	0.337	1.682	5.442	5.355	17.556	6.770	5.014	0.736	5.236	1.840
15.223	4.582	2.409	9.114	4.458	8.287	4.863	6.133	5.381	3.044	2.544	0.927
8.565	0.628	4.606	11.318	9.386	7.951	19.686	6.220	5.283	2.813	4.823	2.884
2.257	7.953	0.311	5.958	1.198	3.779	11.737	0.215	5.007	3.121	3.892	3.374
12.304	2.839	2.958	7.215	9.849	0.976	9.418	2.679	5.673	1.227	3.663	2.668
18.450	4.093	3.781	18.345	3.330	2.081	14.421	2.040	5.892	3.987	7.013	1.245
2.113	9.491	2.793	7.466	4.652	1.995	14.354	2.744	5.501	2.470	5.834	3.232
8.477	3.561	4.187	2.337	1.426	8.941	1.517	9.262	5.233	2.911	4.808	4.281
9.013	1.250	4.365	19.499	3.300	9.148	11.639	7.732	6.316	0.706	3.836	1.967
15.176	3.832	3.416	11.809	5.760	3.387	13.647	5.361	4.087	1.999	5.833	3.429
1.584	5.529	2.723	18.488	6.670	6.145	16.699	2.367	4.157	0.103	5.601	3.283
2.833	4.195	4.897	19.281	0.606	4.070	12.922	5.571	6.371	4.308	5.080	4.683
19.991	1.557	4.137	0.951	7.794	6.288	19.546	3.746	6.973	2.649	5.540	3.000
16.282	9.513	1.877	4.994	0.054	4.979	9.334	8.674	3.719	3.112	6.765	2.741
2.295	1.735	1.584	17.404	9.148	1.224	8.169	5.533	4.855	4.785	5.510	3.903
0.559	0.756	1.953	14.800	5.337	0.727	16.306	5.424	5.999	1.133	5.032	0.972
0.482	2.408	4.273	17.761	0.246	0.865	4.825	4.962	3.884	4.519	4.193	0.990
19.829	2.746	3.668	12.156	5.866	7.400	15.763	2.915	5.561	0.967	3.473	4.594
13.576	6.157	4.333	6.919	7.481	0.087	2.351	6.094	6.124	1.251	4.820	4.077
2.208	2.561	4.045	8.577	9.598	4.799	5.641	0.998	5.940	0.995	3.179	3.178
5.431	2.183	4.572	3.734	2.162	2.545	6.149	9.614	4.201	1.788	4.049	0.987
3.076	7.908	1.913	2.137	9.611	3.768	11.716	7.395	7.221	2.036	5.865	2.433
15.084	5.856	4.375	16.246	8.600	1.209	0.549	5.416	7.152	1.578	5.670	1.326
2.108	0.590	3.482	15.582	3.897	1.514	19.741	1.743	5.226	0.148	5.366	0.193
15.685	6.674	1.735	5.407	7.288	4.202	14.141	5.681	6.190	0.189	4.368	0.359
11.257	9.813	3.441	11.607	1.920	9.496	5.804	2.348	3.451	0.314	5.099	0.836
3.413	6.484	2.302	10.522	5.310	3.023	13.886	3.641	7.290	2.379	5.647	2.760
6.501	6.477	2.338	15.640	7.095	9.246	18.058	8.001	4.930	4.891	6.243	0.546
13.931	4.846	1.131	18.863	6.424	8.922	7.045	0.263	6.041	3.257	5.397	2.133
2.999	9.013	3.633	19.249	7.617	8.779	16.552	1.586	4.392	1.203	5.243	2.071
11.737	5.138	3.141	15.329	3.674	3.882	8.202	9.883	5.688	2.577	7.361	0.230
16.444	6.384	2.018	8.499	7.292	4.265	2.367	2.890	4.933	2.229	4.379	0.451
7.140	6.588	4.190	4.048	4.669	8.269	10.201	6.811	7.003	1.661	4.981	2.867
3.683	4.869	3.713	8.138	9.713	2.444	7.613	3.230	5.280	0.217	4.893	3.466
18.009	8.678	3.353	5.701	5.145	7.533	19.503	5.451	6.373	2.905	5.196	0.571
9.215	1.675	1.281	1.168	1.111	5.105	0.270	2.705	4.939	3.250	4.177	2.486
1.121	2.767	3.712	7.609	3.580	0.592	15.218	4.784	4.300	1.600	5.719	3.833
7.098	6.756	3.169	15.031	3.312	2.186	12.125	4.557	4.392	2.637	4.760	0.537
19.578	7.300	3.391	4.971	5.938	6.659	14.735	6.403	5.407	1.363	4.560	3.563
8.474	9.792	2.469	6.227	0.602	9.708	17.090	8.361	6.985	4.322	5.472	3.926
7.178	5.376	0.322	3.609	3.791	9.566	14.529	6.153	6.117	3.710	4.375	3.410
13.430	8.427	4.019	19.927	8.419	6.535	15.421	6.146	5.402	4.309	5.658	4.760
1.228	6.575	1.508	3.255	0.200	0.069	0.271	7.346	5.645	3.500	3.951	4.703
7.233	7.824	0.157	14.677	4.509	4.377	9.852	5.394	5.255	0.747	4.536	3.870
14.732	6.089	3.472	3.300	4.990	8.752	16.344	8.889	5.091	2.549	3.338	3.186
16.867	2.769	2.554	11.316	8.399	1.511	6.377	3.861	3.747	0.504	4.959	4.964
1.002	2.106	3.372	17.508	0.343	7.540	7.864	1.627	5.110	2.923	5.712	1.915
15.253	3.111	1.959	5.466	0.945	6.994	7.916	3.878	4.961	1.271	7.206	2.942
12.376	1.658	4.541	2.737	1.075	7.778	7.507	6.785	4.624	1.726	5.965	4.520
6.257	6.138	3.364	12.343	0.612	1.173	11.503	5.749	4.869	4.643	6.604	4.402
12.976	8.396	0.790	15.361	3.017	4.872	14.411	6.561	4.787	2.518	6.288	1.068
15.227	2.343	0.499	8.146	9.560	0.678	19.199	0.406	4.431	2.123	3.794	3.239
17.608	2.093	1.822	6.519	0.628	7.289	10.072	6.356	3.823	1.519	6.614	2.475
11.647	7.676	3.912	18.168	7.201	2.452	15.758	1.573	6.695	2.475	4.265	0.193
12.982	9.790	1.610	10.048	3.628	0.384	3.601	7.144	4.707	3.457	3.809	2.888
6.591	1.675	4.067	2.937	9.731	3.854	0.221	5.428	3.762	3.686	5.714	4.005
7.419	6.914	0.535	0.512	4.062	8.273	4.912	2.552	4.528	4.586	4.459	3.063
13.054	2.522	2.704	0.120	7.519	9.782	7.016	0.094	3.471	1.263	4.666	4.600
13.474	5.335	4.533	6.525	0.883	8.561	18.508	2.758	3.141	4.640	3.674	2.479
18.627	3.762	2.004	8.074	7.954	5.850	11.678	6.611	3.798	1.981	5.507	2.299
18.174	4.487	4.811	19.414	8.106	5.107	4.031	5.521	7.300	0.541	4.271	4.840
2.069	7.216	1.628	3.149	2.612	4.386	19.960	5.501	4.376	0.610	3.621	2.597
19.442	2.320	0.133	19.688	7.497	1.696	3.199	1.452	3.670	0.956	4.608	2.804
2.858	5.598	0.751	16.909	5.884	3.523	5.945	0.427	6.288	0.581	6.680	2.286
16.435	7.668	1.638	14.300	8.260	2.621	11.134	4.674	5.113	0.056	3.377	4.842
13.417	5.280	0.654	15.560	6.847	0.706	15.343	8.752	6.009	3.511	3.316	1.079
15.897	5.926	4.626	0.988	5.870	7.418	15.523	4.186	2.865	4.327	5.675	1.423
9.022	2.634	0.049	5.105	4.769	5.364	7.052	7.594	2.533	1.722	4.604	2.678
13.049	2.678	2.365	4.374	7.126	7.833	11.851	5.852	5.028	0.929	4.209	0.496
10.764	9.119	1.530	19.811	0.628	6.930	7.401	0.234	4.907	4.964	4.382	3.254
14.796	3.717	2.774	19.429	1.405	6.682	19.034	3.611	5.915	3.796	3.592	0.574
14.681	2.302	4.993	6.140	4.204	0.006	0.676	9.374	4.369	2.625	4.662	3.028
18.018	9.854	3.412	0.933	7.994	4.231	18.160	6.758	4.906	4.910	5.113	0.977
1.796	4.479	0.961	16.218	7.571	3.198	16.107	7.756	4.264	0.784	4.966	1.571
7.635	6.892	0.065	1.192	1.097	1.123	19.257	6.202	6.788	0.642	7.367	1.392
0.874	5.554	4.246	16.641	4.157	2.935	13.908	8.915	6.134	0.293	4.050	4.681
14.084	4.721	4.109	3.847	2.698	4.756	5.742	6.094	4.349	1.744	4.297	0.949
4.328	2.099	3.915	9.642	1.936	1.482	13.272	2.547	5.645	0.888	3.723	1.289
8.471	5.124	2.121	13.591	2.372	6.136	15.264	7.963	6.104	4.835	6.173	4.544
14.232	1.887	2.163	5.375	0.728	7.899	13.734	2.174	5.117	3.222	2.698	3.673
11.135	0.226	0.944	3.484	4.155	2.129	14.918	1.915	3.898	1.595	5.467	2.811
19.776	2.600	3.602	4.477	4.710	3.958	11.669	2.728	7.002	1.816	5.831	3.055
13.333	7.468	0.435	9.538	0.643	8.014	6.940	3.069	4.482	2.012	3.502	1.526
17.158	8.108	0.870	19.379	3.705	4.551	6.925	5.219	4.477	3.652	5.398	1.087
12.556	2.980	0.861	4.534	4.011	5.945	18.646	7.708	3.997	1.537	5.123	3.724
12.647	1.520	2.188	12.495	2.734	0.441	19.051	7.310	2.762	2.588	4.832	1.868
3.458	6.309	2.964	0.060	7.803	5.042	10.664	3.169	5.757	0.944	2.504	0.594
9.616	8.921	4.488	5.080	8.020	4.172	17.750	1.769	3.028	1.508	4.540	3.793
15.645	7.982	1.426	13.844	3.434	3.143	15.990	1.091	3.292	4.105	4.358	2.152
19.480	9.610	4.207	0.891	2.794	4.294	7.406	9.040	5.216	1.029	4.063	4.601
16.195	6.028	2.315	8.348	2.224	1.058	5.713	6.158	4.749	4.625	6.544	3.069
10.830	5.089	0.706	13.706	2.829	0.372	10.892	8.453	4.885	1.258	3.322	0.812
5.591	6.439	2.198	5.833	2.203	4.378	12.685	7.042	6.187	1.131	6.948	3.091
2.382	3.728	4.800	15.702	8.503	2.051	2.163	6.250	5.374	1.543	6.737	4.952
9.442	0.904	2.737	6.375	1.797	1.033	9.091	3.324	4.309	0.028	5.285	3.253
14.091	7.028	2.313	7.896	1.121	3.176	19.725	2.326	3.538	0.325	5.002	1.668
8.731	7.477	1.866	1.419	1.625	4.107	14.814	7.127	5.148	2.420	5.063	1.200
12.330	8.511	4.078	17.847	6.886	2.729	14.450	9.249	2.675	3.324	4.174	0.658
3.732	0.923	3.292	11.020	7.962	9.652	7.984	4.825	3.026	4.187	3.904	3.922
15.408	4.845	1.452	4.362	5.896	3.641	6.073	4.916	3.989	1.881	6.728	2.856
15.696	8.371	4.547	18.124	7.763	2.660	6.181	6.535	5.776	4.053	5.614	1.266
18.600	0.073	3.012	19.024	8.506	3.765	12.743	5.269	5.488	3.943	3.798	1.759
15.906	4.790	3.187	0.222	1.750	1.605	0.965	8.956	5.169	2.605	5.361	3.722
16.968	2.047	0.893	2.001	1.183	6.650	4.294	0.258	5.573	0.133	5.012	0.007
0.660	2.606	0.560	14.058	4.231	9.146	15.115	4.846	5.488	3.858	4.068	2.436
2.881	1.354	4.072	18.106	2.325	3.834	3.503	2.398	5.545	0.388	7.255	1.256
13.518	1.700	2.060	12.155	6.781	7.441	9.921	5.290	6.062	3.627	6.074	0.533
12.032	0.703	1.522	19.572	1.194	9.032	14.552	4.845	3.506	4.255	4.672	0.963
10.104	2.495	1.207	19.670	3.023	9.876	8.476	9.110	4.145	0.964	5.172	0.308
5.345	9.908	1.198	1.762	2.838	3.825	6.156	8.485	4.815	0.693	4.163	0.539
13.939	8.767	2.380	18.480	9.492	6.607	19.556	3.877	3.699	1.381	6.602	0.014
18.193	5.296	4.375	10.903	1.622	5.021	2.394	5.792	4.769	4.601	5.832	3.530
5.438	3.500	2.552	12.019	1.603	3.180	17.846	2.118	5.521	4.497	4.723	3.554
13.893	4.715	3.072	1.205	1.403	6.939	12.251	5.479	6.119	0.287	3.537	4.360
2.768	4.263	4.799	6.087	2.487	8.997	13.671	1.677	4.402	3.319	5.327	0.974
0.088	0.934	3.156	2.515	2.966	2.709	1.091	1.792	5.616	1.375	4.899	4.306
2.361	1.813	4.316	14.038	4.246	4.249	1.519	5.603	6.129	2.107	4.568	4.338
9.623	5.332	2.623	13.548	7.251	5.504	6.174	2.318	3.577	4.306	3.827	0.425
8.385	2.931	2.005	8.124	9.288	2.803	18.830	8.526	5.121	0.812	5.484	1.972
13.819	1.758	0.304	11.421	8.237	5.630	6.901	5.540	5.619	1.044	4.330	2.148
19.778	3.489	0.252	17.118	3.822	3.824	2.997	0.592	4.783	4.023	5.981	3.189
14.643	8.125	0.371	15.235	1.985	2.787	3.548	1.203	3.760	3.771	6.496	0.954
14.880	4.335	3.482	1.975	6.907	6.988	3.901	8.102	2.874	4.955	3.653	4.380
3.641	8.795	3.094	13.437	0.719	0.855	5.524	5.757	5.850	2.539	5.259	4.099
16.231	1.069	2.345	3.341	1.781	6.641	8.384	2.877	4.861	3.670	4.384	3.611
15.934	7.229	1.305	4.349	6.245	2.110	16.072	9.482	5.072	3.254	4.881	2.690
1.009	1.454	3.468	10.951	7.303	6.375	18.566	2.443	5.544	4.966	5.316	4.191
14.438	2.843	4.178	10.468	0.427	7.591	8.827	7.310	5.987	4.612	5.926	4.386
16.686	3.760	2.608	17.026	4.690	8.269	19.404	7.119	3.756	4.862	5.835	0.826
4.155	1.068	0.481	17.400	1.757	2.330	14.385	2.503	4.717	0.626	4.906	1.246
16.984	2.447	2.801	7.690	6.944	1.845	16.186	2.733	4.801	0.797	3.963	2.275
8.317	8.067	4.753	6.238	1.766	3.751	0.562	2.957	4.732	4.508	4.959	2.736
18.330	2.094	0.301	2.062	7.691	0.502	16.851	7.429	3.501	1.730	4.827	4.589
2.514	3.533	2.040	11.749	4.540	3.175	15.884	6.789	4.584	0.417	6.116	4.643
3.424	1.059	1.775	18.971	2.886	4.566	1.037	1.506	6.632	2.230	2.911	4.770
7.673	7.648	0.525	11.904	4.841	3.912	15.843	1.848	6.792	4.168	4.860	2.617
2.478	8.115	2.280	13.857	4.654	7.341	17.932	5.177	5.359	4.330	5.337	1.736
7.047	1.974	4.508	3.649	8.983	8.600	5.585	4.004	4.499	1.591	5.034	4.306
15.451	0.995	0.692	13.892	0.028	0.495	18.453	4.641	4.080	1.577	5.792	0.498
8.012	1.907	2.264	18.456	9.282	8.697	8.584	7.185	4.712	2.340	4.287	1.989
4.328	1.526	3.990	18.343	4.891	2.039	4.902	0.415	5.353	2.141	3.916	0.007
2.890	9.436	2.996	19.073	4.623	9.428	12.734	5.876	5.518	0.594	7.160	4.366
19.832	6.819	4.249	16.574	5.854	0.418	9.456	3.800	5.730	1.418	5.498	0.256
13.189	0.775	2.033	1.940	3.846	7.615	15.519	3.153	5.501	0.890	5.108	0.529
16.732	6.193	3.589	2.624	9.023	7.311	1.312	9.334	4.903	3.956	4.824	4.530
8.531	8.601	1.957	5.880	4.670	4.926	6.404	4.333	4.161	2.889	4.105	2.736
13.257	8.748	2.479	18.508	1.691	0.155	2.000	4.955	4.552	3.623	4.879	3.390
0.157	3.612	2.601	18.518	3.571	5.556	11.418	8.015	4.612	4.040	5.112	1.708
12.118	4.244	4.122	0.194	0.845	7.765	18.992	3.563	6.171	3.537	4.849	2.850
8.570	3.770	3.287	12.630	5.624	8.529	16.983	8.242	4.507	0.059	4.272	0.797
2.062	9.594	1.963	12.032	2.481	7.344	0.245	0.836	2.521	2.773	4.533	0.298
4.297	8.713	3.281	12.006	4.783	5.843	5.407	5.653	7.098	2.577	5.027	0.913
18.857	3.401	1.031	1.940	7.100	5.623	12.106	8.280	4.860	4.160	4.458	2.158
11.900	2.240	0.002	7.749	3.412	0.908	16.599	5.833	6.257	0.365	4.404	0.704
8.444	5.309	2.768	6.568	4.313	0.915	13.711	2.425	3.884	1.034	4.701	2.392
6.207	2.650	3.431	16.624	1.327	8.564	14.188	9.163	5.809	4.993	4.751	3.623
7.792	5.604	4.738	7.526	6.824	9.547	7.090	8.450	6.061	1.294	5.226	2.653
19.348	0.540	3.060	7.065	4.880	3.230	2.013	1.620	4.960	1.165	3.713	1.708
15.165	8.017	0.955	18.285	3.463	3.642	14.974	4.248	6.559	4.088	5.820	1.004
13.964	0.506	3.698	15.804	0.353	2.706	15.986	9.665	5.748	2.556	4.010	3.651
4.540	4.947	0.496	14.400	3.121	5.631	14.001	5.582	5.780	2.952	6.297	2.484
5.967	4.714	4.401	12.527	3.826	9.696	16.198	5.708	5.469	1.066	4.110	0.125
3.798	7.920	0.164	8.987	3.388	3.283	12.698	2.351	5.880	3.459	4.134	4.626
8.054	8.691	2.923	9.989	0.995	1.860	2.283	1.159	4.964	4.320	5.761	2.128
17.491	9.737	2.508	1.696	4.886	2.089	2.529	2.692	3.452	4.716	3.130	0.679
16.451	8.663	4.837	4.248	9.302	0.225	0.444	0.849	4.992	1.770	5.610	0.791
2.566	0.853	1.280	16.479	5.609	7.923	4.712	3.587	6.742	1.413	3.101	3.943
5.770	2.699	3.694	2.398	5.896	1.517	10.247	8.375	4.155	2.184	3.298	0.676
10.752	5.416	2.603	19.004	4.655	9.086	8.840	3.991	5.275	2.334	5.457	4.666
11.714	7.596	2.170	14.936	7.871	7.578	10.246	3.406	5.627	2.694	4.340	0.162
12.179	1.449	0.622	12.110	6.302	5.572	2.609	0.908	4.139	4.003	4.250	2.661
1.662	5.058	1.856	2.059	0.777	8.203	11.718	9.134	4.353	0.432	4.814	1.731
5.332	6.786	4.682	13.790	2.808	7.428	6.921	2.362	3.473	2.859	4.627	0.027
10.382	0.551	2.965	5.273	8.801	1.010	10.051	5.530	3.177	1.604	5.445	4.695
13.141	8.600	2.943	12.913	4.735	5.774	6.396	4.478	5.350	4.917	7.336	4.720
18.075	7.549	0.096	1.248	7.655	6.264	18.725	4.854	4.261	2.923	4.733	3.076
6.942	5.439	3.646	5.663	7.840	9.235	8.587	4.987	6.382	0.073	6.326	2.759
16.257	4.183	1.266	14.720	4.279	2.953	10.320	5.005	4.361	1.705	5.297	4.171
15.804	9.874	2.875	4.479	9.350	4.702	12.405	6.201	5.986	2.392	4.588	3.663
11.868	0.273	0.504	4.532	0.185	0.124	14.179	6.871	5.806	2.346	5.016	3.977
19.301	1.820	4.038	17.705	8.288	7.568	14.513	0.639	4.221	4.772	4.274	3.910
16.248	6.970	3.331	12.944	6.979	3.194	6.890	0.911	2.700	2.901	4.162	2.033
12.952	3.659	2.027	1.397	7.392	8.919	12.785	5.407	6.788	3.643	3.684	0.565
8.403	3.921	4.567	19.583	6.494	5.551	17.211	0.803	4.972	2.591	6.472	4.572
16.506	9.595	1.557	0.238	5.002	7.459	7.520	7.769	5.436	2.722	5.208	0.410
13.720	5.139	4.790	7.576	9.779	1.808	4.866	5.407	4.923	4.090	5.096	2.920
15.940	6.005	2.577	15.016	2.029	5.774	4.735	4.409	4.157	4.508	4.003	1.750
9.154	7.376	1.030	3.031	1.158	6.865	9.239	9.343	4.559	3.954	4.856	3.347
4.999	4.386	3.508	8.983	1.707	5.224	9.762	5.940	5.359	4.266	5.365	0.675
7.888	0.931	2.908	4.462	2.221	2.313	6.922	1.358	4.810	0.122	4.685	3.035
1.577	3.711	2.631	16.271	2.428	0.517	2.738	5.313	3.585	4.067	4.666	0.081
12.680	5.574	3.743	11.066	3.048	4.209	5.729	6.664	6.557	3.490	4.500	4.673
12.013	6.979	0.140	17.508	4.377	5.887	8.866	3.363	4.314	4.669	5.199	2.077
12.993	3.385	1.286	15.243	4.748	6.740	13.107	4.160	4.961	3.501	5.634	2.120
13.525	7.806	3.133	3.269	3.259	2.780	-6.126	-7.782	0.273	2.279	9.047	1.797
7.398	4.427	3.571	4.068	2.076	9.109	-6.797	-6.399	2.057	2.162	15.170	4.423
6.590	9.499	3.828	11.832	6.545	9.837	-6.646	-5.694	0.524	3.416	14.479	0.328
3.949	6.539	0.071	15.870	5.007	1.744	-7.498	-6.578	3.184	0.299	11.704	1.984
18.882	4.625	4.288	4.807	7.541	7.184	-8.099	-5.326	4.407	3.801	12.616	0.292
0.017	2.168	4.057	12.334	4.629	2.287	-6.023	-9.080	0.372	3.398	5.560	4.359
16.862	2.014	3.417	4.808	7.630	1.146	-8.010	-7.228	0.295	3.786	11.187	2.474
3.688	9.598	3.801	3.270	1.983	1.313	-7.287	-6.659	2.460	4.666	5.789	0.150
16.028	9.233	0.044	13.674	0.183	5.287	-8.019	-7.319	2.204	0.742	18.130	1.878
6.319	6.625	2.696	8.276	7.809	9.625	-8.611	-8.845	2.052	0.701	2.984	3.746
14.836	6.708	2.086	13.358	4.931	3.584	-5.338	-7.190	3.090	3.450	6.688	4.285
11.782	7.258	0.274	3.410	3.853	0.947	-8.810	-6.678	3.034	4.481	6.817	4.644
2.958	3.288	0.693	4.341	0.407	6.180	-7.217	-6.662	3.946	1.307	4.684	2.350
1.856	5.766	3.044	19.941	3.393	6.309	-7.916	-6.196	0.133	0.302	13.448	0.651
0.014	7.282	0.167	2.504	9.727	6.220	-6.266	-8.059	1.993	4.348	15.231	1.929
0.791	9.882	0.339	15.810	0.413	6.328	-6.637	-5.136	1.738	1.080	4.023	2.978
12.619	6.858	4.836	1.981	5.117	1.150	-8.315	-6.635	1.879	3.318	10.670	4.740
8.742	6.947	0.207	0.097	3.191	7.322	-6.819	-7.490	4.639	4.688	2.369	3.786
3.186	6.694	3.594	1.518	8.372	0.593	-7.600	-6.673	4.777	2.268	4.348	3.156
1.305	0.319	3.702	5.629	2.101	7.328	-7.644	-7.173	3.576	2.779	5.628	3.840
8.217	1.958	3.168	2.765	4.987	3.252	-6.210	-7.159	2.394	3.680	17.192	1.188
13.165	5.717	3.409	8.703	1.004	0.729	-6.636	-6.386	3.179	2.156	14.180	2.133
5.528	9.664	2.738	4.357	3.474	0.029	-7.295	-6.133	1.802	2.558	10.874	4.596
1.535	8.592	3.777	16.945	4.836	7.269	-8.381	-6.893	2.511	2.227	10.212	4.685
5.810	1.452	2.616	15.133	3.388	7.160	-8.248	-6.880	1.379	2.903	18.868	4.443
10.279	7.435	4.157	13.431	8.280	2.060	-6.901	-8.048	0.139	3.219	13.181	3.318
0.251	4.626	2.253	5.149	0.805	1.759	-7.158	-6.894	3.844	2.661	12.766	1.123
16.676	0.775	3.858	4.414	4.994	6.857	-7.817	-7.412	4.084	2.511	4.461	2.383
6.320	4.835	4.974	16.626	3.683	2.937	-6.762	-7.195	3.426	2.731	8.094	4.757
2.142	3.948	2.864	9.128	3.081	3.107	-8.421	-5.996	4.860	3.300	12.016	3.649
16.468	0.689	0.294	11.477	4.148	6.699	-6.840	-6.511	2.794	4.826	14.937	2.109
9.265	3.173	0.837	15.655	6.607	0.440	-5.411	-7.387	4.446	3.348	0.194	4.445
2.545	7.995	3.769	12.361	5.968	8.020	-6.645	-6.948	2.092	2.165	8.903	3.235
9.785	7.269	4.034	9.157	9.420	9.582	-6.686	-6.239	1.719	2.066	1.863	2.923
18.410	9.246	1.377	5.593	7.929	6.631	-8.431	-6.557	0.925	3.422	18.304	1.841
3.714	4.422	1.452	9.504	9.430	6.666	-5.732	-7.583	0.311	2.447	17.066	3.459
17.413	8.977	1.274	1.580	9.767	2.607	-6.033	-6.315	0.951	3.360	12.121	1.967
5.608	4.064	1.262	13.180	3.912	2.841	-7.550	-7.752	0.432	4.380	9.257	3.919
7.852	7.673	3.511	14.210	1.048	1.858	-6.328	-6.505	4.474	0.176	9.765	2.212
17.238	8.422	3.821	11.365	0.441	9.516	-7.555	-7.405	4.386	1.575	12.424	4.607
16.817	9.938	2.680	9.925	9.506	4.667	-7.175	-8.265	3.516	1.425	10.217	1.427
1.339	0.598	0.476	10.576	2.375	2.435	-4.115	-7.203	3.171	1.158	7.180	1.739
15.868	9.596	2.615	9.460	3.430	8.310	-8.517	-7.307	0.002	2.367	10.961	1.062
14.993	6.237	3.379	10.876	9.727	0.341	-6.667	-6.589	4.259	3.588	18.836	4.199
6.240	1.778	2.408	14.087	2.778	4.431	-7.308	-7.100	4.546	1.982	10.419	4.796
15.114	2.110	0.261	16.345	4.445	6.057	-7.060	-8.621	2.364	0.677	19.712	2.908
9.669	0.777	1.283	15.585	1.479	6.778	-5.790	-7.669	1.685	3.235	1.446	4.771
5.794	1.382	4.071	17.231	2.172	1.067	-6.234	-8.668	0.388	3.659	3.569	0.883
13.133	1.610	2.901	12.775	7.866	9.027	-7.391	-6.276	1.785	0.492	15.646	2.560
19.731	7.400	2.230	11.394	9.873	9.407	-8.003	-7.952	1.328	1.663	13.413	0.080
19.259	9.519	1.566	2.533	1.992	3.350	-8.082	-8.438	1.457	4.248	8.232	4.823
4.057	1.396	2.935	1.220	7.428	0.776	-5.033	-3.907	2.221	2.606	12.619	4.852
7.526	3.787	0.489	6.944	7.702	7.026	-5.862	-6.483	4.888	4.967	3.368	2.532
14.666	7.518	3.523	10.014	4.687	9.335	-7.745	-8.103	4.089	2.612	12.755	0.530
13.347	2.805	4.710	19.505	8.728	7.260	-5.504	-8.124	3.491	1.538	7.755	2.920
8.276	7.263	1.675	9.154	2.410	7.705	-9.454	-5.430	2.971	3.107	17.294	0.776
2.829	9.367	0.411	12.912	2.619	4.969	-7.026	-6.640	4.631	2.286	10.707	4.721
14.243	1.611	0.129	5.282	5.088	7.187	-6.492	-6.721	0.938	3.510	15.910	4.471
14.611	7.534	1.529	10.039	9.896	2.336	-7.384	-7.890	4.473	2.087	18.725	1.571
1.012	1.225	0.657	6.574	1.271	0.198	-6.442	-8.383	3.927	4.866	9.742	2.148
14.572	1.587	1.429	17.503	3.467	6.407	-6.559	-6.348	0.715	0.630	10.826	1.009
10.131	4.708	4.125	1.563	5.535	7.035	-7.254	-6.634	3.542	1.923	18.228	4.208
9.017	2.775	0.640	13.874	6.217	5.876	-7.996	-7.765	1.909	3.073	11.930	2.624
8.868	2.096	4.706	8.627	0.412	2.461	-8.199	-7.324	4.603	1.462	6.492	4.438
12.689	3.948	1.316	4.082	4.644	7.557	-6.850	-7.261	4.895	2.611	15.190	1.926
1.467	4.215	0.224	2.315	2.303	6.292	-7.305	-7.637	3.553	1.601	12.741	0.702
16.938	2.992	4.087	9.877	7.793	9.410	-6.975	-9.465	0.835	4.592	8.643	2.326
6.566	1.874	4.691	15.612	6.340	6.501	-7.953	-6.018	1.267	1.134	14.014	2.553
15.091	8.104	1.488	6.713	0.792	6.348	-7.183	-7.055	0.971	2.897	14.525	1.484
17.266	5.491	3.484	1.447	0.413	6.559	-5.648	-6.422	1.586	3.989	5.889	0.143
2.235	2.170	0.561	7.310	5.331	2.418	-6.640	-4.865	0.294	0.708	1.029	3.662
17.380	7.803	4.249	8.835	6.686	7.418	-6.864	-7.492	2.943	1.878	6.676	3.564
13.540	3.548	2.311	14.043	0.161	1.288	-5.800	-7.356	3.205	2.728	9.855	3.915
2.807	8.195	3.002	0.864	2.782	7.652	-6.361	-7.598	0.256	0.845	5.974	1.192
5.730	7.102	1.987	2.406	0.661	2.858	-6.461	-5.186	2.611	1.028	11.828	1.412
15.764	4.541	4.733	10.661	4.475	5.096	-6.775	-5.927	1.115	0.955	13.963	4.751
11.272	4.654	4.889	9.548	8.697	6.970	-7.161	-6.260	2.418	0.364	10.624	0.507
19.168	8.524	4.163	12.666	5.111	2.287	-7.447	-5.233	2.546	4.377	1.364	3.620
14.879	0.224	1.883	7.045	4.729	6.488	-6.690	-6.682	3.927	0.312	10.776	4.502
12.213	9.696	2.786	13.715	2.250	3.397	-6.904	-6.662	3.876	3.304	1.486	3.280
8.969	1.929	0.788	12.845	6.176	1.148	-8.800	-7.082	3.268	3.336	12.109	0.942
2.020	2.780	2.702	2.536	9.304	4.150	-9.393	-5.335	0.442	0.716	11.711	4.318
1.883	1.657	2.435	15.857	5.056	2.332	-5.959	-8.194	1.904	0.443	8.462	3.816
8.490	5.777	2.487	18.967	4.722	0.284	-6.575	-7.295	1.963	3.867	4.571	0.409
10.925	4.961	0.750	3.096	1.336	3.177	-7.592	-5.879	0.795	3.221	9.113	1.804
14.197	0.645	3.721	17.148	6.121	0.495	-6.844	-7.025	4.827	3.348	19.719	2.976
8.996	9.804	0.733	6.724	2.743	7.384	-7.779	-7.712	3.196	0.791	1.905	3.540
10.862	9.537	2.527	3.039	3.529	0.941	-5.952	-5.952	2.275	1.641	2.892	4.067
16.813	4.921	4.707	14.072	2.597	5.594	-7.057	-8.762	0.304	3.148	7.074	2.068
11.018	7.061	0.593	8.793	5.613	2.444	-7.572	-6.857	0.044	4.926	12.633	2.422
11.263	7.889	4.481	15.527	2.892	7.079	-6.633	-7.343	2.151	4.261	8.090	3.785
19.676	7.316	2.732	12.291	3.063	7.176	-6.188	-6.076	3.176	0.346	11.380	0.594
6.445	5.761	3.610	11.773	9.251	1.134	-8.036	-7.055	2.647	0.930	1.417	0.793
18.096	1.174	1.919	10.226	1.343	2.735	-6.575	-7.312	4.913	3.021	14.808	2.504
6.212	3.132	4.673	10.777	5.944	9.583	-8.112	-7.127	0.205	0.545	11.177	1.132
18.446	9.781	1.247	8.678	4.956	4.648	-8.198	-5.328	1.983	2.361	8.985	4.279
0.460	5.815	1.896	3.608	4.242	6.644	-6.804	-6.934	1.161	1.021	17.869	3.215
14.702	6.453	2.571	3.411	0.716	6.574	-7.512	-7.765	0.443	2.607	8.704	3.939
6.270	3.021	1.670	3.165	1.063	6.087	-8.287	-7.057	2.124	3.417	9.209	2.088
9.581	9.993	3.482	1.533	3.099	4.427	-6.721	-6.957	4.271	3.132	15.281	0.739
16.891	1.596	3.486	7.933	5.054	9.095	-5.354	-7.338	3.786	3.336	11.570	2.534
6.996	4.178	4.769	12.806	4.689	3.912	-6.899	-8.036	2.313	2.314	4.048	1.679
8.774	9.381	0.370	1.409	1.217	1.037	-7.691	-7.021	1.769	1.203	13.699	2.041
12.191	8.534	1.369	8.464	1.727	6.248	-7.754	-8.813	0.602	3.798	19.766	0.427
1.938	0.720	4.453	5.115	5.932	7.479	-5.935	-6.326	4.321	0.565	15.205	4.491
18.392	3.512	4.718	13.883	8.506	1.461	-7.132	-6.106	0.927	2.162	3.579	1.397
6.572	7.715	4.881	0.257	6.226	2.926	-8.181	-5.548	4.174	2.363	13.325	0.601
14.560	1.299	3.271	19.638	5.739	1.708	-8.196	-7.754	4.344	1.108	9.549	1.887
17.028	3.475	4.546	1.724	4.661	8.082	-6.745	-8.252	3.137	4.908	2.540	3.458
10.670	4.722	3.010	1.594	7.113	5.938	-5.258	-5.416	1.425	1.520	11.691	3.062
14.014	9.110	2.116	19.087	6.054	5.088	-5.877	-6.843	3.984	1.934	16.485	0.363
15.192	3.917	1.801	18.392	9.984	9.635	-6.966	-5.921	0.514	1.794	13.086	2.742
12.976	0.673	2.771	6.268	5.438	7.602	-6.464	-7.593	2.205	1.774	16.901	4.923
10.044	7.873	4.960	9.878	6.108	4.089	-5.372	-5.606	2.583	1.698	12.601	0.533
12.376	7.565	1.706	18.685	1.746	0.825	-4.935	-7.855	0.327	0.785	7.139	2.582
1.060	8.061	0.688	18.110	7.655	7.856	-8.318	-9.332	2.869	4.820	8.091	1.797
18.326	0.113	3.318	15.117	2.121	6.161	-6.407	-5.392	1.890	0.225	12.759	4.238
13.778	3.921	4.261	9.921	6.937	3.924	-6.923	-7.058	0.331	0.751	6.180	4.060
18.678	6.262	3.920	19.532	7.679	7.894	-7.604	-7.394	0.632	1.681	2.230	1.245
11.306	8.215	2.443	8.088	5.734	1.107	-6.953	-7.641	3.636	0.791	12.176	0.933
19.375	9.032	3.943	1.819	8.131	7.642	-8.318	-6.261	0.111	3.951	17.686	1.729
0.242	2.097	1.799	13.834	6.851	7.486	-7.801	-5.964	4.930	0.248	19.635	0.437
11.176	1.714	0.565	0.969	4.314	4.082	-7.087	-5.226	2.394	4.959	4.630	0.822
0.292	7.911	3.356	10.944	5.464	1.678	-5.827	-7.613	3.221	1.845	8.386	0.011
16.375	3.802	3.702	3.250	8.837	8.773	-5.390	-7.202	0.547	3.331	0.647	3.331
2.658	2.923	1.357	8.061	9.963	4.036	-5.932	-7.199	3.488	1.981	7.350	3.490
7.089	8.579	4.107	0.578	6.202	8.980	-5.399	-7.486	3.940	3.380	1.844	2.580
12.276	7.888	4.225	14.115	0.571	5.903	-5.573	-5.857	1.576	1.078	3.764	4.897
17.932	7.384	4.133	14.121	4.037	5.290	-8.347	-6.250	1.656	4.182	19.728	1.992
14.924	9.024	3.072	1.951	5.238	9.442	-7.009	-6.402	4.977	1.285	7.029	2.635
17.832	0.264	1.391	15.888	2.426	4.359	-7.145	-7.940	4.803	0.139	12.718	4.002
6.328	0.155	1.822	7.191	1.110	5.109	-6.821	-7.867	4.379	0.241	9.011	4.893
12.674	3.852	2.296	8.983	8.673	8.345	-6.732	-8.246	4.297	0.100	11.327	2.649
1.287	5.102	4.690	16.234	8.007	1.956	-7.687	-9.733	4.159	2.783	0.487	3.171
1.847	2.375	2.633	3.212	6.844	4.560	-8.523	-7.193	0.502	4.346	13.847	4.121
12.240	3.123	0.635	3.846	7.221	3.775	-7.719	-8.682	0.609	3.750	19.128	4.244
4.059	0.119	2.872	15.323	1.057	5.728	-6.984	-7.824	3.484	2.242	8.102	4.470
7.269	7.319	2.083	0.277	0.820	0.989	-7.371	-6.222	4.092	2.172	12.712	4.139
12.590	4.805	2.990	6.701	9.538	3.491	-7.246	-6.925	3.269	1.871	12.874	2.291
8.039	4.994	2.813	14.342	0.109	3.235	-6.960	-7.247	4.749	4.449	10.845	2.632
15.965	6.285	1.499	10.299	9.523	8.005	-5.957	-5.961	4.388	2.274	1.690	0.300
11.151	4.341	2.721	6.737	1.111	8.256	-7.323	-9.480	4.811	1.745	17.059	2.540
5.495	8.134	0.632	10.672	8.513	7.958	-6.095	-7.663	2.097	2.305	15.205	4.595
15.560	1.613	2.631	1.393	4.195	6.029	-6.508	-6.046	3.411	2.668	15.871	2.965
12.238	6.328	0.736	13.360	2.584	4.479	-6.383	-7.539	1.506	3.414	0.793	0.967
18.382	8.333	0.079	7.424	5.305	9.797	-6.797	-7.393	4.885	3.595	18.777	0.464
17.478	1.785	3.364	5.530	4.869	1.354	-6.339	-9.860	4.928	4.079	6.238	4.342
19.610	2.979	1.175	14.145	3.139	6.772	-8.739	-6.641	0.345	0.234	18.687	4.467
9.329	7.565	1.011	13.664	0.324	8.743	-5.515	-7.899	2.268	2.650	0.489	2.022
18.592	1.257	4.059	10.713	7.849	9.468	-8.822	-6.522	2.783	3.293	5.241	1.373
5.343	7.591	3.639	5.476	6.006	1.072	-8.677	-7.988	1.208	3.760	9.593	3.911
10.592	8.304	0.406	9.094	8.711	1.756	-9.131	-7.998	3.413	3.685	16.519	4.902
8.594	8.584	2.571	12.726	6.561	6.944	-7.103	-8.341	1.134	4.250	11.285	3.588
17.839	3.691	3.827	15.727	7.211	0.683	-6.936	-6.855	3.530	4.870	5.481	2.325
7.491	2.776	3.171	13.472	2.749	6.368	-7.346	-7.542	1.527	4.964	0.466	1.582
1.600	0.563	1.801	19.717	9.616	7.930	-7.469	-7.797	3.236	4.485	5.548	1.759
8.600	9.373	4.215	9.218	5.608	7.141	-6.560	-7.147	3.282	0.956	15.670	0.363
0.245	6.548	0.935	10.464	4.980	8.281	-7.758	-4.932	0.760	1.697	10.084	2.622
0.436	6.710	0.834	8.838	5.485	7.593	-6.116	-7.962	4.998	3.257	0.276	0.817
19.895	7.546	3.782	7.451	2.940	7.577	-6.874	-6.602	2.628	4.820	13.551	1.851
15.263	3.919	0.886	5.692	1.578	8.626	-6.633	-8.456	3.901	3.981	19.557	2.979
19.445	6.710	4.134	1.137	1.328	2.948	-7.545	-6.450	0.138	3.245	8.854	3.764
3.608	7.959	1.282	17.626	4.807	3.148	-7.140	-6.872	4.494	2.227	16.214	1.096
5.155	5.821	3.476	14.769	6.185	3.662	-7.448	-6.631	3.949	1.942	11.143	3.681
16.866	4.158	3.989	11.716	1.675	2.133	-8.726	-7.475	4.002	2.595	9.419	0.451
16.081	7.185	3.750	13.333	1.457	4.200	-7.885	-7.592	3.205	1.103	17.392	3.442
15.011	4.770	2.232	15.303	1.344	9.928	-7.403	-8.843	2.756	2.366	11.152	3.182
8.781	0.560	4.431	6.194	6.710	5.988	-7.129	-8.736	3.146	3.925	15.638	1.842
1.299	2.763	0.435	8.443	9.120	3.417	-5.967	-6.835	0.277	3.791	17.990	3.714
9.498	9.728	3.240	19.702	5.580	2.645	-8.197	-7.033	0.920	1.440	2.481	1.069
1.113	3.361	4.751	11.712	6.925	8.400	-6.556	-8.400	2.279	1.087	11.226	3.975
10.012	3.361	2.874	16.599	2.176	8.661	-7.534	-5.379	2.497	3.913	15.750	2.147
0.932	3.242	3.366	17.027	5.185	1.924	-7.632	-6.774	3.104	2.783	2.875	2.724
7.160	5.119	2.785	6.557	7.038	4.608	-7.097	-5.851	0.600	3.476	19.012	3.577
10.115	9.807	3.435	13.937	8.168	4.569	-6.797	-8.522	4.217	0.068	17.710	2.088
16.772	0.944	2.237	4.423	5.652	8.033	-6.267	-7.788	2.560	4.245	3.183	4.985
12.805	6.402	2.429	12.187	9.318	6.162	-6.977	-5.969	2.596	3.157	2.400	4.872
1.734	2.654	4.429	4.240	2.257	9.621	-5.631	-7.562	1.746	4.331	18.570	2.978
11.921	4.787	2.479	16.526	7.220	8.390	-6.447	-7.148	3.310	2.471	13.619	1.697
8.909	0.801	3.145	5.358	9.164	1.198	-6.060	-6.082	0.794	0.289	6.375	4.383
14.591	0.717	4.468	0.599	3.944	5.812	-7.231	-7.622	1.868	2.647	15.479	4.449
11.370	9.197	1.197	15.071	2.256	4.935	-6.239	-7.124	4.899	3.158	2.967	4.075
11.798	8.461	2.381	19.228	2.760	5.212	-6.269	-7.028	3.703	3.698	17.135	4.886
10.262	6.965	3.089	17.279	7.674	6.197	-6.307	-7.819	0.844	0.196	1.082	1.800
17.352	2.170	1.963	17.586	7.946	5.592	-6.928	-8.611	3.463	2.575	8.473	3.982
6.580	3.066	4.354	18.377	0.293	6.855	-8.017	-8.042	3.716	0.121	1.580	3.149
6.502	3.285	2.690	9.841	6.740	5.749	-6.468	-5.731	3.898	1.458	13.966	4.500
6.677	6.527	1.934	11.192	5.018	1.777	-5.589	-7.892	3.969	4.316	16.225	4.764
9.547	7.904	1.649	18.800	0.197	4.011	-6.631	-7.991	2.080	3.546	7.827	0.608
1.762	1.640	4.178	18.986	9.220	1.120	-6.773	-5.054	4.121	4.227	14.520	0.124
5.269	7.124	2.587	13.920	5.255	4.587	-8.182	-5.572	2.671	2.237	8.877	0.362
5.227	3.944	2.994	3.205	1.894	3.676	-6.923	-5.981	0.179	1.745	19.191	4.691
16.744	0.722	4.016	17.526	7.862	8.319	-5.964	-5.956	2.307	4.529	6.260	4.742
18.053	3.951	3.269	8.953	2.217	8.735	-7.992	-6.789	0.723	2.524	1.585	0.001
15.444	5.867	4.761	4.069	4.422	1.617	-6.373	-6.713	1.178	0.893	5.317	1.476
17.626	8.830	4.911	3.111	4.740	6.714	-7.002	-7.033	3.186	0.847	17.327	1.587
0.020	1.270	3.520	3.431	1.251	6.948	-4.672	-8.268	4.926	4.802	11.310	1.448
5.238	4.135	4.099	10.434	1.458	7.589	-7.788	-7.694	1.744	3.622	5.823	0.824
11.790	2.991	3.302	19.187	7.004	2.801	-9.580	-7.228	3.372	0.386	8.668	3.025
1.137	3.820	0.580	10.946	9.288	3.491	-6.668	-7.226	3.359	3.268	6.674	4.990
19.215	5.068	0.906	17.651	1.829	2.321	-6.408	-5.943	4.107	1.378	11.492	0.353
5.057	9.350	2.842	12.412	1.791	8.785	-6.883	-6.132	0.619	4.174	6.839	3.100
8.099	8.055	4.174	2.662	8.957	4.713	-6.256	-6.926	4.940	1.906	7.833	2.155
18.686	7.674	2.441	13.203	6.090	2.480	-8.114	-6.706	1.403	1.883	15.155	0.971
9.362	4.696	0.136	8.601	9.351	7.946	-7.924	-5.210	1.949	2.970	8.592	2.727
6.537	6.861	4.430	3.039	1.738	3.246	-6.240	-6.321	1.023	2.238	10.576	1.218
8.423	2.386	1.145	1.901	1.332	6.033	-5.895	-8.063	1.614	0.953	8.511	2.822
12.891	5.365	0.056	9.307	8.478	0.368	-6.430	-4.228	3.056	4.230	1.126	4.919
4.482	0.173	0.717	5.310	3.237	7.712	-7.248	-7.375	1.676	4.935	3.917	1.256
17.951	1.373	4.381	0.255	3.878	2.797	-7.826	-7.598	4.975	2.991	1.127	3.992
11.563	0.724	1.260	16.396	0.299	1.767	-7.431	-6.378	1.268	1.388	12.257	4.717
14.518	7.986	4.961	9.615	2.352	1.623	-7.489	-7.269	3.512	1.881	15.449	4.088
12.113	0.536	1.487	9.954	5.825	7.472	-8.967	-6.320	1.170	3.435	5.525	3.343
12.805	4.093	0.401	8.379	3.909	2.762	-7.178	-6.279	1.062	4.518	13.397	1.690
13.212	1.684	3.831	2.865	4.560	7.306	-5.461	-8.224	0.715	3.343	8.121	0.289
6.986	5.279	3.697	19.564	8.837	9.131	-8.029	-7.618	0.538	3.677	9.734	2.434
13.016	3.685	0.992	15.692	2.456	2.544	-7.031	-7.162	1.778	2.004	10.027	0.695
0.060	3.558	2.582	9.862	1.655	9.732	-7.153	-6.715	0.857	2.192	12.415	1.492
16.228	8.431	1.970	18.782	1.042	3.929	-7.511	-7.843	0.326	2.318	10.494	0.351
9.886	9.079	3.928	8.212	8.944	4.263	-7.108	-5.043	1.935	0.101	12.415	3.234
14.013	1.849	2.502	2.097	8.242	1.794	-5.328	-6.269	3.496	1.698	0.745	2.990
9.233	6.205	3.282	19.750	0.128	3.419	-5.367	-5.449	0.709	3.567	16.410	4.970
17.004	9.278	3.537	4.836	4.532	1.097	-6.901	-6.411	2.444	3.694	15.045	0.217
16.148	1.126	0.045	9.860	2.471	0.140	-7.596	-7.110	0.130	1.552	13.181	0.937
10.936	2.566	0.122	5.330	7.583	8.032	-7.278	-8.184	3.193	0.538	12.560	2.961
13.817	2.726	2.195	1.028	4.733	1.442	-7.803	-5.442	3.121	0.905	9.737	4.428
15.315	3.735	2.011	4.664	3.268	5.629	-8.081	-5.837	2.769	4.931	1.160	2.226
10.845	4.505	0.145	13.931	8.600	1.103	-7.345	-5.816	2.695	1.672	18.390	2.079
8.347	0.966	1.044	4.665	2.061	7.653	-6.500	-6.691	4.483	4.512	16.287	1.005
14.203	5.788	2.875	10.771	2.565	9.268	-7.554	-7.790	0.974	2.745	3.805	0.377
14.932	2.312	2.296	12.670	3.791	6.066	-7.728	-7.158	2.458	3.911	17.850	0.967
13.043	9.940	1.246	15.703	5.440	4.863	-6.939	-8.672	4.554	3.523	16.446	4.683
12.421	2.669	3.004	12.020	3.639	7.600	-8.550	-7.749	1.375	3.241	6.543	4.605
14.358	8.520	2.141	10.187	9.225	3.411	-8.005	-8.048	4.885	3.159	6.890	3.089
19.377	1.871	1.046	15.956	7.152	2.649	-8.538	-8.651	2.371	1.609	13.923	1.492
2.671	8.870	0.285	7.352	6.040	1.925	-7.117	-6.762	3.010	2.967	3.227	4.103
6.006	6.051	2.290	6.370	2.519	1.633	-4.539	-6.127	4.535	1.180	4.523	3.165
8.433	6.331	0.920	2.605	2.009	9.343	-7.463	-6.884	1.732	1.445	19.560	2.351
8.279	3.456	3.667	1.135	5.737	2.988	-6.323	-6.445	2.413	0.809	8.244	2.238
18.838	0.709	4.487	1.314	3.513	3.157	-6.379	-6.285	4.429	3.058	9.236	2.091
17.583	5.967	3.492	10.876	7.046	4.528	-6.979	-6.169	0.887	1.795	17.527	2.626
4.565	5.870	3.128	8.090	8.657	9.515	-7.843	-5.617	2.937	0.625	3.305	3.783
3.873	6.972	2.167	10.853	0.701	7.041	-6.837	-8.346	0.141	1.334	18.191	4.578
17.329	6.186	1.909	7.259	9.524	2.475	-7.243	-7.578	0.404	3.068	12.596	2.380
12.709	1.223	0.984	1.418	4.414	1.803	-7.851	-5.307	3.929	4.664	12.520	0.817
9.907	2.416	0.410	6.420	0.402	1.564	-7.235	-6.619	3.243	0.435	1.154	2.692
2.525	2.431	0.160	18.475	9.269	7.002	-7.587	-7.723	4.667	4.200	7.858	1.788
9.763	2.811	0.070	10.614	5.715	7.152	-7.705	-6.589	0.864	0.886	15.478	4.656
8.603	7.831	0.857	18.768	1.820	6.047	-6.670	-6.352	2.321	1.459	13.615	4.872
0.439	3.888	2.028	19.118	9.752	1.361	-8.390	-5.327	3.729	4.897	12.725	4.470
11.293	2.933	4.521	0.699	6.708	7.098	-8.403	-6.418	0.509	2.573	0.304	1.927
8.849	2.375	2.487	3.009	7.296	0.321	-8.158	-6.635	3.865	0.246	10.817	1.145
11.027	9.634	4.545	19.818	2.845	1.326	-7.290	-6.958	2.178	4.001	17.911	4.816
18.047	0.876	4.854	9.665	2.027	7.619	-6.572	-7.705	0.270	3.924	6.660	0.449
10.768	5.997	4.749	9.607	8.486	4.203	-7.880	-7.011	2.058	1.980	14.519	0.907
10.751	5.538	0.173	10.362	4.489	6.828	-5.484	-5.420	4.521	3.404	13.414	0.511
4.898	2.980	2.459	9.212	2.043	2.907	-7.462	-7.106	1.000	4.176	10.280	3.162
6.620	4.460	1.597	12.612	9.851	6.543	-6.814	-8.197	3.498	2.028	11.687	3.246
8.643	9.750	2.742	12.566	0.667	2.099	-5.722	-7.174	2.214	0.717	7.289	3.292
18.677	6.848	2.147	16.352	2.372	6.609	-7.375	-6.777	0.448	4.541	14.963	2.232
18.461	7.687	4.716	7.942	6.836	8.159	-5.927	-8.525	0.707	0.558	0.678	1.129
1.036	0.332	1.641	12.855	7.088	8.964	-5.598	-6.517	1.089	3.088	2.167	4.830
9.897	1.962	2.687	3.852	4.647	5.793	-7.330	-7.627	2.612	2.515	0.354	4.706
6.560	2.887	1.685	2.524	1.420	9.462	-6.302	-7.338	2.975	3.550	8.825	4.937
15.936	4.906	2.597	6.532	0.371	2.632	-5.157	-5.568	2.705	4.576	2.120	3.942
10.687	6.803	0.578	6.612	4.053	3.764	-6.797	-8.072	0.708	1.805	8.025	2.142
7.852	2.035	2.566	15.064	9.543	5.887	-5.708	-7.326	2.588	2.244	14.716	4.696
18.035	6.582	3.060	9.427	4.361	5.764	-6.502	-5.171	0.757	2.472	19.619	2.220
10.454	9.972	2.466	16.125	0.134	8.786	-7.675	-7.321	2.138	0.640	11.853	4.879
10.241	6.717	3.156	0.027	1.416	6.995	-7.876	-6.681	3.412	3.956	1.204	1.180
4.445	4.774	0.109	16.548	5.819	2.296	-8.267	-5.108	2.644	3.926	11.460	0.391
16.656	2.534	2.852	12.030	1.922	0.775	-7.556	-6.560	2.277	3.077	15.944	2.977
8.448	7.280	0.209	3.834	0.882	4.473	-5.239	-3.862	4.249	4.681	10.818	2.934
14.453	7.112	4.643	8.212	1.155	4.863	-7.073	-6.834	2.580	2.958	6.305	0.973
0.044	6.940	2.243	1.955	1.433	5.312	-6.677	-6.431	0.043	0.478	14.576	4.927
13.895	2.213	4.352	12.752	5.971	6.421	-5.800	-5.926	1.503	2.517	11.098	2.392
11.901	7.122	3.873	7.386	2.540	2.292	-6.427	-5.405	3.441	2.973	7.958	4.396
12.412	0.278	4.865	18.408	8.049	9.865	-6.613	-6.104	3.626	3.726	10.284	1.493
12.340	6.889	4.435	1.947	4.074	3.065	-7.455	-7.485	3.100	0.924	15.329	2.553
2.573	8.686	3.935	14.714	5.655	3.538	-8.515	-5.625	4.774	0.657	1.250	4.941
19.389	9.355	1.984	15.188	9.126	9.543	-7.588	-6.389	0.517	4.394	16.270	0.559
6.649	6.992	4.959	1.571	7.858	9.390	-7.258	-6.714	4.642	1.695	19.242	3.656
4.035	9.796	3.586	5.980	2.086	6.983	-6.719	-7.194	0.458	0.494	9.959	2.577
9.119	0.868	2.385	13.301	1.294	4.215	-7.193	-7.903	1.090	1.765	12.000	3.339
17.005	0.379	4.216	12.654	5.999	6.748	-6.977	-5.482	1.747	4.429	4.967	2.906
5.965	2.172	4.208	4.492	1.638	7.313	-8.381	-8.140	4.975	1.613	10.362	4.431
10.226	0.002	4.917	8.665	4.377	3.591	-6.220	-5.417	0.059	0.412	6.764	1.197
8.303	9.466	2.414	1.704	1.498	1.200	-5.917	-5.894	2.314	1.154	18.149	2.505
12.325	4.812	0.435	11.766	7.647	8.450	-6.686	-6.672	2.050	1.003	0.859	0.826
7.058	4.336	3.998	14.034	8.843	4.472	-7.110	-5.372	1.349	0.556	8.473	3.055
10.883	8.406	1.456	0.235	0.282	3.090	-6.209	-5.885	0.431	4.740	8.730	2.094
3.733	6.497	2.122	10.526	8.692	9.409	-6.170	-8.716	3.588	3.091	6.760	1.503
5.160	6.319	4.389	16.126	2.008	3.259	-6.791	-6.187	1.047	3.569	3.603	1.930
17.041	6.174	3.518	13.724	5.685	7.472	-8.897	-5.551	1.301	4.076	5.167	1.451
4.866	1.992	0.137	16.304	5.719	5.560	-6.852	-7.473	3.268	3.234	10.068	1.105
9.076	2.146	4.548	17.831	1.870	2.516	-7.243	-7.174	0.678	0.093	18.865	4.136
19.294	2.326	2.572	2.380	5.580	4.387	-5.906	-7.399	1.650	4.495	14.201	0.258
19.275	2.804	1.716	0.642	0.654	2.585	-6.114	-7.127	1.007	3.859	16.893	4.227
15.238	5.596	1.207	18.015	1.423	7.964	-6.531	-7.283	2.328	2.609	12.827	4.420
12.435	2.232	1.232	0.343	9.068	6.195	-7.714	-6.547	5.000	3.533	9.711	1.330
4.434	8.655	2.998	12.820	1.357	3.992	-8.021	-5.924	0.788	4.821	8.039	0.716
2.596	9.237	2.888	14.368	0.766	4.680	-5.417	-7.635	4.838	3.156	1.311	0.949
14.423	6.318	0.422	10.907	8.416	9.945	-7.286	-8.337	3.517	4.973	2.538	0.446
1.951	2.831	0.274	10.955	7.457	6.669	-6.373	-6.147	3.115	2.749	14.872	2.263
11.638	8.204	2.267	4.710	2.888	3.954	-7.839	-7.088	0.989	3.880	12.153	0.934
11.180	6.566	4.814	13.318	6.175	8.222	-7.528	-6.926	3.750	3.138	6.672	3.032
12.820	2.006	2.751	6.020	4.350	2.738	-7.292	-5.591	3.395	3.114	19.397	0.579
16.943	7.216	2.181	8.972	8.648	6.406	-7.245	-6.488	1.962	3.381	15.574	0.252
13.581	7.092	1.742	13.437	5.287	0.604	-6.266	-6.842	3.006	0.497	17.414	0.141
8.064	9.567	1.613	4.306	3.277	7.256	-6.714	-8.129	4.837	1.740	14.169	2.784
0.070	0.010	1.991	14.974	3.321	4.638	-8.040	-8.962	0.861	3.879	4.791	1.593
17.206	0.800	3.844	3.937	4.414	0.679	-7.565	-6.627	1.092	0.905	13.791	2.693
4.727	0.709	1.358	11.881	1.585	1.759	-7.708	-8.193	1.536	2.756	15.930	0.165
9.322	8.204	2.649	14.972	0.457	6.857	-6.961	-6.198	4.383	0.393	1.590	2.499
18.174	9.096	4.104	4.219	2.873	5.184	-6.290	-3.677	4.198	4.206	15.120	3.502
6.268	6.181	1.948	1.447	2.929	5.569	-7.776	-7.403	2.947	0.645	11.676	1.486
3.396	3.941	4.720	3.718	1.541	0.492	-7.882	-8.374	1.597	4.014	16.067	4.739
12.649	5.906	3.680	18.965	8.272	9.477	-8.196	-7.198	4.925	4.041	18.371	1.944
9.044	4.737	3.347	7.115	8.173	2.751	-8.142	-6.615	4.939	1.884	17.346	1.259
10.799	2.538	1.934	6.383	1.579	5.194	-5.774	-7.047	2.823	2.032	16.477	2.689
2.595	4.328	2.198	11.679	7.716	1.196	-6.643	-7.989	4.874	0.845	13.590	0.642
7.114	6.036	1.173	0.479	2.884	9.860	-6.259	-7.838	0.041	1.663	14.043	1.875
14.005	2.480	3.731	1.109	8.368	6.029	-7.405	-7.791	3.012	1.358	16.410	0.996
5.442	4.683	2.179	8.343	2.758	7.647	-8.105	-8.464	1.318	2.769	4.873	3.641
14.733	9.458	2.422	16.452	9.618	9.650	-7.519	-7.206	2.563	4.257	10.172	3.627
13.222	0.298	4.170	15.259	5.941	3.330	-7.125	-7.015	3.556	4.849	7.495	0.110
7.718	7.856	2.927	5.995	4.642	0.624	-7.142	-5.964	4.296	4.184	12.042	3.570
14.787	4.637	2.721	4.351	7.847	2.788	-6.694	-7.919	1.051	4.385	6.670	2.232
17.293	9.985	4.771	16.191	8.711	1.176	-6.074	-8.188	3.416	1.329	18.260	4.748
17.343	2.831	3.953	19.898	5.334	2.774	-6.797	-7.117	3.324	2.704	16.816	1.830
7.511	0.370	3.261	14.616	9.038	7.924	-7.430	-7.589	2.485	4.961	0.528	1.598
18.149	8.819	0.335	0.824	8.890	2.508	-6.649	-6.091	1.099	1.446	17.820	0.478
8.176	9.679	4.228	11.643	2.207	3.622	-6.074	-5.430	2.175	1.962	15.290	3.406
12.905	6.914	3.108	13.934	2.374	2.865	-6.969	-6.710	1.520	1.028	12.306	1.079
