19.316	-1.544	-0.503	0.878	-0.812
15.714	-1.243	-1.385	-1.004	-0.529
6.365	0.557	0.688	-0.124	-0.538
10.624	0.154	-0.390	-0.825	-0.422
13.784	-0.649	-0.781	-0.391	0.290
0.362	-0.646	0.026	1.550	1.411
12.117	0.863	-0.197	0.287	-0.811
2.901	-2.590	-2.197	-0.662	0.051
7.464	0.564	0.831	-0.726	-0.758
1.470	1.068	-0.134	0.388	-0.760
14.294	2.581	0.109	0.275	-0.220
11.575	-0.908	-0.007	0.354	1.956
17.096	-0.235	0.189	-0.022	-1.526
19.776	0.048	0.083	0.802	0.306
11.862	-1.037	-0.911	0.836	1.476
10.732	-0.983	-0.680	-0.455	-1.493
14.151	1.362	-1.096	0.183	-0.580
6.732	1.106	0.025	-1.443	1.553
12.888	-0.507	-1.508	-0.116	-0.806
15.041	0.072	0.774	0.384	-0.723
13.884	0.294	0.508	0.057	1.760
18.005	-0.584	1.194	-2.524	0.531
8.592	-0.517	-1.328	-1.001	-1.987
17.233	-0.476	-1.588	-1.209	-0.053
8.112	0.626	1.022	1.177	0.708
19.305	0.033	0.023	0.211	-1.151
4.753	-1.187	-0.145	2.498	1.518
15.947	-0.732	-1.002	-1.377	0.350
10.230	-0.745	-0.956	-0.995	-0.498
10.382	-0.881	-0.074	-0.629	-0.607
1.307	0.889	-0.204	-0.299	1.919
7.965	-0.287	-1.062	-0.123	-0.424
0.097	0.357	1.616	-0.408	-0.880
19.012	0.896	-0.993	-1.115	-0.974
13.373	1.266	0.078	0.366	-1.200
9.039	0.881	-0.116	0.888	-0.457
7.285	-1.099	-0.344	-1.368	-0.351
11.346	-0.049	-1.057	0.618	-0.164
18.042	1.816	-1.926	-0.817	-0.362
7.153	-0.930	-0.064	0.875	0.416
7.121	0.970	-0.373	0.038	-1.402
10.661	1.244	2.618	-0.798	-0.339
6.469	-1.836	-1.207	0.471	1.300
9.126	-0.092	1.443	0.796	-0.477
1.042	2.061	-1.908	-0.401	1.092
10.581	-0.963	1.345	0.740	-1.293
16.444	-0.671	1.340	2.206	-0.766
19.225	0.599	-1.466	-0.235	0.228
7.505	-0.352	-1.113	-1.056	-2.793
14.972	-0.193	-1.155	1.245	-1.536
10.481	-0.258	-0.868	0.528	0.843
10.277	0.086	-1.310	-0.572	-0.209
2.884	-0.652	-0.489	1.208	-0.378
11.644	-1.126	1.021	-0.481	1.507
6.082	0.062	1.601	-1.481	-1.562
12.150	-0.813	0.111	0.635	1.075
12.854	-0.910	-0.291	0.125	0.036
0.416	-1.245	1.111	0.740	-1.507
2.737	-0.872	-1.707	0.009	-1.575
5.517	0.240	-0.645	2.285	-1.339
2.672	-2.091	1.256	0.997	-1.885
13.023	1.165	-1.132	0.349	-0.769
13.916	-1.159	0.912	1.773	-0.052
13.737	0.081	1.031	-0.095	1.527
7.834	0.011	-1.048	0.665	-0.205
15.751	-0.848	-0.121	2.172	-0.697
12.817	-1.163	-1.047	-1.685	-0.450
11.984	-1.300	-0.879	-0.714	1.364
3.687	0.477	-0.887	0.003	-0.133
18.749	0.310	0.618	1.221	-0.141
2.129	-0.705	0.163	-0.928	-1.023
8.190	0.527	1.056	-1.169	-1.219
18.119	-1.619	0.563	-1.806	0.507
16.356	1.098	-2.050	0.584	2.983
14.287	1.345	-0.439	-0.027	-0.031
10.462	-0.378	1.417	-0.667	-1.885
0.065	-1.083	0.340	-1.130	0.721
15.794	1.292	0.263	-0.305	-0.797
19.136	-0.347	-0.010	0.833	0.577
16.424	0.615	1.813	-1.261	0.293
9.739	0.097	0.373	0.042	-0.662
15.050	-0.317	0.826	1.010	-1.146
5.250	-0.820	0.276	0.032	1.028
13.347	-0.837	-0.136	2.124	-1.361
2.172	-0.072	-0.637	0.957	0.943
13.836	1.364	0.699	-0.227	-0.260
4.302	0.287	1.040	-0.627	0.332
17.597	1.903	0.879	0.362	0.294
9.786	0.592	-0.417	-0.756	0.481
14.836	0.752	-2.044	0.162	-0.418
14.799	0.191	-1.145	1.015	0.323
9.311	1.218	-0.880	1.449	1.399
10.948	0.259	0.146	0.632	-0.216
1.894	-0.458	0.141	-0.503	0.104
1.537	-1.276	-1.034	0.618	-0.315
10.998	0.527	1.173	-1.106	-0.636
8.650	0.964	0.165	0.502	1.029
3.234	-1.626	1.611	0.679	-0.640
9.000	0.411	0.185	-1.034	-0.347
18.916	0.081	0.050	-0.595	-0.238
14.906	1.950	-0.599	0.217	-1.505
5.952	0.401	-0.749	-1.164	-0.637
8.752	1.718	-1.596	-1.139	-0.843
0.758	0.707	-0.356	0.655	-0.187
5.303	0.379	1.845	-1.041	1.391
10.952	-1.940	-0.461	0.549	1.488
2.633	-0.858	-0.630	-0.368	-1.484
6.586	0.390	1.639	0.093	-0.717
15.213	-0.489	1.161	0.921	-0.193
8.594	1.182	1.131	-0.265	1.180
5.731	1.210	1.928	-0.112	0.591
19.580	-0.600	0.542	-0.134	-1.119
16.656	-0.300	0.176	0.173	-0.246
0.556	0.456	-0.331	-1.933	0.716
17.783	-0.109	-1.786	3.299	-1.519
2.499	0.797	0.522	0.270	0.207
2.115	0.191	-1.743	1.601	-2.132
10.017	-0.148	-0.852	-0.724	-0.572
6.989	-0.176	-0.063	-0.230	0.473
8.599	-0.283	0.388	-0.265	1.247
4.084	0.301	0.943	1.106	0.588
17.978	0.103	-0.135	-1.774	0.009
11.655	-0.735	-0.507	0.783	1.056
1.494	0.184	-1.351	1.787	-0.682
6.543	-1.230	0.169	1.008	0.641
5.737	-0.982	0.816	1.706	-1.510
9.317	-1.379	-0.495	-0.371	-1.480
7.376	-0.586	0.670	-2.077	-1.020
17.980	0.484	0.140	-0.001	-0.156
5.084	0.644	1.836	1.055	-2.349
2.056	-0.275	0.099	1.235	-0.788
2.297	0.896	0.034	-0.869	0.584
5.363	0.447	-0.289	-1.024	0.092
16.048	-1.179	1.908	0.110	-0.950
8.909	-0.503	1.294	0.043	-0.174
8.466	0.117	-0.084	-1.989	-0.765
13.325	-0.418	-0.329	0.318	0.640
0.348	1.947	-0.072	0.817	0.698
13.942	0.512	-1.063	0.942	1.312
10.495	-0.733	-0.323	0.475	-0.794
13.158	-1.099	-0.732	-0.748	1.269
1.948	-2.289	1.905	0.120	-0.049
4.508	0.874	-1.681	-1.652	-1.730
7.341	-0.254	-0.736	1.547	0.807
10.680	1.066	-1.100	-0.510	1.210
3.483	-2.531	0.543	1.053	-0.052
16.498	0.314	0.493	0.732	-0.737
6.830	2.061	0.065	1.593	1.115
9.620	-0.153	-0.047	-0.827	0.398
18.294	0.744	-0.937	-1.203	-0.818
13.962	0.635	-1.723	0.213	-0.964
5.691	-1.332	1.603	0.815	1.603
19.820	-0.365	-0.131	1.374	-0.481
3.064	-0.923	-0.855	-0.640	0.009
3.422	-1.550	-0.034	0.431	0.622
2.898	-0.810	0.602	1.405	-0.041
1.192	0.434	-0.633	-1.044	0.129
19.715	0.070	0.888	0.040	-1.541
6.310	-0.911	-0.708	-0.482	-1.605
10.309	-0.930	0.352	0.557	0.467
9.052	-0.176	-0.638	-0.010	-0.847
5.275	0.089	-0.589	-0.432	-1.986
12.964	0.302	0.069	0.864	0.490
4.334	0.807	-1.008	1.762	-0.621
8.680	-0.059	0.279	-1.114	0.992
5.164	-0.464	0.172	1.537	0.627
18.198	-1.624	-0.268	0.424	0.116
2.896	0.590	1.087	-0.050	0.389
19.351	-0.509	2.350	-0.049	0.685
15.293	0.484	-0.886	-2.247	0.020
16.581	-0.385	1.639	-0.178	-1.133
6.606	-0.259	-0.064	-0.810	-0.494
1.448	-2.345	-0.537	-0.355	1.138
0.352	0.211	-0.863	0.646	0.613
16.877	1.129	0.263	1.161	1.602
18.315	1.794	-0.429	-0.016	1.350
11.482	0.497	-0.555	0.154	0.042
1.809	-0.761	-0.311	0.132	-0.720
0.893	-1.566	0.065	-0.590	0.283
17.011	-0.363	1.831	-0.793	1.046
13.762	-1.270	-0.225	-1.438	-1.336
0.429	0.541	-0.907	0.775	-0.497
0.324	0.089	-0.575	-1.855	-1.457
15.684	-0.445	-1.152	1.333	0.604
1.023	0.588	0.140	-0.316	0.843
12.361	0.031	-0.304	0.846	-0.151
5.880	-1.416	1.501	-1.078	-0.218
2.007	0.091	0.259	-1.608	0.424
4.887	0.909	0.160	-0.280	-1.242
6.923	-2.110	0.815	0.239	0.603
1.783	0.116	0.514	-0.158	-0.571
3.297	1.278	0.157	-1.992	1.349
18.202	1.893	-0.457	0.553	0.225
11.240	-1.499	2.215	0.162	-0.229
2.353	-2.043	1.439	-0.280	1.424
11.601	1.082	0.018	-1.238	-1.404
18.507	0.211	0.959	-1.161	-0.040
2.541	-0.013	0.682	-1.612	-1.227
18.896	-2.010	0.201	-0.985	-0.462
18.645	0.589	-0.652	0.000	-1.424
7.963	0.216	-1.048	1.607	-0.910
6.622	-0.974	-2.086	0.067	-1.437
9.990	-1.271	1.312	0.656	0.025
15.888	-0.785	1.331	0.981	0.161
6.630	-1.133	2.384	0.777	0.888
3.411	-0.591	0.012	0.762	-0.381
15.064	0.657	0.511	-2.323	0.494
7.119	-0.386	0.461	-0.005	-0.296
10.347	1.775	1.425	-1.378	0.209
18.555	-0.649	-0.775	-1.902	-0.994
4.548	0.442	-1.899	0.033	-0.777
5.784	-0.027	0.978	-2.319	0.715
10.960	-0.801	-0.459	-1.699	0.899
1.401	-0.008	1.121	-0.708	-0.567
15.322	0.126	-0.960	0.594	-0.417
11.026	-0.978	1.722	-1.802	-0.994
3.986	1.084	0.074	0.055	2.583
19.521	-0.637	-0.566	0.373	-0.379
5.026	0.728	0.500	0.891	0.192
17.112	-1.445	0.401	-0.422	-1.699
17.315	1.421	0.012	-0.282	0.505
13.564	-1.636	0.171	-2.347	0.813
9.005	-0.224	0.736	-0.426	-0.299
15.389	-0.323	-1.468	0.573	0.710
13.123	0.391	-0.245	0.747	-0.060
8.361	1.999	-0.279	0.340	-1.400
0.845	-1.341	0.416	0.114	-2.404
10.249	-0.354	1.328	-0.502	-2.571
16.844	0.023	0.375	-0.729	0.304
9.720	-0.266	-0.838	1.439	0.239
5.340	-0.686	2.087	0.310	-0.639
16.885	0.229	-0.699	0.441	-0.081
16.147	1.351	0.190	-2.079	-1.079
15.909	1.379	-1.924	-0.239	-0.538
5.904	-2.081	-0.357	1.614	-0.851
18.661	-0.349	-1.948	-0.720	0.308
19.453	1.332	-1.410	-0.019	0.438
11.187	0.328	0.060	-0.812	-0.321
6.373	-0.234	0.801	-0.759	0.585
6.170	0.703	-0.619	0.103	0.497
1.892	0.013	-0.473	-1.054	0.866
8.996	-2.861	0.919	0.971	-0.571
0.857	-0.900	1.064	-0.963	-1.015
14.386	1.150	-1.915	0.698	-0.501
11.957	0.437	0.207	0.665	-0.237
8.663	-1.114	0.738	-0.748	-2.034
3.198	-0.654	0.001	-0.466	-0.437
19.271	-0.149	0.500	0.292	-0.215
15.563	-0.846	-0.583	-0.140	0.559
3.767	0.848	-0.500	0.502	1.093
19.022	0.092	0.810	2.080	0.328
5.639	1.248	0.885	-2.028	-0.090
2.402	1.444	0.233	1.165	1.368
13.436	-0.903	0.135	-1.324	0.954
8.977	-1.313	1.092	-0.639	0.276
5.946	-0.630	-0.006	0.434	-0.728
14.940	0.071	0.345	-0.138	-2.290
10.309	1.867	1.059	-0.316	-0.098
5.844	-0.943	-1.434	-0.599	0.089
1.319	0.273	-0.824	-1.314	0.661
19.392	0.138	-0.490	-0.469	0.599
7.171	0.480	-1.068	0.811	0.069
4.426	1.175	0.042	-0.651	1.234
11.041	-0.514	0.408	0.268	0.491
11.863	0.697	0.262	1.264	0.248
12.072	-1.774	-0.481	-1.726	-0.077
16.055	0.274	-1.214	0.157	0.001
1.934	1.195	1.701	0.145	-0.176
13.784	-0.188	-0.132	-1.513	0.638
2.558	-0.149	-1.393	-0.153	-1.319
9.877	-1.087	0.790	0.623	2.009
1.488	0.225	-0.224	0.926	1.488
14.360	-2.209	-0.402	0.010	2.190
16.630	-0.616	-0.420	0.341	0.921
8.174	1.015	0.744	0.688	2.337
7.391	-0.649	-0.982	0.208	2.622
8.054	0.293	0.783	-0.325	0.018
9.908	-0.558	1.823	0.788	-0.878
2.139	0.680	0.514	1.987	-1.278
0.677	-0.243	0.603	1.910	1.923
2.721	0.157	-0.153	0.173	0.016
19.483	-0.673	-1.621	-0.071	0.244
5.792	-0.086	-1.100	-0.223	-0.535
1.564	0.417	0.428	0.858	-0.440
2.512	0.444	-0.585	0.685	0.031
0.179	-0.644	0.688	0.154	-1.100
14.619	1.993	1.414	0.135	0.220
13.720	-0.166	0.772	-2.165	-0.269
11.621	-0.307	1.449	-0.537	-0.052
2.035	0.420	-0.630	-1.212	-0.311
1.774	0.217	2.267	-0.749	-0.404
0.771	-1.020	-1.062	0.399	0.350
11.911	0.028	0.270	1.820	0.789
4.662	0.751	0.306	0.266	-0.169
6.334	0.433	0.014	-0.004	0.249
10.366	0.008	-1.106	0.494	1.422
14.688	0.463	1.806	-1.427	1.527
16.901	-0.333	0.798	-0.110	0.556
16.422	0.533	1.799	-1.715	0.534
19.227	0.986	0.943	1.531	0.817
16.293	-0.925	-0.929	-1.189	0.532
6.765	-0.146	-0.629	1.960	0.264
15.908	-0.885	0.371	-1.002	0.023
15.531	-0.595	-0.616	-0.458	-1.090
13.023	0.849	-0.126	-0.084	0.115
14.870	-0.406	1.616	0.148	1.314
12.054	-0.378	0.355	0.645	-0.379
12.909	0.535	-0.069	0.515	-1.565
19.425	-0.918	-1.778	-0.452	1.265
3.756	0.197	0.978	-0.440	0.786
13.583	0.645	-0.900	-0.724	-0.390
5.787	-0.907	-0.350	0.279	-1.018
15.608	-0.857	0.126	0.319	-0.851
13.018	1.455	-0.311	0.197	-1.390
2.173	-1.048	-2.275	0.475	-0.808
0.820	-1.893	-1.197	0.213	1.704
16.298	1.603	2.967	0.409	0.456
12.286	0.186	0.495	-0.181	0.574
9.504	2.345	0.162	-1.325	-0.618
9.698	0.352	-0.313	0.748	-1.239
1.938	1.625	0.287	0.060	-0.639
19.629	0.335	-0.734	-0.903	-2.054
15.599	-1.044	-0.216	1.028	-0.159
8.276	-0.170	-0.764	0.850	1.951
17.945	1.458	0.629	-0.314	-1.163
18.776	1.174	-0.787	0.632	-1.767
19.351	0.331	0.287	0.282	1.278
9.622	0.936	-1.131	1.023	0.498
10.491	-0.828	-1.068	0.604	-0.158
5.866	0.117	0.836	-1.409	-1.351
11.519	1.848	-1.334	-1.632	0.365
17.384	-0.478	-0.010	-1.003	0.943
15.089	-1.135	-1.247	-0.812	0.440
1.999	-0.095	-1.536	-0.951	1.975
15.992	-0.395	-0.005	-0.686	2.257
1.693	-0.393	-0.333	0.413	0.141
15.712	0.370	0.638	-0.822	-0.958
7.076	-1.335	0.218	-1.392	0.946
5.854	-0.128	-1.041	0.117	0.341
8.729	0.598	1.206	-0.012	0.957
15.457	0.078	0.997	-0.202	-0.117
15.895	-0.223	-0.399	-0.775	1.539
7.944	1.801	1.081	0.194	0.116
19.636	-2.200	0.749	-0.441	0.700
15.285	0.381	-0.720	-1.354	-0.245
7.968	-1.970	-0.398	-0.130	1.264
16.065	0.046	0.472	-2.064	0.049
0.074	-1.856	-1.032	-0.525	1.291
17.663	-1.646	0.850	0.659	0.627
14.065	0.031	-0.615	-0.224	-0.246
19.078	-0.070	-0.370	0.368	-0.846
11.787	0.004	-1.066	0.123	-0.816
18.853	3.129	-0.996	0.612	1.044
12.933	-0.586	0.578	0.848	0.378
10.473	1.125	0.830	-0.945	-0.674
4.045	-0.662	0.114	0.653	-0.364
1.554	-1.617	-1.889	-1.034	-0.487
4.153	-0.102	0.187	-0.917	-0.571
8.904	-0.961	0.876	0.174	-0.212
10.601	0.467	0.209	-1.775	-0.975
16.109	0.738	0.809	0.268	0.762
6.571	0.659	-0.551	-0.496	0.326
2.167	-0.515	0.855	1.489	-1.552
9.440	0.340	-0.416	-0.228	0.332
18.249	1.243	0.803	0.005	-1.188
18.808	0.156	0.915	1.270	-2.375
8.870	-1.130	0.851	0.375	1.311
10.657	-0.247	-1.914	1.052	0.129
7.175	1.245	-0.983	-1.257	-1.198
9.105	-1.389	-1.482	0.383	-0.879
11.160	0.077	-0.705	1.629	0.041
2.803	0.165	0.311	1.118	-0.493
12.834	0.166	0.552	-1.076	0.296
5.140	1.349	1.111	0.925	0.319
10.743	-0.891	-0.812	0.821	0.628
12.171	-0.541	2.164	-0.007	-0.844
7.398	1.259	-1.288	1.624	-2.290
2.558	0.227	1.450	1.250	-0.936
17.353	-0.845	-0.183	1.719	1.788
19.790	0.051	0.993	-0.607	0.024
14.432	-1.305	-0.373	0.613	0.734
13.684	-0.639	0.380	0.921	0.200
12.895	-0.412	1.721	-0.325	-0.827
13.298	0.912	0.144	0.204	0.628
14.090	1.077	0.538	-0.398	-0.405
7.229	-1.114	-0.948	0.220	-0.409
12.495	-1.236	-0.376	-0.508	0.410
14.971	1.879	-0.149	-1.881	0.659
6.288	-0.533	0.319	1.104	-0.347
7.135	0.940	1.177	0.213	1.247
13.055	-0.623	-0.160	0.177	-0.044
14.725	-0.193	1.564	-1.519	0.709
12.801	2.444	-0.583	0.623	0.630
14.823	-0.924	1.005	-0.126	0.017
8.442	0.396	0.015	-0.636	0.420
0.112	-0.587	-1.022	-0.717	0.253
17.279	-0.001	-0.256	0.936	-0.312
13.336	-1.533	1.606	-0.007	-1.719
14.494	-0.831	0.397	1.484	0.335
1.632	0.195	0.149	0.959	0.733
7.993	1.366	0.638	2.193	1.105
3.170	-0.630	-1.270	0.549	-0.039
18.286	0.308	1.783	-0.226	1.012
15.963	-1.007	-0.227	-0.564	-1.026
2.055	0.338	-0.704	-0.299	1.925
0.211	0.626	-1.060	1.553	-2.268
18.631	-0.464	0.606	0.044	-1.002
0.866	0.025	-0.055	-0.626	-0.247
4.186	-0.638	-0.568	1.464	0.023
14.324	-0.581	-0.497	2.772	1.503
15.119	1.624	1.869	-0.091	-0.736
18.507	-0.155	1.055	-0.273	-0.736
0.340	-1.880	-0.495	0.575	2.640
16.292	1.104	-0.178	-0.004	1.327
5.683	-1.044	0.785	0.388	1.366
2.245	0.121	-0.319	-0.807	-0.145
3.532	-0.630	1.292	1.174	-0.422
18.882	-2.341	-0.713	0.675	-1.065
10.232	-0.323	0.026	0.537	-0.688
18.445	0.134	-0.039	0.797	0.456
19.777	0.733	0.030	0.671	-0.698
5.483	-0.040	0.168	-0.659	0.639
2.709	2.107	1.030	-1.018	0.904
8.974	0.589	-2.033	0.209	-0.156
4.247	-0.726	-0.695	-0.187	-0.767
3.157	0.124	0.676	-1.490	0.288
7.957	0.714	1.692	0.450	-0.620
19.376	0.840	0.406	-0.005	-0.246
13.830	2.005	0.679	-1.484	0.593
18.879	1.631	-0.261	-0.543	0.182
16.042	1.169	-0.139	-1.046	-1.561
3.605	0.091	-0.710	-1.626	0.255
2.830	0.327	1.207	-1.305	1.600
16.990	0.333	0.313	-2.933	0.466
11.753	-1.153	0.238	-1.015	0.777
0.902	1.265	0.935	-0.805	0.809
4.451	-1.085	1.406	0.238	-0.339
11.622	0.624	0.122	0.919	-0.144
6.884	-0.631	0.519	-0.056	1.537
12.097	1.095	0.211	1.157	-0.636
10.394	-0.157	0.184	-0.038	0.140
7.011	-0.636	0.361	1.159	-1.127
7.457	0.428	0.034	0.550	-0.002
16.695	-0.686	0.006	0.693	0.561
19.534	-1.461	-1.340	1.866	-1.015
12.107	0.639	-0.275	-0.219	-0.761
3.800	0.692	0.143	1.573	0.006
6.417	-0.481	-1.066	0.107	-0.820
5.113	0.518	-1.949	-0.537	0.043
15.109	-0.600	-0.038	0.182	0.979
4.207	0.400	-0.053	-0.527	-1.473
11.517	-0.388	0.323	-2.438	2.155
4.039	0.758	0.395	1.704	0.024
2.907	1.056	-1.166	0.976	-0.991
7.657	0.706	0.407	0.925	0.871
9.889	1.999	1.100	0.764	-0.845
2.866	1.131	2.239	-0.207	0.294
16.734	0.767	0.243	-0.925	0.676
16.706	-0.765	0.446	0.660	-1.351
12.651	-0.301	-1.056	-0.343	0.531
12.939	-1.303	0.558	-1.000	-0.219
10.550	-0.718	0.931	0.660	0.782
12.182	1.618	-2.046	-0.380	-1.156
14.732	0.299	-0.132	-0.047	-1.855
0.732	-0.493	0.790	-0.450	-1.528
13.921	-0.691	0.598	-2.332	-0.999
19.084	-0.008	0.692	1.037	0.152
10.965	-1.561	0.565	0.245	-0.148
18.992	1.363	-0.142	-1.390	0.928
19.184	0.875	-0.067	-0.878	-1.884
13.068	0.764	1.678	0.337	-0.351
5.621	-0.816	0.782	0.036	-0.451
14.352	-2.703	0.061	1.423	0.753
10.125	-0.183	-0.807	-0.398	1.333
18.630	-1.354	0.564	0.368	-0.972
0.396	1.187	-0.402	-1.245	-0.677
19.834	0.031	-1.947	-0.553	0.586
9.455	0.334	0.499	-0.216	0.047
16.118	0.215	-1.187	-1.269	-0.513
18.458	1.123	0.106	1.829	-0.778
18.726	-0.552	0.658	-0.240	0.065
18.961	0.132	-0.987	-0.038	1.079
16.817	-0.441	0.370	0.542	-1.487
0.061	-0.155	0.862	-0.421	0.123
1.979	-1.321	0.332	-1.722	1.549
17.782	-2.376	1.651	1.917	-0.897
2.006	0.167	-2.672	0.900	-0.209
3.635	0.994	-2.297	-0.063	0.031
1.396	-0.155	2.025	1.170	1.507
15.310	1.424	-0.705	0.643	0.429
11.878	0.755	2.516	1.220	-0.524
17.937	-2.080	0.598	-0.159	-0.143
18.419	0.219	0.181	0.551	0.557
15.605	0.337	0.008	-0.360	-1.409
8.133	-0.137	2.399	0.513	-0.278
15.716	-0.368	0.129	-1.036	1.190
12.212	0.911	0.819	-0.767	1.446
15.008	-1.180	-2.409	1.437	-0.217
6.811	-0.951	0.955	0.792	-1.419
5.379	-0.044	-1.380	-3.212	0.645
5.322	4.825	3.858	5.296	12.456
5.443	5.317	7.168	4.585	4.299
5.441	2.653	5.905	5.905	15.949
4.322	4.376	5.668	3.793	17.878
5.065	4.592	5.178	6.823	11.374
5.822	3.571	4.647	5.564	2.324
4.405	3.852	3.880	5.041	13.245
5.592	5.406	3.842	4.029	1.993
4.629	3.956	5.342	5.726	0.484
5.133	4.944	4.816	5.507	15.112
4.931	2.867	6.299	4.425	5.286
4.056	4.179	4.143	3.716	5.105
5.283	5.370	4.888	4.706	4.831
4.524	4.513	3.896	3.882	8.216
6.484	6.207	6.594	5.951	15.257
4.927	4.306	6.326	5.321	18.189
2.766	5.523	5.922	4.393	6.736
4.780	4.797	5.026	4.922	4.861
5.165	4.717	6.212	5.604	8.122
4.563	5.371	5.166	4.484	14.125
5.134	5.068	4.760	4.244	7.725
4.879	5.662	4.721	4.811	2.260
2.913	6.473	3.694	7.526	1.251
4.940	4.367	6.532	5.238	17.918
4.128	4.513	3.760	6.814	13.383
5.832	6.276	3.750	4.638	8.849
4.268	4.041	5.703	3.803	16.245
6.223	5.499	5.642	4.878	6.807
4.533	6.767	3.415	5.091	17.573
4.085	6.358	5.159	5.197	10.913
5.973	6.313	3.468	3.347	9.894
6.152	6.271	6.650	3.859	14.349
3.484	3.638	4.312	4.944	17.250
4.330	5.423	5.001	4.750	17.065
6.747	5.368	4.215	5.062	5.560
4.053	5.927	5.302	4.975	17.056
5.227	6.052	5.572	5.088	8.581
3.969	3.885	5.173	3.942	12.722
3.818	5.982	6.523	4.111	5.249
5.275	3.407	6.176	4.569	2.646
5.848	6.248	6.928	3.284	7.140
5.269	5.727	6.196	4.847	10.534
3.134	6.527	2.916	5.498	16.360
4.968	6.315	6.879	4.016	19.079
3.807	4.654	5.571	3.550	8.178
6.383	6.371	3.084	5.065	9.900
5.120	5.354	5.075	3.208	2.280
5.846	5.571	5.141	5.863	5.847
4.809	5.339	4.220	4.304	2.641
5.373	3.561	3.502	5.041	4.713
6.683	6.462	5.196	3.989	17.782
4.877	3.205	5.199	5.871	14.596
3.722	4.145	4.464	3.486	3.799
4.774	6.872	7.865	6.487	7.542
6.512	3.772	5.107	4.821	9.204
6.330	6.101	4.920	4.601	12.149
4.383	5.499	5.307	3.030	1.318
4.110	4.257	6.210	3.510	6.753
5.976	5.132	4.973	4.101	10.629
4.512	4.655	7.024	6.228	5.248
6.101	4.933	5.578	5.079	9.685
5.842	5.361	5.371	5.319	6.628
5.540	5.695	4.829	3.651	3.073
4.770	4.011	5.802	4.420	13.439
4.906	4.952	6.529	4.592	5.319
6.638	3.560	5.299	4.534	10.003
5.290	5.133	5.444	5.241	14.291
6.251	4.481	4.596	4.244	15.065
4.623	3.895	4.769	6.700	7.483
3.300	3.561	4.355	3.194	11.493
4.950	4.902	3.064	3.250	18.841
6.373	8.270	4.414	3.606	8.230
3.576	5.230	4.206	4.691	3.401
5.231	5.079	7.357	5.365	17.480
5.844	3.952	4.550	4.792	14.283
4.414	3.278	5.511	3.101	13.330
4.321	3.951	5.062	5.469	8.834
5.586	4.978	5.164	5.282	0.801
4.368	3.871	4.260	3.345	11.269
4.641	3.450	3.829	3.320	15.592
5.365	4.498	5.270	5.096	12.287
5.377	6.144	5.767	4.533	4.556
5.902	4.930	7.066	4.568	13.166
6.007	4.847	6.109	5.178	1.487
3.515	6.079	6.301	6.353	7.649
6.431	6.189	5.348	5.557	0.222
3.399	6.023	5.539	5.871	11.882
4.339	5.766	5.990	4.882	5.540
2.743	5.517	4.400	4.911	9.427
4.449	4.167	7.182	5.071	0.915
4.185	4.676	5.432	5.725	12.530
5.388	6.043	5.437	5.767	15.036
5.267	5.955	3.973	4.956	14.080
3.825	4.285	5.431	2.960	15.051
5.519	3.655	4.015	6.034	2.945
4.028	7.087	4.947	4.050	16.043
6.652	4.271	3.844	5.491	7.798
3.611	4.797	5.753	5.057	19.854
4.441	4.304	4.303	4.093	15.500
6.786	4.966	6.634	5.661	5.971
4.257	4.490	3.282	5.061	16.478
5.847	5.312	4.453	4.418	17.928
2.491	5.929	6.186	5.859	10.802
6.071	2.884	5.520	4.216	9.246
5.785	5.290	5.299	5.445	5.704
5.414	4.963	5.661	5.889	12.531
5.107	4.217	5.200	5.856	3.669
4.723	4.805	4.843	7.280	16.738
5.535	6.938	4.141	4.883	1.650
3.509	5.425	4.187	5.378	3.283
5.171	5.514	3.581	5.520	12.708
5.471	3.458	7.224	3.016	17.993
4.185	3.505	3.861	5.409	10.702
5.770	5.640	5.814	5.076	17.168
3.667	5.923	5.509	5.158	6.272
3.745	3.488	6.961	4.187	10.059
5.724	5.476	4.752	5.456	12.354
4.732	5.084	4.035	1.727	19.519
4.384	3.408	6.500	4.595	19.046
5.456	6.495	4.190	6.055	19.176
5.043	3.980	6.116	6.231	13.561
4.555	3.175	5.235	4.847	6.280
4.718	6.354	6.555	5.200	13.290
7.715	4.626	4.361	5.439	13.009
4.511	4.108	5.498	3.128	3.173
5.488	4.022	4.683	7.076	11.741
4.574	5.333	4.426	6.725	17.034
5.152	4.557	4.799	3.716	19.799
5.929	5.086	6.125	3.849	5.232
6.577	4.477	3.827	6.352	12.875
5.826	4.052	6.814	5.425	1.521
5.470	5.091	4.423	5.008	0.710
5.656	3.804	3.570	6.191	13.142
5.395	5.953	5.618	4.463	3.779
4.862	5.621	4.370	6.747	4.283
5.925	5.040	4.707	5.696	9.814
4.563	2.892	5.356	4.860	15.719
5.593	3.725	5.739	5.857	12.841
5.150	4.949	5.240	5.634	8.271
5.004	6.103	5.093	6.080	16.886
4.294	5.283	3.650	6.744	18.458
5.289	3.756	5.355	3.768	2.738
5.287	6.147	5.609	6.113	0.852
4.602	4.823	6.005	5.148	15.608
3.742	7.394	4.026	6.227	5.937
4.283	5.045	5.308	4.865	19.609
6.747	3.717	5.455	5.057	3.775
4.970	5.390	5.400	2.840	9.060
5.357	4.923	4.921	6.302	19.411
4.684	4.696	5.709	3.794	6.237
6.245	4.983	4.578	5.492	16.983
5.824	4.412	5.016	5.387	6.212
3.841	5.323	4.242	4.069	1.714
5.659	4.337	4.044	3.619	7.257
6.045	5.004	5.012	5.437	13.124
3.644	4.078	5.317	5.674	14.765
5.216	5.932	5.279	5.424	18.857
3.607	6.659	6.120	5.554	13.080
5.163	3.718	5.230	5.527	12.593
6.565	5.534	5.166	6.660	4.948
4.975	6.867	5.697	3.731	15.328
4.443	4.607	5.246	5.279	14.240
3.288	6.054	4.750	4.263	8.817
4.834	4.964	5.322	4.820	13.890
3.940	5.764	5.180	3.107	13.055
4.925	4.533	4.857	4.952	17.570
5.711	5.591	4.706	5.223	9.829
4.597	3.597	4.538	4.775	11.610
4.186	5.314	3.668	4.031	16.522
4.064	4.382	5.381	4.750	5.888
5.807	3.901	4.501	5.364	16.561
4.395	5.442	3.806	3.987	18.297
6.944	6.606	6.261	5.356	14.753
5.415	3.653	6.092	3.223	3.786
4.647	4.461	4.762	5.373	8.846
6.729	6.679	6.633	4.726	9.704
5.502	4.544	5.041	3.420	3.145
5.135	3.911	5.796	6.187	6.736
5.589	5.109	5.438	5.197	6.837
5.345	4.709	4.126	5.269	16.317
5.556	4.034	4.302	6.142	14.706
4.824	4.501	6.321	6.332	8.792
4.009	5.157	5.011	4.106	6.778
6.027	4.309	6.796	3.643	18.692
4.196	3.519	6.381	5.232	17.665
4.125	3.667	5.265	3.870	14.540
4.863	6.182	6.120	3.827	6.983
6.859	5.616	5.521	3.345	17.571
5.181	5.241	5.948	5.794	17.397
3.387	5.577	5.172	5.634	3.164
5.749	3.079	4.770	2.990	8.954
5.130	4.197	4.282	5.143	2.335
3.668	5.582	5.251	6.155	5.359
4.897	6.592	5.309	5.881	18.201
5.513	6.309	4.912	5.056	7.111
3.235	5.423	5.535	5.223	6.095
5.444	4.858	4.368	5.957	12.782
4.415	6.253	5.789	4.753	17.108
5.140	5.858	5.889	4.463	1.261
5.314	3.810	6.288	5.558	17.988
5.544	4.822	6.475	5.029	15.602
7.286	5.987	4.175	3.791	17.131
3.228	4.155	3.776	5.556	0.683
4.168	5.925	6.384	4.262	0.845
5.266	5.550	5.390	4.993	0.596
4.958	7.186	4.337	6.170	13.356
4.902	4.478	3.990	2.843	0.001
5.793	4.772	4.101	5.183	15.325
5.279	6.703	5.347	4.137	5.139
5.946	6.187	7.427	4.572	3.745
5.431	5.208	3.562	5.830	4.782
5.375	4.058	5.473	5.672	6.039
6.300	6.107	4.350	4.390	8.839
5.686	3.503	5.002	3.945	3.341
3.871	5.355	4.721	4.559	4.940
2.920	3.868	4.632	4.856	10.448
4.757	4.538	2.737	5.265	0.903
5.954	6.553	4.067	4.749	2.496
4.223	3.399	5.191	4.660	4.459
5.059	4.362	6.317	4.616	12.504
4.398	4.672	4.743	5.407	0.046
2.605	6.902	4.484	5.560	2.243
5.598	6.662	5.276	5.148	19.924
3.171	4.061	4.275	5.342	5.728
5.728	5.412	5.942	5.298	6.179
4.577	4.942	5.812	4.757	8.661
5.322	4.597	5.139	5.237	17.233
3.612	4.051	5.738	4.489	2.736
4.693	5.211	5.615	4.852	14.603
6.129	4.520	5.817	3.798	16.441
4.656	4.752	5.535	4.022	9.714
3.737	5.875	4.186	5.473	2.431
5.622	5.374	5.399	6.672	19.939
5.783	4.354	4.581	3.729	9.100
6.964	5.243	3.721	4.507	12.686
5.861	5.005	5.528	4.850	1.800
6.041	5.542	4.373	4.583	3.274
4.501	6.012	5.187	6.294	17.965
4.635	4.137	5.767	6.590	5.025
4.760	4.903	6.092	4.467	19.556
4.290	5.267	4.336	5.520	13.976
5.916	4.597	4.816	3.338	6.878
4.549	6.490	6.135	3.906	8.419
3.981	4.132	4.823	3.729	17.849
5.899	5.122	5.271	6.656	13.036
4.950	6.102	4.680	6.354	13.207
3.882	3.930	3.220	4.593	7.822
4.401	5.811	4.189	4.770	2.392
5.106	3.739	5.019	3.550	16.695
4.868	6.735	4.932	5.485	1.063
5.953	4.269	4.573	4.485	0.277
6.261	6.618	6.453	5.487	9.020
4.016	5.749	4.725	4.750	4.684
4.838	4.758	6.396	2.378	9.903
6.027	6.386	4.061	2.384	19.514
3.589	6.447	3.645	4.290	6.499
5.740	5.205	3.719	6.662	2.329
4.947	4.833	4.155	5.394	5.445
5.039	6.042	6.059	5.193	14.221
5.107	4.722	4.894	2.768	13.229
4.471	2.883	6.036	4.075	10.423
6.458	4.001	5.077	4.393	3.918
5.534	4.142	6.141	5.956	11.870
3.584	5.402	3.417	5.591	3.541
3.920	5.776	4.963	4.033	1.472
4.614	3.845	5.260	6.103	5.952
5.350	4.971	3.771	6.449	2.484
5.053	4.347	4.434	5.878	3.170
5.153	3.306	5.102	6.421	17.033
4.129	4.689	5.667	6.209	1.592
6.570	4.530	3.879	4.185	0.109
5.055	5.388	6.095	5.907	18.401
5.504	5.340	8.522	4.587	18.900
4.228	5.637	4.882	4.672	5.425
4.530	5.543	3.216	6.090	15.857
5.971	4.940	4.789	5.134	8.317
3.918	2.361	4.824	3.533	9.261
3.930	4.633	5.504	6.510	13.194
5.394	5.401	4.312	3.176	11.405
4.270	5.966	5.221	5.221	1.289
4.715	4.827	3.555	4.315	19.175
5.590	2.499	4.634	4.950	14.548
3.799	5.341	4.748	4.788	8.069
3.901	4.483	4.877	5.175	13.789
6.077	4.170	4.426	3.670	16.386
6.768	4.718	5.473	4.049	5.075
4.931	6.699	6.336	4.384	17.330
5.082	7.142	4.069	4.560	4.429
5.689	5.487	5.381	4.242	11.107
4.664	3.137	5.050	3.351	4.555
4.482	4.971	5.031	2.857	9.292
4.181	6.114	3.735	4.466	2.151
5.939	5.330	5.515	6.475	14.587
4.472	4.623	6.766	3.325	11.072
6.286	5.185	5.334	4.887	0.636
4.222	6.254	4.936	4.459	12.292
5.094	4.351	5.614	4.077	10.298
3.102	6.257	5.943	3.670	0.355
4.003	4.528	5.717	4.337	15.598
3.626	4.611	4.457	5.046	15.686
3.173	6.193	5.690	4.932	6.831
4.696	4.782	5.910	3.679	15.411
5.850	5.046	4.083	4.140	12.175
5.457	4.522	4.019	3.441	2.150
5.132	4.076	5.382	6.381	6.322
5.350	3.762	5.033	4.690	19.606
3.873	3.907	5.126	4.941	13.907
5.602	4.545	6.045	5.183	6.647
4.856	5.155	5.197	4.193	13.868
6.324	5.096	4.588	5.569	17.973
5.811	4.708	4.291	4.623	18.154
5.975	6.106	5.314	3.187	5.400
4.731	4.421	5.020	5.753	5.645
5.691	5.263	4.662	4.431	9.278
6.132	6.665	3.955	5.761	9.807
5.984	6.430	5.854	4.558	12.915
3.914	5.009	5.785	5.627	0.978
5.311	5.087	4.651	4.415	0.947
5.338	4.327	2.170	4.015	19.978
7.082	6.051	4.283	5.152	10.901
3.572	4.941	5.844	4.013	11.073
6.680	4.996	5.452	4.256	3.442
5.045	4.934	5.175	6.368	18.014
3.844	6.843	5.540	4.863	7.628
5.445	4.730	4.075	5.125	0.747
5.081	4.412	5.971	5.648	13.430
7.738	6.119	4.544	3.349	17.621
6.310	5.463	5.121	5.692	2.111
4.568	4.559	4.857	4.570	17.070
4.253	5.831	5.694	5.716	3.123
4.726	4.815	3.907	6.254	5.356
4.306	5.025	5.250	4.296	4.816
5.742	5.747	3.989	5.745	15.521
4.936	4.398	5.790	4.421	0.295
4.749	5.948	3.667	6.625	17.002
4.782	3.085	4.017	5.445	4.376
3.765	5.824	4.397	5.303	15.694
6.862	3.466	5.664	4.636	18.174
5.214	5.528	5.110	4.894	6.307
6.301	6.704	5.998	6.361	16.414
6.106	5.565	6.210	4.975	1.857
5.645	6.019	6.309	4.244	1.231
5.355	2.557	4.265	4.382	1.708
5.053	5.115	6.531	5.963	5.428
4.225	3.578	4.330	4.850	0.131
5.271	7.316	4.218	5.171	15.245
4.800	5.180	5.375	4.203	7.674
5.676	4.581	6.537	3.716	5.243
4.403	4.917	5.145	6.249	1.648
6.055	4.617	5.318	4.498	12.211
4.340	4.042	5.128	4.648	19.672
5.971	3.667	5.257	5.494	14.756
4.635	5.629	6.483	3.213	5.014
5.403	3.984	6.240	6.752	0.435
5.254	5.520	4.281	6.346	8.499
4.990	5.066	7.025	4.240	1.785
4.603	5.293	5.763	3.886	8.449
6.005	7.047	3.718	5.365	0.957
4.599	4.753	4.888	5.924	6.676
4.220	6.027	4.451	5.845	6.793
4.003	5.338	4.380	4.546	5.907
5.434	2.598	3.420	5.448	17.382
3.433	4.555	4.170	3.397	9.425
5.667	5.347	4.146	4.945	19.104
4.307	4.880	4.149	5.000	19.413
5.402	4.481	5.245	3.410	6.474
4.217	5.306	5.345	6.612	10.791
3.828	5.849	3.630	4.074	9.296
5.086	4.382	4.948	7.022	11.138
5.526	5.047	4.786	3.896	5.989
4.039	2.737	5.819	4.471	5.108
5.983	5.807	6.555	3.848	19.543
4.375	5.729	6.588	4.443	19.177
2.896	5.178	6.959	3.209	19.648
5.414	5.309	4.184	5.073	0.124
5.835	5.526	4.773	5.591	10.531
5.342	3.355	2.215	5.586	4.897
3.941	5.595	5.706	5.138	9.163
5.705	7.078	5.654	4.364	15.297
5.686	5.581	5.046	3.908	8.442
4.325	3.146	4.125	4.619	19.525
5.938	6.701	3.109	5.341	17.815
5.913	5.141	3.859	4.887	9.001
3.792	5.324	6.117	4.449	19.383
4.798	4.751	4.887	6.791	12.881
5.703	5.619	4.638	3.833	2.750
5.835	5.288	5.043	5.697	15.756
6.477	3.265	4.164	5.436	6.503
6.791	5.454	4.572	6.975	10.863
4.854	3.762	5.808	5.137	6.715
7.128	4.780	3.939	5.769	6.419
5.340	4.145	7.348	4.348	0.838
5.568	3.248	5.763	5.350	17.386
4.830	4.996	4.939	5.919	7.890
6.372	5.780	4.840	3.504	0.394
4.376	2.918	5.787	7.540	18.468
3.434	4.900	4.189	5.821	5.647
3.407	5.816	4.940	5.758	7.070
5.212	3.418	4.445	3.329	11.626
4.514	5.514	3.766	4.304	9.281
5.146	3.102	4.389	6.276	6.254
4.450	5.544	3.559	4.602	6.453
7.275	6.075	3.408	4.342	3.276
4.456	2.801	4.241	5.373	2.870
3.160	4.869	3.551	5.176	5.108
4.579	3.939	4.790	4.468	8.952
4.511	5.741	5.635	4.114	12.759
4.885	5.310	6.244	5.257	11.917
4.630	4.258	6.238	5.009	9.217
4.946	3.800	4.539	5.091	1.090
5.620	3.923	5.894	4.393	4.133
4.605	4.464	5.231	6.320	18.859
3.958	7.150	5.778	4.106	7.233
4.314	4.730	6.041	4.635	19.700
5.614	3.866	5.109	5.477	1.381
4.545	4.637	6.574	2.350	0.089
5.875	6.021	4.388	5.463	14.091
4.329	5.944	4.515	5.484	15.989
4.091	3.040	4.099	4.661	1.581
5.355	3.789	4.958	4.341	13.342
4.032	3.750	5.754	5.685	16.094
5.872	5.544	4.984	4.787	15.958
5.917	5.216	3.393	6.462	8.855
7.272	7.021	4.508	5.462	1.109
3.953	4.091	6.678	5.067	7.597
5.549	5.949	5.856	4.178	10.831
4.663	4.053	4.794	4.877	13.432
4.837	4.064	5.712	5.884	9.524
4.749	4.637	4.650	4.034	0.658
5.739	5.368	5.165	5.245	3.886
4.171	4.932	6.419	5.346	13.138
5.356	4.607	4.748	4.359	12.147
4.953	6.834	3.602	3.273	4.809
3.482	4.406	5.008	4.439	17.102
5.323	5.544	4.513	5.507	5.347
5.567	5.626	4.711	3.922	8.701
4.978	4.277	6.233	6.240	2.786
5.695	5.203	5.537	5.536	6.966
3.097	2.879	4.597	2.001	13.322
5.518	6.024	4.193	3.877	2.747
4.999	5.921	4.894	5.033	10.197
6.783	5.780	4.369	5.804	5.220
5.828	4.975	4.769	5.654	15.808
5.021	4.237	4.651	4.753	14.288
4.547	3.997	5.154	3.730	0.649
4.969	6.842	5.064	4.131	16.459
3.988	5.692	3.684	3.815	6.755
4.178	5.028	6.459	5.001	14.308
5.423	7.234	5.929	5.889	18.527
7.019	6.154	5.940	4.564	7.338
4.270	4.766	4.843	4.248	16.229
3.041	3.790	6.053	5.293	18.990
6.055	5.779	4.672	4.484	15.882
4.927	5.733	4.316	3.439	7.544
5.010	4.295	4.475	5.090	10.326
5.221	4.876	4.299	4.510	9.564
3.626	4.142	4.656	5.634	5.020
3.294	6.043	6.121	5.352	18.383
4.754	4.650	5.725	5.174	15.384
4.599	4.669	2.907	5.823	3.462
4.686	4.472	4.838	5.335	1.908
5.222	6.599	5.416	5.021	9.895
5.061	4.064	5.747	5.722	16.456
5.622	4.812	4.899	5.871	3.554
5.155	3.936	2.490	5.228	8.143
3.944	3.977	3.268	4.511	3.393
5.633	6.881	4.511	5.636	7.577
5.417	4.266	5.047	4.929	2.728
4.156	3.972	5.809	3.786	3.399
4.899	7.177	5.168	3.730	8.374
3.518	6.131	4.031	3.992	5.672
5.855	5.300	4.235	5.574	8.318
6.962	5.731	5.524	5.325	13.701
4.649	6.037	5.548	3.241	11.832
5.375	4.733	5.660	5.874	7.850
4.147	4.550	5.816	5.175	12.292
4.995	5.577	3.883	4.010	16.106
3.815	5.180	6.155	4.234	15.795
4.060	4.712	4.871	6.572	7.413
3.064	3.512	4.599	5.727	0.403
6.092	6.620	3.764	4.080	14.460
4.599	5.978	5.284	4.394	12.994
4.262	5.467	4.015	4.771	10.532
4.054	6.492	5.213	5.963	1.419
4.456	6.061	4.641	5.422	2.232
5.275	4.081	5.267	5.923	18.907
4.955	4.273	5.295	6.695	5.089
4.801	4.583	4.173	3.795	19.013
3.731	3.248	3.568	5.188	11.997
4.482	4.841	4.797	4.820	4.906
3.563	3.753	5.717	6.402	3.653
4.855	4.715	5.544	3.717	11.084
4.187	5.057	6.314	5.913	12.330
6.591	6.314	6.614	7.514	15.725
4.108	4.174	5.887	5.529	4.655
4.417	3.508	3.385	5.829	10.377
5.834	5.779	5.216	5.583	1.358
5.534	6.465	6.278	5.387	13.149
4.803	7.377	4.892	3.246	19.411
7.278	5.569	2.767	4.859	14.932
