0.552	1.649	0.893	7.331	14.621
1.627	-1.571	-0.365	8.720	18.030
0.005	-0.195	-0.455	4.751	17.635
-0.317	-0.695	-0.097	3.578	0.439
1.473	0.437	0.697	5.296	13.496
-0.910	0.373	1.721	8.355	14.927
1.573	1.224	-0.765	2.916	3.929
-0.935	0.350	-1.557	3.421	17.271
-1.262	1.794	1.857	3.874	8.102
0.693	-2.176	-2.188	8.968	1.346
-1.066	0.216	0.932	5.575	9.910
0.224	-0.839	-0.534	3.766	8.231
0.846	0.172	-1.559	7.436	13.706
-0.470	-1.201	0.596	3.220	0.538
-1.229	-0.695	-0.400	3.882	11.971
0.792	0.557	-0.364	5.820	5.464
-0.029	-0.143	1.319	1.902	4.004
-0.035	-0.644	0.045	6.956	3.359
-0.600	1.009	2.090	9.004	10.787
1.237	0.237	-0.597	4.410	19.124
-0.299	0.052	-0.604	3.975	1.716
0.098	-0.656	-1.558	6.097	15.545
1.801	-1.173	1.952	2.805	1.783
-0.033	0.957	0.066	3.035	19.455
-0.531	-0.739	-1.269	4.314	17.022
0.266	0.856	1.892	0.254	8.105
-0.127	0.483	-0.377	5.734	3.305
-0.637	-0.660	-2.220	9.093	5.754
3.168	-1.095	0.484	3.110	3.062
1.348	1.637	0.872	1.941	18.195
-0.852	0.585	0.582	3.449	2.936
0.349	0.209	0.561	5.058	0.029
-1.148	-0.452	-0.417	9.222	4.090
-0.276	0.127	-0.569	2.354	8.984
-1.986	-1.822	0.555	0.605	5.346
0.547	0.863	-0.449	4.844	11.382
0.139	-0.181	-0.315	8.167	9.801
0.394	1.800	-0.496	9.686	16.168
1.358	0.087	1.209	8.707	4.502
-1.502	-0.852	1.022	2.326	6.545
0.173	1.499	1.522	8.681	0.637
-0.359	0.616	0.088	0.695	0.649
-0.496	-0.810	-2.363	2.501	9.618
-1.601	-0.724	0.203	0.579	14.830
-1.073	0.913	-1.044	8.959	13.973
-0.323	0.117	0.812	6.774	9.924
-0.515	-1.119	-0.579	1.610	5.815
0.104	-0.921	0.451	6.732	16.269
0.954	0.129	-1.014	9.791	11.327
0.311	-0.952	-0.502	4.340	16.072
-1.079	0.668	-0.349	1.062	8.112
-0.220	-0.272	0.416	5.904	2.406
2.091	-0.195	1.777	8.627	7.976
0.843	1.080	-0.394	3.096	7.175
0.799	1.234	-0.516	3.684	12.126
0.537	-0.183	0.277	7.807	2.951
-0.223	-0.915	-0.039	6.879	12.336
-0.364	-0.530	1.241	9.607	10.279
0.630	-0.435	-0.228	1.363	8.880
-0.160	-0.138	-0.063	3.430	11.933
0.295	-1.043	0.582	4.298	13.264
-0.163	0.324	-1.180	2.326	10.602
-1.444	0.059	0.095	4.003	18.125
-1.521	0.554	-0.159	9.050	2.921
0.189	-1.487	-0.527	7.149	11.893
1.129	0.054	-0.740	4.600	12.045
0.287	0.400	-0.251	0.325	19.505
0.732	-0.087	-0.360	1.541	8.828
1.027	-1.789	-0.637	8.536	8.232
1.267	0.595	0.764	9.186	2.966
0.145	0.945	2.406	7.843	3.122
0.463	0.861	-0.834	5.726	2.967
-0.091	0.958	-0.674	3.678	4.903
-0.387	-0.487	0.284	2.962	18.851
1.803	0.947	0.731	7.763	19.630
-1.231	1.117	0.193	0.359	3.831
-1.059	-1.090	-0.918	2.458	16.648
0.624	-0.877	0.405	2.836	11.773
-0.214	0.740	2.020	3.927	6.679
-0.237	0.778	-1.990	6.511	9.086
-0.893	-0.306	0.923	9.398	15.389
1.754	0.169	0.133	5.931	10.959
-0.370	0.422	-0.096	5.159	6.373
0.162	1.072	-1.083	8.673	4.447
0.145	-1.343	-0.203	1.201	17.857
-0.857	0.616	-1.235	5.608	14.418
-1.041	-0.500	-0.258	9.047	16.580
-0.675	1.340	0.485	2.815	10.648
-0.289	0.151	-0.691	8.324	10.184
0.550	0.342	-0.720	6.829	1.266
1.716	1.041	0.128	8.765	13.238
-1.022	-0.922	0.098	0.700	8.707
1.380	-0.252	-0.737	9.186	14.591
-0.884	-1.734	0.636	6.473	12.932
1.030	1.402	0.341	5.214	14.157
0.467	0.150	0.728	1.332	9.407
1.185	-0.525	-1.718	7.396	3.822
-0.017	0.284	-0.002	7.964	1.746
0.673	1.061	-0.290	6.987	5.602
-0.014	0.372	-0.148	2.299	18.528
-0.918	1.272	0.476	7.518	13.424
0.263	-0.489	-1.250	3.363	0.814
0.877	-0.213	-0.613	8.572	10.134
-0.498	-1.211	1.404	5.148	9.919
-0.466	-0.786	0.247	1.920	18.795
0.530	-0.641	-2.337	4.752	13.979
-0.631	-0.084	-0.142	5.058	7.455
-2.361	-0.614	0.824	8.853	11.071
2.010	-1.255	0.054	3.690	0.822
0.849	0.265	-1.099	2.303	5.586
0.039	1.195	-1.013	6.016	5.245
0.842	0.630	1.003	3.423	9.305
0.583	0.793	1.511	4.444	1.773
0.291	0.196	-0.012	3.283	2.757
-1.089	-0.064	-1.115	1.126	16.669
0.384	1.361	0.140	1.637	15.432
0.861	-1.201	-0.704	2.512	13.950
0.592	-0.273	-0.770	9.525	17.235
-1.295	-0.584	0.984	4.945	6.575
-1.030	0.472	-0.916	1.730	17.423
2.232	2.042	0.258	2.373	19.179
-1.256	-1.386	2.749	7.870	10.052
-0.674	-0.610	-0.780	9.521	16.053
-2.798	-0.521	-0.415	8.065	13.153
1.435	-0.565	0.171	1.193	11.524
-0.128	0.212	-1.350	4.431	2.686
1.377	-0.033	0.335	4.045	9.812
-0.082	-0.266	-0.021	1.022	2.280
-0.070	-1.096	-2.042	7.057	1.051
-1.663	-0.317	-0.111	0.257	17.040
0.151	2.417	0.054	0.421	12.512
-1.183	-0.797	0.401	5.640	17.482
-1.421	-0.500	0.740	8.184	4.672
-0.055	-0.468	-0.134	0.483	1.723
0.027	-0.242	1.239	5.765	3.137
-0.818	-0.175	-2.283	0.152	19.591
-1.945	0.480	-0.260	0.568	5.138
-1.234	0.479	-1.485	0.885	8.929
-0.418	-0.954	1.996	4.865	7.066
1.046	-0.583	-1.972	8.085	9.667
-0.445	1.105	-1.908	3.593	4.439
0.284	0.131	1.223	4.537	16.842
-2.782	-0.364	-0.008	2.949	4.351
2.056	-1.433	0.572	0.272	7.395
-0.641	-0.676	-0.183	7.091	9.239
0.431	0.415	-0.719	9.103	0.905
-0.425	-0.820	-0.763	2.950	15.845
0.144	-1.068	0.455	9.880	19.038
-2.689	-0.634	-0.113	8.658	19.935
0.530	-0.032	-0.438	1.568	13.733
-0.380	-0.273	0.968	5.037	3.664
1.396	-0.090	0.923	9.264	1.864
1.994	1.590	-0.629	4.761	11.343
-0.341	-0.880	-0.365	9.879	0.667
0.650	0.941	1.187	7.282	6.739
0.668	-0.403	1.424	2.404	18.074
-0.422	0.163	0.091	1.479	17.490
-0.829	-1.527	-0.913	4.554	0.655
0.712	0.514	0.022	0.297	5.573
-0.774	0.298	0.403	6.972	13.140
0.684	-0.873	0.669	1.004	11.963
0.153	-0.696	2.135	1.781	2.098
-0.286	1.153	0.887	9.124	2.180
-0.082	-0.004	1.235	7.485	5.818
-0.512	0.326	1.861	7.246	1.778
0.661	-0.571	0.182	7.690	3.304
-0.546	-0.817	-0.039	3.118	1.903
-0.057	0.629	0.136	8.729	13.736
1.216	1.248	1.453	0.572	3.323
-0.660	-0.161	1.904	3.692	6.264
-0.210	0.741	-0.791	8.389	3.305
-0.363	1.511	-0.429	6.564	11.711
1.148	0.374	-0.501	9.778	19.210
0.815	-0.093	0.843	3.015	15.520
0.401	-0.351	1.362	0.068	0.001
-0.063	-0.485	-1.484	3.872	2.456
-0.176	-0.137	0.635	4.360	6.390
0.517	-0.834	-0.834	0.243	6.257
-1.258	-0.294	0.469	6.894	12.526
-0.718	-0.771	-0.053	4.154	5.213
-0.392	-0.415	-1.690	4.085	8.368
0.509	-2.038	1.487	5.139	7.507
0.736	0.573	-0.496	3.712	5.461
-0.034	-0.386	0.117	4.395	4.117
-1.305	-0.616	0.850	8.235	15.933
1.375	0.922	-1.337	8.040	16.476
0.753	-1.648	-0.055	3.061	19.613
-0.800	-0.049	-1.830	4.425	10.336
-2.016	-1.253	-0.724	1.926	13.702
-0.718	-1.081	-0.204	1.870	12.766
0.757	-1.337	0.035	5.980	2.571
-0.833	0.578	1.305	7.142	12.328
0.535	-1.152	0.209	2.448	15.091
0.109	-0.583	-0.264	5.279	11.662
-0.027	-0.475	0.746	4.082	0.356
0.313	0.731	-0.760	9.972	4.145
0.812	-0.425	2.127	8.222	4.591
-0.403	-0.202	-0.002	6.615	18.057
-1.717	1.537	-1.007	6.636	2.463
0.776	1.192	-0.251	5.814	3.083
0.385	-0.970	1.609	9.652	16.987
0.676	-1.561	-0.641	3.705	19.860
-1.757	0.272	0.848	8.720	15.374
-0.751	0.317	0.928	2.260	18.106
0.687	-0.721	-1.179	9.008	7.286
0.513	-0.123	1.334	6.536	6.794
0.304	-0.670	-0.554	4.544	18.989
-1.748	0.330	0.648	6.102	2.939
1.498	0.402	0.886	5.958	0.710
0.308	0.664	0.379	8.200	8.137
1.397	1.240	0.518	6.595	4.265
1.473	1.459	1.609	5.468	19.418
0.705	0.552	0.550	8.194	9.680
0.450	-1.999	-1.782	3.658	14.686
-0.466	-0.150	1.129	5.864	7.408
0.616	0.255	-1.509	7.220	4.995
0.592	-1.106	0.425	1.239	9.162
1.657	0.186	0.186	9.879	11.345
0.323	1.518	0.590	3.309	6.442
1.331	-0.482	0.039	4.240	15.557
0.289	-0.098	-1.144	2.677	7.746
-0.565	0.559	-1.081	9.154	7.830
0.338	0.383	1.487	3.210	4.434
-1.489	-0.423	2.094	9.227	4.618
0.446	0.042	-1.981	6.582	8.727
1.077	-0.615	1.411	7.609	15.283
0.268	0.021	1.029	2.604	2.502
1.295	1.299	0.523	0.446	19.603
0.165	0.319	0.215	0.252	6.591
0.158	0.526	0.384	8.821	5.926
0.732	1.470	-0.605	2.429	5.574
1.026	1.660	1.761	3.302	9.281
1.159	1.097	1.284	4.890	17.161
0.207	-1.409	2.122	9.853	1.247
-0.495	1.297	-0.001	5.298	2.127
1.059	-0.102	-0.409	5.825	6.317
0.844	-0.141	0.011	2.283	3.908
-0.894	1.153	-0.460	0.962	9.098
-1.635	0.143	-0.501	8.895	6.531
1.396	1.147	-1.027	2.430	15.689
-1.652	0.182	0.567	4.832	3.042
-1.094	0.123	0.191	9.186	13.820
-0.457	1.067	0.026	5.758	5.099
2.621	0.117	-0.714	7.077	10.126
-0.152	-0.931	-1.016	1.036	13.168
1.130	0.433	1.449	5.124	13.329
1.440	1.089	-0.124	7.874	11.016
-0.713	0.409	-0.318	9.345	6.567
0.833	0.877	1.151	4.477	2.967
-0.412	-0.544	0.245	8.561	18.327
-0.313	-0.727	-0.846	6.713	7.630
1.191	-1.191	-0.303	5.167	13.600
-0.609	1.454	0.895	4.039	1.544
0.620	-2.727	0.028	0.549	5.743
-0.702	2.445	0.040	1.980	5.788
-2.027	0.151	1.837	5.371	17.955
-0.516	1.388	-0.074	8.528	1.502
-1.228	-1.170	-0.631	1.175	0.064
-0.822	-0.348	-0.702	5.680	1.740
-1.553	-0.411	0.646	7.217	5.028
-0.031	-0.587	-0.588	7.114	11.232
-1.626	0.080	1.764	1.048	4.202
0.941	-0.136	1.417	1.475	9.995
2.360	-0.589	-0.336	6.896	15.414
0.066	-1.033	2.057	2.457	1.738
0.697	-0.539	0.887	5.318	1.378
-1.723	-1.190	-0.258	8.910	7.181
0.532	-1.152	0.883	8.893	14.184
0.068	-1.379	0.459	9.426	9.688
-0.900	-1.916	-1.148	0.417	5.375
-0.372	-1.101	0.568	9.237	5.059
-1.379	-1.297	0.651	7.910	11.443
0.539	-0.552	-0.454	4.350	19.873
0.332	-0.056	-0.819	6.074	14.142
1.147	-1.366	-0.301	0.513	8.867
0.080	-1.495	0.073	4.609	9.831
-1.241	-0.568	0.400	8.409	13.457
-0.450	-1.286	-0.086	0.235	6.403
0.485	-1.452	1.633	9.321	16.330
-1.058	-1.237	0.672	6.000	15.104
1.262	0.463	0.852	5.949	17.011
0.139	1.359	-0.436	2.054	5.617
-0.960	0.784	-0.156	9.291	17.121
0.387	-0.550	1.903	7.821	11.053
-0.781	0.531	-0.373	2.808	7.626
-0.731	-0.303	1.140	3.746	7.508
0.123	0.417	0.521	3.896	7.228
0.324	-1.305	-1.585	7.539	8.095
0.708	-1.258	-0.284	8.751	15.136
0.099	-0.281	-1.295	6.230	15.036
-1.859	-0.335	0.464	8.521	15.151
1.441	-2.049	-0.987	6.898	6.559
0.331	-0.616	0.508	8.457	0.095
1.331	-0.457	-1.691	8.381	18.212
-0.493	-0.891	-0.125	0.041	11.965
1.455	-0.594	0.991	3.481	17.016
0.699	0.595	0.353	9.809	4.420
-1.947	-0.695	1.496	0.825	2.859
-0.842	-0.716	-2.092	7.322	19.380
0.209	0.323	0.511	1.445	18.478
0.160	1.871	0.706	3.213	5.847
0.263	0.025	-0.757	8.700	14.910
0.932	0.274	-1.066	9.651	11.504
-0.820	0.927	-0.186	7.315	18.011
0.306	0.680	-0.272	1.586	10.811
-0.242	-0.399	1.207	3.835	8.595
0.611	-0.212	-0.296	3.522	8.606
-0.157	-0.994	0.137	3.682	13.326
-0.500	-0.720	-1.579	3.595	11.751
0.038	0.298	0.319	0.392	3.503
-0.202	0.055	-0.130	0.897	12.028
-0.086	0.652	-0.211	9.504	4.942
0.922	-0.571	1.005	1.884	17.815
1.063	0.062	-0.245	3.110	13.088
1.493	-0.573	-1.214	5.661	6.637
1.764	1.465	-1.617	9.105	4.505
-1.835	-0.719	-0.026	8.129	5.455
-0.190	1.294	-0.050	0.743	9.413
-0.447	-0.379	1.296	8.745	11.644
0.240	-0.356	-1.661	7.512	12.302
0.027	0.208	0.544	3.243	5.654
-2.479	-0.891	1.425	9.289	14.715
0.167	0.279	1.089	0.665	6.083
-1.416	-1.483	1.159	3.431	9.994
-0.891	-0.509	0.295	9.869	2.161
-0.316	0.012	2.393	7.456	8.180
0.672	0.907	-0.701	1.531	1.068
0.371	0.961	-1.231	6.307	18.993
0.205	0.286	-0.250	8.017	15.769
0.847	0.097	-0.330	2.470	14.492
-1.375	0.806	-0.477	5.569	5.812
1.014	0.585	-1.279	0.575	17.909
-0.509	0.954	1.104	8.691	7.533
3.171	5.772	4.631	5.874	18.853
5.857	1.503	3.441	7.081	10.226
5.583	9.231	5.953	4.314	14.555
5.058	1.635	4.852	3.730	15.872
4.713	8.257	5.703	5.723	19.417
3.867	3.621	5.783	7.189	10.718
7.247	6.684	5.137	5.600	8.097
4.752	5.144	4.919	6.513	16.828
4.951	6.957	5.062	4.827	19.335
4.607	0.741	4.280	3.886	2.066
4.098	6.135	4.699	3.504	18.534
6.122	9.610	6.887	4.265	3.239
4.466	2.977	5.849	5.083	10.143
3.826	9.377	4.474	6.663	4.642
5.634	4.369	5.753	5.352	4.381
4.014	5.695	4.329	3.466	9.720
4.805	7.917	5.608	5.108	11.705
2.760	7.168	5.075	4.820	9.966
6.333	6.610	4.987	4.729	19.374
2.641	7.005	5.505	5.070	3.294
5.301	5.342	4.357	5.018	14.013
3.856	0.366	5.028	5.940	18.865
5.673	1.315	3.501	5.125	18.211
5.714	4.574	5.279	5.949	0.080
6.226	5.081	7.327	4.117	7.213
5.426	3.089	4.539	4.680	13.095
3.607	9.336	4.316	4.274	15.746
4.532	5.605	4.683	4.455	11.492
5.146	0.119	5.126	5.625	0.835
5.035	4.532	6.279	3.354	7.597
6.549	5.298	6.114	5.857	5.648
5.789	1.143	5.616	3.554	15.819
6.342	5.898	4.207	5.869	1.325
3.896	0.654	3.618	6.522	15.591
3.798	0.091	4.312	4.879	19.931
6.526	2.656	3.707	5.146	16.137
4.656	8.018	4.268	4.485	8.348
4.933	1.110	5.006	5.965	6.310
4.859	8.326	4.961	4.678	12.271
6.548	0.619	5.755	5.960	3.993
6.580	7.582	4.880	6.847	19.435
4.886	1.598	5.449	3.208	5.892
4.774	1.968	3.961	4.648	14.643
3.056	8.954	5.408	6.444	18.000
4.667	0.705	3.629	5.454	17.526
6.005	1.873	5.589	3.456	17.029
3.690	9.503	4.730	5.250	19.235
6.629	3.117	7.253	5.794	5.749
3.603	9.833	4.228	5.158	14.133
4.993	4.995	4.078	4.382	16.713
5.468	8.411	4.766	6.262	12.342
4.818	3.477	4.636	4.849	1.790
6.068	0.901	3.599	4.983	13.591
6.097	6.231	6.281	5.942	11.741
5.197	3.103	5.442	5.690	16.577
4.292	3.192	6.055	4.681	14.323
5.961	2.069	4.594	4.732	14.626
3.811	8.517	4.994	4.444	19.113
5.249	1.851	6.544	4.466	3.023
5.574	7.324	4.339	5.252	1.552
6.303	6.771	6.315	4.908	18.805
4.616	9.590	7.285	4.650	17.887
3.975	2.146	4.796	3.582	3.020
5.997	1.901	5.702	5.633	12.786
4.124	9.177	4.715	4.633	13.558
5.145	2.163	3.427	3.729	14.623
5.147	9.222	3.668	4.894	3.216
5.343	9.559	5.445	3.346	5.392
6.145	7.503	5.895	5.453	17.672
5.438	2.770	5.658	3.899	8.111
6.064	8.841	4.879	4.097	14.969
5.691	4.457	6.546	6.641	16.721
5.156	2.457	5.421	5.552	10.668
3.033	6.037	5.603	5.595	1.460
5.054	9.394	4.923	6.489	9.228
6.895	4.077	2.921	4.479	19.798
4.756	9.008	3.188	5.509	4.684
4.794	4.898	4.595	2.866	12.405
3.284	5.069	6.038	4.997	8.030
3.121	8.294	5.820	4.784	1.947
4.603	2.874	4.777	5.471	9.626
4.715	5.891	6.685	5.983	7.752
5.838	8.049	3.554	5.810	9.553
4.698	8.080	4.405	5.133	9.256
4.857	8.559	3.513	5.754	18.566
5.366	9.277	4.727	6.850	12.117
6.447	0.044	5.205	5.140	9.453
3.365	8.980	4.212	5.157	0.951
4.014	2.973	6.728	5.123	6.362
5.134	3.859	4.639	3.321	9.689
3.206	7.731	3.996	1.846	7.669
5.251	6.903	3.841	5.274	0.662
4.197	3.386	6.474	5.480	7.665
4.598	8.172	4.741	3.520	4.750
5.074	2.225	5.418	3.440	5.263
4.156	6.476	4.804	5.816	4.995
5.263	3.209	5.490	6.099	7.699
5.888	7.927	5.297	5.438	2.782
3.662	4.659	5.494	4.747	0.273
4.147	3.794	6.361	4.696	8.148
6.517	3.947	3.282	4.468	19.201
5.206	9.790	4.505	6.261	10.297
5.524	3.343	6.198	3.886	4.518
5.245	2.162	5.791	5.976	17.100
6.134	5.211	5.875	4.851	1.327
3.492	5.049	4.354	3.851	19.836
7.362	0.730	5.656	5.058	4.763
4.797	4.022	8.384	4.639	14.681
5.239	5.706	4.846	2.962	9.035
4.508	4.356	4.150	5.740	9.730
6.091	9.794	5.639	4.270	11.229
5.056	7.523	4.726	4.278	1.961
6.362	5.892	5.515	5.518	2.389
4.083	4.485	6.931	5.334	18.310
6.377	6.439	4.441	6.168	3.507
6.662	3.166	5.189	5.165	9.697
4.539	0.657	5.467	4.303	14.330
6.764	6.751	4.533	4.675	17.575
1.838	1.393	4.386	4.893	16.760
5.478	7.456	4.131	5.197	8.548
6.293	2.711	4.810	3.549	1.289
4.484	3.193	4.335	6.001	6.086
4.441	3.287	5.037	3.897	3.954
5.464	8.957	3.760	5.062	16.251
4.447	0.644	3.464	4.897	19.355
5.565	7.323	4.912	5.928	1.150
5.642	1.679	5.357	3.259	18.296
6.003	2.388	6.392	4.056	1.495
5.837	3.873	5.136	5.749	19.063
3.086	3.276	5.500	3.680	16.507
5.721	1.988	5.029	4.013	19.237
3.970	1.582	4.353	5.121	10.836
6.097	5.601	4.460	5.153	19.187
5.293	4.895	6.396	4.720	3.592
3.330	7.754	6.125	2.832	14.647
6.599	5.747	5.933	4.118	14.412
3.911	8.581	3.286	4.978	6.584
5.680	5.976	4.188	6.069	10.049
5.443	4.666	4.516	4.774	4.859
6.353	7.554	5.981	5.500	6.304
4.788	2.493	4.508	5.336	13.765
4.277	0.753	5.521	6.533	6.294
5.524	7.152	4.329	5.963	15.389
4.689	6.812	4.655	6.999	1.475
5.835	4.462	4.010	5.018	18.409
5.561	8.832	5.782	6.282	3.353
4.098	1.281	6.363	3.011	10.151
4.951	7.189	4.346	4.396	14.134
4.639	1.011	3.725	4.826	19.535
6.223	8.391	4.519	3.779	4.430
3.905	1.915	2.839	5.505	5.921
3.411	4.725	5.679	5.771	1.669
6.818	6.357	6.415	3.139	8.342
4.076	4.764	6.825	4.238	19.445
5.324	4.295	3.682	5.539	14.855
5.281	1.924	6.234	5.814	18.134
5.028	8.553	3.050	4.180	17.206
6.053	6.671	3.662	5.120	16.356
5.731	7.369	7.271	3.450	11.545
5.428	6.673	3.960	4.043	11.578
5.953	6.024	4.534	4.463	18.030
7.451	5.581	4.374	4.034	18.928
5.102	8.180	3.790	5.078	1.879
5.689	6.008	4.602	5.073	17.583
5.054	7.638	6.667	3.065	7.035
3.303	1.783	5.349	5.087	1.047
5.180	4.248	5.763	4.026	6.055
2.411	5.674	3.908	3.213	15.070
5.297	0.829	5.260	3.460	5.167
4.622	5.566	4.296	7.088	9.731
3.968	3.440	5.889	4.533	11.831
5.747	3.964	5.311	3.421	1.946
2.596	9.400	6.097	5.310	18.802
5.999	3.513	5.647	3.969	15.361
2.686	8.291	5.539	5.857	9.780
6.034	8.949	4.172	5.084	14.547
5.356	6.494	4.518	6.970	9.033
4.595	8.255	4.628	4.757	7.954
5.286	7.122	5.000	5.375	14.239
5.255	2.072	5.510	4.000	19.466
5.331	8.014	5.928	7.163	1.656
5.506	5.078	3.765	5.206	12.329
3.993	9.477	4.207	3.894	0.990
5.338	4.156	5.109	3.489	9.303
4.038	6.748	3.345	4.608	13.480
5.069	8.255	6.188	6.548	6.418
4.042	2.626	4.635	5.309	17.036
3.971	2.736	6.327	4.920	7.640
4.187	9.637	6.557	4.986	7.832
4.159	2.395	5.288	5.484	7.905
4.525	6.022	4.153	3.577	17.609
5.908	5.295	5.235	6.403	14.445
5.771	9.952	3.573	5.165	19.067
5.663	2.000	5.510	5.103	19.179
5.589	6.740	4.592	3.865	16.652
4.386	6.872	3.868	4.997	13.137
6.178	9.089	5.210	6.186	4.308
5.045	4.569	3.676	4.752	5.289
4.931	9.709	4.639	4.425	18.455
5.491	8.228	5.679	2.626	8.881
5.152	1.804	4.339	5.156	2.052
6.150	6.878	5.271	4.422	3.524
5.525	5.322	5.096	5.003	19.698
6.743	4.883	6.036	4.738	7.278
5.195	7.207	4.645	4.490	5.177
6.012	3.666	3.560	3.602	5.121
5.158	7.206	3.462	3.029	12.686
4.721	7.934	4.380	3.366	11.611
4.593	1.603	5.393	3.563	14.993
4.817	6.546	4.628	4.986	7.397
4.811	1.418	4.758	5.847	6.740
4.024	8.712	5.211	3.722	9.048
4.117	9.325	6.489	4.445	5.979
3.657	9.682	6.412	4.179	18.684
6.289	5.110	5.197	4.757	17.169
5.019	3.579	4.766	4.449	0.352
4.899	8.472	5.363	4.371	14.940
4.906	2.614	4.245	5.387	1.929
6.074	8.642	4.399	4.172	2.327
2.489	0.728	4.696	4.664	3.491
5.108	8.021	4.732	4.772	5.538
6.200	9.929	5.613	4.887	8.459
5.191	0.238	3.307	5.054	13.947
4.205	3.801	6.021	3.795	17.656
5.539	9.896	4.979	7.130	4.756
5.263	8.058	4.196	5.912	6.468
3.822	6.675	7.374	4.184	2.863
4.350	5.720	5.295	3.290	16.872
5.650	0.291	4.973	4.414	11.170
5.316	6.887	6.063	3.113	15.933
7.075	1.498	4.090	7.002	0.031
6.129	3.945	3.890	4.142	11.225
2.618	6.246	5.162	3.563	7.773
5.460	9.340	4.534	6.020	0.905
5.393	8.074	6.430	5.228	12.139
3.265	9.083	5.067	5.803	14.950
5.005	6.318	6.405	5.170	12.873
4.559	5.722	4.311	2.728	14.725
4.107	0.058	6.313	5.558	7.204
5.707	6.051	3.466	5.834	18.341
4.975	9.814	4.501	5.183	5.577
4.808	2.487	5.870	5.242	1.475
5.661	3.497	5.466	5.978	12.136
6.096	7.905	3.665	5.746	14.746
5.290	2.752	6.598	6.370	0.448
4.150	8.204	6.776	4.115	14.952
4.472	7.724	4.366	6.185	15.546
5.001	6.349	5.931	5.186	8.634
6.005	0.259	5.810	6.097	14.800
5.905	7.395	6.178	3.156	14.316
4.837	4.686	3.115	4.880	12.952
5.246	5.854	5.280	5.618	18.225
5.582	0.877	6.541	3.843	15.107
5.045	8.185	5.225	5.242	9.648
4.992	2.505	5.917	6.266	14.076
5.436	8.538	5.568	5.011	15.633
6.106	0.511	3.988	5.825	13.078
5.847	9.599	4.729	3.142	19.505
5.641	9.565	4.161	5.631	18.050
6.685	9.645	6.710	3.882	7.026
6.419	3.042	5.703	5.742	2.043
5.602	2.287	4.120	6.511	0.817
4.304	7.895	4.611	4.916	12.408
3.351	7.688	3.584	6.750	1.381
5.963	2.628	7.424	5.006	0.176
5.813	2.107	5.973	5.259	9.926
5.359	4.911	3.903	5.595	4.198
5.009	8.551	5.372	5.625	10.557
3.903	1.092	2.410	4.723	6.360
5.855	8.193	4.820	5.514	16.858
5.379	5.590	4.889	7.907	5.346
5.766	2.713	5.110	5.429	0.385
6.929	3.971	3.708	4.170	10.862
4.777	0.111	5.389	5.568	14.296
6.589	1.786	4.529	4.836	14.113
4.370	0.267	3.704	5.288	12.572
5.819	9.744	5.706	7.460	5.050
7.301	9.086	5.093	4.888	6.803
5.613	4.892	5.318	4.359	2.428
5.444	7.812	5.026	6.255	7.876
6.389	7.481	5.789	4.418	14.145
4.795	4.140	5.345	5.907	7.335
6.856	8.993	2.265	7.612	13.383
5.328	3.740	4.948	7.252	15.064
4.722	9.113	4.682	5.183	15.819
5.234	3.915	4.671	5.639	0.796
5.166	8.063	5.499	3.661	14.012
6.385	3.042	4.510	6.528	18.682
4.767	6.636	3.715	4.223	17.549
6.296	9.549	4.742	5.604	6.267
6.011	1.592	5.644	4.875	2.498
3.623	8.664	5.960	5.007	13.289
5.106	5.292	5.160	5.606	8.121
5.258	1.514	4.732	3.978	16.033
5.482	4.183	6.134	5.344	3.488
6.017	6.691	5.263	5.321	1.959
7.097	5.746	4.867	4.608	13.116
3.254	0.742	4.976	4.987	17.915
2.748	3.893	3.990	5.552	10.264
4.401	5.111	5.156	4.266	8.223
5.141	7.864	5.986	6.424	8.801
6.652	8.318	5.384	4.589	12.624
4.038	7.551	2.995	6.510	0.001
5.537	9.793	5.652	5.959	16.032
3.814	5.979	5.317	3.009	1.608
7.137	8.545	5.908	2.644	8.069
6.291	5.313	4.759	4.387	11.237
5.936	3.969	6.021	5.169	10.178
3.921	0.983	6.230	4.974	9.474
3.474	6.831	4.909	3.553	19.912
4.337	3.609	5.170	3.300	1.644
4.849	1.110	4.954	4.966	9.677
4.738	1.561	4.305	3.619	12.737
6.339	3.897	5.044	3.625	4.246
4.590	7.614	4.368	3.859	8.416
4.503	5.023	6.788	4.924	15.202
7.946	7.337	4.811	6.526	16.463
5.991	2.134	6.273	3.499	11.096
4.278	0.843	5.327	4.155	8.826
4.949	4.999	4.730	5.538	4.591
5.561	9.682	4.936	4.771	19.449
6.279	6.727	4.036	6.038	6.644
5.471	3.917	6.111	5.395	14.200
4.505	9.605	4.404	6.874	7.711
7.883	5.891	3.938	5.320	14.580
4.876	2.008	4.242	5.406	16.912
4.674	6.127	4.294	4.596	9.640
5.332	9.557	4.947	4.745	5.319
4.502	9.119	5.417	5.821	12.832
4.372	0.210	4.076	6.433	2.996
5.582	1.250	4.068	5.087	17.945
5.669	5.429	4.158	3.495	15.938
4.690	8.086	5.735	5.282	5.273
-7.383	3.563	-6.365	-5.433	3.505
-7.134	6.352	-10.104	-7.382	19.459
-7.288	0.245	-5.787	-7.412	17.011
-7.266	0.927	-6.155	-5.800	17.397
-6.701	8.417	-7.933	-9.012	13.048
-5.366	7.676	-8.300	-8.206	18.324
-6.978	8.201	-6.841	-5.687	3.331
-6.076	4.852	-8.180	-7.128	7.605
-5.924	3.646	-9.256	-7.876	0.234
-6.715	1.880	-8.275	-6.025	16.383
-6.603	6.096	-6.983	-7.468	13.554
-6.991	3.741	-6.463	-6.911	17.484
-5.734	3.397	-6.821	-7.853	11.268
-6.298	7.332	-6.832	-5.698	16.479
-5.678	6.066	-8.061	-7.800	1.441
-7.074	5.076	-5.821	-6.981	11.304
-7.304	9.933	-8.802	-7.279	1.640
-5.679	2.040	-6.666	-8.507	3.716
-5.535	2.799	-7.636	-6.837	0.852
-7.149	3.847	-6.959	-8.435	16.350
-5.341	8.020	-6.432	-7.239	15.534
-9.305	0.489	-6.047	-8.001	3.333
-7.262	5.753	-5.738	-8.007	1.005
-6.573	1.778	-6.991	-7.921	7.432
-5.226	5.559	-6.887	-6.469	0.450
-6.231	1.185	-6.151	-6.820	6.907
-7.172	8.540	-7.220	-8.692	7.226
-6.778	3.735	-6.199	-6.715	13.591
-7.713	5.810	-6.805	-7.197	1.283
-7.699	6.669	-6.829	-5.669	3.408
-5.014	9.600	-7.537	-8.388	4.196
-7.893	5.411	-4.784	-7.819	6.711
-7.253	0.856	-7.261	-9.541	5.242
-6.444	8.928	-9.569	-8.921	19.951
-5.052	7.101	-7.294	-7.002	1.054
-6.692	1.728	-5.389	-7.201	18.430
-8.490	0.017	-7.666	-8.054	13.231
-8.334	3.435	-8.421	-7.847	14.087
-9.510	0.997	-7.156	-7.355	12.744
-5.944	7.251	-5.634	-7.808	2.846
-7.547	4.973	-7.154	-7.076	4.312
-9.274	5.163	-6.827	-4.675	14.597
-8.391	9.903	-5.849	-8.068	10.914
-5.747	5.817	-5.903	-7.534	18.687
-6.095	6.182	-7.965	-6.650	5.488
-5.259	8.148	-6.977	-5.287	1.487
-6.702	8.496	-7.133	-6.397	9.270
-5.892	7.083	-6.834	-7.620	5.151
-6.147	5.200	-7.657	-7.609	4.638
-5.408	5.970	-7.688	-6.924	18.880
-7.740	6.018	-7.228	-7.044	4.657
-6.075	9.158	-5.787	-5.924	18.048
-6.899	7.374	-7.875	-9.086	16.307
-7.325	1.076	-8.122	-7.057	11.887
-5.266	9.128	-6.927	-8.433	19.856
-7.438	6.052	-8.431	-6.760	0.988
-5.455	9.583	-6.779	-6.171	15.351
-6.429	6.514	-6.197	-8.653	4.926
-7.756	9.664	-6.146	-6.842	12.252
-6.770	1.471	-7.469	-7.526	12.355
-6.071	9.159	-7.932	-6.685	0.383
-9.297	6.417	-6.114	-7.164	10.515
-8.235	3.739	-6.276	-8.297	1.400
-6.368	0.795	-6.984	-6.011	0.743
-5.216	5.156	-7.071	-5.227	15.624
-5.853	6.465	-7.194	-8.131	18.450
-7.409	6.902	-8.280	-5.013	13.518
-7.266	7.437	-7.009	-7.531	3.358
-6.869	0.778	-8.046	-8.137	6.709
-5.476	7.909	-6.329	-7.234	17.780
-7.163	8.456	-7.497	-5.766	6.926
-7.083	5.461	-6.916	-6.005	1.066
-9.296	2.093	-6.782	-7.838	5.481
-6.572	2.241	-6.533	-7.092	9.049
-4.980	8.710	-5.558	-6.841	14.182
-7.807	3.465	-7.408	-7.306	9.577
-7.070	8.751	-8.477	-7.487	2.922
-6.286	6.163	-6.075	-7.516	15.997
-5.847	1.200	-6.262	-7.122	4.227
-7.556	9.073	-6.964	-6.566	8.126
-5.171	9.652	-5.855	-8.329	0.091
-7.182	5.421	-8.072	-6.242	12.475
-6.191	0.454	-4.706	-6.951	7.767
-6.607	9.446	-8.604	-5.184	10.759
-7.068	8.375	-7.041	-6.503	13.914
-7.437	4.669	-7.208	-6.673	16.222
-6.719	6.481	-7.188	-8.291	12.882
-7.828	8.189	-8.074	-7.381	14.687
-6.117	5.743	-7.203	-8.186	17.199
-6.583	9.538	-7.141	-6.902	1.116
-7.732	1.582	-6.493	-6.776	10.472
-8.148	3.327	-7.873	-7.365	13.938
-7.122	0.716	-7.051	-6.284	15.640
-7.225	8.422	-6.039	-7.153	14.776
-7.214	7.352	-8.700	-7.726	13.952
-8.101	8.770	-7.335	-5.710	5.025
-9.169	3.627	-4.527	-7.953	1.340
-7.015	2.576	-6.826	-6.907	13.945
-7.315	9.948	-7.359	-7.049	3.456
-4.870	7.107	-6.349	-8.026	15.703
-6.664	5.088	-8.145	-6.259	2.177
-7.008	8.927	-5.195	-9.137	13.654
-6.368	3.058	-5.914	-7.625	9.327
-7.748	3.847	-7.158	-6.521	1.695
-7.369	7.707	-7.006	-8.143	2.012
-6.618	6.374	-7.213	-7.253	10.639
-5.904	0.849	-6.149	-8.325	3.880
-7.505	4.605	-7.816	-6.571	11.051
-5.582	3.208	-6.526	-5.337	15.343
-6.084	8.595	-6.924	-7.400	16.208
-6.597	9.615	-6.523	-6.946	11.820
-6.087	2.204	-8.685	-8.368	10.989
-6.371	7.142	-6.538	-7.452	15.024
-5.062	3.305	-7.039	-5.695	3.233
-5.796	9.376	-8.181	-6.482	19.423
-6.984	8.814	-7.913	-7.841	14.605
-6.234	7.448	-5.763	-8.212	1.899
-4.927	1.597	-6.706	-6.934	18.144
-7.297	7.236	-6.804	-6.802	3.553
-5.514	2.081	-6.451	-5.696	16.806
-5.424	7.035	-6.179	-6.908	14.441
-6.509	3.856	-7.277	-7.158	8.985
-8.495	9.983	-6.312	-8.087	0.004
-7.073	9.562	-6.854	-7.525	8.658
-6.109	5.788	-7.876	-5.886	0.829
-6.471	7.038	-6.620	-7.014	7.197
-6.922	6.278	-8.214	-7.578	3.139
-7.269	5.179	-5.021	-7.810	15.177
-7.178	6.505	-6.309	-8.325	2.669
-5.612	1.783	-5.047	-7.061	15.447
-9.354	9.466	-5.942	-5.996	16.593
-6.899	2.167	-5.694	-7.255	1.826
-5.589	0.921	-4.948	-6.132	17.056
-7.618	3.402	-7.970	-7.261	0.453
-7.940	2.548	-5.700	-6.009	0.524
-6.114	5.805	-7.247	-7.890	12.777
-6.837	7.885	-6.395	-6.913	1.523
-6.631	6.546	-8.260	-5.299	2.985
-6.767	2.258	-6.187	-6.451	0.641
-6.807	1.174	-8.368	-7.603	16.561
-5.107	4.577	-7.428	-6.891	6.698
-5.553	6.339	-6.366	-5.957	4.808
-7.620	8.113	-6.544	-6.315	5.903
-6.782	5.756	-6.788	-6.354	14.657
-6.502	3.918	-7.838	-8.699	10.490
-7.828	8.276	-6.641	-5.717	6.120
-5.540	4.427	-6.838	-7.191	18.290
-5.845	1.540	-7.763	-7.518	19.998
-8.301	7.411	-6.807	-9.517	10.877
-6.796	9.440	-7.334	-6.204	8.882
-7.628	9.203	-6.812	-6.155	14.224
-7.476	7.654	-7.636	-7.710	4.521
-7.042	7.883	-7.283	-6.232	0.749
-7.777	3.292	-7.935	-6.911	8.881
-7.626	3.805	-7.507	-7.940	7.275
-5.806	0.062	-6.972	-7.490	15.587
-7.419	0.093	-5.605	-6.351	14.230
-7.579	5.296	-5.851	-5.812	7.187
-8.579	0.248	-7.727	-9.309	4.397
-6.750	7.273	-6.996	-4.030	15.232
-7.286	9.673	-6.171	-7.462	10.018
-7.895	8.267	-7.617	-5.896	11.499
-8.752	8.249	-7.269	-6.176	14.068
-7.426	6.644	-6.140	-6.482	18.510
-6.181	7.218	-8.027	-5.265	17.579
-7.245	8.647	-6.619	-6.961	0.466
-5.222	9.675	-8.015	-6.365	7.525
-8.311	1.426	-8.431	-6.454	10.252
-6.835	4.619	-6.931	-4.368	1.719
-6.204	3.701	-6.265	-7.813	16.460
-6.874	3.252	-6.692	-5.096	1.110
-6.686	3.505	-6.490	-6.909	9.261
-7.121	8.813	-8.260	-7.701	4.577
-9.205	3.434	-7.456	-7.478	13.435
-6.431	4.308	-7.725	-7.265	1.601
-7.146	2.202	-7.224	-7.535	5.123
-7.798	3.071	-6.151	-7.105	19.922
-7.824	5.761	-6.088	-8.089	0.973
-7.667	5.451	-6.303	-6.398	11.480
-7.848	6.560	-7.181	-7.287	14.724
-5.182	4.023	-7.573	-7.918	13.106
-7.011	7.424	-8.369	-6.781	19.926
-6.552	5.796	-6.433	-6.427	10.880
-8.318	2.520	-5.409	-7.769	16.726
-5.987	9.626	-8.077	-7.795	19.447
-6.415	6.764	-6.077	-6.485	5.864
-7.360	5.374	-7.841	-6.564	17.891
-5.828	5.186	-6.335	-6.752	0.917
-6.975	6.639	-7.979	-6.551	18.551
-7.117	6.729	-7.712	-6.580	15.051
-7.052	6.009	-7.366	-7.805	16.443
-6.518	8.719	-7.484	-6.532	19.122
-6.771	0.711	-6.683	-6.713	9.882
-6.654	5.289	-6.425	-8.900	11.289
-9.256	7.971	-6.296	-5.212	0.609
-7.653	2.150	-5.467	-6.881	6.618
-8.031	6.841	-8.220	-8.166	17.539
-9.140	1.099	-5.189	-5.699	12.982
-7.057	5.152	-7.217	-6.500	6.438
-7.163	1.002	-4.874	-5.592	11.986
-8.377	0.224	-7.148	-5.631	15.903
-5.915	8.590	-7.899	-6.207	13.241
-6.742	4.872	-5.478	-6.516	0.303
-7.036	2.547	-7.682	-6.777	4.195
-6.988	4.014	-8.007	-5.586	0.989
-6.007	7.042	-9.069	-7.477	4.352
-8.678	7.362	-5.063	-7.427	2.332
-6.845	2.096	-8.262	-6.707	13.668
-7.631	8.409	-5.174	-7.424	10.463
-6.875	0.740	-7.587	-6.610	5.675
-5.840	0.360	-6.779	-5.133	9.156
-6.480	1.575	-5.558	-7.023	2.057
-7.375	2.789	-6.100	-7.711	0.888
-6.876	9.582	-6.398	-8.091	4.006
-7.582	9.548	-6.723	-6.700	12.787
-5.517	8.919	-5.429	-6.930	1.226
-7.356	5.392	-6.539	-7.705	5.743
-6.304	9.217	-8.810	-9.460	11.116
-6.831	6.786	-7.081	-8.732	13.807
-7.726	5.925	-6.453	-6.877	1.019
-8.304	2.071	-5.899	-6.753	18.703
-7.560	8.049	-6.179	-6.403	17.493
-7.379	5.507	-7.295	-9.205	3.840
-8.056	0.326	-5.804	-6.621	19.919
-6.165	6.374	-7.565	-7.057	19.166
-5.469	9.925	-7.408	-7.546	8.419
-6.698	9.282	-5.801	-7.025	17.416
-7.872	6.300	-6.464	-5.843	2.459
-6.907	0.763	-7.133	-7.969	11.498
-6.272	8.839	-6.136	-9.466	3.507
-8.475	2.300	-8.589	-6.149	19.628
-7.246	9.600	-8.151	-7.170	1.631
-6.064	2.867	-7.372	-6.457	10.724
-7.516	1.476	-7.197	-6.989	9.598
-7.322	2.218	-6.125	-6.347	14.180
-7.377	4.991	-5.674	-6.831	15.679
-8.053	4.287	-7.830	-8.232	18.819
-6.231	4.087	-6.349	-8.211	3.917
-8.116	0.139	-7.871	-6.101	0.063
-5.968	3.224	-7.624	-4.775	16.591
-7.891	4.530	-6.259	-7.841	3.427
-7.646	5.507	-7.303	-7.950	17.343
-8.443	0.332	-7.282	-7.001	18.448
-6.816	5.527	-7.810	-7.890	2.550
-6.423	4.711	-7.458	-8.192	12.760
-6.252	4.344	-8.925	-6.155	10.927
-8.322	3.307	-7.739	-5.495	19.958
-5.839	9.843	-8.385	-6.185	3.040
-6.732	5.888	-5.219	-8.405	1.863
-5.969	6.295	-8.161	-8.024	9.467
-6.710	0.105	-5.823	-8.436	5.583
-6.440	4.847	-7.008	-6.467	3.921
-5.935	9.526	-7.017	-7.828	19.149
-7.435	5.360	-7.519	-9.412	3.969
-7.257	1.917	-7.239	-6.734	17.088
-5.554	8.281	-6.255	-6.815	4.635
-7.875	8.370	-8.082	-7.928	1.979
-7.456	5.949	-6.537	-6.971	17.577
-7.070	1.885	-8.101	-7.136	1.815
-6.388	5.132	-8.335	-7.614	14.785
-7.499	8.382	-7.525	-8.062	8.424
-6.661	0.605	-6.466	-6.839	5.542
-6.174	4.429	-5.934	-5.722	16.211
-8.192	1.127	-7.872	-7.345	13.053
-8.378	5.144	-7.259	-6.227	1.561
-5.706	1.210	-7.615	-7.986	2.544
-7.328	1.739	-6.597	-7.177	15.602
-5.139	9.341	-4.192	-7.883	2.342
-6.821	1.648	-6.694	-6.943	16.478
-6.044	0.945	-8.258	-6.062	12.200
-5.078	0.002	-6.690	-8.234	1.114
-6.572	2.432	-6.528	-7.822	7.000
-6.627	1.356	-7.784	-7.965	17.870
-7.666	5.961	-6.945	-7.334	4.234
-5.968	0.801	-7.719	-7.559	5.214
-7.384	9.693	-7.826	-7.742	16.910
-7.566	0.026	-6.393	-8.512	7.381
-6.492	9.059	-8.685	-6.743	18.291
-7.952	3.335	-6.215	-7.078	11.060
-9.610	5.664	-6.683	-6.912	10.497
-8.333	6.229	-7.469	-6.947	15.291
-8.323	8.723	-8.057	-7.845	3.375
-8.326	8.974	-8.029	-5.630	19.979
-6.830	0.609	-7.760	-8.210	12.170
-7.617	6.742	-6.476	-7.498	0.808
-8.497	4.975	-6.491	-8.601	9.640
-8.247	0.779	-6.999	-5.820	1.051
-6.884	3.414	-8.213	-5.734	9.619
-7.251	4.913	-7.511	-5.701	5.138
-7.363	0.726	-9.030	-9.083	5.244
-6.950	9.819	-6.957	-6.054	9.256
-4.202	5.521	-6.369	-7.783	5.587
-9.348	4.072	-7.653	-7.473	16.941
-6.655	0.345	-5.996	-6.952	2.036
-6.672	1.699	-6.071	-7.944	9.149
-7.993	1.927	-6.479	-7.315	14.570
-5.895	4.177	-8.279	-6.716	10.660
-6.590	9.624	-5.491	-7.173	13.159
-5.476	2.838	-6.262	-7.171	3.270
-6.274	1.374	-7.377	-7.572	7.293
-7.163	3.899	-6.813	-6.520	13.260
-5.491	9.980	-5.373	-6.167	16.613
-7.421	6.185	-7.288	-6.902	2.670
-5.422	3.369	-5.100	-5.958	6.910
-6.448	5.183	-5.744	-6.881	9.361
-6.250	6.289	-7.007	-7.117	6.031
-7.043	4.058	-5.886	-6.710	13.152
-6.842	0.009	-9.222	-6.255	1.829
-7.726	1.196	-7.913	-8.322	6.650
-7.041	4.746	-6.856	-5.100	5.125
-6.755	9.907	-7.416	-8.257	10.931
-8.239	4.872	-7.076	-5.712	5.246
-6.954	0.346	-7.560	-8.352	14.196
-8.271	9.635	-5.907	-7.071	1.500
-7.142	9.543	-5.659	-6.908	0.161
-7.458	9.048	-7.993	-5.476	17.383
-6.364	0.022	-6.060	-6.866	17.502
-7.650	8.251	-6.060	-6.367	12.548
-7.027	0.964	-6.885	-6.068	1.372
-5.599	8.369	-5.992	-7.377	0.636
-8.503	9.555	-5.982	-6.689	15.319
-7.291	6.840	-6.138	-7.954	1.973
-6.422	9.177	-6.436	-7.182	7.512
-7.205	6.985	-6.066	-6.263	0.526
-8.166	4.863	-7.010	-7.152	18.079
-7.371	5.347	-4.926	-5.843	17.433
-8.151	9.538	-4.964	-5.607	19.211
-6.381	9.357	-6.329	-6.197	12.209
-7.618	2.213	-6.205	-7.363	16.656
-6.503	1.398	-7.697	-8.036	3.011
-5.832	2.637	-5.705	-6.481	0.978
-6.100	3.814	-6.071	-6.235	15.140
-5.285	6.997	-7.332	-7.287	1.047
-6.996	5.272	-6.031	-6.818	5.424
