-0.384	-1.274	1.125	5.678	8.027	2.498	4.254	4.448
-0.860	0.039	-0.215	6.471	4.368	0.676	1.062	0.929
-0.868	-0.770	-1.311	5.715	5.069	2.203	4.925	0.933
1.114	0.353	1.054	18.316	1.727	3.268	7.595	3.871
-0.877	-0.463	-0.828	3.932	1.349	3.634	7.931	0.903
-1.333	0.527	-0.461	4.619	17.213	3.642	2.157	0.869
2.524	0.164	0.846	11.488	2.543	3.172	4.182	2.175
-1.006	-0.930	-0.358	16.730	12.695	2.965	8.154	2.893
-0.996	0.611	-0.248	15.284	2.817	4.179	3.055	3.251
0.411	-0.980	0.000	19.665	8.655	3.314	9.989	4.904
0.452	-1.068	0.994	10.247	3.741	1.817	9.412	3.471
0.216	-0.952	0.868	0.993	12.122	1.706	4.270	2.860
1.538	0.314	1.717	8.561	2.245	2.188	1.540	1.938
-0.206	0.664	-0.735	9.251	18.948	1.575	4.417	3.875
1.105	-0.545	0.558	13.300	5.458	1.081	5.631	1.107
-1.627	1.427	-0.210	11.234	0.114	3.773	3.887	1.151
-0.156	-0.360	1.171	17.008	8.254	0.209	4.343	2.827
1.520	-0.992	-0.241	15.711	6.105	4.416	7.568	0.913
0.029	-0.331	-0.460	5.006	4.088	4.915	1.666	0.131
0.414	-0.708	1.003	11.881	2.526	0.704	9.543	3.700
-0.989	0.384	0.867	9.938	2.201	4.814	0.157	1.248
-0.479	-0.627	-0.621	2.903	9.464	3.369	2.203	4.115
0.297	-0.775	-0.331	18.648	14.289	4.682	3.359	3.023
0.655	-0.981	-2.683	13.945	5.559	1.599	7.258	1.328
-0.669	1.048	-0.383	3.578	4.347	1.821	9.569	0.222
-0.233	-0.383	-0.644	11.209	8.048	0.715	9.031	3.623
-0.049	-0.069	-1.099	6.435	10.773	1.821	2.319	2.648
-0.813	1.999	1.226	17.827	4.034	2.408	0.564	2.619
0.576	-1.433	1.538	9.163	18.985	2.415	8.557	0.272
-1.468	-1.053	-0.175	5.326	7.372	4.617	1.957	4.541
0.987	0.226	-0.764	17.660	14.626	2.431	9.870	3.366
-0.111	1.305	-0.264	11.494	14.757	0.606	3.556	1.613
0.141	-0.443	-0.057	5.971	0.368	4.936	6.757	1.416
-0.797	1.465	0.015	15.608	4.383	3.485	3.025	1.171
-0.664	-1.289	1.726	0.083	12.819	2.652	3.472	1.008
-1.932	-1.177	0.406	17.554	6.399	4.406	2.694	0.342
0.741	0.592	-0.687	15.708	16.617	1.888	1.803	0.464
-0.405	0.830	-1.350	15.767	15.627	1.539	3.022	2.631
-0.329	-0.230	-0.551	0.605	1.274	4.770	0.335	2.585
-0.757	0.398	-0.041	14.760	14.242	4.852	2.527	3.558
-0.303	-0.466	-0.026	1.262	10.397	2.634	7.833	3.708
-0.144	0.745	-0.138	19.528	11.231	1.636	5.094	4.794
-0.126	-0.882	2.700	6.312	19.597	0.524	3.220	3.889
1.549	-0.211	-0.598	12.474	9.328	3.168	5.879	4.540
0.577	0.077	0.085	0.192	0.727	0.840	9.437	2.584
1.538	-0.048	0.216	17.256	18.835	0.819	7.989	3.349
-1.101	-1.051	0.077	14.595	9.863	0.912	0.773	0.434
-0.193	-2.011	0.296	6.733	3.227	3.741	1.856	0.847
0.679	-0.713	-0.752	19.431	10.453	0.844	0.072	0.482
-0.701	-1.071	-1.074	17.207	10.778	1.744	9.329	0.902
-1.273	0.315	1.026	15.565	8.307	2.879	5.139	3.968
0.813	2.477	-0.966	6.147	10.116	3.313	4.943	2.879
-0.753	-0.609	1.385	2.820	8.332	2.460	8.225	3.635
0.989	0.621	1.251	2.683	6.271	1.266	3.668	1.788
-0.665	0.994	-2.652	8.748	19.878	3.048	2.666	1.349
-1.946	-1.229	1.349	19.416	6.579	2.412	4.312	0.094
-0.824	0.043	-0.786	10.998	11.605	0.822	9.132	2.215
-1.128	-0.332	-1.873	2.026	0.388	1.999	4.217	0.304
-0.305	-0.340	0.529	4.860	14.931	4.189	2.437	0.134
-0.372	-0.530	-0.428	17.302	7.080	1.657	9.235	0.373
-0.156	-2.174	-1.549	1.449	18.365	0.993	3.525	1.079
0.111	0.539	1.888	8.461	11.219	3.599	3.062	4.168
1.092	1.502	-1.579	18.000	5.143	2.491	6.277	1.374
0.022	0.472	0.696	6.608	18.879	2.345	6.420	2.708
1.320	-0.835	1.194	4.675	4.796	0.228	7.835	3.540
2.152	0.814	-1.597	13.136	15.494	0.319	3.044	4.071
0.857	1.282	-0.075	8.310	14.845	4.511	5.877	3.835
-1.321	-1.338	1.265	3.476	8.262	0.466	6.164	4.148
0.234	0.623	1.791	12.212	15.919	0.739	5.742	4.175
0.731	0.626	0.146	9.777	13.949	2.625	9.330	4.429
-0.101	0.961	-0.207	4.748	17.061	3.249	9.615	2.631
-0.274	-0.447	-0.324	5.508	0.931	1.833	0.382	0.992
-0.585	0.367	-0.964	11.406	13.376	1.189	4.875	1.713
-0.930	-1.937	-1.786	12.066	5.636	2.703	4.480	0.997
0.362	-0.835	-0.996	2.069	16.899	4.326	8.728	2.861
0.841	0.943	-0.026	6.257	16.941	4.996	1.965	0.003
-0.981	-1.215	0.357	17.973	7.786	1.671	2.419	2.572
0.862	0.022	-0.194	7.296	14.219	0.256	2.721	0.384
0.915	0.466	0.188	9.172	8.209	0.251	6.045	1.472
-1.083	-0.559	0.838	13.356	8.683	1.359	7.618	1.215
-0.576	0.264	-1.510	17.602	4.124	2.986	6.818	3.560
-0.128	0.856	-0.153	17.942	15.043	0.440	2.785	1.103
-0.362	-0.792	-0.754	1.167	16.930	3.703	8.725	1.324
0.683	-0.545	-0.001	1.789	19.303	4.420	2.173	0.893
-0.202	-1.288	0.128	1.181	3.465	2.009	6.316	0.933
0.725	2.103	-0.045	13.023	12.426	4.208	6.295	2.457
-0.527	-0.708	0.308	3.203	9.217	1.566	8.858	4.761
-0.238	0.633	-1.025	5.937	7.233	3.268	9.618	2.271
1.097	-1.068	-0.709	5.009	10.256	1.838	5.654	3.559
0.591	1.866	2.879	16.539	14.716	0.730	5.249	2.047
0.392	-0.558	-1.847	6.148	3.738	1.636	5.926	0.220
0.485	-0.071	-1.111	3.676	15.770	1.652	6.392	3.515
0.418	-0.812	0.509	13.111	9.012	0.989	7.330	1.186
1.073	2.084	-0.856	4.216	6.715	2.198	7.117	2.001
0.015	0.319	0.301	12.067	5.936	4.603	0.774	3.464
-1.029	-1.181	-0.605	16.944	12.295	3.584	4.697	4.113
-0.414	0.572	-1.808	8.412	16.604	3.426	6.329	0.861
-2.400	-0.203	1.670	14.752	9.566	4.480	0.737	1.621
-0.720	-1.250	-0.892	2.949	5.330	0.957	9.007	1.033
0.816	-2.335	0.641	6.980	0.294	0.960	3.896	3.595
0.401	0.698	1.072	0.570	19.112	1.729	0.110	1.253
-0.984	-0.133	-1.007	3.753	11.664	1.410	6.119	3.996
-0.435	-0.154	-1.282	18.508	19.045	2.781	2.741	1.529
0.565	0.220	0.826	17.085	17.769	0.140	2.328	2.242
-1.025	-0.579	0.396	6.250	3.130	1.540	6.159	3.566
1.341	-1.099	-0.861	12.888	12.128	1.246	1.714	2.719
-0.820	0.736	0.016	16.546	3.281	1.023	7.189	3.633
1.514	-1.116	0.952	15.262	4.160	1.169	1.902	4.229
-0.344	0.034	1.386	0.921	15.777	1.653	3.367	1.881
1.324	1.497	-0.868	14.001	18.104	3.621	9.824	1.504
-0.359	0.435	-0.948	18.719	4.917	4.893	4.950	4.922
-0.556	-0.846	-0.225	15.111	3.984	0.755	6.036	1.043
-0.263	-0.104	0.593	3.653	13.310	4.712	5.512	2.063
0.190	-2.257	0.248	8.887	13.621	3.443	8.067	3.389
-0.630	-0.174	-0.282	18.635	7.234	0.250	3.778	0.294
0.998	-0.272	-1.503	5.216	10.137	2.752	0.622	4.349
-0.968	0.454	-1.025	7.769	6.742	2.828	6.648	3.217
0.719	0.549	-1.509	12.620	13.590	4.581	2.510	1.368
1.283	0.498	-1.581	3.457	12.784	2.657	4.557	2.329
0.521	-0.535	-1.236	17.298	5.855	2.387	2.431	2.619
0.451	-0.464	-1.175	14.541	12.976	1.197	6.587	0.960
-1.023	3.546	-0.954	14.346	13.330	2.440	8.399	2.523
-0.466	1.115	-0.840	0.887	1.422	4.227	9.490	1.766
0.197	-1.208	-0.952	17.926	4.021	1.975	0.064	0.796
-0.054	1.002	0.242	19.979	2.612	4.108	3.986	1.364
-0.637	-0.466	0.311	14.550	9.473	4.860	2.661	2.254
-0.365	0.144	1.299	16.979	13.259	1.653	7.786	0.863
-0.127	0.645	0.214	14.844	15.305	4.644	9.006	3.633
1.175	0.641	0.039	18.955	10.456	1.826	0.437	4.778
-1.017	1.041	1.616	4.111	1.035	0.415	0.590	1.026
0.501	0.011	-0.143	1.042	8.782	3.684	1.595	3.041
0.260	-0.763	-0.234	3.793	5.349	0.781	6.609	0.328
-0.547	-0.351	-0.404	0.807	19.147	3.525	1.180	3.322
2.034	0.399	-0.176	16.628	14.358	3.822	2.465	0.172
-0.637	-0.624	-0.187	13.855	1.726	3.760	7.293	2.588
-0.571	-1.081	-0.974	6.963	14.883	0.969	0.346	0.053
-0.395	-0.160	-0.872	2.719	3.552	4.726	0.856	0.614
-0.869	-1.906	-0.712	10.952	19.572	3.039	0.515	3.001
0.966	-0.848	0.375	13.369	10.120	4.610	6.374	1.499
0.133	-0.460	-0.451	1.174	2.413	3.570	5.499	1.659
0.074	0.568	1.872	7.574	15.976	1.126	7.569	3.404
0.135	-1.243	-0.773	7.889	9.241	3.402	6.864	0.972
1.669	0.220	-0.407	5.585	9.291	3.514	0.565	0.870
-0.792	-1.143	1.051	10.880	9.544	2.228	7.578	3.575
-1.028	-0.746	1.352	6.531	17.959	4.825	2.855	1.040
0.312	-1.382	-0.762	16.150	3.898	4.407	5.123	0.672
-0.189	-0.119	-0.851	2.018	10.193	3.308	0.005	4.597
0.189	1.476	1.150	16.351	1.677	3.050	9.763	3.207
-1.529	-0.919	1.030	16.299	12.943	1.816	9.706	2.617
0.090	-0.332	-0.451	16.637	16.483	4.999	7.714	2.302
-0.261	-0.131	1.652	12.085	10.974	2.255	2.667	4.033
0.017	-0.486	-0.319	19.498	15.998	0.105	8.495	4.225
-2.946	-1.221	-0.062	10.439	8.734	4.689	5.727	2.267
-0.662	-0.262	0.733	19.552	5.647	0.702	8.428	0.715
0.357	1.364	1.153	19.724	8.880	2.142	4.808	1.012
-0.130	0.353	0.975	6.911	1.156	4.067	6.840	2.681
-0.448	1.400	-0.100	3.102	0.687	3.002	2.303	3.367
2.508	-0.199	1.822	9.877	16.856	2.142	1.748	3.224
-1.091	1.420	-0.243	2.198	12.711	2.227	7.629	0.369
-1.292	-0.611	0.140	19.697	13.767	3.961	4.408	4.639
0.254	0.528	-0.023	8.266	1.864	0.158	0.326	2.490
2.181	-0.421	0.356	2.872	0.311	1.094	1.766	2.532
0.081	-1.026	1.320	13.954	7.114	1.539	8.428	1.786
0.767	-0.817	0.177	12.279	2.191	1.252	9.541	4.595
0.812	1.103	-0.083	7.991	4.848	2.728	9.184	1.781
-0.709	0.466	0.607	6.474	8.643	0.056	0.857	3.817
0.771	2.458	-0.146	19.345	6.125	3.322	9.864	3.928
0.278	0.483	-1.005	17.966	19.332	2.140	2.014	2.534
-2.558	0.393	0.783	17.688	8.247	4.558	4.292	1.801
-2.256	-0.218	-0.438	2.497	10.557	4.976	6.913	2.351
1.644	1.044	0.919	2.775	19.723	0.728	7.602	1.211
-0.284	0.321	-1.468	9.321	18.473	3.337	7.166	0.850
-2.073	-1.183	-1.028	6.525	9.143	4.761	2.125	4.213
-1.039	-1.644	1.261	14.596	11.019	1.428	2.398	2.800
0.630	-1.111	-1.156	9.355	6.798	1.236	6.774	1.546
-1.439	-0.281	1.380	0.326	4.740	4.201	7.354	4.967
-0.872	-1.986	0.514	9.744	19.646	4.910	9.585	4.630
-1.358	-0.032	0.712	10.137	5.218	4.205	9.117	0.015
-1.715	-0.041	-0.876	8.417	10.104	4.967	3.408	3.230
-0.061	1.139	-1.572	3.434	17.616	0.960	2.305	1.752
-0.063	-0.921	1.124	2.912	18.113	4.592	8.351	4.199
0.526	0.474	1.072	19.704	2.372	4.750	4.443	1.703
-0.580	0.272	0.017	18.574	13.300	0.141	7.488	1.567
-0.053	-1.015	-1.014	6.217	11.135	3.020	3.950	2.761
-0.041	-1.033	-0.242	7.616	15.356	3.373	1.311	4.152
1.033	0.343	1.213	7.532	3.194	3.667	2.849	1.009
0.427	0.364	0.029	16.924	7.185	2.639	0.292	1.282
-0.204	1.062	0.712	1.674	18.707	2.182	6.765	2.300
-1.292	1.799	-0.314	16.228	3.122	0.701	5.845	2.187
-3.094	0.870	1.154	18.887	18.092	3.713	5.803	3.085
0.726	0.526	-0.492	6.632	15.424	0.363	3.554	1.084
0.428	-1.131	-2.118	10.162	12.929	1.296	0.241	2.003
-1.811	1.845	-1.572	9.248	9.326	2.552	2.658	2.597
-0.055	-0.431	-0.262	11.262	19.926	1.754	6.978	1.367
0.380	-0.195	0.562	15.303	5.548	4.547	7.691	3.566
0.538	1.533	-0.360	18.512	6.855	0.872	4.622	0.875
-1.079	-2.012	-1.044	1.227	16.703	4.960	0.097	3.643
0.301	1.261	1.196	3.279	5.868	1.197	9.877	1.029
-0.889	0.590	-1.496	2.993	12.883	4.077	9.454	1.441
-0.666	0.401	0.938	5.337	1.976	1.560	6.111	3.825
-0.473	-2.083	-0.628	6.659	7.411	2.029	6.439	0.438
-1.093	0.750	0.221	16.455	3.928	1.205	2.568	1.865
-0.693	-1.635	-1.515	9.488	5.880	2.857	8.543	1.026
0.196	1.341	-2.097	16.211	11.949	2.955	0.854	3.265
1.750	-0.326	-0.161	4.721	1.901	0.843	3.342	4.735
0.534	-0.569	-1.209	11.473	5.955	0.319	3.338	4.905
0.791	0.568	0.197	15.405	1.306	0.485	0.336	1.213
0.465	-1.071	1.045	2.090	14.510	1.063	4.014	1.953
0.932	0.909	0.940	8.241	4.974	3.636	1.744	4.703
0.206	-1.270	2.297	2.561	13.205	1.801	7.879	3.890
-1.160	1.672	-0.042	3.213	16.993	0.245	8.150	1.064
-1.139	-0.344	-0.381	16.942	17.007	2.400	2.289	3.387
-0.336	1.535	-3.036	2.089	9.807	3.703	9.929	3.725
1.616	0.351	-1.610	5.596	8.071	0.871	0.868	0.802
1.286	0.320	-0.559	4.551	10.261	3.063	5.553	4.919
0.433	-0.026	0.255	17.067	2.546	1.668	5.381	1.555
0.715	1.597	-0.033	7.590	12.049	1.018	1.939	4.979
-0.226	0.072	1.335	3.476	5.300	4.167	3.139	0.030
-0.825	0.197	0.109	11.841	0.492	0.984	9.117	0.843
-0.040	0.442	-0.138	11.995	0.619	4.958	4.172	0.923
-0.690	-0.905	-0.211	10.569	0.797	2.474	9.164	4.145
-0.139	-0.190	0.125	6.103	6.132	4.773	0.116	0.204
-0.365	0.932	-0.854	18.159	11.263	4.302	0.635	2.519
2.035	-0.277	0.455	2.501	6.038	2.104	8.002	4.648
1.261	-1.057	-0.852	9.096	7.931	0.867	8.572	2.677
0.622	0.902	0.669	1.976	3.583	4.974	6.732	2.876
1.488	0.569	-0.658	4.218	11.199	0.821	9.015	4.395
-0.112	0.377	0.498	8.135	5.092	2.306	3.203	4.103
1.169	-0.330	0.298	10.599	4.572	4.663	0.221	3.286
1.074	0.348	-0.391	7.772	10.323	4.205	1.489	1.454
0.651	0.897	0.164	9.517	12.191	3.382	4.202	3.021
2.534	-1.665	-0.513	6.134	14.940	0.849	2.463	2.227
0.359	2.467	-1.694	14.012	8.705	4.150	6.520	2.711
-0.256	1.264	0.489	18.567	5.259	2.024	6.481	0.452
0.076	1.022	0.127	18.299	7.613	3.255	7.946	0.103
-0.130	0.580	-0.743	17.425	3.504	2.711	8.040	4.169
0.353	-0.729	-1.061	3.246	18.121	3.863	3.334	1.241
1.344	-0.964	-0.119	6.540	15.996	4.701	4.167	2.749
-0.997	-1.044	0.873	15.362	16.644	1.171	4.363	3.647
0.679	1.004	0.282	11.912	19.251	4.021	1.576	0.390
-0.547	0.057	0.611	7.979	11.505	3.505	5.581	1.194
0.163	-2.123	-0.884	10.296	12.549	4.535	3.233	1.174
0.025	-0.465	0.497	6.516	4.366	4.013	3.401	0.167
0.083	0.229	-1.440	0.254	11.008	3.042	2.298	2.304
1.381	-2.287	0.154	0.382	3.868	3.529	5.692	3.395
0.042	-0.803	-0.061	6.429	8.337	2.550	3.327	0.851
-0.558	-0.458	-0.102	7.284	12.731	0.617	2.365	0.016
-1.258	-1.742	-0.899	8.654	3.525	3.250	8.206	4.342
1.178	-1.859	0.621	1.300	9.635	2.153	6.001	1.222
0.562	0.662	1.402	3.251	8.212	2.424	8.380	2.076
-0.392	1.114	-2.220	13.191	0.858	4.107	3.126	2.563
0.211	0.439	-0.048	11.291	2.930	0.708	0.604	0.054
-0.173	-0.188	-1.004	10.360	13.360	1.537	6.564	2.183
0.017	0.751	-0.920	17.071	9.143	3.157	6.979	0.085
-0.194	-0.553	0.414	7.796	18.266	4.324	1.725	3.603
1.039	-2.220	0.104	6.120	2.931	3.000	8.563	4.322
1.454	1.475	-0.031	0.086	0.881	1.784	3.030	4.007
1.221	1.597	0.412	15.699	16.882	1.617	9.553	1.689
0.698	-0.722	2.218	16.870	14.967	0.235	7.868	2.830
-0.789	0.811	0.991	8.487	15.097	0.900	1.512	2.090
-0.409	1.884	1.095	15.436	7.606	3.363	4.493	2.839
0.610	0.159	-0.472	18.031	12.805	1.352	8.428	0.937
-0.604	-1.338	0.588	19.473	19.194	0.498	7.124	4.659
0.245	-0.170	0.471	12.153	2.093	4.797	3.741	3.547
-1.131	-0.918	1.408	6.796	7.149	2.029	5.851	0.446
0.642	-1.006	-0.596	12.482	6.759	1.359	5.045	4.933
0.055	0.640	1.161	4.652	4.108	0.140	8.376	2.885
-0.181	1.659	-0.516	18.072	0.892	4.414	8.196	2.479
1.412	0.577	0.116	1.132	8.574	1.400	5.377	1.953
1.865	-1.071	-0.115	8.355	6.435	0.218	7.616	4.755
-1.917	-0.733	0.199	15.951	15.324	3.729	4.883	1.585
1.934	-0.215	0.605	19.303	14.904	0.027	2.300	1.186
0.154	-0.820	-0.489	8.612	16.011	1.237	6.118	4.563
-0.405	0.188	2.068	0.425	0.888	1.712	3.704	1.913
-0.300	-0.544	-0.424	5.593	2.248	4.645	8.480	4.648
-0.667	-0.171	0.610	12.725	8.296	2.486	4.903	1.114
-0.074	-0.158	-0.665	17.347	19.236	1.489	9.310	2.356
0.331	0.684	0.532	3.994	1.073	1.389	0.920	0.598
-0.495	-0.810	1.193	16.466	1.791	2.375	1.045	1.898
0.151	-0.741	-1.611	19.507	7.872	4.156	5.578	2.029
0.405	-1.299	-0.083	14.040	0.670	1.805	7.500	3.206
3.130	0.844	-0.027	14.455	4.928	2.260	3.770	2.325
-0.100	1.535	-0.876	0.330	13.275	2.773	6.094	4.048
0.575	0.080	-0.198	15.834	11.742	1.330	8.410	2.873
0.724	-0.907	-0.972	5.958	18.359	3.213	5.759	1.271
0.703	0.531	-0.325	15.492	17.822	4.449	4.845	4.128
2.384	0.073	-0.807	1.401	15.807	2.216	0.797	2.641
-0.625	-0.551	0.116	14.121	14.708	4.733	1.471	0.830
0.968	-1.715	0.789	13.595	9.333	2.613	6.977	2.476
0.525	0.618	-0.125	12.970	5.631	0.043	0.033	3.760
0.010	-0.372	-0.049	12.082	2.713	2.144	4.981	2.884
-0.365	0.647	-1.116	10.640	5.081	2.530	7.358	0.574
1.194	2.692	1.206	12.399	15.771	4.872	0.278	4.910
-0.974	0.075	-0.495	7.365	13.139	1.895	0.437	4.683
-0.176	0.498	-1.528	19.463	2.360	4.370	5.305	2.865
0.801	-0.266	-1.382	5.096	9.358	3.332	2.459	4.698
-1.165	0.241	-0.775	6.688	11.075	3.055	1.815	4.762
1.002	1.059	0.256	9.967	2.084	3.645	2.288	3.597
1.576	-0.333	-1.089	18.410	15.511	0.840	3.353	2.396
-0.894	-0.807	-0.473	14.106	14.582	0.821	6.316	2.323
-0.071	-0.316	-0.520	18.713	6.711	1.118	2.990	1.933
0.645	-0.533	-0.749	9.499	5.970	0.188	6.845	3.119
0.987	1.661	1.240	14.043	6.512	0.669	8.299	4.859
-0.654	-0.607	-1.298	18.540	2.990	1.376	4.015	2.874
-0.446	-0.220	-1.474	2.216	2.500	0.297	2.359	1.360
-0.336	-1.175	0.713	1.403	16.887	0.234	1.207	3.390
-0.467	0.086	1.793	15.386	8.864	0.553	0.869	1.830
-0.356	1.317	0.275	18.314	2.819	4.725	3.128	0.711
1.016	-1.022	-0.329	11.216	17.116	3.659	5.098	4.940
0.477	0.860	-0.022	2.861	8.865	4.112	2.363	4.046
-1.335	0.510	0.708	3.832	11.902	1.002	3.726	0.757
-0.179	0.192	-0.234	16.943	0.937	2.013	0.781	4.575
-0.695	-0.839	-0.073	16.445	19.544	2.333	6.779	0.063
0.645	0.984	-0.084	10.599	15.814	0.936	5.963	3.117
-0.849	0.304	0.250	1.139	9.647	1.096	8.608	3.101
0.920	-0.477	0.029	19.173	14.361	1.437	9.666	3.385
1.833	1.462	-0.791	0.842	2.173	3.547	5.441	1.639
-1.060	1.641	0.880	10.489	10.099	3.145	3.475	3.648
-0.996	0.565	-0.182	1.320	13.765	3.341	0.670	2.053
-0.071	0.689	1.509	8.785	16.761	4.466	2.393	3.136
0.935	-0.423	1.390	2.599	3.641	2.339	5.143	1.346
0.650	0.176	0.887	16.124	2.530	2.030	1.670	2.864
1.041	-0.257	0.934	10.840	13.002	4.302	9.130	0.744
1.436	-0.450	0.052	11.281	16.135	3.895	2.546	4.623
1.879	1.258	0.274	7.914	0.475	4.807	0.280	1.476
-1.237	-0.215	2.223	10.356	16.405	4.232	0.522	0.199
-0.079	0.471	1.221	9.696	13.887	3.145	8.255	1.786
-1.430	0.300	0.132	14.753	13.513	0.448	4.386	2.991
2.658	2.118	-2.145	16.462	14.242	0.407	1.469	0.884
-0.290	-1.125	0.272	2.438	10.960	3.759	2.088	1.384
-1.232	-0.117	-0.367	3.358	2.391	1.488	9.334	1.265
-0.205	-0.023	-1.834	13.281	0.870	3.846	4.469	4.360
-0.924	-0.717	0.808	12.562	18.018	3.680	1.607	1.875
8.364	6.508	3.305	8.141	12.939	5.983	3.281	4.776
9.853	6.136	4.904	9.963	7.824	5.771	5.414	0.700
2.132	5.118	5.828	2.745	3.773	6.087	3.696	0.901
7.499	5.526	4.451	14.703	6.050	4.427	9.292	1.657
6.504	5.090	6.024	10.861	18.892	4.530	0.625	1.836
8.668	3.796	4.652	7.394	15.889	4.757	0.580	0.028
5.765	4.740	4.648	16.533	4.602	5.897	9.051	3.248
6.076	3.068	5.231	17.591	6.638	5.194	9.031	2.075
4.133	6.302	4.725	0.804	12.453	5.161	2.404	3.197
0.020	3.787	6.519	10.253	0.105	5.380	2.870	4.688
2.068	2.974	4.689	11.563	7.726	4.290	7.631	4.938
2.626	3.633	5.543	6.449	2.196	4.862	0.374	1.947
8.996	5.784	6.135	4.998	0.109	2.892	2.105	1.320
5.488	2.850	5.395	6.346	16.177	4.774	2.538	0.656
3.658	5.911	2.997	12.492	0.169	4.947	4.059	0.598
1.768	7.982	6.358	12.318	13.462	5.113	4.507	3.506
3.195	4.624	6.378	8.606	3.299	3.181	2.393	2.284
2.630	4.821	7.137	17.000	8.734	4.533	1.587	4.484
9.878	5.682	5.272	3.015	8.354	6.724	2.544	0.758
6.915	5.458	5.712	16.948	5.616	4.228	5.965	0.012
8.722	4.365	5.822	14.565	9.482	4.356	9.717	4.589
3.281	7.824	6.529	6.179	2.323	5.626	6.351	3.270
9.898	4.468	3.813	15.294	12.173	4.893	5.793	4.791
9.746	6.195	4.894	14.989	3.902	4.387	7.888	2.715
9.849	4.479	5.295	9.678	10.371	6.433	8.471	0.860
3.577	3.841	6.325	15.476	15.554	5.232	2.084	1.603
5.741	5.011	3.875	3.774	17.462	3.732	0.225	3.083
9.039	5.019	4.090	11.323	18.717	6.661	6.985	2.640
5.352	5.252	5.053	4.214	7.026	3.900	7.779	3.077
4.222	3.954	4.696	9.108	12.205	7.937	1.043	4.197
9.479	5.252	3.964	11.014	7.674	4.420	2.981	0.729
3.234	6.025	3.682	14.539	8.038	4.445	8.736	4.940
6.870	6.176	4.969	10.027	18.217	2.773	4.818	2.695
0.607	4.790	4.761	9.213	14.412	5.181	2.001	2.511
2.772	5.384	3.549	3.326	6.684	4.330	1.999	0.877
7.607	3.112	5.807	11.696	17.329	5.467	2.824	0.218
8.698	5.782	4.749	16.596	0.435	4.729	4.505	1.632
7.209	3.784	4.615	11.332	1.891	6.212	3.280	3.634
1.911	4.988	3.299	5.283	1.401	4.517	0.328	1.872
7.267	6.148	4.056	5.957	18.777	6.424	1.950	3.147
2.296	6.137	4.436	4.105	0.004	5.941	0.982	3.569
5.651	6.101	5.369	18.231	10.977	6.033	9.908	3.514
9.076	4.735	6.170	8.754	16.619	7.482	5.125	2.594
2.056	5.685	5.104	4.966	19.418	6.447	3.041	4.890
4.389	3.385	6.616	14.678	2.825	4.090	9.373	1.811
3.687	6.239	4.060	6.027	2.965	5.218	5.923	2.898
8.654	4.916	4.256	3.371	7.298	5.824	3.832	3.781
4.363	5.235	3.670	8.180	5.873	4.275	5.264	4.584
9.439	5.008	4.621	13.245	10.661	3.911	8.396	1.857
1.943	6.121	5.403	13.701	19.280	3.743	1.740	2.266
6.589	2.728	5.621	18.137	3.147	5.270	6.141	3.820
8.601	4.636	6.072	7.556	18.709	6.902	2.971	3.666
7.940	4.741	3.730	10.834	19.203	5.146	8.278	3.306
5.839	5.346	5.346	11.489	18.015	4.327	7.289	4.159
9.767	4.788	6.024	19.089	5.090	5.409	8.665	2.994
1.049	4.493	5.078	6.749	10.570	4.767	8.377	3.684
5.777	4.493	3.354	12.009	13.660	5.956	8.169	4.693
4.327	3.970	3.847	3.478	7.476	4.538	0.079	2.598
7.012	6.871	6.143	10.519	19.677	4.690	8.849	4.462
2.869	4.206	3.864	5.732	18.999	5.059	3.178	4.756
8.669	6.112	5.451	16.425	12.009	3.965	6.278	4.401
9.439	6.025	5.510	6.063	3.767	5.335	9.913	0.823
8.781	5.216	5.948	15.501	12.694	5.950	1.125	0.843
1.661	5.171	4.545	5.159	11.619	3.344	2.211	4.257
8.126	4.954	5.976	9.849	7.399	4.676	1.738	3.330
1.484	3.833	6.117	8.656	5.090	7.025	6.137	0.416
0.785	5.219	4.868	16.693	2.740	4.432	3.339	3.154
1.145	5.303	4.399	9.326	10.235	4.257	5.867	1.012
5.553	5.117	3.391	10.707	14.739	3.667	8.342	4.868
3.708	4.220	5.763	11.590	15.932	4.614	2.154	4.848
8.329	5.201	6.211	16.675	6.292	4.689	2.080	0.376
8.647	5.013	5.519	1.944	0.190	5.394	1.794	2.946
2.559	3.773	5.227	14.206	8.083	5.671	8.445	2.725
9.866	4.559	4.647	10.340	8.255	5.366	0.978	2.010
4.152	5.536	5.240	5.606	8.278	4.845	9.388	0.147
8.220	7.396	4.821	13.521	15.131	4.868	6.576	1.595
3.529	4.236	3.876	6.051	17.813	5.727	9.600	1.338
4.555	3.847	6.459	2.193	2.824	5.589	1.606	0.753
3.550	4.945	7.023	13.226	15.850	2.880	9.731	1.108
2.879	5.047	5.498	0.093	10.612	3.836	1.761	2.037
3.705	4.759	3.917	15.589	5.342	4.724	1.072	4.908
2.047	5.364	2.927	13.236	15.892	4.131	8.604	4.521
5.189	5.267	4.616	16.187	3.453	3.401	2.907	4.200
0.578	3.966	6.685	13.163	15.301	4.321	1.654	4.289
7.496	3.292	4.131	7.086	19.636	4.375	6.517	3.084
8.595	4.753	5.511	0.819	0.456	4.745	4.228	3.204
6.193	5.245	7.574	7.477	2.183	2.732	7.957	0.957
8.602	5.182	5.725	13.473	1.735	4.976	8.076	3.944
9.192	4.913	5.156	17.784	15.463	5.416	0.045	3.307
3.523	5.276	6.354	13.607	19.827	4.044	9.303	1.986
1.394	4.976	4.152	4.601	13.024	3.397	9.027	4.387
4.530	4.486	4.883	19.460	9.852	4.720	6.164	2.828
0.066	5.009	5.967	14.618	4.601	5.073	9.115	2.517
6.442	5.720	4.256	8.745	13.400	5.311	0.997	4.295
2.219	6.554	5.466	16.553	8.377	4.953	2.529	4.691
0.869	5.888	4.318	14.835	12.066	4.182	2.162	2.551
3.507	6.163	4.893	9.472	3.035	4.128	4.295	1.189
1.760	6.732	5.721	10.813	7.228	4.432	1.855	2.240
2.604	4.557	4.508	10.061	10.069	4.315	6.516	0.262
5.643	5.427	4.628	9.259	15.046	2.202	0.622	0.643
6.224	4.735	3.812	16.434	18.093	5.300	7.436	0.229
0.223	3.945	4.033	4.202	4.122	5.161	7.369	1.566
5.761	5.027	4.744	12.715	11.386	4.158	1.998	3.280
0.787	4.067	6.251	6.549	1.732	5.140	3.387	4.883
0.869	4.358	4.330	7.240	0.977	3.322	0.109	0.078
9.356	3.689	5.605	14.956	19.159	3.594	4.634	2.306
9.196	4.655	5.559	11.151	10.865	7.246	8.862	0.951
0.018	4.746	4.904	18.549	8.641	4.899	9.697	4.699
7.856	5.426	2.853	18.452	8.853	4.489	8.273	2.771
1.858	6.636	4.849	10.062	2.534	4.393	7.484	4.142
6.918	5.313	5.763	5.220	0.537	5.336	5.600	3.917
9.024	3.535	3.928	12.049	18.766	4.243	1.409	2.752
1.093	5.856	4.747	10.001	2.893	5.909	4.659	0.504
3.534	4.551	4.265	11.956	12.199	5.105	7.964	3.854
6.695	5.430	4.246	8.282	10.492	5.124	2.495	1.236
6.573	6.464	4.843	19.237	9.294	5.416	3.337	2.665
2.478	5.849	5.511	14.328	8.898	4.076	4.101	4.981
0.978	2.520	4.581	12.534	8.501	4.705	0.501	2.446
6.984	4.908	4.074	11.340	6.068	6.655	8.686	2.736
0.033	4.321	4.691	5.210	14.667	5.151	2.903	0.445
8.453	3.109	5.165	17.660	4.019	4.451	5.610	1.487
4.293	4.276	4.460	13.349	15.011	3.272	1.078	0.451
9.673	4.256	4.823	9.230	6.386	6.417	5.565	2.572
2.173	5.479	4.827	11.239	9.403	6.105	8.734	4.834
2.692	4.246	4.853	11.056	1.724	5.373	6.446	3.703
8.662	3.459	4.449	18.648	8.577	7.677	1.648	3.054
0.941	5.780	5.239	19.852	14.602	4.462	6.805	1.672
4.231	4.698	4.555	1.971	4.824	3.572	7.081	4.556
6.791	2.716	5.209	14.200	12.112	5.618	5.873	2.496
6.621	5.340	4.058	1.635	1.185	5.867	7.646	4.366
5.575	5.161	4.091	18.423	18.071	4.834	3.193	4.026
0.251	4.697	5.654	12.634	8.944	4.644	9.772	1.455
2.168	5.183	4.812	2.351	15.129	5.528	4.851	3.135
0.688	5.762	6.389	5.697	8.495	3.295	5.797	0.639
7.775	5.032	4.373	6.535	12.160	6.245	7.198	1.940
6.939	5.740	5.320	13.146	15.867	5.811	8.197	3.057
1.772	4.152	6.082	1.673	18.235	5.078	1.573	0.584
4.669	6.187	6.847	2.987	13.748	6.398	2.689	3.304
2.938	4.926	4.595	13.581	8.085	5.161	1.680	3.085
5.951	3.814	4.959	4.141	4.806	7.477	3.226	0.427
2.434	3.842	5.420	4.835	5.208	4.157	0.917	2.292
6.545	5.465	5.532	3.102	10.335	4.972	6.491	1.610
6.673	5.772	4.307	1.059	8.838	4.759	0.564	3.097
9.482	5.928	5.273	9.150	18.919	5.565	5.300	1.428
0.603	5.847	5.382	13.561	12.510	5.015	3.958	4.233
2.255	5.257	4.811	9.416	3.627	6.154	4.061	0.174
7.537	3.710	4.573	14.705	17.721	4.935	4.572	3.171
5.244	3.657	4.433	1.863	0.568	5.373	7.924	1.794
9.757	5.821	3.663	15.929	4.405	3.850	7.727	0.387
7.857	4.854	6.247	13.464	7.472	4.036	3.589	1.852
6.744	5.090	5.456	12.468	11.695	5.034	3.891	1.427
2.321	4.782	5.103	15.905	9.814	4.376	1.383	0.530
6.792	6.138	6.061	8.614	0.915	4.637	7.851	3.977
9.382	5.233	3.607	14.956	8.447	5.373	3.737	2.601
7.190	5.629	4.638	13.910	14.347	3.842	5.111	3.432
5.764	5.851	5.015	14.461	13.479	4.486	9.943	2.587
4.740	4.449	4.904	1.034	11.766	4.373	2.294	2.821
1.618	5.795	5.063	13.734	2.418	3.674	1.146	0.299
8.223	4.503	5.820	18.273	0.864	5.149	7.202	2.509
8.382	5.597	4.729	5.343	1.913	4.165	1.704	0.309
1.515	6.630	5.680	5.032	13.059	6.014	7.485	0.254
6.669	4.637	4.506	13.852	4.412	3.993	1.808	0.491
7.475	5.301	3.831	13.549	3.266	5.916	1.579	4.338
7.629	4.153	3.209	4.519	18.175	4.839	0.123	4.583
2.776	5.845	4.535	18.106	0.295	4.084	3.219	4.077
3.628	6.450	5.095	15.961	15.455	5.901	9.256	4.866
4.066	4.953	3.413	2.501	10.179	3.285	3.580	2.400
4.310	5.133	3.937	4.575	16.913	4.876	4.183	1.492
8.447	6.883	4.976	8.791	9.776	4.653	7.429	1.195
3.087	6.073	4.938	17.478	13.534	5.343	4.716	2.771
8.950	4.252	3.581	18.938	8.007	4.222	7.490	1.553
8.675	5.544	4.702	12.345	6.805	5.344	9.353	1.380
4.737	6.007	5.254	8.856	9.426	3.959	4.589	2.069
8.765	4.237	4.281	1.606	13.256	4.310	0.188	2.063
9.723	5.337	3.167	8.148	12.143	4.638	1.009	1.138
6.022	6.650	4.968	19.780	7.259	6.580	7.028	0.652
5.705	3.706	3.108	8.241	13.158	5.960	5.819	2.649
2.433	4.123	4.904	11.466	14.846	3.324	5.299	0.730
5.494	6.381	4.783	19.637	16.180	4.156	3.718	0.063
3.096	4.549	4.992	0.781	8.802	4.879	9.695	3.138
4.807	4.625	4.719	13.899	7.593	4.597	9.037	0.431
5.787	4.145	5.336	14.387	11.771	5.150	8.147	4.631
8.119	4.136	6.098	3.303	5.089	4.972	8.443	2.298
9.563	6.062	4.852	15.337	7.849	5.470	8.708	0.037
1.659	5.659	4.947	16.285	2.517	6.297	1.807	2.939
8.785	3.798	5.048	16.402	12.351	4.734	0.219	0.046
0.740	4.159	5.049	14.959	17.584	5.123	9.289	2.529
8.461	5.040	5.989	6.010	11.404	6.840	8.833	0.664
7.665	5.049	4.668	15.113	17.260	3.889	8.528	2.979
5.482	6.640	4.470	14.241	8.664	4.816	7.107	3.470
7.626	4.135	4.863	10.123	5.257	3.543	8.803	1.640
1.832	6.298	5.155	10.077	10.083	6.774	8.102	4.081
1.532	4.184	5.151	19.617	9.955	6.363	6.488	3.741
8.773	5.071	4.217	12.394	4.625	5.392	7.367	0.356
4.178	5.222	6.233	12.761	10.901	5.209	1.182	4.652
3.474	3.661	4.879	2.269	9.794	4.533	6.543	0.122
1.831	5.717	6.819	15.494	8.797	4.832	9.329	4.544
1.359	3.963	4.761	15.170	10.570	5.098	3.474	1.913
2.579	4.498	3.707	10.094	11.008	4.491	1.433	2.595
2.829	6.122	6.190	16.890	12.047	4.757	2.301	0.382
2.143	5.246	5.666	17.179	7.640	4.142	5.540	1.237
7.772	5.302	6.687	13.505	12.674	5.571	7.383	2.341
4.531	5.686	3.747	16.001	13.663	5.500	5.999	1.325
4.451	4.893	3.676	8.800	18.699	5.467	9.443	4.676
3.632	3.250	4.943	11.401	10.353	6.760	3.740	2.437
1.945	5.633	5.878	1.809	16.620	6.099	6.570	4.346
0.281	3.131	6.076	14.932	6.890	4.916	6.982	1.693
6.041	4.575	5.452	5.428	10.942	5.167	9.982	0.540
3.585	2.680	3.839	16.442	7.443	4.537	9.244	4.896
7.518	4.400	4.507	14.497	18.756	4.804	1.917	0.137
8.428	6.283	4.542	5.415	0.756	6.500	4.739	3.577
2.614	4.677	5.155	11.970	9.415	5.348	1.092	4.942
2.181	4.223	4.818	8.236	5.698	5.571	5.250	3.480
7.966	3.592	5.131	7.958	7.475	6.092	1.563	0.453
9.945	4.940	3.908	16.503	3.610	6.259	3.951	1.331
9.640	6.443	5.323	15.561	0.568	4.743	0.937	0.726
6.031	4.044	5.856	2.166	12.948	5.091	7.382	1.641
2.992	4.047	5.406	14.650	16.069	3.706	1.835	0.339
1.551	3.373	5.522	5.795	2.068	6.365	8.999	0.119
1.694	4.148	5.377	13.476	13.979	3.293	2.819	4.233
3.396	5.760	5.603	6.398	9.186	5.107	8.365	3.403
7.719	5.791	6.111	6.930	2.248	6.478	4.746	3.473
9.142	7.454	4.483	1.138	7.733	5.847	0.872	4.412
2.111	4.764	6.091	0.411	3.399	4.299	5.016	3.777
7.119	3.959	5.241	3.829	19.400	4.709	1.894	1.375
8.852	5.661	5.858	10.763	15.038	3.243	3.678	0.343
8.442	4.021	5.005	12.966	5.826	3.341	1.837	0.405
2.871	4.285	5.605	16.185	1.490	5.486	6.713	0.480
1.607	5.855	4.649	0.629	17.364	4.518	1.886	2.373
6.367	6.269	5.525	17.177	0.855	5.402	6.561	1.385
3.403	4.453	4.919	10.434	5.993	4.634	9.215	4.468
9.355	6.890	3.807	3.668	18.626	4.573	6.278	4.990
8.982	5.612	4.742	15.625	7.214	6.751	1.704	3.662
2.710	6.127	4.515	9.999	5.827	5.740	1.315	3.144
8.940	4.794	1.852	18.406	15.296	4.088	7.906	0.372
7.936	7.430	5.108	1.200	17.959	6.061	7.426	2.716
0.278	5.898	6.434	7.405	12.760	6.246	3.211	2.056
5.499	5.547	2.353	6.827	10.604	4.594	9.803	0.570
5.096	5.625	6.207	18.801	4.620	5.562	5.233	0.532
1.309	2.594	4.948	0.035	13.223	3.771	3.652	1.655
3.586	5.137	4.240	3.903	13.963	5.298	4.999	3.212
2.395	5.706	3.473	9.311	4.801	4.073	5.204	1.794
1.305	5.172	5.727	5.941	14.955	5.077	9.009	4.668
2.824	5.175	4.961	14.578	15.090	4.480	1.791	3.481
4.372	4.775	4.744	13.630	5.536	5.424	1.478	3.343
0.964	6.257	5.578	9.059	18.226	4.284	5.710	0.730
2.586	6.131	5.172	15.693	18.599	6.525	5.311	4.404
6.446	5.468	4.869	12.113	4.045	4.169	9.832	2.686
5.619	5.412	4.072	5.824	10.381	6.038	9.267	1.193
3.282	4.582	4.938	18.955	14.847	4.076	5.930	2.255
1.141	5.910	4.653	10.248	0.252	5.440	5.891	0.302
8.652	3.571	4.152	2.607	11.247	3.029	2.519	3.281
0.271	6.727	6.077	4.297	1.635	5.463	0.482	4.687
0.188	6.641	4.951	13.659	10.284	4.477	3.465	3.164
9.447	5.526	5.757	7.228	8.683	5.545	6.299	2.171
3.384	5.745	5.698	5.242	0.274	4.373	6.367	1.046
4.871	4.235	4.327	5.649	11.375	4.402	7.764	4.294
8.439	3.923	3.997	19.614	7.175	4.865	9.252	1.710
6.365	3.971	6.340	17.913	17.632	4.709	9.746	3.362
7.071	4.224	5.927	18.132	12.019	5.629	9.168	0.850
2.351	4.338	6.297	5.814	16.239	4.402	7.210	0.923
4.670	5.815	3.136	13.522	17.294	6.121	2.059	3.280
1.581	4.592	3.004	18.558	14.161	4.955	1.588	4.968
9.553	6.411	6.302	19.732	4.368	3.857	2.263	2.138
2.029	4.508	4.273	15.852	6.599	3.938	6.751	0.850
3.449	4.137	4.009	2.365	9.051	4.571	1.358	0.918
1.693	4.129	5.932	5.074	12.517	6.341	3.740	1.443
0.078	5.456	4.047	0.209	9.179	6.001	5.426	1.656
0.487	6.185	5.394	16.730	7.245	6.028	6.092	4.892
9.257	4.761	5.492	11.533	5.285	6.043	7.721	3.642
2.408	3.397	4.163	11.134	5.532	4.867	2.993	0.400
7.341	3.479	3.947	14.539	7.121	5.463	3.789	0.631
2.804	5.612	5.283	0.440	3.048	4.484	0.431	2.673
0.579	5.005	4.576	13.842	0.163	5.817	3.838	3.426
4.893	4.181	4.402	19.964	11.738	5.719	1.205	1.999
0.567	4.168	4.045	12.294	10.539	5.133	1.926	3.715
8.593	4.366	4.579	16.911	2.836	6.249	4.450	4.568
5.278	3.585	4.631	1.964	6.536	4.724	6.560	2.630
3.406	4.908	5.800	15.770	18.049	4.152	4.207	2.709
1.860	3.874	5.413	1.472	8.511	6.581	1.160	3.509
3.637	3.819	4.823	19.195	6.864	4.187	1.328	1.013
4.796	3.611	4.581	12.103	8.372	4.945	4.345	0.556
4.002	3.013	5.699	16.960	15.817	4.174	4.560	0.019
6.536	4.455	4.943	5.068	16.349	4.190	1.555	2.955
3.135	4.376	2.970	6.883	12.059	3.755	5.102	4.086
2.959	5.088	6.781	12.345	16.198	4.771	3.782	4.665
9.664	5.071	4.578	14.150	3.927	5.788	3.477	4.939
5.836	4.039	6.834	13.535	8.022	6.351	3.213	4.341
5.140	4.552	6.260	9.395	3.936	3.791	7.740	4.995
6.326	4.401	5.681	0.999	6.314	5.563	1.548	4.725
3.056	3.319	5.062	17.624	9.986	5.211	7.514	3.482
4.496	5.741	5.499	18.580	3.993	3.883	2.777	2.336
4.473	4.621	4.984	13.175	12.672	5.179	5.813	4.965
4.723	4.209	4.136	17.758	19.188	5.538	0.093	3.100
8.074	7.502	6.337	1.188	16.100	6.207	9.827	3.509
0.577	5.798	6.562	18.735	19.408	5.487	8.776	1.872
2.090	3.137	5.348	4.475	14.308	4.176	8.789	3.854
9.663	4.945	5.561	18.579	10.552	4.702	9.014	0.912
8.749	7.792	4.427	2.523	17.034	6.592	6.355	4.805
0.923	3.294	4.614	15.870	1.310	4.283	2.341	2.694
3.528	4.454	5.712	18.272	0.748	4.156	4.028	2.175
0.324	5.110	5.357	16.351	6.224	4.938	9.147	1.013
8.936	7.236	6.112	13.779	3.049	6.018	9.084	4.885
2.405	4.107	6.801	13.177	13.913	5.260	0.995	4.251
6.793	4.924	5.398	4.096	6.594	6.060	2.648	3.423
3.696	3.001	4.885	9.168	2.117	7.017	7.165	3.738
7.984	3.749	4.096	1.810	6.251	5.213	4.840	2.098
5.405	6.163	5.559	0.933	7.570	5.459	6.392	3.880
3.328	4.311	5.805	0.579	2.755	6.259	4.998	1.131
3.611	6.272	4.156	5.607	19.073	4.072	0.499	3.148
4.988	3.873	4.447	13.774	13.161	4.839	6.789	2.927
3.782	6.464	3.958	6.544	9.108	4.890	4.894	0.325
7.379	5.465	5.524	14.066	5.503	6.897	4.252	1.365
6.575	4.171	5.976	1.030	2.317	3.954	4.156	0.678
8.528	4.654	6.061	5.437	0.119	5.962	6.426	2.713
1.202	3.428	4.996	5.886	3.011	5.811	7.333	1.075
1.986	6.228	6.071	7.297	1.754	3.763	5.813	3.657
9.383	3.859	4.244	9.745	3.935	5.263	7.892	3.848
1.691	3.695	4.271	12.194	14.576	5.095	8.744	2.220
8.005	4.313	4.795	12.431	14.506	5.301	3.421	3.588
3.974	5.883	4.921	3.750	6.438	5.327	1.657	2.478
1.199	5.232	4.699	14.253	14.780	3.919	8.532	1.398
9.531	6.079	5.033	2.596	7.783	5.552	6.096	4.624
7.885	3.936	4.902	19.169	18.575	3.458	8.708	3.305
2.316	5.037	5.006	2.895	3.463	5.019	9.567	4.150
5.581	2.219	5.197	5.331	6.566	4.668	3.531	3.586
6.710	5.792	5.028	3.675	2.546	4.625	1.018	1.915
0.486	5.797	4.671	8.041	2.294	5.178	1.034	3.251
9.884	7.113	4.002	18.009	8.590	4.820	0.602	1.205
0.371	4.509	5.283	3.085	13.940	3.849	5.676	2.796
5.289	5.208	5.135	11.774	13.149	4.609	7.526	0.982
7.646	5.503	5.453	6.114	2.049	6.120	7.302	4.957
1.207	4.357	6.047	8.416	3.815	6.331	3.393	2.220
7.298	-5.377	0.595	4.946	-6.676	-7.257	1.359	2.218
8.129	-7.416	1.868	6.066	-6.408	-6.998	4.159	0.580
0.392	-6.699	0.008	13.870	-6.319	-6.735	0.498	3.041
5.086	-7.640	3.583	2.758	-7.044	-5.242	7.137	4.584
6.453	-8.342	4.845	0.120	-6.867	-7.265	9.635	1.411
5.499	-6.587	2.814	7.371	-8.150	-7.181	7.615	1.859
2.775	-6.352	3.741	11.427	-8.306	-5.018	7.029	1.728
8.385	-4.809	0.211	14.312	-8.849	-6.107	3.657	3.362
3.545	-6.879	0.180	6.028	-5.925	-5.902	1.031	2.987
7.216	-7.086	4.464	0.167	-7.499	-6.674	6.279	1.052
0.817	-7.374	0.418	16.677	-6.106	-7.422	9.770	4.762
6.658	-5.075	1.109	6.766	-6.827	-7.369	7.986	3.361
8.025	-6.685	1.178	0.427	-6.340	-6.538	7.855	0.841
0.675	-8.271	1.556	11.947	-6.361	-5.972	4.828	1.816
2.133	-6.631	4.479	1.449	-5.296	-7.460	1.964	2.487
3.614	-8.304	2.247	10.016	-7.781	-7.831	7.376	0.585
2.290	-6.442	0.476	14.198	-6.680	-6.371	2.349	0.121
8.020	-7.928	3.717	9.791	-8.292	-7.056	5.188	1.467
2.667	-8.262	4.069	15.333	-6.976	-7.096	9.689	2.364
3.683	-8.069	4.726	13.612	-7.156	-7.104	5.309	0.214
3.083	-7.919	1.695	12.240	-6.943	-6.059	0.626	3.225
9.079	-5.597	2.670	9.057	-8.786	-8.702	9.491	0.581
2.332	-8.347	1.654	19.138	-5.245	-7.090	9.758	3.959
4.656	-7.644	1.687	14.973	-6.202	-5.019	3.408	0.748
3.247	-7.851	3.483	8.740	-8.252	-5.076	2.371	2.678
7.574	-8.915	0.200	4.151	-6.948	-6.864	8.477	0.496
2.166	-6.217	1.994	2.640	-7.454	-8.081	9.469	0.731
3.618	-6.315	0.004	3.063	-6.640	-8.007	0.304	4.231
4.073	-6.370	3.250	17.665	-7.054	-6.976	8.401	2.175
6.563	-7.021	4.490	14.282	-5.677	-6.514	8.219	3.578
9.017	-8.261	3.948	16.198	-6.320	-7.188	8.883	1.046
3.120	-5.862	2.490	15.185	-7.688	-6.988	0.966	3.000
9.235	-7.409	4.544	4.206	-6.096	-7.608	3.544	0.516
9.947	-6.077	4.127	7.001	-6.407	-7.992	2.174	0.320
1.841	-7.354	0.185	10.277	-7.289	-7.810	7.322	0.550
2.375	-6.628	1.512	12.333	-7.599	-7.203	7.041	3.336
1.037	-6.973	2.366	15.783	-7.841	-6.949	5.370	1.226
5.391	-7.721	1.364	7.725	-8.823	-5.332	5.081	1.426
7.348	-6.372	4.373	15.335	-5.235	-8.508	2.557	1.952
0.505	-8.074	3.969	4.603	-7.685	-5.885	4.982	3.537
8.864	-10.025	4.460	7.937	-7.728	-7.119	1.722	0.452
9.985	-6.274	3.020	16.703	-6.692	-8.818	2.056	2.299
3.352	-6.137	2.017	6.398	-7.131	-6.803	4.777	4.410
1.426	-6.273	0.205	1.338	-8.267	-5.266	1.651	4.838
6.732	-7.186	1.210	1.234	-7.231	-6.827	9.930	2.152
0.593	-9.286	1.115	8.772	-7.381	-6.485	9.479	4.540
6.001	-6.271	3.630	10.738	-7.754	-5.096	7.240	4.835
3.290	-7.644	3.049	15.525	-7.638	-8.379	7.949	4.532
0.753	-7.531	2.640	3.931	-5.470	-8.749	4.454	0.348
1.344	-7.461	0.989	3.442	-7.770	-6.989	1.129	4.953
4.848	-7.528	1.417	6.625	-6.118	-9.998	5.601	0.701
0.820	-5.752	0.862	12.478	-4.763	-6.427	6.920	0.742
2.811	-4.858	1.555	4.139	-8.121	-7.751	7.361	2.230
0.604	-6.332	2.525	0.361	-5.105	-7.044	8.784	0.249
1.879	-7.321	3.296	14.942	-8.713	-7.829	9.817	4.145
5.874	-6.740	0.443	3.068	-4.859	-8.207	3.843	2.263
3.742	-8.344	2.117	0.477	-7.040	-6.708	6.319	4.475
4.682	-8.663	1.911	16.800	-8.033	-8.156	9.013	4.903
2.797	-8.074	0.498	13.537	-7.561	-5.994	5.315	4.583
3.181	-8.078	2.349	4.167	-5.430	-8.308	3.624	1.095
5.594	-7.685	0.479	12.769	-6.945	-7.093	3.441	4.021
8.833	-8.224	4.723	3.024	-7.187	-9.025	6.877	0.593
8.721	-6.888	0.385	8.285	-4.825	-6.736	6.350	4.868
5.447	-6.554	3.433	14.995	-8.647	-6.459	0.774	1.735
0.696	-6.296	2.411	9.379	-6.451	-8.010	5.190	2.788
0.532	-6.231	1.892	9.089	-5.928	-6.458	5.969	0.083
8.131	-6.012	2.717	10.842	-5.904	-6.434	6.905	3.518
1.725	-7.402	1.985	10.354	-8.457	-6.219	4.605	1.474
9.767	-6.532	4.292	9.938	-7.600	-7.166	9.378	1.149
0.886	-7.673	4.016	10.663	-5.492	-6.889	9.496	3.175
5.677	-6.572	1.372	11.083	-5.359	-7.206	9.946	0.851
3.345	-5.647	1.642	19.175	-5.466	-6.125	6.461	3.374
0.587	-8.279	1.562	11.200	-4.622	-6.294	0.804	2.116
5.121	-8.878	4.936	13.041	-8.659	-8.325	2.089	4.214
0.016	-6.247	1.336	19.656	-7.045	-5.905	1.262	1.774
5.749	-6.132	0.341	2.961	-6.113	-8.212	6.726	2.630
2.993	-9.772	4.983	1.747	-6.545	-7.134	8.368	3.307
1.657	-6.578	4.312	19.555	-7.626	-7.627	5.389	1.707
4.889	-5.823	1.403	12.567	-5.643	-7.014	5.250	2.270
1.731	-6.457	2.199	3.819	-6.953	-6.591	8.203	2.191
7.780	-7.951	2.994	17.914	-8.329	-6.402	7.742	4.364
6.921	-5.801	1.769	17.028	-6.492	-6.175	4.837	0.900
6.743	-5.922	2.505	6.861	-8.427	-5.425	1.813	2.476
6.695	-6.451	0.874	7.095	-7.872	-8.234	5.539	4.367
1.619	-7.482	1.845	18.747	-5.917	-8.167	4.049	2.194
9.434	-8.483	3.878	16.243	-7.459	-8.466	5.372	4.183
4.912	-7.816	1.743	5.503	-8.534	-4.792	3.138	1.067
9.450	-6.801	2.589	16.613	-7.330	-7.669	9.307	4.826
8.121	-6.991	4.188	2.841	-7.713	-4.644	6.634	0.701
8.687	-6.937	2.718	12.688	-8.843	-7.890	4.517	4.630
8.051	-7.972	3.808	11.975	-7.964	-6.651	2.536	1.655
7.761	-5.967	4.355	2.322	-6.519	-7.266	0.276	3.965
2.301	-6.375	0.861	15.296	-7.006	-8.261	6.759	2.145
5.686	-6.664	2.016	7.714	-6.409	-5.709	1.517	4.947
8.818	-7.752	2.734	0.868	-6.269	-7.509	9.459	4.795
2.528	-6.655	3.087	12.561	-7.754	-6.372	3.273	3.748
6.061	-6.770	2.771	15.530	-7.241	-7.846	8.592	0.685
5.296	-6.609	4.313	7.547	-6.817	-7.563	5.981	1.600
0.609	-7.708	4.705	9.600	-5.036	-7.413	1.724	4.977
7.658	-6.778	1.091	14.193	-6.362	-6.671	5.589	0.004
1.783	-5.527	4.798	6.765	-8.612	-5.166	4.517	3.088
7.337	-7.411	2.894	19.698	-6.513	-6.310	5.155	4.158
3.782	-6.516	1.915	18.535	-5.802	-6.230	1.598	1.957
7.171	-8.306	0.737	3.124	-7.375	-6.886	1.066	3.832
2.855	-6.186	3.607	13.201	-7.058	-6.977	4.864	2.898
6.005	-7.496	2.926	3.475	-7.661	-7.949	3.486	0.239
4.223	-5.191	4.275	5.995	-7.265	-6.385	7.810	2.136
3.276	-8.737	4.236	13.117	-7.178	-7.974	7.441	2.896
1.374	-6.154	1.906	9.740	-7.970	-9.159	4.280	2.665
9.649	-7.546	2.340	7.774	-5.530	-5.709	8.720	4.675
7.948	-6.833	1.157	3.100	-7.897	-8.280	1.879	0.750
2.927	-7.694	2.509	6.312	-6.663	-8.397	2.083	4.575
8.153	-8.145	4.283	12.286	-7.324	-8.451	4.652	0.357
6.160	-7.610	0.076	0.676	-7.661	-5.612	7.239	0.591
6.941	-6.809	4.894	15.978	-6.188	-7.911	9.207	3.059
4.952	-6.233	0.082	18.323	-7.312	-8.707	7.000	4.664
8.720	-7.442	2.666	2.205	-6.100	-6.336	8.028	3.388
5.301	-6.762	0.815	17.765	-6.660	-5.904	6.712	1.396
2.949	-6.175	1.663	14.174	-6.789	-8.734	6.325	3.582
0.754	-8.151	1.451	10.309	-8.242	-8.481	8.687	4.316
2.397	-7.662	4.116	5.604	-7.056	-6.175	1.552	0.972
0.013	-6.662	4.168	6.260	-6.722	-7.227	5.257	0.308
2.292	-6.647	0.878	14.018	-7.150	-5.098	5.950	4.775
7.843	-7.634	4.797	6.473	-7.775	-7.171	6.634	4.900
0.307	-7.138	0.050	9.293	-7.494	-6.977	8.862	1.668
8.328	-6.375	1.872	0.729	-5.274	-6.830	0.763	0.582
2.666	-5.891	1.876	11.394	-6.477	-8.629	7.563	0.328
5.784	-7.532	1.723	3.215	-6.256	-6.509	5.185	1.985
1.589	-8.892	1.390	8.333	-7.084	-7.481	3.535	2.017
5.705	-6.283	4.339	15.390	-9.612	-7.834	4.528	0.580
1.996	-7.141	2.743	0.476	-7.367	-5.023	3.964	1.423
7.282	-7.076	1.747	7.116	-6.577	-5.125	9.175	0.441
4.077	-7.953	3.965	9.225	-6.170	-5.687	5.199	2.502
2.734	-7.693	2.068	18.343	-5.534	-7.396	7.245	0.193
3.875	-5.850	4.462	2.924	-7.104	-6.270	6.688	0.722
5.967	-6.321	3.138	17.119	-7.302	-8.090	1.444	4.729
8.175	-6.217	2.736	11.140	-7.106	-7.076	7.539	4.714
0.525	-6.023	3.802	12.243	-7.295	-8.003	6.598	1.774
0.223	-5.232	0.427	1.747	-5.635	-7.727	6.748	4.755
3.164	-6.615	0.069	7.414	-8.404	-6.525	7.101	2.938
2.906	-7.457	3.068	15.664	-7.247	-8.048	2.600	3.146
4.659	-5.949	4.033	9.994	-7.038	-7.435	8.287	2.017
5.963	-6.977	2.285	4.305	-6.553	-8.579	0.610	1.155
9.136	-7.228	3.632	3.343	-6.161	-7.533	1.185	0.345
3.499	-7.654	4.575	19.222	-7.706	-9.049	1.029	0.354
4.487	-7.585	0.530	12.647	-6.251	-6.135	7.916	3.790
7.512	-9.764	1.790	14.530	-6.857	-6.441	0.389	0.800
9.477	-6.646	0.974	2.319	-6.943	-8.450	4.127	1.407
8.819	-5.774	2.665	16.850	-8.693	-6.843	9.739	3.973
6.476	-7.363	4.326	13.572	-8.446	-6.533	3.859	2.156
4.497	-9.851	4.193	10.561	-7.710	-6.355	5.191	0.343
5.781	-8.063	4.641	11.644	-6.933	-5.217	0.157	0.313
0.754	-7.404	4.891	3.857	-8.589	-7.573	9.320	1.430
9.397	-6.049	4.170	1.492	-8.302	-6.803	4.902	4.316
1.627	-4.996	3.042	2.625	-5.370	-7.228	2.325	0.479
0.261	-7.468	3.595	0.584	-6.948	-7.148	9.905	1.523
2.329	-7.089	0.727	15.063	-7.740	-4.628	7.498	0.770
5.123	-6.994	1.363	17.951	-4.850	-6.857	6.420	2.925
4.889	-6.396	4.479	1.640	-8.134	-5.762	1.794	1.928
3.876	-6.853	2.011	14.274	-8.106	-6.416	6.507	0.338
8.722	-7.890	0.589	0.839	-4.877	-8.141	0.720	4.587
7.058	-6.255	3.221	6.481	-5.806	-6.444	9.906	0.881
0.908	-6.120	3.045	13.847	-6.554	-8.549	2.659	4.817
2.865	-6.995	1.370	10.132	-8.320	-7.426	5.738	0.801
9.770	-6.259	0.955	14.959	-9.048	-6.508	9.649	4.872
7.578	-7.089	4.736	1.275	-7.167	-7.578	5.640	4.307
2.077	-6.713	3.335	17.308	-7.855	-7.423	8.240	2.905
6.746	-8.059	2.513	17.351	-7.943	-6.752	4.460	2.751
6.360	-8.933	3.259	18.738	-7.250	-5.784	3.455	1.718
1.779	-7.093	1.493	16.111	-7.910	-6.307	1.192	3.083
8.649	-6.851	4.285	5.111	-7.202	-6.859	5.410	3.493
2.811	-5.994	1.604	3.177	-6.038	-7.051	0.253	0.783
9.327	-6.743	3.714	4.654	-7.004	-6.662	7.389	1.949
0.003	-5.213	4.885	5.983	-8.110	-8.182	4.831	4.940
1.989	-6.029	0.856	0.623	-4.774	-7.258	9.828	0.881
5.814	-6.155	2.677	2.470	-7.303	-5.315	4.005	2.555
1.611	-9.337	2.568	6.653	-7.747	-7.511	2.984	3.495
1.211	-7.113	4.833	18.143	-4.864	-8.397	3.336	4.645
7.211	-7.176	2.534	14.935	-8.184	-5.732	5.311	0.019
9.704	-7.052	3.302	9.274	-6.029	-6.835	8.494	2.005
6.595	-6.087	3.148	9.744	-4.988	-7.284	2.500	3.026
2.211	-8.057	0.031	10.139	-5.278	-6.408	7.003	2.600
4.896	-7.467	4.264	3.777	-7.943	-7.552	8.554	1.250
1.262	-6.179	1.496	19.707	-6.454	-6.085	3.669	4.513
4.254	-8.236	4.377	17.814	-5.748	-8.126	3.920	0.121
8.034	-6.517	4.565	18.446	-7.603	-6.581	8.059	1.969
2.454	-5.900	3.765	15.348	-6.518	-8.029	4.560	1.575
0.028	-7.147	3.357	0.338	-6.231	-5.792	3.284	0.378
6.108	-6.761	4.930	14.483	-7.233	-7.060	2.673	3.268
8.436	-7.965	2.268	15.451	-6.992	-6.903	4.626	4.576
6.402	-6.030	2.141	17.927	-7.212	-6.468	1.966	4.653
7.191	-7.066	4.054	9.965	-6.239	-7.908	6.774	3.751
9.149	-6.151	2.101	11.796	-7.042	-5.618	3.519	3.695
2.667	-7.561	3.877	12.266	-7.157	-7.450	7.793	4.974
8.574	-6.146	4.452	2.362	-5.605	-7.078	9.286	0.237
6.010	-6.099	0.863	5.502	-6.219	-5.813	9.422	3.994
6.390	-7.346	2.215	2.493	-6.880	-7.702	4.566	0.324
1.273	-7.360	2.218	3.636	-4.646	-7.343	5.121	4.067
8.941	-5.242	4.393	0.883	-7.109	-6.554	8.833	1.626
8.554	-6.975	0.742	1.924	-5.533	-7.048	9.866	2.936
2.176	-7.760	0.456	3.955	-7.574	-6.223	5.958	4.940
0.522	-7.855	3.750	10.694	-6.192	-7.296	8.544	1.667
2.953	-5.179	2.842	6.412	-8.178	-6.038	6.779	3.750
5.814	-6.483	0.077	4.943	-8.462	-6.211	1.252	4.610
6.985	-7.212	4.465	12.401	-7.917	-7.850	4.763	0.773
3.728	-6.978	3.652	6.702	-6.459	-5.155	0.389	3.325
5.926	-6.748	4.912	19.905	-5.103	-6.270	2.221	1.487
1.561	-6.689	4.200	13.076	-6.955	-7.044	7.252	4.576
3.800	-5.786	1.348	12.930	-6.133	-5.666	3.747	2.446
9.873	-7.927	0.193	3.749	-6.659	-8.593	3.184	0.508
6.040	-7.323	3.511	14.847	-7.323	-7.140	1.546	1.742
9.115	-7.423	0.995	7.562	-6.568	-8.779	2.493	2.105
1.370	-6.364	1.106	16.183	-6.402	-8.066	1.268	0.218
0.917	-8.425	1.234	0.246	-7.751	-8.792	0.905	0.117
5.144	-7.421	3.451	2.478	-6.543	-6.611	1.538	3.725
2.521	-6.794	1.517	0.610	-7.750	-6.364	8.720	3.547
4.639	-6.300	2.639	17.578	-8.551	-5.684	1.050	4.954
3.762	-7.470	0.122	2.389	-6.617	-6.990	6.970	4.500
2.456	-6.066	4.362	17.411	-8.518	-6.731	1.263	0.203
3.364	-5.092	1.142	2.891	-7.615	-5.268	5.107	0.664
6.110	-7.465	1.302	18.063	-7.010	-8.081	5.492	4.418
4.336	-7.106	3.636	11.381	-7.120	-6.206	9.895	4.818
4.226	-8.521	4.633	12.241	-7.232	-7.523	7.558	4.227
5.587	-7.515	4.669	6.999	-5.600	-7.683	3.696	4.420
2.769	-6.809	1.664	1.817	-8.380	-8.502	9.794	0.127
9.758	-5.813	0.224	14.097	-3.908	-7.485	9.445	0.001
7.430	-7.035	3.442	4.911	-5.663	-5.193	1.105	1.703
8.083	-8.402	2.380	1.720	-7.754	-9.000	5.211	2.590
4.384	-7.817	3.189	9.297	-6.608	-7.017	8.266	0.195
9.398	-7.249	4.372	13.923	-7.736	-9.759	1.032	1.098
9.225	-5.599	2.823	8.562	-6.512	-8.159	6.817	3.724
1.071	-5.771	0.578	6.613	-8.383	-5.962	1.931	0.361
6.450	-7.337	0.405	17.743	-7.566	-7.116	3.328	1.575
3.405	-7.480	4.064	4.305	-8.199	-7.248	7.664	3.621
7.614	-7.630	3.889	3.738	-7.351	-6.271	0.666	0.260
9.003	-5.530	0.166	2.567	-7.370	-6.267	9.460	3.219
2.185	-6.709	0.655	2.259	-8.363	-6.653	8.390	1.253
5.202	-7.937	4.504	17.372	-5.895	-9.280	7.779	0.469
5.128	-6.729	2.014	19.675	-7.515	-6.702	7.270	2.727
4.893	-6.383	1.980	18.852	-7.201	-7.299	3.125	1.703
9.911	-7.709	4.679	3.328	-6.678	-7.789	0.353	3.532
0.746	-7.986	4.682	5.027	-6.094	-5.718	7.427	3.493
9.250	-7.674	3.496	18.475	-9.185	-5.619	5.367	0.022
9.666	-7.343	4.482	19.853	-7.708	-7.095	9.057	0.343
9.677	-6.382	1.033	6.014	-7.103	-5.083	4.131	0.753
9.669	-6.904	3.888	6.499	-7.018	-6.126	2.860	1.185
4.365	-7.309	1.780	11.346	-6.806	-6.406	9.333	4.035
8.508	-6.894	1.365	3.380	-6.127	-6.235	8.936	2.939
9.803	-6.353	4.434	2.816	-6.898	-7.963	4.261	0.584
5.971	-8.292	2.505	5.947	-8.412	-6.515	2.807	2.541
5.583	-6.357	1.802	11.629	-7.770	-8.037	7.965	4.674
6.338	-7.129	1.546	18.593	-6.666	-6.551	8.975	0.413
3.958	-7.554	1.653	19.935	-7.678	-7.944	2.847	0.385
0.279	-7.787	0.879	13.360	-8.270	-8.166	0.833	3.808
8.671	-8.042	3.543	3.596	-5.760	-6.944	2.837	1.457
6.885	-7.933	0.128	4.641	-7.019	-7.242	7.595	4.625
7.485	-6.900	0.133	0.044	-7.715	-5.683	7.045	2.223
2.861	-7.266	4.075	15.480	-6.513	-7.718	6.636	2.068
4.035	-5.399	1.113	18.217	-8.452	-7.591	8.938	1.191
4.015	-5.864	4.535	17.973	-4.703	-7.628	9.558	2.883
3.638	-5.918	4.456	9.445	-7.492	-6.971	5.005	1.667
4.845	-6.655	1.800	3.830	-6.792	-7.857	0.891	4.770
9.712	-8.199	4.630	1.796	-5.647	-6.841	5.451	3.916
3.415	-8.274	0.238	0.335	-5.449	-6.470	7.419	0.722
4.873	-5.158	2.211	16.325	-6.656	-7.427	5.973	2.446
7.367	-8.150	1.392	17.208	-6.489	-9.436	2.229	4.816
5.117	-7.335	4.698	2.011	-8.034	-7.975	5.788	2.606
8.029	-6.246	0.297	4.401	-7.632	-5.042	2.397	4.396
8.359	-7.390	3.860	12.144	-6.412	-8.172	4.404	0.871
5.635	-7.696	4.875	16.535	-6.931	-8.007	3.209	3.238
3.498	-6.597	2.333	19.580	-7.164	-6.504	6.830	3.011
5.169	-7.688	1.411	16.572	-7.505	-7.040	1.755	1.132
1.888	-6.619	1.757	0.101	-5.977	-7.236	2.115	3.436
7.633	-7.057	1.794	11.911	-8.919	-7.823	6.233	4.089
7.961	-7.955	4.690	2.252	-7.093	-5.689	2.165	2.796
9.577	-8.296	1.033	2.560	-7.247	-6.644	0.962	3.090
8.408	-8.217	0.909	4.198	-5.629	-5.691	7.943	1.555
3.809	-7.972	1.761	18.386	-7.981	-7.058	5.687	3.691
7.699	-9.031	0.512	17.838	-6.858	-5.832	8.487	0.265
3.780	-8.152	3.142	8.583	-5.770	-5.846	4.936	3.996
2.188	-7.350	2.231	10.886	-7.029	-7.721	0.756	0.096
8.533	-5.700	1.552	7.079	-6.635	-8.405	2.660	2.324
2.385	-5.458	1.327	16.370	-8.639	-5.094	3.763	0.407
3.527	-6.303	3.056	10.974	-7.051	-5.938	4.682	3.172
4.302	-8.030	1.860	15.327	-6.073	-5.994	5.928	1.268
3.267	-4.635	4.773	14.039	-7.507	-5.936	7.228	0.521
7.827	-7.450	3.152	18.996	-6.327	-6.894	7.309	1.622
1.266	-6.939	3.483	12.693	-6.758	-6.467	1.069	0.198
4.904	-7.552	1.296	18.115	-4.529	-6.369	9.664	0.290
8.921	-7.800	2.288	8.674	-6.618	-7.759	8.011	4.833
8.908	-5.915	3.439	6.306	-8.535	-7.322	2.279	1.641
3.696	-6.997	4.902	5.115	-6.705	-6.562	7.224	4.014
3.140	-6.995	4.944	16.345	-6.504	-7.679	3.755	4.303
6.289	-6.385	2.404	4.953	-6.993	-7.604	6.806	3.231
9.575	-7.513	3.829	9.078	-6.267	-7.964	0.241	2.254
2.648	-6.223	2.912	5.110	-8.357	-7.069	1.463	2.563
7.499	-6.373	0.755	2.491	-6.699	-6.624	4.592	4.794
0.014	-7.297	0.318	10.860	-7.570	-6.661	5.370	0.700
6.901	-6.676	2.696	17.188	-8.059	-7.740	8.922	2.505
2.003	-6.584	2.424	0.885	-7.207	-6.757	2.278	1.785
3.289	-6.254	2.671	19.332	-6.987	-8.073	8.610	1.366
7.471	-7.108	2.285	11.414	-5.974	-5.488	5.709	4.398
4.376	-6.850	0.199	1.973	-7.318	-6.792	2.965	3.382
5.774	-6.281	3.001	1.170	-6.886	-6.044	0.403	3.970
9.565	-6.660	2.006	1.752	-8.487	-6.419	3.386	3.309
3.934	-9.774	2.802	19.869	-6.703	-7.865	6.478	0.630
6.575	-7.670	0.692	0.660	-6.990	-6.165	4.646	4.016
5.679	-8.566	1.773	5.652	-5.955	-7.143	6.037	0.943
0.148	-7.230	2.530	8.512	-6.162	-6.281	6.110	2.416
3.869	-7.510	1.668	16.674	-7.661	-5.541	9.801	2.239
0.582	-7.370	2.411	6.221	-7.461	-7.319	0.025	0.358
8.421	-7.442	0.857	19.771	-6.416	-7.101	4.671	2.809
2.428	-7.338	2.548	17.204	-8.215	-8.067	1.925	2.276
0.146	-8.220	4.786	15.953	-5.596	-7.455	8.740	4.891
1.973	-6.518	4.481	5.625	-7.558	-6.138	2.179	4.523
5.865	-5.838	1.626	5.526	-8.016	-7.596	1.603	3.537
3.858	-6.247	4.557	8.651	-7.775	-5.806	2.497	3.353
5.429	-6.510	1.614	15.986	-7.586	-5.240	2.471	1.746
4.804	-6.473	0.884	17.799	-7.441	-6.142	4.617	0.503
2.823	-7.107	4.988	5.249	-7.084	-5.791	2.857	3.992
8.587	-7.206	3.222	16.017	-7.322	-7.154	7.408	1.505
4.375	-6.105	4.243	1.233	-6.745	-6.355	5.948	1.781
3.228	-7.671	0.056	17.156	-7.799	-6.331	6.869	2.838
5.950	-7.665	4.685	6.528	-7.249	-6.450	7.499	1.587
9.985	-5.667	1.432	17.407	-8.578	-7.544	7.628	3.425
3.675	-7.766	2.230	3.230	-7.074	-6.404	8.624	0.991
7.021	-7.704	2.701	15.545	-7.401	-6.723	1.846	0.725
4.824	-6.861	0.136	10.122	-7.513	-6.848	3.690	3.890
6.163	-9.421	3.009	9.022	-7.825	-7.249	8.587	2.737
7.081	-7.859	4.915	17.721	-6.895	-6.165	1.157	0.339
8.186	-5.730	2.712	0.015	-9.189	-6.557	8.669	3.596
1.031	-7.401	4.281	10.315	-6.418	-8.407	6.406	4.870
4.406	-7.144	3.618	5.925	-7.928	-7.013	7.757	0.409
0.952	-7.247	2.367	15.843	-6.495	-4.317	9.704	2.902
