11.992	7.155	13.989	1.304	0.838	7.620	0.531	14.050	0.296	2.089	3.968	3.303
15.536	3.424	9.572	0.151	-0.853	7.375	4.800	7.347	0.127	1.343	0.414	4.443
18.522	9.689	3.428	-1.681	0.127	6.078	3.372	6.295	-1.036	9.258	4.879	4.015
7.862	0.077	14.972	-0.688	-0.026	2.676	4.403	4.027	0.602	3.817	3.245	2.989
19.128	0.046	3.011	1.559	-0.047	2.467	3.413	6.510	1.584	8.775	3.522	1.316
8.867	5.847	12.765	0.386	-0.235	4.840	3.758	1.904	0.027	7.757	3.389	2.715
10.039	3.340	6.731	-0.154	1.974	3.474	3.433	5.235	-0.201	0.898	0.101	3.627
14.262	5.459	9.804	-0.058	1.266	7.023	1.794	2.328	-0.042	6.803	4.624	4.904
3.381	3.800	2.243	-0.413	0.447	7.464	1.102	17.791	0.634	8.588	3.195	1.850
4.141	6.953	6.058	0.007	0.135	6.704	3.564	3.688	1.254	7.312	3.090	3.185
9.593	5.956	3.148	0.105	-0.033	5.980	2.908	7.738	0.611	1.644	4.633	4.985
10.906	0.541	17.122	-0.376	-1.300	4.168	2.713	5.424	1.041	7.124	1.945	2.186
6.769	2.985	1.241	-0.677	-0.830	3.595	0.719	3.386	-0.455	3.620	4.522	3.990
6.443	7.329	5.809	-1.983	-1.560	3.160	3.611	7.267	0.590	9.998	4.579	0.968
18.245	2.544	13.314	-0.663	-1.993	0.937	2.252	7.219	-0.315	7.620	1.439	1.789
17.140	2.650	8.177	-0.997	-0.664	5.334	0.363	12.506	-1.470	8.680	3.679	3.803
19.200	3.221	19.393	-0.059	1.262	3.936	1.091	15.666	-0.589	4.493	1.820	1.272
13.485	9.454	5.859	0.619	1.799	3.184	2.334	8.484	0.308	4.337	3.185	2.307
4.458	7.869	6.665	-0.165	1.008	4.546	4.405	11.377	1.151	3.796	0.697	0.245
15.162	6.046	11.538	0.339	0.834	5.383	1.248	6.946	2.254	5.892	3.557	0.305
4.869	8.306	17.614	-1.078	0.779	5.210	0.238	8.094	1.299	8.888	3.751	4.348
11.219	4.211	15.224	-1.474	0.259	3.645	0.914	3.090	-0.263	5.795	3.323	0.596
14.501	3.756	1.555	2.933	0.545	5.748	3.494	17.429	-0.249	9.763	2.585	2.026
18.181	7.816	0.130	0.196	1.541	3.194	0.618	0.308	0.603	6.383	2.347	2.277
19.870	4.841	6.853	-0.258	0.301	2.909	4.987	9.295	1.734	9.878	4.304	2.956
17.176	7.319	10.742	-0.130	0.163	1.330	4.513	12.542	-1.235	0.436	3.378	2.111
1.071	8.243	2.193	-0.485	-0.881	6.242	0.563	0.026	0.934	1.562	2.707	3.611
10.763	4.180	0.350	1.773	0.273	3.753	3.295	16.872	-0.063	2.840	2.121	3.964
1.485	9.917	14.696	-1.320	2.157	3.725	4.108	16.207	0.937	7.958	0.337	3.264
6.587	7.507	10.184	0.239	0.747	3.322	4.378	0.551	-0.938	0.082	2.477	0.408
2.359	8.549	4.665	0.065	0.650	9.307	1.054	0.152	-0.573	2.806	1.235	0.127
3.148	9.062	6.452	-0.510	1.481	0.924	4.330	15.439	1.052	8.627	2.930	3.268
10.694	2.561	1.261	-1.734	0.454	3.365	3.119	0.302	-0.869	8.030	1.569	0.449
4.931	8.052	19.740	2.405	0.154	1.091	4.550	18.001	0.921	1.309	4.453	3.940
10.482	4.696	14.679	-0.629	1.011	5.144	3.210	2.229	0.560	8.752	4.496	4.295
16.623	4.737	18.367	0.314	1.300	2.524	3.004	10.881	-0.886	2.780	0.847	1.096
13.273	1.490	8.458	-0.655	0.019	5.401	0.591	17.445	-1.233	5.503	4.172	4.175
10.380	7.626	10.352	-0.165	-0.745	8.299	3.765	12.561	-0.434	9.526	3.166	1.324
1.742	2.613	2.355	0.856	0.208	2.365	2.127	14.549	1.917	3.661	0.020	1.945
6.209	4.014	18.131	0.319	0.750	5.797	3.267	5.212	0.855	0.010	3.517	0.375
15.494	6.376	11.347	1.471	1.073	9.295	0.756	0.035	0.716	1.206	0.800	1.925
11.186	2.991	10.916	1.105	-0.097	6.339	3.177	5.663	-0.559	1.063	0.337	3.582
14.495	2.967	18.558	-0.111	-1.066	4.821	4.600	5.226	1.031	0.397	2.628	1.157
1.110	0.041	16.436	-0.831	0.273	2.348	1.232	2.300	0.360	6.022	0.889	3.689
17.529	5.284	17.467	-1.453	1.354	0.367	4.067	18.279	-1.274	5.809	2.205	0.420
1.882	8.206	14.033	1.561	2.076	0.106	4.097	12.387	0.262	9.535	4.106	3.520
12.640	2.394	8.096	-0.086	1.115	6.210	1.178	17.845	0.452	8.691	3.867	3.059
14.120	2.547	16.329	-1.024	0.433	4.967	3.808	5.838	-0.918	1.927	4.357	0.679
16.886	0.350	7.703	0.442	1.452	5.887	3.745	1.970	0.274	7.039	2.469	3.459
13.299	3.655	7.151	0.600	0.092	6.788	2.785	11.428	0.769	8.903	1.971	0.421
9.060	2.790	3.375	0.703	-0.269	6.765	0.631	16.837	-0.219	5.762	2.888	1.077
18.455	5.337	2.077	0.089	-0.754	1.717	4.311	19.982	-1.146	6.279	4.519	4.979
9.878	8.198	15.687	0.855	0.412	9.997	0.204	17.560	1.233	3.302	4.062	1.506
16.825	9.044	8.094	-0.380	0.247	0.377	0.966	7.128	-0.936	4.722	2.248	1.589
17.497	7.665	9.552	2.167	-0.077	1.271	1.190	1.589	-0.160	0.299	1.474	0.700
11.464	8.806	3.979	1.279	2.378	9.303	0.802	7.275	1.314	9.311	1.094	2.220
0.133	7.132	4.686	0.128	1.977	8.351	1.206	11.623	-1.988	9.354	4.904	0.018
4.404	1.524	7.087	0.009	0.906	2.927	3.398	18.441	-0.949	1.916	2.542	1.184
16.023	2.721	0.417	-1.636	-0.943	9.092	3.355	2.705	-0.115	0.047	4.616	1.038
1.438	3.821	2.010	0.249	0.869	0.794	4.351	14.059	-0.525	6.136	0.993	0.101
0.985	3.583	6.155	-1.411	-0.076	1.908	2.008	15.713	0.562	3.397	0.285	1.162
9.241	7.300	6.972	0.517	-0.209	2.162	2.670	2.732	-2.778	3.104	0.474	3.741
14.039	0.657	12.084	0.307	0.821	3.062	4.413	15.116	0.846	1.383	1.031	3.189
6.831	4.245	4.911	0.596	-0.754	8.362	4.422	8.386	-0.090	2.638	1.644	1.559
10.185	5.299	18.900	0.347	-0.845	7.547	2.257	17.209	0.128	7.880	0.894	0.731
18.592	2.891	19.790	0.303	-1.427	5.451	4.551	15.547	-1.488	6.824	2.835	1.351
4.189	1.535	1.993	0.252	0.641	6.408	2.042	14.121	-0.226	3.617	1.675	3.042
1.723	2.942	19.448	-0.315	1.205	6.790	0.962	8.869	-0.054	6.476	4.817	2.724
15.278	6.130	11.086	1.223	-2.177	2.809	1.115	15.419	1.979	9.246	0.613	1.812
14.861	8.648	2.351	0.951	-1.281	8.637	2.611	19.830	1.635	7.547	3.444	2.689
19.074	6.383	6.566	-0.040	-0.504	1.209	2.189	1.631	0.805	0.492	4.850	1.962
7.446	3.712	19.218	2.332	1.113	3.811	0.842	9.965	-0.136	0.400	0.982	2.278
1.907	1.459	16.125	1.476	-1.052	1.465	4.284	8.387	-0.884	3.524	4.369	2.738
5.084	8.018	9.058	0.646	-0.130	0.941	1.212	16.183	-0.646	3.624	4.146	4.390
18.062	0.969	6.523	1.411	-0.927	5.823	2.766	14.211	0.056	2.116	1.944	0.248
12.169	2.720	15.124	0.269	0.943	0.213	0.845	2.327	-1.940	6.800	4.359	4.577
9.540	4.912	16.725	-0.709	0.134	8.698	3.087	9.505	1.265	9.364	3.962	0.112
3.168	6.558	19.945	0.229	0.300	0.615	3.584	7.342	-0.171	7.341	1.983	3.840
5.701	6.671	9.229	1.925	0.219	4.834	1.656	18.313	-0.301	3.518	0.692	2.104
1.961	6.134	3.060	1.184	0.150	9.210	1.792	0.670	-0.121	8.219	1.322	0.796
4.711	0.336	10.998	0.434	1.568	0.020	0.625	7.726	-0.609	5.526	0.074	2.730
0.885	1.217	14.402	-0.397	0.318	0.063	4.931	10.117	-0.675	7.509	4.185	2.408
16.915	6.403	0.792	-1.029	1.111	6.838	0.347	0.498	-2.468	9.018	2.125	4.679
16.843	6.010	17.995	-0.068	0.047	4.657	4.307	0.807	-0.263	5.634	4.068	2.740
7.195	9.642	0.661	-0.632	-1.258	1.980	2.708	15.997	-0.680	9.859	3.489	4.102
19.585	7.200	0.306	-1.231	0.255	0.559	4.552	12.043	-0.160	2.441	0.938	3.754
9.898	9.575	16.599	-0.126	-0.678	0.700	2.282	15.604	-1.174	9.515	4.695	2.278
12.407	2.212	19.511	-0.486	-0.937	7.058	1.170	14.211	1.290	2.667	4.930	2.597
6.594	9.429	2.317	-0.429	-0.717	5.614	0.276	10.675	-0.473	1.146	2.075	2.672
12.889	3.998	17.727	-1.159	-0.335	2.984	0.550	12.557	-0.155	5.037	1.704	1.848
13.389	9.306	2.866	-0.093	0.382	9.062	2.001	7.929	0.916	0.468	1.864	4.678
14.690	9.645	0.231	-0.017	0.000	3.207	3.750	4.565	0.054	8.745	0.426	3.030
12.071	6.117	8.514	-1.313	-0.482	2.746	4.364	3.301	0.721	2.957	0.029	1.598
2.048	6.453	7.761	0.103	-0.433	8.760	3.324	13.666	-0.540	8.391	0.540	3.006
19.504	9.767	14.715	-1.319	-1.868	0.956	2.090	18.475	-0.152	1.305	1.391	1.566
11.157	2.077	9.565	0.309	-1.645	5.101	3.900	19.130	-1.054	5.265	0.301	3.083
17.977	7.518	13.718	0.296	-0.206	8.071	0.005	12.141	0.387	1.435	3.017	0.967
16.053	9.964	10.041	1.679	0.644	2.959	2.995	16.858	-0.023	7.634	4.342	2.587
13.174	2.202	11.940	-1.474	0.372	6.651	3.776	9.898	-1.555	6.806	4.933	3.213
2.865	9.567	6.438	-0.188	1.460	9.738	1.394	1.608	0.243	9.414	0.546	2.253
9.586	5.196	6.924	-1.079	1.430	8.016	3.631	5.493	-0.068	7.358	0.476	3.320
16.118	3.858	9.342	2.402	-0.599	6.729	3.536	14.735	0.715	3.178	2.069	1.883
17.868	2.482	16.762	-0.288	0.027	1.998	4.041	0.770	0.170	6.772	1.623	1.276
4.683	5.353	1.335	0.081	-1.306	6.701	3.237	18.608	1.079	9.185	4.901	4.229
18.623	2.089	11.553	0.771	0.367	9.094	2.196	11.561	0.290	4.092	1.517	2.883
4.109	0.092	4.168	-0.332	1.721	1.396	2.938	14.266	-0.253	4.112	1.001	4.515
2.943	5.474	8.829	-0.385	-0.362	9.002	2.486	9.553	-0.676	0.668	3.167	2.649
6.704	1.162	14.967	-1.969	0.325	9.307	3.375	13.429	1.472	4.950	2.901	2.633
6.201	4.907	12.880	-0.148	0.970	4.152	1.451	4.149	0.940	9.901	1.075	1.779
5.668	9.721	3.860	-0.792	0.646	3.487	3.737	4.918	-0.178	1.152	4.756	3.496
12.565	7.071	14.241	1.091	0.587	6.379	1.420	3.230	-2.497	2.049	1.954	2.043
16.410	5.113	5.367	1.288	-1.342	1.405	3.104	4.873	0.837	4.432	2.119	2.665
9.723	4.629	1.578	-0.006	0.281	0.796	3.396	13.401	-0.559	7.992	3.798	0.310
5.371	9.187	6.384	0.344	0.201	8.228	4.073	19.693	1.750	0.108	4.919	4.179
1.032	9.166	15.254	0.374	-1.010	4.249	4.420	19.650	1.681	5.233	0.986	4.491
9.102	0.199	3.491	-0.230	0.329	0.441	3.900	12.183	-0.277	1.815	1.557	3.411
18.797	7.028	15.041	-0.073	-0.948	3.887	1.764	16.250	-0.641	7.460	1.064	2.116
3.771	5.698	10.775	0.315	-0.117	7.229	1.883	8.008	1.289	8.570	3.789	3.414
11.427	4.569	16.656	-0.604	0.415	9.068	3.571	8.959	-0.230	3.217	4.047	4.420
14.163	6.602	18.410	-0.779	1.266	9.275	3.776	17.117	0.213	6.109	2.531	3.103
13.682	2.839	0.906	1.373	-1.042	9.744	3.177	12.715	-0.193	1.166	1.457	4.648
5.320	0.717	6.194	1.183	0.156	6.066	0.895	2.780	-1.021	9.182	1.708	2.965
10.758	4.594	13.224	-1.215	0.673	1.848	2.954	15.062	-0.588	5.989	1.853	0.781
4.011	7.718	17.852	0.944	-0.344	6.737	3.581	18.929	0.464	4.700	1.794	3.078
6.782	4.689	15.467	-0.124	-0.800	3.837	2.582	12.974	0.967	0.609	1.771	2.458
3.829	7.690	4.394	-0.211	1.620	9.099	3.518	5.261	-0.170	6.552	0.137	2.191
18.818	2.462	11.259	-0.507	-0.152	1.851	1.110	9.641	0.144	6.621	1.664	1.463
13.360	0.329	6.220	0.816	-1.458	5.985	4.296	2.832	-0.202	6.009	2.446	3.444
6.576	2.520	7.898	0.286	-0.368	4.778	3.015	17.153	-0.280	5.726	3.952	2.665
10.642	6.420	19.940	1.881	-0.308	1.904	3.232	14.641	-0.726	8.980	0.503	4.766
19.434	5.887	10.185	-0.851	-0.753	3.276	1.831	19.526	-0.485	2.034	3.972	0.197
5.124	2.906	2.841	-1.010	0.957	9.720	1.317	8.838	0.177	4.736	2.538	0.355
19.794	5.912	1.334	-0.905	-0.335	9.443	3.529	11.594	-1.582	2.262	3.763	0.240
3.776	6.502	16.503	-0.946	-1.081	1.564	2.128	17.593	-1.114	7.503	1.640	4.837
1.259	5.050	16.999	-1.140	-0.604	6.083	2.353	18.453	0.350	0.206	0.725	4.476
9.254	9.720	8.307	-0.483	1.092	7.040	0.218	5.271	-0.502	2.452	1.486	1.303
6.748	0.961	13.937	0.517	1.008	5.478	2.007	1.998	1.192	5.872	2.138	1.740
2.827	8.129	17.168	0.625	-0.553	5.904	0.089	17.955	1.589	1.161	2.969	1.749
17.830	9.886	3.820	-1.202	2.249	5.165	0.953	8.769	-0.257	7.773	0.853	4.816
8.401	3.144	16.424	0.422	-0.098	0.905	2.145	7.297	0.703	4.719	3.233	4.566
15.851	0.287	11.783	1.755	0.548	1.311	2.316	9.683	-0.479	8.886	3.961	2.544
2.237	1.688	8.641	0.555	-1.989	6.465	4.827	13.567	-0.031	7.744	4.027	2.688
9.739	8.179	16.372	-0.153	1.153	0.759	2.234	2.334	-0.058	1.884	3.906	1.824
1.887	4.654	12.949	0.011	0.609	9.137	1.300	2.308	-0.622	1.417	1.408	3.292
17.814	3.308	8.481	-0.531	0.937	8.671	2.559	2.370	0.823	9.360	0.632	3.190
7.943	1.284	12.620	-1.244	-1.283	6.165	3.685	8.766	-0.010	1.897	1.045	3.288
4.311	8.553	0.981	0.203	0.247	7.337	2.203	3.028	-0.186	8.217	0.841	1.553
2.359	0.703	6.364	0.721	1.571	8.544	1.233	12.977	0.836	3.125	1.474	3.903
11.279	1.848	19.122	-1.442	1.617	4.919	0.036	7.903	0.851	0.947	4.142	3.571
11.905	2.829	15.306	0.555	-0.418	0.725	0.388	14.048	-0.882	5.768	0.354	2.885
17.483	6.199	12.325	-0.741	-0.325	2.573	2.214	1.175	-1.304	3.746	3.772	4.000
14.145	3.503	5.968	0.006	1.273	4.206	2.825	0.785	2.689	8.270	4.232	2.921
0.816	9.556	13.341	-0.757	-0.290	6.583	0.136	9.225	-1.535	3.903	1.348	4.348
4.124	3.883	13.178	-1.026	-1.050	4.829	1.022	0.981	-0.096	8.026	0.973	2.980
0.055	5.517	12.570	-0.873	-1.293	8.366	4.310	6.835	0.067	8.289	1.696	0.136
4.423	5.498	6.383	1.069	0.186	9.560	4.007	3.271	0.539	4.103	3.592	3.297
12.972	0.255	15.546	-0.667	-0.815	6.481	4.162	7.208	-0.782	9.003	4.765	0.192
7.711	8.893	7.088	2.583	-0.016	9.580	0.545	17.561	0.308	8.829	3.376	0.246
5.255	9.996	10.109	-1.680	1.062	6.493	0.926	0.634	0.124	6.520	0.974	0.070
2.102	8.662	11.535	0.678	0.262	5.435	4.200	6.742	-1.291	2.499	2.029	0.709
3.246	5.241	13.105	-1.645	1.694	8.139	3.777	6.443	0.499	9.293	0.310	2.210
0.059	2.182	13.501	-0.097	-1.551	9.011	1.892	15.534	0.455	2.632	0.775	1.039
12.433	3.860	6.291	1.061	0.718	8.355	3.550	6.664	1.390	8.964	4.792	1.397
19.337	6.400	10.388	1.076	0.885	4.780	1.577	8.545	-0.157	0.884	0.361	4.028
1.382	0.053	10.548	1.816	-1.673	3.419	0.911	19.216	-1.023	4.757	1.305	0.770
14.478	1.904	11.866	-0.311	-0.394	1.625	0.675	8.160	0.033	3.464	3.393	2.793
3.751	0.833	4.600	-0.318	-0.951	3.660	2.925	16.991	1.470	6.863	0.292	2.949
2.843	6.483	8.371	-0.574	-1.126	7.938	1.511	6.047	-0.450	5.521	3.511	2.188
14.598	2.294	0.333	-2.377	0.619	4.844	1.305	4.631	2.028	6.516	4.969	2.939
11.317	5.880	19.995	0.472	0.794	8.548	2.770	7.949	-1.501	1.098	4.945	2.666
15.677	0.073	17.569	-0.738	1.014	8.709	3.244	8.653	1.989	1.380	1.453	0.877
12.915	7.586	8.926	1.936	0.062	1.587	4.654	19.581	1.068	3.049	2.877	3.830
8.258	1.385	9.358	-1.730	0.619	2.983	2.167	18.397	0.141	7.304	4.119	1.387
2.332	3.010	18.142	0.966	-0.812	3.155	4.429	7.409	-0.219	4.173	2.465	1.534
6.751	0.583	13.137	-1.287	0.278	9.694	1.664	10.960	0.192	1.655	0.474	0.316
5.207	9.853	14.146	0.672	-1.312	0.706	3.717	17.473	1.626	9.614	4.776	4.293
10.767	5.469	12.475	-0.957	0.009	3.079	0.103	9.507	0.983	9.412	0.558	2.448
18.470	9.684	0.785	0.111	2.076	4.466	3.050	19.751	-0.090	9.172	2.726	0.519
12.053	5.507	5.293	0.965	-0.110	9.722	3.470	11.425	-2.312	8.585	2.835	3.457
7.940	2.473	7.805	0.571	-0.418	6.500	0.990	12.540	1.582	3.536	0.889	4.034
3.988	1.940	9.499	0.236	0.399	5.811	1.145	2.491	1.314	2.536	4.473	3.889
7.282	6.187	7.152	0.339	0.993	8.031	1.784	10.333	0.723	6.217	3.862	3.979
8.920	9.530	5.610	-0.272	1.367	3.843	3.788	13.338	0.239	7.658	3.835	1.293
5.063	7.346	0.218	0.878	0.157	5.654	0.356	6.746	-0.323	6.424	4.306	2.210
8.170	9.955	18.580	0.263	0.378	3.542	0.151	19.964	2.259	2.397	1.895	3.009
14.995	6.204	0.417	0.910	-0.247	0.676	4.756	13.259	-0.823	6.034	1.052	3.729
10.502	1.065	4.205	0.350	0.002	1.649	3.558	9.145	-1.538	3.320	1.885	3.695
8.311	3.602	14.962	0.640	1.239	3.956	4.626	9.044	-2.075	8.854	1.240	2.654
15.692	0.302	10.094	-0.309	-0.041	2.406	0.191	10.924	-1.054	5.616	4.388	1.697
16.840	5.027	5.483	-0.823	0.773	6.512	1.696	5.978	-0.870	0.679	4.580	4.217
12.140	4.499	18.696	-0.159	-1.282	4.930	2.518	1.479	2.120	4.540	0.243	3.274
5.566	5.766	5.062	-1.101	0.798	1.009	0.496	6.518	-1.125	9.713	0.349	0.833
0.283	2.612	1.171	-0.529	-0.354	4.708	2.752	11.216	1.156	1.407	1.855	2.681
15.926	0.821	11.833	1.370	1.649	8.955	1.411	2.713	1.257	9.898	4.083	4.621
10.838	7.512	12.718	0.133	0.141	7.077	1.666	17.741	-1.967	6.464	0.630	4.665
2.534	5.188	19.273	0.351	-1.112	9.947	1.975	7.401	-0.094	0.557	3.759	0.763
10.780	0.292	12.816	-0.905	-0.187	4.094	0.486	10.097	0.229	5.437	3.591	1.956
17.333	7.895	5.353	0.775	0.760	4.604	1.503	8.413	-0.830	2.786	2.221	3.052
13.871	6.677	12.552	0.492	1.570	0.736	2.065	1.388	-0.398	8.428	0.318	3.494
6.879	4.119	15.975	-0.521	0.368	7.375	0.695	3.157	1.070	6.044	1.992	3.263
11.377	1.874	14.907	-1.263	0.679	5.545	2.281	7.086	0.170	2.783	3.286	3.271
2.012	1.806	11.467	0.776	-1.167	2.552	4.331	12.716	-0.799	0.679	4.689	0.410
19.853	0.209	16.297	0.814	1.667	2.695	1.673	17.921	1.476	1.419	4.143	0.255
15.725	2.297	14.435	1.303	-0.059	7.328	2.639	7.859	-0.527	1.482	2.513	3.077
7.559	1.620	9.226	-1.798	0.657	1.525	2.590	9.460	-0.351	5.809	4.842	3.058
5.223	5.159	18.695	-0.108	-0.740	1.586	3.482	5.916	-1.088	0.994	3.904	1.447
16.233	3.976	13.414	1.165	1.315	0.043	3.418	8.067	0.726	8.489	4.738	2.119
3.215	4.612	10.576	-0.862	-1.625	1.624	1.730	11.547	-0.547	8.369	3.980	3.439
13.248	5.951	3.410	0.032	1.393	8.132	2.744	6.984	-1.261	3.767	1.458	1.050
19.197	0.143	2.651	0.751	0.593	7.721	0.495	11.153	0.810	2.310	0.199	2.689
7.266	9.179	2.804	0.091	-0.150	3.728	4.319	16.326	-0.442	0.005	1.087	2.333
9.757	2.791	10.268	1.230	-0.822	0.491	4.120	1.092	-0.932	2.239	4.853	4.106
5.143	2.272	17.672	-0.734	1.453	1.892	4.643	3.794	0.330	9.303	3.096	2.695
12.815	7.443	7.505	0.773	0.211	4.321	0.164	16.980	0.073	7.907	0.653	4.660
13.951	6.764	12.043	-0.370	0.903	3.280	1.853	11.160	1.301	9.269	2.547	1.072
14.108	0.383	17.937	-0.111	-0.165	7.969	3.506	2.050	-3.247	3.455	2.466	2.097
8.168	8.188	13.034	-0.660	1.006	8.607	0.486	11.759	-2.816	6.844	1.329	3.480
19.313	2.857	7.794	-1.530	0.431	0.074	3.595	12.379	0.115	6.411	3.046	2.756
3.154	5.107	9.244	0.162	0.358	4.023	1.943	12.817	0.033	5.669	2.254	3.606
2.275	6.015	5.799	-0.239	-2.137	5.961	0.567	16.495	-0.716	3.001	3.541	2.601
16.217	9.049	3.592	0.484	0.674	2.436	2.384	6.725	-0.747	5.940	4.178	2.287
19.328	3.782	2.256	1.402	0.576	4.764	0.202	11.494	-0.200	9.218	1.259	2.850
8.937	0.686	15.820	0.256	-0.601	0.297	2.246	8.202	0.421	8.131	1.270	1.865
10.161	2.424	1.231	1.186	-0.341	6.765	2.893	2.541	-1.453	4.224	1.496	1.242
12.403	4.698	0.813	0.163	1.563	9.826	4.365	10.786	-1.397	8.906	3.323	3.716
15.729	1.367	1.057	-0.573	0.599	3.953	4.690	12.948	-1.562	3.068	1.199	2.156
9.573	9.782	0.766	-0.113	-0.123	9.869	2.526	19.553	-0.676	0.300	2.895	4.679
5.801	1.349	7.509	-0.950	1.162	7.914	1.508	15.293	-0.820	4.226	4.161	4.744
2.755	4.394	18.342	-0.391	0.964	5.394	1.554	2.511	1.779	1.316	4.081	4.372
15.178	0.596	17.371	-0.934	-0.988	4.500	0.344	4.201	-0.205	7.400	1.172	0.387
16.677	0.087	12.825	0.159	0.458	7.904	1.209	8.390	-1.600	2.686	4.358	4.267
17.321	1.235	19.344	-0.500	1.651	2.751	3.987	8.662	-0.512	5.967	0.966	2.824
6.946	6.707	7.929	0.658	0.478	7.749	3.989	15.760	0.530	9.993	4.363	2.727
13.279	1.707	2.036	0.614	-0.231	5.935	4.493	2.043	0.473	4.810	3.920	4.833
3.076	6.989	3.135	-0.779	0.577	2.795	3.589	10.131	-0.676	9.709	3.419	4.917
9.000	2.390	19.657	0.127	-0.949	7.704	3.820	8.305	2.149	4.408	2.313	0.897
19.006	0.863	14.563	0.375	-1.002	8.752	4.503	4.482	0.697	0.277	2.672	1.050
11.996	6.283	19.317	0.937	0.272	7.905	0.273	13.931	-1.155	1.714	1.925	3.397
3.223	4.934	7.061	0.225	-0.277	2.090	4.369	6.587	0.188	4.554	2.861	2.764
17.063	3.801	5.293	-0.796	1.494	2.484	4.305	2.529	-1.524	4.741	2.982	2.074
5.446	5.939	9.976	-0.163	-1.085	0.406	4.214	13.492	-0.479	7.462	0.746	2.967
2.723	4.867	9.391	1.009	1.395	6.156	1.382	3.280	2.671	4.381	0.191	2.827
6.242	7.646	10.740	0.950	-0.468	1.500	4.372	7.758	-0.749	3.346	4.896	0.361
18.289	3.662	7.849	0.469	0.598	9.060	2.344	5.561	1.052	6.927	3.536	3.883
11.878	3.926	18.365	0.679	0.674	3.985	3.021	16.110	2.390	3.185	3.374	1.209
8.471	7.646	16.976	0.178	0.161	5.101	2.991	3.346	-0.547	7.517	0.754	0.050
1.437	1.223	11.546	-0.872	-1.123	5.472	2.450	8.032	0.121	0.315	1.566	3.134
14.990	5.445	6.269	-1.273	-0.806	6.650	2.752	16.120	0.890	3.529	0.281	0.531
16.344	9.124	14.037	-0.122	-0.036	3.851	2.555	6.164	1.099	8.902	4.879	3.633
4.564	7.698	2.766	-1.261	-0.955	8.252	4.926	6.738	-0.460	4.746	2.741	4.906
3.643	5.625	2.393	6.153	7.649	8.060	1.830	11.615	1.139	5.047	5.351	3.244
5.499	3.253	9.562	1.838	9.489	8.600	1.544	0.265	2.759	5.052	2.901	4.532
5.132	4.192	18.251	6.731	6.055	1.414	0.865	14.572	0.945	4.749	4.585	1.436
6.184	4.061	12.007	14.687	2.875	2.997	1.884	6.309	0.601	6.894	5.046	1.342
4.911	5.241	0.683	15.112	5.875	7.950	0.524	15.146	1.018	7.889	4.353	0.148
4.850	5.058	13.999	4.590	5.918	4.996	3.229	3.531	1.045	3.377	3.703	3.731
3.305	6.595	4.315	6.029	4.704	8.791	3.284	5.216	3.234	8.741	4.957	0.110
5.615	6.031	18.508	5.957	9.766	9.375	1.842	2.736	4.056	5.384	3.613	0.841
5.538	3.528	12.977	8.264	5.540	1.449	1.916	16.973	2.692	6.330	5.678	3.149
4.097	5.223	9.998	9.129	5.862	3.204	2.064	8.673	0.052	1.517	4.395	4.756
4.271	1.906	12.151	15.689	8.070	3.451	1.775	8.571	1.174	9.356	3.990	0.927
5.217	5.372	7.012	5.153	8.013	6.366	4.164	17.809	4.289	7.807	5.219	4.283
5.620	4.655	16.000	12.218	8.339	4.276	3.350	5.739	1.675	6.006	6.584	1.814
4.652	5.139	16.634	5.353	8.013	3.666	2.753	18.914	0.506	6.159	5.283	0.124
5.436	5.146	14.977	19.055	0.524	7.332	2.988	4.228	1.993	7.197	5.643	2.673
6.166	6.491	8.160	9.525	5.194	2.916	4.352	0.166	4.008	2.030	6.457	3.747
5.383	5.612	14.365	7.935	6.683	1.432	2.768	17.594	3.167	4.026	5.038	1.088
3.974	5.953	16.286	19.035	3.644	8.303	4.770	8.495	3.852	0.144	3.633	3.073
4.774	4.513	1.792	13.624	9.906	6.121	4.746	7.592	0.120	6.567	4.430	2.805
4.791	4.117	2.399	16.200	6.452	0.232	1.405	2.973	4.677	7.025	3.747	2.312
4.108	4.888	4.746	15.747	4.967	6.174	1.089	16.124	0.765	5.635	5.972	3.961
5.883	5.531	10.409	6.822	1.565	2.840	0.602	9.551	3.512	2.004	4.778	2.702
5.142	4.804	10.852	11.634	9.550	0.675	4.890	4.508	3.568	5.328	6.808	3.280
5.745	6.558	17.500	10.452	5.805	7.886	1.155	10.192	0.217	6.520	6.108	2.511
5.901	5.375	0.237	13.671	1.341	1.376	1.651	0.814	3.925	4.958	4.929	0.425
5.025	5.826	8.668	19.969	4.249	5.471	0.752	17.029	0.796	7.934	5.442	4.421
4.620	5.485	18.482	18.615	6.559	1.562	3.601	4.110	3.681	0.141	4.020	3.637
6.570	5.092	3.583	9.971	3.997	2.857	3.949	12.001	0.609	2.014	7.420	1.445
5.206	3.983	12.267	17.354	3.119	7.277	2.046	6.378	4.914	4.414	4.577	3.216
5.553	5.264	19.931	17.729	5.286	1.785	2.093	16.996	0.014	6.317	6.174	1.966
6.662	4.513	1.415	11.029	2.608	4.731	1.941	15.939	2.583	7.297	2.800	4.780
7.447	5.828	19.168	14.058	9.140	4.735	1.010	18.830	2.132	4.835	4.367	4.487
4.346	4.701	9.029	0.919	8.204	4.491	3.248	17.719	0.939	4.524	4.619	4.061
3.493	5.000	3.406	1.099	6.207	9.294	3.955	1.151	3.991	2.560	5.078	2.161
3.496	4.646	10.324	14.754	7.910	9.668	4.294	12.407	0.061	6.802	5.104	1.647
4.485	3.707	8.727	13.172	5.948	8.916	0.865	1.059	0.673	8.724	7.109	0.675
3.842	6.406	12.363	9.919	1.957	0.386	0.983	17.696	1.939	5.072	4.557	0.985
3.549	4.718	0.273	3.883	9.114	7.652	3.357	14.705	3.728	1.455	6.655	2.675
3.470	4.682	5.771	12.145	4.888	5.523	3.453	10.763	3.726	5.429	3.218	0.839
5.616	5.116	5.815	16.157	8.875	7.215	4.645	8.611	1.167	8.991	7.044	2.135
6.037	4.069	8.440	9.896	4.335	7.875	2.045	7.756	4.264	4.612	5.261	0.710
6.701	4.239	4.209	4.755	2.952	7.077	4.463	0.412	3.176	4.425	5.436	1.482
3.962	4.798	0.664	13.871	6.713	4.103	3.753	19.675	0.047	6.142	5.462	4.416
4.429	3.948	10.359	9.405	4.911	0.282	2.204	11.148	0.290	0.679	4.490	4.348
4.405	5.397	0.036	10.880	4.386	2.683	2.856	10.151	0.811	5.989	5.411	1.760
4.399	5.534	16.482	16.263	7.914	6.565	1.027	0.769	2.225	9.778	5.242	1.190
3.932	5.337	16.263	17.294	1.864	1.208	2.741	11.106	0.809	3.357	6.717	1.059
3.343	4.337	1.879	10.797	7.894	9.186	4.876	9.455	4.125	7.199	5.506	2.539
2.699	5.812	11.612	8.904	1.189	6.871	0.879	3.887	4.493	8.080	5.445	2.885
5.062	3.088	0.502	14.270	0.596	9.397	3.525	14.496	2.192	1.082	2.420	1.988
5.916	3.893	6.365	16.127	6.779	6.381	4.570	14.308	0.794	0.056	5.117	3.916
5.130	3.988	0.223	16.135	7.500	1.888	0.897	0.387	0.183	9.066	4.698	3.131
4.510	3.660	17.478	19.031	4.305	4.994	1.232	9.801	0.572	7.762	3.613	0.607
4.307	6.155	14.155	12.715	7.951	0.129	0.852	14.923	2.729	2.471	4.765	3.974
4.943	5.737	8.102	15.552	5.861	6.449	1.914	15.828	0.525	7.112	4.960	1.821
5.586	4.148	1.469	15.888	6.418	7.880	4.878	4.193	4.741	2.139	5.089	4.112
4.312	5.492	13.931	3.136	9.568	0.679	4.008	3.378	0.679	0.690	5.135	3.875
5.578	5.974	10.185	18.444	1.909	4.741	0.195	11.724	0.110	0.507	4.819	0.970
3.634	4.872	13.800	4.160	4.679	1.248	1.729	10.205	1.615	7.116	6.965	3.147
5.556	4.598	18.756	18.133	8.680	0.659	2.752	19.696	3.113	6.889	4.299	2.779
5.481	5.139	1.731	19.955	9.177	9.203	2.826	11.144	1.965	6.300	4.561	3.598
6.496	4.331	16.113	5.946	3.083	5.188	2.059	3.415	4.794	7.236	5.326	1.467
5.394	5.637	8.223	16.466	4.679	1.776	3.564	17.706	0.178	4.481	5.656	3.075
5.051	6.495	16.337	11.146	9.833	1.696	2.412	12.025	3.154	8.925	5.450	2.971
4.399	5.306	6.584	11.536	5.608	1.295	1.964	9.893	2.369	2.502	4.348	0.505
6.654	6.399	2.922	1.798	1.999	6.807	3.440	10.063	0.369	5.770	3.116	2.072
5.067	5.785	17.773	4.104	8.682	2.335	3.780	16.222	0.159	7.458	4.665	3.667
5.164	6.827	7.043	11.904	4.793	5.273	4.941	8.813	1.735	8.516	6.501	1.627
3.782	5.771	11.347	14.864	4.569	5.553	1.367	5.891	4.030	1.216	4.441	3.861
6.922	4.153	19.873	15.601	6.383	2.572	3.146	1.877	0.119	3.547	4.894	2.229
6.151	2.678	10.690	12.011	7.886	2.515	3.755	4.902	1.248	6.177	4.837	3.172
3.679	4.718	15.552	12.172	8.528	8.056	1.326	3.623	1.765	8.877	5.354	1.332
4.197	3.239	8.907	15.394	6.173	9.322	4.713	19.773	4.244	0.524	5.651	4.885
4.533	4.615	14.577	19.911	9.019	6.483	3.932	2.610	1.782	4.669	3.972	1.727
4.716	3.739	4.122	11.426	4.738	7.324	3.512	10.775	2.028	9.561	5.496	4.408
6.430	3.913	4.100	11.760	0.574	6.943	3.845	18.344	0.280	0.193	5.501	1.981
5.064	5.422	16.454	11.270	6.917	4.623	2.635	12.498	2.675	8.980	5.399	4.000
4.290	3.742	19.718	19.792	4.707	2.287	1.597	2.941	4.735	6.891	5.029	3.383
5.451	4.545	9.183	10.782	9.100	7.088	4.258	13.485	2.563	7.194	6.649	2.558
6.548	5.450	4.642	18.076	4.793	1.800	1.632	13.511	0.549	1.795	4.450	1.264
6.523	5.309	18.808	8.140	2.416	0.964	0.356	15.988	2.310	3.828	4.935	0.955
4.473	5.304	0.837	17.773	1.853	5.655	0.776	7.180	4.136	7.226	3.688	0.002
5.167	5.660	13.629	18.811	6.653	6.635	2.852	4.049	2.350	9.253	5.821	4.975
4.252	4.397	4.371	4.300	4.729	2.980	0.906	12.243	4.928	3.437	5.465	1.567
6.044	4.787	7.346	11.809	7.242	3.132	2.563	3.843	0.357	4.860	5.777	4.853
4.883	4.318	9.790	2.882	1.890	7.465	4.996	18.892	0.640	3.576	5.167	0.178
4.776	6.977	2.720	16.534	9.873	8.059	3.799	5.694	3.200	7.030	4.096	0.659
5.670	5.494	1.660	10.150	0.025	7.922	2.948	13.452	0.158	1.349	5.280	3.654
5.807	2.357	6.217	7.509	6.181	9.439	3.892	4.569	4.066	9.610	5.994	1.186
4.468	5.784	7.912	6.439	7.808	9.415	4.629	19.742	0.490	1.722	4.150	0.391
5.279	5.030	6.692	11.898	6.407	8.626	1.303	4.765	4.908	2.301	5.250	3.370
5.921	6.466	3.896	2.869	7.909	2.389	2.578	8.510	1.526	7.773	6.082	0.413
5.306	7.214	15.074	13.011	5.169	7.716	1.623	19.989	2.659	2.464	5.619	1.160
6.143	5.504	7.461	16.639	9.666	8.856	0.064	7.025	1.937	2.858	6.767	2.620
5.135	4.882	13.755	8.228	1.626	7.594	3.631	13.151	0.459	3.150	4.447	3.846
5.103	4.719	16.153	0.474	7.410	5.473	4.830	16.008	2.180	2.486	4.353	0.332
6.098	4.703	14.317	0.986	9.902	9.139	3.786	19.814	0.974	9.284	5.573	2.327
4.496	4.575	14.660	5.924	7.919	9.442	3.964	19.073	0.395	5.873	5.031	4.773
5.701	5.149	10.364	3.120	6.374	9.281	0.230	4.811	3.187	5.003	5.070	0.436
3.188	3.125	5.838	3.634	9.113	7.792	4.776	9.328	4.823	4.216	4.326	2.843
4.535	6.407	11.564	6.317	5.566	6.119	3.862	10.338	4.550	7.523	4.035	4.077
5.020	4.945	6.951	10.460	0.600	2.519	1.580	14.604	3.522	2.673	5.506	3.300
5.262	3.574	18.054	19.760	9.543	3.364	2.493	3.892	0.468	9.962	3.267	0.426
4.742	4.917	12.097	0.859	1.156	8.127	0.335	11.462	2.052	0.184	6.407	3.841
5.953	4.066	9.942	11.095	9.791	7.008	2.129	6.375	1.873	7.321	5.313	0.045
5.536	3.850	18.276	2.052	0.584	4.132	2.102	5.724	1.806	1.110	6.583	3.222
6.173	4.168	2.958	1.148	1.425	0.509	2.794	13.212	3.170	2.502	4.103	3.898
3.379	5.136	19.693	14.122	2.889	9.426	1.934	4.410	4.942	3.081	6.180	4.014
7.355	3.175	12.796	1.144	8.654	5.776	4.423	3.689	0.107	7.584	4.187	1.488
3.315	6.000	13.730	8.734	2.919	2.930	0.580	9.126	2.282	7.663	5.051	0.595
3.568	4.742	4.160	0.326	2.000	3.045	4.173	12.807	0.340	2.928	5.010	2.771
2.837	3.597	18.308	16.994	8.107	6.739	1.563	9.406	4.157	5.054	5.439	1.286
4.463	5.541	5.255	2.032	5.426	1.892	3.457	6.123	3.182	3.933	5.532	1.890
4.485	3.150	9.708	7.020	1.054	4.111	1.260	6.141	4.784	6.143	3.974	1.929
4.919	6.548	1.644	12.158	8.619	9.745	2.406	6.414	2.839	3.523	4.804	1.484
3.388	3.605	1.470	19.977	4.191	7.269	2.025	13.681	3.369	0.159	6.595	1.566
5.591	6.541	18.103	9.988	7.102	7.548	1.026	9.154	2.566	4.240	3.673	3.527
6.061	5.310	11.159	3.673	0.398	4.207	2.300	12.821	1.234	4.054	4.154	0.339
5.006	5.728	0.146	17.512	8.473	9.434	3.355	16.418	0.362	3.758	4.354	0.196
5.023	6.164	17.213	4.038	6.477	5.244	1.379	10.442	0.457	5.701	4.003	4.467
5.076	3.964	8.718	11.434	8.289	6.224	4.713	16.098	4.578	1.856	7.106	3.042
6.583	3.784	6.888	16.208	0.025	4.957	4.159	13.833	4.897	9.852	4.536	2.989
6.087	4.796	10.147	3.081	7.704	0.570	2.501	7.978	2.456	0.031	4.853	4.793
3.860	3.774	12.188	10.544	0.457	3.690	3.289	11.245	3.117	0.050	6.344	3.367
5.123	3.841	12.310	15.547	0.995	6.226	3.350	10.240	1.970	1.015	4.616	3.313
6.109	3.622	8.258	8.755	8.998	3.616	2.199	9.523	4.222	3.857	5.124	1.328
4.273	4.091	10.008	6.602	9.356	7.821	4.031	12.511	1.975	2.174	4.309	4.865
4.718	6.834	19.492	19.930	3.559	7.862	0.839	14.914	0.145	5.752	5.148	0.615
4.434	6.879	16.055	1.286	2.557	5.011	0.135	8.478	0.406	7.738	7.317	2.924
5.526	6.623	5.553	4.981	9.121	5.193	4.531	13.634	1.746	3.573	5.804	1.021
5.389	5.013	3.335	0.879	8.364	3.417	2.787	7.109	1.974	6.369	4.534	4.907
2.130	5.441	17.194	18.355	4.613	8.694	4.855	12.008	4.376	0.887	5.812	3.194
4.957	5.690	18.195	12.001	7.158	7.221	2.793	13.353	2.542	6.136	5.877	3.130
5.576	6.505	3.783	12.640	3.563	0.189	1.081	18.675	1.007	2.431	4.153	0.948
4.027	4.051	6.582	14.158	6.501	2.463	0.798	6.464	2.444	8.381	6.844	2.013
5.141	5.507	0.905	11.924	2.682	8.737	4.054	1.809	2.574	1.521	6.094	1.272
5.618	4.347	18.367	12.297	6.233	9.799	3.267	0.014	0.792	5.917	4.674	2.717
3.957	4.859	10.872	15.401	8.708	3.985	3.116	17.897	3.494	0.317	4.685	3.078
4.711	3.931	2.993	16.342	6.788	5.136	3.681	15.076	1.370	3.835	5.070	4.020
5.361	5.310	19.916	13.636	0.688	1.321	0.180	11.396	3.459	6.939	4.708	3.698
5.106	5.898	6.486	5.982	7.974	9.009	1.546	4.372	1.754	1.314	5.990	1.831
4.669	6.205	19.929	16.043	5.915	1.051	4.174	15.648	2.313	2.772	4.996	3.810
3.947	6.243	19.580	0.432	0.777	8.140	1.637	18.229	3.712	1.437	5.297	4.799
5.161	6.085	9.658	5.503	7.622	9.070	1.968	18.515	2.843	3.844	5.365	4.497
4.373	3.230	18.192	5.384	8.793	0.314	2.015	3.842	2.478	7.897	5.822	4.721
5.654	6.315	19.060	7.257	5.790	2.554	0.168	6.715	1.043	3.595	5.662	0.827
3.300	4.499	0.242	15.360	4.005	2.267	1.289	18.738	0.313	0.381	6.207	4.041
5.804	3.506	17.188	5.684	9.145	9.978	1.930	6.467	3.130	5.624	5.402	0.470
4.569	5.844	13.072	12.858	8.619	8.554	3.480	8.945	4.738	3.330	5.024	3.780
6.013	5.417	3.120	2.443	7.635	6.253	1.344	2.120	1.015	3.912	3.782	2.960
6.144	5.102	4.073	9.693	0.259	4.425	3.021	4.766	0.027	3.890	4.873	3.954
2.988	4.892	0.222	8.620	0.518	2.824	1.740	0.760	0.928	6.321	5.477	0.439
6.670	3.731	10.646	1.524	7.533	5.551	2.072	3.023	0.919	5.676	4.497	3.877
5.214	4.352	18.869	19.975	8.629	5.447	1.836	13.501	0.602	3.309	4.866	0.742
8.147	3.333	10.714	10.082	0.121	8.202	1.047	6.557	4.134	3.286	4.993	4.312
4.705	4.885	1.254	16.745	3.353	6.056	1.785	7.387	2.308	4.190	5.684	4.216
3.917	3.686	3.511	1.174	2.723	7.427	2.323	6.123	2.629	9.289	3.837	3.581
2.580	5.026	3.365	7.541	8.986	0.157	0.774	12.926	4.914	8.150	4.597	4.089
3.141	5.172	1.543	7.460	1.891	4.192	4.086	13.139	4.383	9.548	5.776	3.636
4.130	4.821	15.634	18.995	7.926	7.288	4.872	8.519	0.053	5.373	5.887	1.587
5.356	5.822	5.448	7.230	4.962	0.192	4.579	6.274	2.992	6.236	6.886	4.433
4.237	3.855	14.227	7.498	1.584	7.422	2.327	10.632	2.972	5.686	7.418	0.472
5.003	3.712	1.527	3.696	9.076	4.065	4.690	17.834	0.438	7.839	4.359	0.826
4.834	6.204	14.365	9.505	8.982	8.865	2.698	19.050	0.069	7.143	5.275	4.230
5.236	4.657	18.003	8.858	2.460	6.537	0.465	13.462	3.594	4.989	3.261	4.123
2.021	5.296	9.621	14.594	6.462	1.050	0.355	5.118	3.740	1.379	3.627	3.119
5.519	3.899	17.554	5.164	8.290	5.282	3.598	18.034	1.723	4.389	4.819	1.777
5.628	6.691	15.907	3.056	6.446	3.470	0.056	19.893	1.503	2.239	3.807	0.853
4.477	4.322	8.029	7.439	4.769	6.540	1.173	7.138	0.490	4.389	6.815	0.438
6.159	3.335	18.025	14.764	5.710	5.771	1.523	0.923	1.585	2.844	5.401	0.001
7.471	3.291	7.493	15.131	1.448	2.699	0.023	8.241	2.874	0.768	5.446	1.115
4.773	3.157	1.041	18.689	2.809	6.518	3.148	9.527	3.353	0.124	4.660	0.644
6.302	4.284	19.509	11.477	0.123	1.503	3.911	0.921	3.786	9.920	4.695	3.665
4.965	6.327	7.132	12.689	1.517	4.348	3.912	3.008	0.139	4.794	4.647	2.021
5.426	5.187	9.867	8.535	0.529	1.325	1.935	12.462	0.885	5.339	7.331	1.249
4.756	5.807	5.039	7.254	2.543	0.320	2.785	10.513	0.351	0.338	4.743	3.596
6.348	6.351	2.208	6.911	4.659	7.694	4.515	16.398	1.970	4.449	4.461	2.731
4.490	4.980	13.157	0.760	1.568	1.393	4.203	11.728	2.863	1.988	3.434	3.292
3.798	4.700	6.109	18.606	2.908	1.762	1.971	0.069	0.619	3.534	4.204	2.409
2.469	5.628	7.789	18.259	7.143	1.248	4.571	7.869	3.961	2.734	5.990	2.238
4.314	4.722	12.555	0.550	6.608	4.324	0.123	19.463	3.392	1.372	5.558	2.118
4.412	3.447	17.393	11.743	6.817	4.280	1.398	4.042	0.117	5.034	5.666	0.699
5.444	4.103	0.386	12.163	5.139	5.015	1.992	13.378	1.828	3.819	5.468	4.537
4.279	6.158	4.208	14.582	2.664	7.554	4.348	0.641	4.707	5.393	5.248	0.005
4.241	7.109	9.197	12.380	8.295	1.908	4.744	11.746	0.254	8.256	5.806	2.915
4.700	6.173	11.473	14.515	3.913	9.314	1.095	2.350	4.260	9.496	5.895	2.667
6.161	4.492	2.042	18.504	7.522	5.211	4.016	5.693	4.500	5.736	4.602	2.070
5.327	6.225	15.714	17.921	1.850	8.598	1.128	1.843	2.508	3.406	4.595	3.705
4.473	5.811	18.177	19.679	1.696	7.169	3.464	1.635	2.914	6.276	4.773	0.661
5.242	5.066	17.311	12.945	9.167	0.632	4.775	15.147	1.652	6.093	4.736	1.449
5.754	6.245	0.810	2.031	2.689	3.243	2.344	2.429	1.619	5.376	5.073	3.643
4.339	5.642	0.456	6.265	1.033	8.713	1.834	15.579	4.125	4.181	4.144	4.442
5.345	5.509	7.097	8.432	6.388	1.721	1.651	6.088	3.027	1.383	4.943	3.092
5.707	4.796	12.092	13.896	5.613	9.724	0.237	15.745	3.962	4.137	5.188	2.149
3.862	6.079	2.840	4.471	6.118	9.002	3.454	0.725	3.789	6.673	4.973	2.663
4.789	3.617	6.284	18.825	8.751	8.977	3.674	14.187	2.035	6.059	2.123	2.644
4.210	4.279	15.728	8.555	7.173	4.418	2.395	11.175	1.968	7.507	7.388	2.862
6.146	4.701	5.603	12.310	6.873	7.772	1.152	12.449	2.398	7.567	4.559	0.237
4.557	5.079	19.481	3.331	8.622	1.403	3.531	9.634	0.768	7.290	5.079	4.867
4.463	3.388	9.734	15.770	4.285	6.126	2.165	14.915	2.853	7.344	5.230	1.359
4.836	4.605	17.779	16.747	7.050	0.994	3.885	18.321	3.503	5.461	4.285	2.575
4.129	5.658	8.863	11.922	5.560	3.351	4.168	9.215	4.275	9.593	4.384	0.972
3.978	5.436	1.875	5.223	5.610	1.840	3.149	14.522	2.011	0.503	6.211	0.381
4.809	5.432	10.863	17.846	6.679	0.980	3.817	10.704	2.220	5.402	6.297	3.347
4.452	4.281	10.335	15.401	7.716	4.791	3.205	9.437	4.297	7.202	4.412	3.650
3.150	5.556	0.129	17.158	3.772	5.934	3.381	12.964	2.635	5.465	4.831	0.916
4.655	4.963	6.757	18.276	7.609	4.944	2.996	2.905	1.746	8.767	5.309	4.124
3.987	4.636	9.870	12.316	1.986	5.315	3.395	6.573	2.724	3.221	4.906	2.870
7.053	4.517	12.498	16.792	4.045	4.552	3.106	13.939	4.900	1.726	5.507	1.038
7.574	7.041	12.862	19.983	9.533	0.964	4.973	14.340	0.601	4.330	6.464	1.094
4.566	4.916	8.691	17.477	1.290	9.875	4.972	4.330	4.286	4.360	5.808	0.657
3.920	7.366	7.920	4.951	1.584	1.964	0.623	8.263	4.081	6.390	4.491	1.807
5.697	5.407	10.319	10.197	4.950	4.419	4.290	16.781	1.589	6.857	3.309	4.388
5.608	5.810	9.932	12.452	2.662	4.819	3.625	0.858	4.192	1.585	4.222	3.681
2.965	5.074	6.601	7.757	3.301	3.358	3.976	17.702	0.029	5.392	6.305	2.999
4.637	5.685	11.035	10.932	1.348	9.961	1.642	7.034	0.038	9.994	3.868	3.484
6.072	4.291	12.159	3.766	7.551	5.539	4.059	0.291	3.617	7.190	5.182	0.875
3.891	4.690	17.385	10.130	7.753	3.979	1.216	8.739	0.663	7.689	7.067	0.803
4.163	3.105	7.823	12.427	7.237	5.332	0.028	15.076	2.817	5.780	4.346	0.041
3.335	4.705	7.333	17.566	8.424	8.159	4.401	2.166	1.759	2.177	4.328	3.716
4.727	5.627	12.835	8.149	8.468	4.089	0.877	17.021	3.267	7.379	4.996	1.306
3.517	6.794	6.840	4.448	4.870	3.901	0.169	18.192	0.123	4.694	4.714	1.086
4.096	5.446	15.883	7.631	7.398	7.151	4.215	9.476	3.143	5.372	4.429	0.157
4.376	4.759	0.697	14.693	1.835	2.122	3.983	18.223	0.813	8.032	4.708	1.410
4.523	6.355	0.545	7.291	2.411	3.029	3.812	19.058	3.162	9.166	3.198	0.119
5.409	4.517	12.851	10.414	5.458	9.391	3.580	4.054	2.196	2.781	5.105	2.962
4.060	5.329	0.342	0.407	0.559	0.895	1.455	8.520	1.750	0.685	4.319	4.576
5.653	4.141	7.271	16.769	0.813	9.859	3.723	0.893	0.408	3.922	3.269	4.030
5.016	6.490	6.511	17.449	9.084	6.858	3.901	16.174	3.116	5.507	4.608	4.886
5.208	4.610	7.371	1.573	6.157	8.234	1.688	2.536	2.400	4.710	4.579	3.773
3.278	2.749	7.416	13.318	9.542	3.881	0.261	15.210	0.361	3.229	4.027	0.602
5.760	4.062	18.946	12.265	9.592	2.963	1.160	11.269	1.512	2.247	4.317	0.747
3.087	3.619	2.872	14.496	1.675	5.068	2.825	0.616	3.267	4.820	6.167	2.482
6.243	6.170	19.347	15.056	9.057	6.992	4.790	16.595	3.481	8.403	6.247	3.816
4.058	5.841	15.404	6.248	6.245	1.099	1.068	7.257	0.183	8.597	4.734	4.804
4.540	4.373	7.445	16.043	3.594	0.142	2.183	8.464	4.628	4.008	5.198	4.317
4.510	3.747	0.615	14.643	4.178	1.399	1.867	18.087	0.104	2.598	5.016	2.047
5.668	6.922	3.414	0.469	0.636	4.026	3.485	5.124	1.974	3.379	7.963	0.088
3.430	6.556	3.929	18.490	3.102	2.325	0.319	6.839	0.279	7.837	5.149	2.082
4.124	3.910	14.678	17.097	5.249	8.659	4.243	14.537	2.619	8.255	2.720	4.004
6.105	5.483	1.897	4.982	1.293	4.822	3.230	11.892	1.557	9.980	4.320	1.531
5.388	3.635	2.460	5.605	1.837	4.625	0.855	15.110	1.992	7.041	3.757	2.579
3.709	6.881	15.545	1.686	8.558	4.302	4.364	6.036	3.009	1.347	3.381	4.383
3.925	5.671	15.146	13.404	7.948	5.056	2.100	10.144	2.655	4.543	3.496	2.483
5.532	5.859	0.694	10.417	9.294	9.971	4.613	13.685	4.201	0.656	6.227	1.626
5.608	3.745	18.535	18.360	8.481	1.063	0.557	9.685	1.153	9.065	5.362	3.036
5.864	4.548	8.222	0.470	1.666	2.169	4.568	17.550	4.436	9.282	3.046	4.207
3.587	5.002	14.046	13.565	8.457	1.305	3.463	10.765	3.398	1.679	3.780	3.100
4.820	5.522	2.446	16.563	9.219	8.565	0.593	18.976	0.519	7.713	7.370	2.303
5.072	3.945	18.418	14.584	2.386	6.366	4.425	14.115	3.807	3.624	6.420	1.824
