-0.738	19.250	6.524	3.827	-0.359	13.250
-0.870	9.340	1.234	0.194	1.302	19.021
-0.799	2.473	3.354	4.258	-2.096	6.081
-0.271	6.505	5.613	4.677	-0.739	1.059
-0.976	16.536	7.390	3.086	0.988	0.736
-0.072	19.334	1.032	4.154	2.020	14.898
-1.609	12.075	5.439	1.133	-1.663	1.495
1.128	4.668	8.142	4.535	0.417	16.149
-0.418	10.047	2.096	2.040	0.647	2.716
-0.287	3.160	2.406	1.699	1.841	8.347
-1.381	18.552	9.702	3.216	0.754	8.965
0.737	9.214	8.591	2.323	-0.158	16.544
-0.590	6.253	3.519	4.822	-0.519	16.573
-0.165	4.437	4.216	1.241	0.495	17.644
-0.267	6.123	3.512	1.372	-0.104	11.994
-1.334	0.784	1.965	3.782	0.370	10.535
1.080	5.291	3.900	3.121	-0.400	14.266
0.754	19.297	8.197	4.576	0.085	15.668
-0.415	14.070	1.173	0.620	1.091	17.685
0.661	3.265	3.737	2.019	1.004	3.854
0.181	11.098	6.201	3.735	1.913	12.612
-0.106	13.485	9.447	1.801	-1.379	4.564
-1.067	4.836	2.605	3.741	-0.248	10.953
-0.322	11.379	6.749	4.205	0.587	1.317
-1.072	0.157	6.484	4.660	0.087	13.964
1.364	4.846	6.028	0.085	-1.892	8.457
-0.006	2.874	5.271	1.154	-1.491	5.406
-0.581	9.175	2.620	4.672	0.673	11.860
0.822	12.494	5.584	0.909	0.877	17.693
-0.072	2.662	4.781	1.550	0.590	14.854
-0.782	2.152	1.648	1.648	-1.849	3.419
0.060	3.743	4.192	2.499	-0.439	17.656
-0.267	1.249	0.450	3.091	-0.137	12.974
-0.837	15.536	4.768	2.897	-1.419	5.769
0.393	2.591	1.106	1.674	-1.503	19.900
0.278	0.088	2.300	1.841	-0.867	6.410
-0.321	19.194	2.698	2.456	-0.785	14.098
1.573	15.705	2.172	3.975	1.170	5.351
-0.203	18.431	5.218	1.126	0.474	11.588
-1.370	11.686	6.178	0.162	0.353	10.492
-0.427	3.205	0.259	3.135	0.308	7.515
1.088	14.167	5.954	0.520	0.144	12.942
0.026	8.405	0.774	1.587	-0.546	6.061
0.407	19.432	3.877	4.444	1.369	13.370
-0.007	12.667	6.676	2.648	0.962	9.124
1.339	13.324	4.630	2.745	-0.055	2.120
1.928	19.302	7.071	4.907	0.765	12.391
-0.364	12.120	5.082	0.574	0.611	2.025
-0.053	11.785	9.066	3.644	0.854	13.170
1.025	15.948	0.455	2.559	0.984	9.842
0.464	5.054	7.404	1.185	-0.092	0.701
-1.196	13.547	0.576	3.481	0.864	11.659
-0.133	16.808	1.155	2.697	1.190	13.258
0.572	3.433	2.540	1.429	1.287	4.812
0.796	15.740	5.869	3.430	-1.429	0.557
-0.534	8.977	7.296	0.293	-0.513	10.142
-1.140	17.525	0.498	0.504	0.667	12.420
-0.581	11.831	4.174	0.269	-0.124	7.358
-1.626	6.045	7.835	0.195	-0.828	0.046
0.150	17.648	3.030	1.294	-0.400	13.768
0.337	16.339	7.534	0.422	0.819	4.399
0.624	4.036	5.318	2.872	0.233	11.592
0.023	16.052	8.005	4.972	-0.073	19.424
1.688	8.772	3.102	1.345	0.964	3.372
-0.130	16.367	3.152	1.907	-1.212	4.503
-0.106	9.911	8.439	0.363	0.721	2.785
1.890	3.582	2.513	0.318	0.802	17.471
-0.957	12.058	8.122	3.404	-1.093	3.375
0.315	6.766	0.403	0.316	1.447	9.045
-0.298	2.934	8.681	0.086	-1.579	4.050
-0.074	11.782	5.223	3.357	-0.805	11.887
-1.010	18.610	9.712	4.021	1.123	8.410
-1.972	0.307	9.487	0.666	0.316	11.617
-0.462	16.535	2.209	3.953	0.670	13.234
1.299	1.347	5.395	1.233	-1.311	19.011
1.471	12.125	1.629	0.963	1.304	9.848
0.938	11.744	1.794	4.565	-0.431	18.478
0.062	4.171	6.334	0.320	-0.021	12.954
2.223	18.657	3.887	3.891	0.679	4.104
0.372	14.979	0.309	2.338	-0.862	16.814
-2.011	14.102	2.916	1.901	-1.024	15.701
1.131	4.565	7.694	0.789	0.423	8.670
0.831	6.983	0.027	2.852	0.300	12.912
-0.782	10.558	6.837	0.563	-0.359	8.640
-0.883	17.515	7.191	2.909	-0.447	5.802
-0.257	13.436	7.591	1.908	-0.225	10.398
1.135	10.787	4.686	2.275	0.057	17.464
-0.376	8.058	2.931	3.591	-0.475	5.457
-0.353	19.268	0.210	0.456	1.320	15.956
0.829	2.142	8.768	3.768	-0.049	19.382
1.062	15.798	4.353	1.911	0.685	16.542
1.426	11.839	5.929	3.629	-0.065	19.446
0.007	19.560	5.492	0.391	0.322	10.536
0.386	9.856	2.657	1.882	0.815	12.419
0.179	5.434	5.744	2.552	-1.747	7.399
0.659	15.717	3.981	3.031	1.268	9.839
-0.094	13.022	0.687	4.641	1.741	3.348
1.215	8.765	2.600	4.793	-0.426	2.465
-0.227	14.638	6.254	4.685	-1.483	12.202
-0.740	15.902	6.239	1.504	-0.703	17.938
-1.995	9.487	1.416	4.469	0.456	15.942
1.262	15.188	3.314	3.072	1.546	11.124
1.185	2.729	8.685	3.620	1.628	19.521
0.289	18.032	1.468	0.238	0.345	17.317
-0.664	13.384	3.066	2.380	-1.082	14.174
-1.467	13.297	4.952	1.015	0.218	1.759
0.748	1.622	7.069	4.962	-0.634	16.429
-0.170	18.519	9.148	2.239	-1.264	7.015
-0.504	7.170	2.396	3.851	0.387	4.413
0.127	14.855	7.731	1.420	0.790	17.358
0.756	3.350	2.072	4.958	2.694	13.256
0.694	15.225	6.092	2.125	0.156	8.224
-0.014	15.509	5.962	1.899	-0.067	6.351
-1.637	6.863	0.906	0.945	0.026	11.266
0.374	3.365	7.627	3.276	-0.452	18.838
-1.008	13.088	4.936	2.600	1.273	5.433
0.573	10.840	3.998	0.654	-0.364	18.150
-0.182	13.712	3.808	1.077	0.297	17.522
-0.234	3.157	1.442	0.915	-1.613	5.693
0.378	15.861	1.829	2.323	0.513	8.781
-0.162	0.214	4.247	1.568	1.089	6.023
0.528	0.777	5.077	1.798	0.481	18.097
-1.033	14.985	9.092	0.182	0.390	8.872
-0.195	11.171	8.650	4.209	0.479	7.296
0.074	18.411	6.771	1.075	0.110	9.997
-1.296	7.564	2.260	2.679	-0.556	2.754
-0.216	16.377	2.243	3.603	-1.098	2.434
1.177	4.038	1.734	4.738	-0.691	14.989
-1.153	8.160	9.351	4.577	-0.356	8.481
0.543	3.414	2.586	2.173	0.808	12.726
-0.969	14.439	6.629	4.064	-1.169	0.321
0.553	19.208	3.104	0.939	1.188	5.870
-1.133	15.415	3.710	3.393	0.293	17.007
-0.118	12.541	3.891	2.888	-0.484	7.614
0.664	15.770	1.074	3.864	0.359	14.884
0.801	13.221	1.427	2.118	1.561	1.637
0.145	10.997	0.918	3.406	-0.632	18.096
1.177	4.567	5.464	0.825	0.134	11.753
-0.161	5.833	5.959	0.885	-1.120	14.960
-0.019	16.530	1.926	2.791	1.347	1.562
0.414	18.697	0.168	0.277	-1.354	12.706
1.139	11.054	7.768	1.023	-0.204	1.825
0.033	14.670	0.589	4.580	-0.333	4.748
0.274	11.976	2.042	3.790	-0.420	8.341
0.773	17.378	9.453	2.899	-0.713	2.772
-1.749	0.632	9.039	0.339	-0.343	5.056
0.908	15.722	3.436	4.326	-1.263	1.699
0.039	8.609	2.366	1.255	-0.503	12.639
-0.902	15.450	3.262	1.597	-0.297	16.777
0.047	19.383	6.306	3.673	-0.012	1.955
0.564	2.999	0.907	1.429	-0.702	0.403
0.682	19.672	9.605	4.318	-1.107	0.506
-1.172	4.796	4.012	4.726	0.656	15.748
1.664	14.409	0.822	4.649	-1.266	13.879
-1.036	1.144	7.660	4.630	1.968	15.414
-0.947	16.353	6.030	4.687	-2.245	19.342
0.290	12.716	5.460	0.064	0.192	4.880
0.422	11.654	0.589	2.785	-0.307	5.525
-0.624	14.248	4.567	0.122	0.156	4.378
-0.092	8.859	1.691	2.300	-0.316	2.182
1.174	3.960	6.752	4.257	1.901	8.880
-0.570	19.668	0.605	1.383	0.708	19.781
1.884	13.199	1.191	4.518	1.592	9.202
1.074	8.286	1.364	4.306	0.396	18.501
0.552	10.585	2.624	1.128	-0.407	0.884
0.507	9.783	7.757	0.621	0.806	2.320
-1.209	16.636	5.706	1.318	0.382	2.154
-0.123	18.063	5.545	4.399	0.423	16.903
-1.704	13.644	8.948	3.316	0.823	3.073
1.641	14.549	3.708	3.833	-0.032	4.274
-1.228	16.059	7.492	3.393	1.464	14.562
-0.081	9.921	4.199	0.695	-2.435	16.486
1.057	12.355	4.944	2.460	0.628	11.828
0.785	1.390	4.686	3.189	-0.263	2.523
-0.469	13.664	9.442	3.460	-1.160	9.879
0.881	10.465	9.843	3.352	-0.257	0.096
1.583	19.872	5.353	1.645	1.082	3.358
0.089	18.968	8.240	0.448	1.579	14.369
-2.296	13.198	6.966	0.719	1.081	12.928
-1.601	11.553	8.380	3.740	0.975	19.240
-1.509	0.897	4.007	4.670	0.833	3.705
-0.654	4.520	0.962	3.674	0.422	3.937
0.975	17.158	2.244	4.312	-0.335	9.262
-1.011	7.868	0.010	2.954	-0.316	17.740
0.074	6.005	7.486	0.121	-1.107	11.501
1.553	14.040	4.592	2.502	1.293	8.248
-0.909	5.555	5.191	1.756	-0.440	5.928
1.282	15.263	9.009	0.024	-0.806	16.735
-0.722	3.524	6.606	2.900	-0.466	5.280
1.634	5.535	5.533	3.584	0.080	13.885
1.865	16.347	2.838	0.834	0.160	6.550
0.813	6.788	0.604	4.509	0.238	15.312
-0.123	15.495	4.088	0.859	0.970	11.246
0.787	11.437	5.375	4.633	0.361	15.520
-0.353	18.655	0.565	1.274	0.361	2.081
0.220	11.675	5.977	4.828	1.507	19.027
0.600	7.103	3.748	4.028	0.968	17.021
0.652	14.625	7.162	1.910	0.615	5.098
-0.371	17.678	0.169	4.752	1.190	7.585
0.935	10.750	0.836	1.507	-0.448	9.778
-0.507	17.705	3.546	1.104	-0.146	17.916
1.016	5.212	4.053	1.267	-0.919	6.267
-0.162	13.183	4.769	4.947	1.294	13.894
0.917	1.667	1.776	2.189	-2.146	1.124
2.029	19.726	6.275	4.762	0.740	7.776
0.157	16.272	2.131	4.693	-0.179	16.188
-0.687	3.935	2.422	3.605	-0.163	2.776
0.238	14.636	7.456	0.840	-0.184	14.200
-0.122	0.444	8.147	3.182	-0.780	5.491
-1.459	10.236	9.512	1.053	0.190	7.890
0.995	11.875	8.262	2.169	-1.034	8.398
0.184	5.853	7.607	0.074	0.005	11.276
-0.352	3.762	6.053	3.611	2.065	19.562
0.204	14.119	8.727	3.473	-0.926	6.545
-1.397	12.322	6.545	3.224	-1.358	0.673
1.185	5.016	0.893	4.794	-1.389	15.932
-0.405	2.565	9.120	1.839	0.512	13.381
0.354	12.278	6.623	3.158	2.892	7.189
-0.779	11.239	0.074	4.855	-0.098	16.189
2.101	16.188	7.781	2.935	-0.427	7.049
0.668	3.086	2.362	1.514	-0.023	17.334
0.640	0.051	8.947	0.657	-0.237	13.560
0.556	2.556	6.142	4.899	1.089	0.165
0.008	13.432	8.896	0.143	0.563	11.943
1.167	16.349	6.720	0.721	0.393	11.123
0.484	18.950	7.255	1.499	-0.387	11.858
1.236	17.246	0.273	3.775	-0.157	1.864
-0.125	12.616	6.667	2.151	0.424	16.530
-0.343	8.329	8.207	2.120	0.141	17.817
0.400	17.722	6.080	0.317	2.125	17.583
-1.040	1.028	7.094	3.040	0.310	8.457
1.838	15.934	2.759	2.319	0.478	5.175
1.805	13.614	3.142	2.713	-0.859	12.057
0.374	11.760	7.375	3.201	-0.389	3.448
-1.257	17.298	7.558	3.084	0.682	13.014
-0.502	19.868	7.356	4.376	-0.731	12.565
-1.286	0.577	2.212	1.298	0.858	9.313
0.029	18.484	3.712	3.147	-0.236	19.962
0.534	12.925	8.125	3.563	-1.215	9.930
0.540	11.412	0.546	1.218	-0.451	18.139
0.038	9.581	0.216	3.772	0.584	1.014
-1.586	18.616	2.576	4.557	0.377	16.121
-2.023	18.519	2.652	0.996	0.666	1.388
1.479	19.072	4.607	1.031	-0.329	1.502
1.685	5.943	1.212	1.094	-0.055	5.842
1.706	1.145	8.771	4.792	2.141	3.824
-0.151	9.827	0.091	0.753	-1.017	19.234
-0.857	14.213	4.559	3.924	0.687	13.894
-2.078	7.059	6.800	0.720	-0.506	1.146
-0.042	12.150	6.049	3.962	1.202	10.136
0.805	19.813	3.447	0.301	-0.991	15.589
0.551	8.828	8.992	0.479	-0.613	4.381
0.614	1.390	9.298	3.240	-0.232	10.919
0.123	15.495	5.037	1.836	1.194	18.511
0.616	19.836	4.391	2.320	0.137	7.298
-0.558	11.003	6.814	2.495	-0.266	19.675
-1.383	4.517	5.356	0.174	-0.465	8.243
0.646	3.850	7.794	4.946	1.239	10.283
-0.436	0.729	0.801	2.231	0.050	6.860
1.603	15.971	0.789	2.536	1.153	0.237
-1.125	1.799	1.354	0.479	0.089	1.578
0.848	1.690	3.460	2.250	1.197	10.930
-1.490	19.840	7.288	4.956	-0.023	17.793
0.606	15.759	6.635	2.100	0.750	7.958
-1.721	15.636	0.712	3.692	0.411	16.486
0.640	19.651	5.488	3.673	-0.146	7.816
-0.335	9.445	1.274	3.831	0.881	5.512
0.298	11.537	6.539	2.204	-1.504	10.007
1.554	8.105	2.414	1.685	-0.928	19.116
0.341	18.039	8.487	3.351	0.096	18.698
-1.200	11.607	1.744	3.963	-1.731	15.688
-0.014	8.102	6.253	1.928	0.910	3.337
0.200	14.505	5.474	1.745	-0.195	10.111
-0.461	11.330	8.738	2.237	0.403	0.927
0.185	2.898	0.512	4.608	0.774	13.507
0.944	3.300	4.273	0.279	1.446	0.676
-0.014	15.633	0.294	1.617	0.374	6.324
0.841	14.080	8.408	0.085	0.021	18.586
0.469	8.364	2.091	0.082	-0.823	4.501
0.614	14.901	9.445	3.143	-0.300	4.462
-1.501	14.546	8.755	0.162	-1.465	6.546
0.634	8.165	9.729	3.924	-0.894	10.492
1.205	10.899	9.218	2.042	0.973	9.860
0.455	5.058	8.731	3.604	-0.397	13.455
-0.349	0.907	8.162	1.797	2.204	2.967
0.189	19.037	2.936	0.074	-0.475	7.478
0.471	5.386	0.208	2.764	1.856	11.775
-0.354	10.727	3.623	4.748	-1.551	7.912
-0.638	7.860	7.930	1.440	0.524	0.317
-1.096	15.755	3.663	2.978	0.101	3.235
0.534	4.798	3.263	1.648	0.220	13.241
-0.203	13.954	7.700	3.946	-0.968	3.560
-0.366	6.881	2.197	3.840	-1.847	9.891
-0.692	3.236	7.773	3.414	0.273	15.841
0.791	0.676	4.714	2.687	-0.225	1.863
0.387	19.835	0.448	2.018	-1.243	4.738
1.579	12.598	0.195	1.330	-0.343	2.290
1.810	11.683	9.114	4.765	-0.461	10.160
-0.639	15.970	8.079	0.522	0.068	7.510
0.317	5.903	7.702	0.577	0.537	11.936
-0.337	14.755	9.775	2.798	-0.300	10.337
0.859	14.919	6.070	2.072	0.233	10.069
-1.003	4.665	5.690	3.545	0.989	8.746
0.135	16.789	7.436	0.255	-0.886	3.630
-1.341	13.369	8.290	3.846	-0.078	7.400
0.973	6.157	9.425	4.282	1.067	14.487
0.761	12.735	7.267	1.977	1.020	3.127
-0.316	7.119	8.407	2.790	0.446	0.885
0.022	1.038	1.244	2.155	-0.090	15.336
0.894	7.438	8.426	1.422	-0.088	4.114
-0.099	14.150	8.231	4.239	1.620	0.148
1.393	16.069	3.732	4.869	0.131	6.897
-2.589	14.799	9.836	3.063	-0.719	19.665
1.515	0.107	9.849	2.457	-0.349	17.544
0.207	8.500	0.063	2.493	2.246	15.571
1.338	17.169	0.307	2.478	0.774	14.981
0.418	10.070	8.232	0.571	-1.105	15.445
1.143	13.643	4.154	0.023	-0.310	6.628
1.569	10.918	8.010	2.619	0.076	1.740
1.580	13.531	2.052	4.133	0.522	5.921
-1.182	15.311	2.797	4.071	0.362	16.326
1.628	13.178	4.108	4.614	-0.362	3.331
-0.924	17.270	5.109	3.653	0.155	6.251
0.291	7.496	1.373	1.948	-0.056	9.895
-0.091	11.411	8.176	2.786	1.208	3.343
0.886	5.284	2.894	0.772	0.640	19.957
0.451	2.561	5.409	3.027	-1.135	6.762
1.290	15.583	5.861	4.149	-1.009	2.107
-1.072	15.529	2.403	1.141	-0.682	13.900
1.433	0.237	2.334	2.110	0.911	17.299
-0.836	11.173	4.852	0.286	1.255	14.037
-1.433	4.041	9.223	4.352	-1.237	10.583
0.764	15.886	4.284	3.501	-0.038	2.909
-1.462	19.341	2.921	0.326	0.196	1.337
-0.957	12.728	8.512	3.991	0.525	15.311
-0.524	12.793	8.599	0.855	-1.115	5.537
-0.830	12.687	0.249	1.745	-0.309	4.360
-0.362	16.840	8.169	0.808	-0.633	13.348
-0.963	15.531	7.953	1.123	1.146	0.228
0.846	11.185	7.109	1.968	0.409	16.585
1.323	7.206	7.167	0.279	0.615	18.211
-0.535	18.233	9.232	0.063	1.244	19.387
-1.451	2.137	8.598	1.437	0.702	6.439
-0.487	16.489	6.215	0.273	0.798	6.622
0.659	16.216	3.964	0.868	-0.161	18.844
-0.600	14.313	7.258	4.110	0.476	8.214
0.304	19.498	4.447	2.211	-0.148	0.401
0.126	3.494	4.760	0.353	-0.008	4.995
2.301	15.870	1.534	2.938	1.779	3.336
0.571	6.185	6.835	0.325	0.432	14.450
-0.158	19.035	1.747	3.170	1.605	7.017
1.634	15.876	3.408	0.989	-1.611	0.850
1.107	8.586	3.876	1.039	0.724	5.188
-1.110	9.958	2.937	1.749	-2.290	3.905
-0.758	19.226	8.453	3.047	1.372	19.839
-2.534	13.510	4.542	4.815	-1.205	16.047
1.419	6.553	4.407	0.219	-0.240	8.506
1.283	6.850	4.034	3.659	0.656	8.024
-0.599	8.301	9.331	2.211	-0.695	16.577
1.710	3.934	9.561	1.698	0.224	13.072
-1.056	0.118	7.544	2.725	0.804	6.989
0.782	17.207	9.108	1.749	0.558	14.103
0.706	11.920	0.908	1.225	-0.025	8.659
1.341	4.382	3.651	4.721	1.708	4.250
1.221	17.906	6.043	3.110	0.419	17.927
0.796	9.309	5.186	3.953	-1.149	0.417
-1.306	18.664	2.646	1.815	0.052	0.750
1.402	16.071	1.141	3.301	0.945	6.205
1.335	0.341	6.588	4.994	0.960	1.211
1.257	1.491	0.786	0.408	-0.190	5.838
0.370	10.381	7.277	0.700	-0.297	14.435
0.209	11.247	8.657	0.531	0.362	0.140
-0.424	19.395	9.271	4.349	-0.300	9.041
-0.078	9.914	7.358	4.844	-1.356	4.842
-1.756	2.863	6.292	3.737	-0.394	1.320
1.056	16.092	5.994	0.242	0.291	14.047
0.107	1.886	6.555	4.283	-0.040	6.977
0.192	1.989	6.101	2.419	2.240	9.022
1.204	16.104	3.779	4.071	0.045	15.653
-0.040	4.391	8.923	1.541	0.139	14.131
1.870	7.352	9.550	0.535	-0.023	5.601
1.262	8.975	7.630	4.861	-1.269	6.738
-1.365	8.473	4.809	0.410	-0.896	5.273
-0.708	4.694	0.441	3.552	0.400	0.540
-1.329	13.565	9.209	1.239	1.092	3.115
1.710	1.298	1.784	1.399	1.142	18.433
-0.032	13.482	3.644	1.161	-0.004	13.929
-0.985	17.514	4.936	4.392	-0.695	0.146
-0.953	16.345	6.504	1.509	0.839	9.456
0.741	18.740	5.307	0.948	1.044	16.090
-0.963	6.275	6.249	0.794	0.012	14.659
0.549	6.025	8.483	1.262	-1.516	13.068
-2.411	11.931	2.126	0.618	0.104	14.854
-0.105	6.083	7.065	3.346	1.153	5.129
-0.789	8.616	8.528	3.186	-0.184	16.009
0.998	7.054	7.663	3.878	-1.848	17.655
1.542	1.273	0.579	1.298	-1.696	17.708
-0.447	13.693	3.849	1.464	1.424	9.309
0.972	0.285	9.138	3.265	-0.671	10.461
-0.771	13.178	1.028	0.793	0.523	11.130
0.671	10.312	6.210	1.605	-0.139	0.147
0.653	16.348	0.924	3.622	-1.270	6.828
-0.112	14.993	6.086	1.963	1.339	19.859
0.769	6.020	3.124	1.712	-1.111	10.127
0.578	2.410	9.250	4.013	-0.148	18.927
-1.138	5.571	6.976	1.017	0.286	9.433
1.755	1.566	8.786	4.837	-0.989	3.906
-1.278	6.343	2.843	2.872	-1.665	0.785
0.533	14.269	1.330	3.585	-1.049	10.751
1.073	8.182	9.140	2.924	-1.472	12.314
-0.383	2.152	9.359	3.400	1.585	8.288
1.936	1.079	8.489	0.203	-0.410	14.582
-1.297	14.560	7.879	1.544	-1.028	7.196
-0.190	6.334	1.483	0.082	0.684	19.302
-0.971	6.528	5.537	4.335	-1.441	5.319
0.601	17.036	2.205	4.100	0.463	0.127
-0.298	15.131	2.495	2.874	0.823	0.264
0.530	18.321	3.629	4.479	-0.628	13.157
-0.229	7.112	2.228	2.143	-0.885	11.721
-0.237	18.303	0.852	3.143	0.617	14.638
-0.988	3.170	4.719	4.133	0.265	17.170
-0.134	7.713	9.984	0.609	0.990	11.976
-0.858	18.694	0.648	3.286	-0.902	16.262
-0.305	1.829	7.906	2.669	0.233	3.318
-0.284	11.227	2.957	2.014	1.873	14.914
-0.109	8.829	8.145	1.373	-0.928	2.468
-1.848	7.294	2.036	4.090	1.658	19.634
0.986	13.908	2.822	1.124	0.283	18.243
-0.863	19.918	8.568	2.825	-0.777	16.696
1.318	7.004	3.439	2.583	0.969	16.777
-1.360	12.597	7.617	3.079	-0.915	9.199
0.767	1.227	8.423	3.917	-0.316	13.605
-0.188	11.024	3.948	4.214	-1.732	18.671
0.084	9.656	6.695	0.258	2.127	13.640
0.090	19.119	3.227	1.505	0.898	17.557
-0.516	12.060	4.074	4.281	-0.066	18.408
-0.626	2.635	6.465	1.243	0.112	7.487
0.928	6.108	0.634	2.687	-1.873	0.064
0.680	8.281	8.221	3.303	1.652	13.978
0.338	13.090	8.011	1.575	0.655	12.948
-0.200	0.635	9.940	1.675	0.564	19.106
1.055	17.185	2.595	1.085	-0.031	8.609
-0.662	13.193	9.567	4.355	-0.473	15.891
0.751	3.334	0.763	0.826	-0.254	14.331
0.179	10.597	4.120	1.199	0.761	3.037
-2.514	13.620	4.595	4.197	1.627	4.068
-0.037	17.238	0.834	1.546	0.150	19.119
0.030	10.548	4.453	1.233	-0.370	13.550
-1.588	6.711	5.933	4.758	-0.239	4.160
-0.784	0.975	6.424	3.642	0.696	8.702
1.051	2.234	9.767	4.121	1.194	6.611
-0.633	3.269	6.223	3.001	0.284	4.010
-0.256	0.658	9.804	2.350	1.170	15.746
-0.511	2.495	4.827	3.825	0.359	15.812
-1.887	5.825	2.855	0.000	1.822	1.317
1.691	17.375	5.761	0.652	0.076	10.058
1.574	5.141	8.366	3.748	0.257	1.094
-0.486	0.317	1.344	2.853	-0.856	10.177
-0.682	5.053	9.471	1.456	-0.154	13.047
0.976	11.347	0.183	3.287	0.967	18.279
0.385	8.434	0.484	1.663	-0.666	18.948
1.040	17.607	9.972	0.238	-0.429	0.283
-0.866	1.719	8.390	3.639	1.572	7.671
0.217	8.814	0.491	3.064	2.262	14.363
1.053	13.211	0.545	3.655	0.875	18.104
0.127	1.903	9.955	0.440	-0.442	11.162
-0.276	10.021	8.577	1.068	0.852	3.647
1.328	13.855	0.645	0.575	-0.605	9.335
-0.624	18.903	1.502	4.857	0.514	12.542
0.635	7.271	5.873	0.260	-1.189	19.678
1.083	3.931	7.624	1.078	2.308	4.963
0.216	16.098	9.628	4.982	0.741	0.902
0.351	16.694	6.093	4.198	-0.018	17.444
-0.673	9.287	0.075	3.382	1.574	12.253
0.458	12.851	2.985	1.771	-1.155	17.630
-0.229	3.655	3.672	4.727	0.789	13.199
-0.745	4.119	6.066	4.563	-0.268	16.656
-0.679	4.759	3.698	0.959	-1.424	19.347
-0.131	0.333	4.920	0.476	0.780	16.746
0.411	7.329	8.890	1.888	-0.375	18.331
-0.088	11.263	7.502	1.067	-0.081	19.432
-0.313	11.964	1.119	1.330	-0.577	6.389
0.507	19.201	2.453	2.820	0.450	16.778
0.010	18.875	9.075	4.661	0.638	3.815
-0.410	4.703	5.498	1.642	-0.558	5.677
-1.168	11.050	7.043	4.169	-0.323	4.932
2.287	0.241	9.203	3.401	0.589	6.863
1.326	8.476	8.746	1.614	-1.674	17.158
-1.163	9.755	4.948	1.190	0.653	14.691
0.819	5.942	0.592	4.626	1.144	9.888
0.248	18.520	6.102	0.813	-0.069	13.661
1.469	19.219	8.013	1.893	-1.259	3.516
-1.428	15.128	1.689	3.264	0.134	7.510
-0.588	5.146	7.621	4.118	0.257	10.202
0.162	6.146	3.859	3.791	-0.314	0.465
0.065	19.980	0.970	1.720	-0.818	2.846
-2.146	8.792	9.547	4.278	-0.212	8.208
0.833	17.712	3.357	1.320	-0.566	18.858
0.591	10.122	5.692	0.080	0.304	17.745
1.408	10.711	7.147	2.997	-1.399	18.268
13.832	7.464	0.997	0.455	5.354	4.597
17.824	13.011	0.496	4.798	4.707	4.498
2.601	11.108	0.408	3.166	5.408	4.991
14.967	19.441	5.186	3.099	4.041	5.524
8.034	2.723	6.294	4.072	5.092	5.315
9.668	18.987	3.752	2.064	6.115	3.991
14.155	10.228	9.692	4.250	4.426	4.765
6.992	0.494	5.083	2.822	6.628	5.216
18.944	2.522	1.229	2.068	5.146	5.012
10.384	18.543	3.800	1.353	6.187	4.293
6.178	19.990	7.665	4.651	6.101	4.124
10.852	2.548	9.641	4.738	5.085	5.496
19.673	11.083	7.032	2.056	5.477	4.190
9.731	9.376	2.096	3.657	6.075	7.572
16.462	3.649	2.655	1.571	4.743	5.664
2.105	14.495	4.922	0.085	5.058	4.968
2.467	11.578	5.546	2.814	4.137	4.412
13.513	9.116	8.119	2.369	4.229	5.331
13.313	7.794	5.909	4.639	4.393	5.512
13.238	0.841	4.625	1.818	5.868	5.851
7.883	5.507	9.250	2.643	5.842	4.440
9.494	2.272	4.117	1.706	5.619	4.049
14.343	17.586	4.800	4.391	7.525	5.107
18.677	7.388	2.256	1.912	5.895	4.461
11.704	19.364	7.001	4.285	3.960	5.110
15.803	19.918	3.978	1.509	5.747	7.370
14.978	3.868	1.375	3.709	4.290	5.595
18.322	2.099	2.229	3.744	6.623	5.139
6.268	11.328	0.039	4.433	5.257	4.914
2.981	13.707	7.746	1.258	3.633	2.088
5.728	14.693	2.257	1.894	4.878	5.199
15.306	8.379	9.407	4.509	4.499	4.510
7.125	0.523	7.203	3.228	5.949	6.333
9.256	16.483	3.789	2.840	5.019	4.124
4.299	11.987	5.431	3.911	4.484	4.348
9.523	14.649	3.984	2.095	4.744	5.535
16.775	8.392	7.552	3.890	5.597	2.496
13.004	0.530	3.105	1.079	4.271	6.460
9.763	9.250	0.839	3.165	4.215	6.451
18.587	2.721	3.760	1.361	2.458	4.008
3.118	7.947	6.364	0.213	5.078	6.354
10.788	17.983	0.916	1.663	4.590	5.560
3.275	16.264	7.288	4.804	5.021	3.597
9.416	13.216	7.259	3.626	5.586	5.259
11.033	9.241	3.189	0.355	7.060	4.244
0.256	17.298	4.980	3.969	6.276	5.327
0.201	14.231	9.980	1.055	5.545	6.357
18.781	12.173	0.653	2.309	4.907	6.204
2.676	7.042	0.462	2.904	6.845	7.380
5.363	19.076	7.787	2.401	5.744	5.678
9.341	16.058	7.820	5.000	3.358	4.225
18.911	15.210	0.713	0.703	5.329	5.213
12.945	4.046	3.362	2.684	4.824	4.677
5.815	16.365	5.965	0.817	6.287	5.748
0.151	11.057	5.126	4.370	5.655	6.595
15.847	6.760	7.241	0.038	4.155	5.043
10.875	0.418	4.349	1.008	4.404	4.848
3.910	13.587	0.743	3.841	5.589	7.997
1.289	13.717	7.333	4.222	5.511	6.179
14.664	19.207	7.413	2.459	4.794	5.389
2.386	13.014	1.564	4.359	4.682	4.735
3.985	1.898	5.847	3.341	5.657	4.342
18.882	12.358	6.981	3.859	6.589	5.230
0.508	9.960	2.755	3.341	5.062	5.826
1.965	9.375	7.449	0.310	4.282	6.606
19.560	7.141	9.009	0.124	5.561	5.233
14.078	16.231	5.069	0.567	5.698	4.979
0.582	17.311	6.116	3.323	4.416	5.469
10.820	17.590	3.905	2.052	5.392	3.744
7.162	7.972	1.250	2.104	4.884	5.427
5.331	18.094	5.610	2.613	5.002	6.385
10.659	19.111	4.265	2.745	4.516	4.009
4.243	0.931	9.990	4.351	4.994	5.715
15.658	5.535	4.228	2.639	5.137	6.891
18.276	15.114	9.983	0.472	5.950	4.249
19.263	10.939	0.795	2.696	6.839	4.218
15.530	6.343	0.288	4.081	4.042	6.355
5.345	10.505	5.657	2.757	6.305	5.165
6.566	6.206	7.982	1.363	6.512	7.067
10.269	10.239	7.183	4.983	4.696	7.056
6.855	4.337	9.181	2.575	3.485	5.162
18.445	0.506	2.200	3.469	3.799	5.022
15.893	4.875	6.623	2.727	4.908	4.417
6.273	12.596	7.052	4.489	2.943	5.596
10.471	3.390	8.830	2.356	6.277	3.684
17.209	13.048	8.170	0.878	6.362	5.272
10.028	6.212	6.463	0.853	3.618	5.581
17.144	15.199	1.553	3.163	4.483	4.084
17.243	12.493	2.283	1.811	3.606	5.315
7.862	5.753	1.855	4.906	2.800	6.070
1.599	2.687	5.620	3.016	4.918	4.653
10.624	8.611	6.933	4.683	7.091	5.973
8.418	1.506	6.299	2.120	6.815	5.476
9.762	3.824	2.103	2.131	3.978	4.419
18.773	17.589	6.682	2.240	4.534	4.217
3.591	0.376	5.776	0.430	4.652	4.354
13.958	1.692	1.671	0.891	4.606	6.015
13.152	1.854	9.937	2.223	5.477	4.805
15.350	9.908	5.516	4.815	4.319	4.786
1.800	0.358	4.056	0.772	6.125	3.851
19.136	8.027	1.391	3.901	4.948	3.411
2.641	4.266	8.340	1.333	2.239	5.633
4.245	2.950	0.957	2.220	5.771	6.465
12.461	13.931	1.234	0.131	5.390	6.764
16.704	3.947	9.964	2.825	4.325	5.115
9.761	10.505	7.662	4.902	4.830	3.883
14.658	8.659	0.799	2.894	3.845	5.587
2.392	7.189	6.929	2.845	4.817	5.446
11.529	3.508	3.164	4.998	5.493	7.189
1.338	11.505	2.211	3.280	4.057	5.638
2.147	7.156	1.090	3.546	4.732	5.384
9.525	7.889	8.811	4.153	6.119	5.404
14.997	12.626	8.416	2.032	4.691	6.087
16.073	10.359	1.224	4.509	5.014	4.984
5.160	15.542	3.350	4.305	4.487	4.821
6.392	13.112	8.559	3.018	5.205	6.245
8.395	7.021	4.723	1.948	5.630	5.704
16.399	15.001	7.154	0.271	5.871	4.785
12.905	16.146	8.857	2.431	4.932	6.721
14.158	2.407	9.333	4.787	3.457	3.956
19.615	15.929	1.082	2.589	3.800	5.101
17.725	4.419	5.746	4.797	5.105	6.599
15.435	17.228	3.198	0.547	6.625	6.860
18.774	10.565	6.315	3.105	5.744	5.198
19.515	1.222	3.619	1.391	5.631	6.104
7.237	12.954	2.540	2.374	5.024	4.194
19.382	18.054	7.617	3.327	3.744	5.263
3.138	9.438	0.816	3.768	5.083	6.545
15.717	0.006	7.720	3.012	6.727	4.937
4.515	18.900	5.302	4.912	6.133	4.196
16.436	5.817	7.553	3.420	5.231	3.688
8.848	5.574	6.083	1.989	5.039	6.344
12.189	5.337	3.129	0.094	4.837	3.076
16.817	8.049	2.808	2.517	3.868	4.646
5.666	1.151	2.256	4.715	4.082	4.831
8.059	3.729	4.351	2.497	6.030	5.822
8.720	13.289	3.278	3.298	4.252	6.009
15.990	5.075	8.070	2.179	4.219	4.394
17.317	2.246	2.069	3.903	4.760	3.797
7.906	1.556	4.229	4.638	6.546	5.986
19.433	16.463	3.214	4.794	3.209	5.642
2.179	15.067	1.681	4.970	5.363	5.896
2.510	4.186	5.523	1.726	5.296	6.543
8.864	10.568	8.986	4.895	5.122	6.666
0.394	3.620	7.802	0.839	5.452	3.842
19.994	15.307	0.715	2.923	4.790	5.139
19.302	0.193	1.355	3.153	7.045	6.202
17.825	9.717	4.251	0.674	3.521	4.672
10.827	17.190	2.172	1.025	5.522	4.402
10.091	10.272	7.970	3.713	6.326	5.938
8.333	8.853	9.300	1.536	3.990	3.936
17.131	4.423	0.982	3.981	3.037	5.166
9.016	6.285	9.548	0.389	2.677	5.213
9.879	13.629	2.714	2.641	5.849	3.460
10.428	12.503	9.715	1.889	4.807	4.997
12.944	0.813	4.477	0.928	4.937	4.641
0.899	8.637	9.034	0.748	6.079	5.341
4.137	19.689	9.355	3.044	4.141	5.733
9.739	17.799	9.330	2.116	5.170	4.480
6.665	16.112	6.597	4.059	5.687	3.984
17.171	10.540	3.085	3.076	3.912	2.704
11.117	9.986	7.195	2.452	2.653	5.626
5.553	3.658	7.231	1.891	5.858	5.331
7.106	5.525	9.738	3.383	4.658	5.263
15.510	10.205	9.805	0.554	4.758	5.958
15.600	1.619	2.953	1.277	5.464	5.075
16.122	7.286	3.394	3.550	6.292	5.712
6.564	0.293	3.563	3.895	3.869	5.235
8.322	11.325	3.879	1.765	5.437	4.552
11.170	15.868	8.506	0.852	4.852	4.453
0.634	1.864	2.120	4.157	5.230	3.893
9.133	1.556	7.609	0.490	4.915	4.444
16.650	16.576	8.877	1.072	6.519	6.312
15.434	19.485	6.493	0.303	5.162	4.982
3.936	8.059	7.872	0.846	6.418	3.743
10.148	16.303	5.775	1.557	3.448	4.737
17.175	16.954	4.480	3.081	3.414	4.486
6.303	1.747	4.770	2.635	6.079	7.884
6.684	13.618	5.384	0.507	5.698	6.851
13.874	0.262	5.657	3.210	5.064	6.450
5.519	2.396	1.201	0.325	5.554	5.012
13.656	5.113	0.276	4.350	4.676	5.057
18.869	9.039	0.540	1.002	5.797	4.217
18.988	11.740	3.557	3.186	4.571	2.814
11.237	0.786	8.590	3.617	4.754	3.091
10.404	0.077	0.662	2.660	6.692	3.601
2.344	17.793	2.596	2.648	2.609	4.290
6.944	7.925	6.767	0.127	4.592	4.401
18.325	9.645	5.620	2.666	3.934	4.256
1.417	4.274	0.242	3.991	5.030	6.208
18.853	9.024	4.064	1.052	4.331	5.627
9.239	1.693	3.187	1.441	6.102	5.708
4.315	15.259	3.293	1.758	4.825	5.167
14.237	4.375	9.473	0.879	5.180	5.849
9.246	6.587	8.062	1.832	4.077	4.218
11.842	8.578	4.879	3.750	4.481	5.102
8.471	17.643	5.430	2.821	3.912	4.985
12.725	7.271	8.872	4.489	5.555	3.271
2.766	5.564	8.553	4.463	6.830	6.124
14.310	17.146	4.231	1.473	3.780	4.632
3.638	18.810	3.575	3.270	6.781	3.268
14.782	17.400	9.449	2.294	5.507	2.788
2.426	13.040	3.700	0.170	5.920	4.635
1.942	8.946	0.155	4.135	5.004	4.406
15.384	6.102	5.738	0.181	3.207	3.737
0.379	3.560	4.551	4.443	6.354	5.832
17.551	12.490	2.456	4.014	3.476	6.136
9.530	1.907	4.941	3.223	6.299	4.692
6.311	3.222	7.487	3.285	4.296	6.508
9.499	3.583	4.996	4.285	5.005	4.985
4.035	7.822	4.808	0.081	4.580	4.628
11.123	10.206	5.809	2.037	3.396	4.701
17.209	19.871	0.456	1.494	5.138	5.470
2.206	18.034	2.817	1.046	4.026	6.820
16.264	19.320	1.953	1.534	4.476	5.452
12.880	17.536	3.481	4.248	5.828	5.312
17.803	7.205	1.422	3.571	6.132	5.313
17.155	9.457	7.789	2.145	5.206	5.614
0.441	15.783	0.537	1.027	5.819	6.911
5.926	7.236	8.716	0.099	3.808	5.318
13.387	19.827	3.738	1.581	3.746	4.091
1.035	11.677	2.812	4.291	5.026	6.591
0.402	19.408	1.761	2.230	4.855	4.081
8.864	17.417	7.274	1.869	4.554	4.032
9.514	8.591	5.655	3.312	5.139	3.251
11.496	5.180	8.025	2.029	6.195	5.176
4.610	14.318	1.969	1.170	4.609	3.202
5.422	17.601	4.930	4.328	4.912	6.164
9.532	14.698	1.438	2.997	5.567	5.123
12.195	18.724	8.601	4.661	5.122	4.891
13.476	2.410	6.950	2.424	5.480	3.136
10.855	15.872	1.730	0.670	5.037	5.235
15.072	0.857	0.372	1.728	5.611	3.865
16.389	16.445	0.293	1.575	6.055	5.275
19.840	2.986	9.201	1.477	5.786	6.823
18.751	12.711	3.025	3.281	5.027	4.945
18.757	16.502	3.744	0.844	6.003	3.920
13.154	16.868	0.009	0.330	4.328	4.204
6.533	10.964	8.983	0.722	4.529	5.099
10.155	10.191	3.539	1.260	6.407	6.533
12.351	0.150	2.972	1.481	5.378	4.405
0.875	0.757	1.211	0.282	5.364	6.071
3.072	11.099	4.831	3.770	4.682	5.438
0.325	7.566	0.393	3.639	4.830	4.885
13.759	14.618	3.983	2.815	5.082	6.253
12.595	8.954	0.871	0.068	4.386	3.588
8.689	13.365	2.347	4.130	5.192	6.110
18.602	7.268	2.660	1.943	4.770	2.954
1.949	2.550	8.079	4.983	4.982	4.997
16.749	5.471	9.494	0.665	4.861	4.700
13.238	11.017	8.530	1.147	6.079	5.024
14.129	9.488	3.304	0.596	6.092	5.528
17.487	9.584	6.688	4.011	4.610	3.207
19.855	14.095	3.091	0.196	6.468	4.238
7.825	16.523	7.722	3.975	6.671	6.128
14.603	17.094	1.134	2.083	1.937	3.948
17.687	0.407	1.067	1.193	2.341	4.630
17.909	8.203	0.780	4.376	4.648	5.526
11.529	4.667	9.359	3.465	5.336	5.523
9.304	16.190	7.322	3.434	4.148	3.202
14.666	19.538	7.902	1.806	3.155	4.612
11.293	9.986	1.853	2.978	4.367	5.874
12.901	15.402	9.962	1.372	3.260	6.908
11.494	17.717	4.249	2.626	3.421	6.474
12.815	6.612	5.365	2.371	5.211	5.243
12.363	11.532	0.876	0.285	6.100	5.310
17.579	15.658	8.773	4.867	6.545	5.317
3.004	12.104	4.187	3.055	4.108	6.914
19.900	18.797	9.695	0.416	6.394	5.237
19.723	19.352	5.517	1.440	6.035	5.420
16.762	16.848	8.517	0.280	6.082	4.697
3.023	5.989	3.719	3.521	7.558	3.325
1.993	16.765	5.271	0.318	2.993	5.687
10.322	15.936	6.372	1.955	4.585	5.669
2.629	17.819	8.815	4.399	4.622	5.433
9.075	13.915	0.294	2.115	6.740	5.396
10.119	9.066	2.914	3.151	6.333	4.886
18.265	15.706	8.441	0.637	5.394	3.830
1.748	15.989	3.399	0.715	4.558	5.321
10.089	12.485	7.225	2.402	4.935	4.412
1.194	19.879	1.848	1.160	5.797	4.600
3.872	8.145	5.012	4.410	5.462	3.618
1.397	16.476	6.547	2.804	4.575	5.898
19.356	7.836	5.584	1.373	7.569	6.679
9.335	4.219	5.218	4.552	6.612	2.754
16.635	10.439	6.542	1.290	5.130	3.415
8.637	3.195	4.417	3.054	3.978	6.313
14.049	19.363	6.099	3.988	4.588	3.248
17.617	9.583	7.331	0.759	4.638	4.914
7.483	19.590	6.597	1.012	4.135	5.133
1.122	16.589	0.226	0.745	4.121	4.019
8.128	2.489	0.270	4.138	5.247	4.218
9.355	6.358	5.743	4.499	5.620	5.441
5.230	9.343	1.466	0.367	5.969	4.853
14.456	6.073	8.018	1.892	5.341	6.070
8.441	17.308	6.294	3.791	4.673	4.004
11.973	17.793	6.579	2.774	5.747	4.175
10.091	10.985	4.003	3.679	6.160	4.285
2.858	3.467	7.578	1.541	6.245	4.211
15.484	19.125	2.381	0.914	5.009	5.189
17.355	12.164	9.616	2.313	5.571	4.342
0.273	11.567	2.075	1.328	4.450	3.510
15.550	7.083	3.417	2.860	4.387	4.812
1.460	14.927	7.519	3.620	6.565	4.016
18.859	8.677	6.230	2.915	4.939	6.753
3.392	6.181	2.543	0.863	5.385	5.042
6.430	2.964	9.925	1.026	4.423	7.161
9.529	2.769	5.564	0.328	5.772	4.188
10.284	2.669	9.890	2.788	4.539	5.382
3.941	17.598	5.700	3.948	5.084	5.148
6.338	14.014	9.938	1.988	5.130	2.422
17.116	18.698	6.017	2.445	7.742	5.856
8.643	9.582	9.850	1.253	5.769	5.702
18.191	6.605	3.771	4.465	5.547	5.149
7.391	1.482	5.355	2.868	5.828	4.227
6.566	0.813	3.100	0.106	4.491	4.314
5.068	17.307	7.050	1.334	6.969	3.227
16.203	15.151	8.678	0.134	4.559	3.762
3.474	1.215	7.554	4.723	4.682	4.513
11.803	2.142	5.994	3.916	4.942	6.621
4.117	4.876	5.804	2.553	4.623	6.312
3.575	5.693	5.863	4.741	5.198	5.002
11.912	11.426	1.623	1.084	3.919	4.387
11.383	0.519	5.246	1.532	5.893	4.873
2.289	0.389	7.617	1.747	4.658	4.648
2.742	4.059	3.584	1.736	5.721	5.924
19.628	8.010	6.276	3.819	6.634	2.680
14.729	15.741	5.616	3.726	5.749	3.832
13.115	4.500	5.351	2.411	5.551	5.599
1.096	15.258	5.237	0.632	5.527	4.479
4.015	6.846	1.790	4.054	5.368	5.552
2.912	19.580	1.883	0.045	6.706	5.328
0.872	18.723	6.671	0.424	5.800	5.756
11.210	8.515	2.043	4.184	5.732	4.998
9.630	16.439	6.697	1.400	4.497	7.127
10.357	7.397	0.186	3.772	4.793	4.116
0.485	0.005	1.051	3.885	4.996	4.189
11.476	2.663	9.607	1.452	4.466	5.687
2.839	11.928	2.046	0.292	6.853	5.167
0.193	4.707	7.403	3.065	5.431	3.949
14.187	15.562	0.047	2.213	5.970	5.507
19.014	19.086	4.173	3.360	6.657	4.279
3.188	15.945	9.601	1.453	4.990	3.630
2.029	14.365	4.563	2.341	4.388	6.036
14.280	2.559	0.462	2.520	5.119	5.549
4.539	6.640	6.655	1.715	4.392	6.709
15.046	8.406	1.706	1.191	2.866	4.301
2.811	0.411	1.660	3.952	5.002	4.211
8.196	13.551	1.858	1.962	5.905	5.916
17.785	4.516	1.880	2.533	4.725	5.550
9.439	11.197	7.112	4.089	4.734	4.323
9.284	15.575	4.931	1.065	5.819	5.619
7.687	2.853	4.361	2.806	5.217	6.701
7.783	17.004	2.823	4.486	4.913	3.488
9.684	7.483	6.545	2.287	3.997	7.089
13.935	4.011	2.951	3.022	5.048	4.384
10.782	2.485	9.824	4.996	5.001	4.750
10.111	12.266	2.560	2.225	4.056	6.180
14.790	6.053	2.552	3.524	4.543	5.461
12.999	19.036	0.906	1.977	4.649	4.031
9.282	6.299	7.138	1.253	4.404	5.572
1.820	14.259	6.285	0.218	6.536	5.974
14.035	12.978	8.139	1.017	5.095	5.140
17.612	1.120	8.588	0.824	4.219	5.115
13.479	4.063	9.300	4.998	5.650	6.151
15.824	17.507	3.439	1.932	4.887	5.134
8.718	19.233	9.931	3.959	6.719	5.199
3.348	10.105	0.319	1.438	4.227	5.708
1.376	12.531	4.969	2.537	5.167	3.723
4.664	11.009	3.908	3.504	5.378	4.621
5.049	3.952	1.179	2.964	4.010	6.131
12.306	4.985	7.002	3.090	4.871	3.633
16.052	13.197	7.338	2.469	6.589	3.663
17.255	13.215	1.721	0.443	4.561	5.343
1.930	19.783	9.104	4.954	5.447	4.647
15.876	12.038	9.086	0.786	4.932	5.746
14.733	19.032	9.460	0.397	4.225	5.617
8.033	16.460	9.695	1.768	4.357	4.406
8.061	5.468	9.657	2.278	4.835	3.893
12.810	3.451	7.255	3.792	6.337	4.756
17.237	3.431	4.814	3.253	5.230	5.027
3.452	11.479	3.388	1.435	4.733	6.777
2.624	14.629	8.232	2.308	6.892	6.565
1.287	10.992	4.510	2.945	5.802	5.891
14.277	1.609	3.934	1.676	6.222	5.071
12.623	18.752	9.917	3.335	3.790	4.585
9.246	14.385	7.516	1.309	5.473	5.738
2.559	16.504	9.949	2.778	5.112	6.027
5.811	1.375	7.880	4.731	6.585	3.734
3.717	5.014	0.768	0.401	4.955	4.493
13.088	8.209	7.689	2.691	4.709	5.960
14.241	0.528	9.292	1.544	4.430	4.007
16.140	7.009	9.074	2.926	5.078	4.730
0.983	1.760	2.225	1.095	5.207	5.986
2.094	12.520	7.590	0.522	4.734	7.250
9.304	14.463	9.309	4.703	5.441	5.946
5.656	1.921	4.630	1.250	5.750	5.682
8.006	7.708	5.219	0.105	4.189	4.811
7.278	14.589	0.354	4.963	3.573	5.141
12.823	8.930	3.545	2.387	2.529	3.838
14.523	12.704	9.515	0.894	5.809	5.303
19.874	5.869	9.776	0.478	5.250	5.224
6.995	14.435	5.318	1.279	3.805	4.291
6.983	13.254	6.844	3.418	5.178	4.183
5.842	18.656	3.536	1.634	4.460	5.871
11.024	10.739	5.889	3.966	5.169	5.071
6.766	18.060	9.475	1.078	3.914	5.038
6.802	10.494	5.242	4.701	4.593	4.658
16.373	9.111	1.660	1.994	5.546	5.977
1.429	8.471	5.105	1.490	4.814	4.500
1.322	16.907	6.656	1.194	4.996	3.305
6.954	0.606	1.358	1.141	4.281	6.651
15.435	19.378	0.503	2.357	4.498	6.295
18.574	18.673	0.014	0.277	6.353	4.479
9.001	9.802	6.383	4.386	5.836	5.935
5.131	17.685	6.296	1.632	4.512	7.139
6.731	14.400	6.273	1.067	3.730	6.096
19.566	14.399	6.715	3.572	3.985	3.159
19.929	6.123	4.414	3.301	4.097	6.381
4.030	9.383	1.337	3.887	6.238	4.017
6.349	11.548	7.358	4.192	3.540	5.696
2.288	6.246	7.420	3.563	5.632	5.822
2.737	6.329	1.190	3.084	5.523	5.923
0.298	5.296	2.879	2.926	5.569	3.917
6.313	10.340	6.639	0.827	5.313	6.330
8.349	13.381	9.556	2.472	4.577	3.880
6.600	6.236	4.849	1.022	5.104	4.278
12.862	15.165	1.614	3.487	6.384	5.667
14.709	3.399	0.773	4.503	4.975	3.662
2.874	16.612	9.933	4.701	3.881	3.402
6.506	2.185	4.575	1.143	7.736	4.948
9.990	10.772	2.162	3.051	5.650	3.981
3.071	17.728	9.631	3.972	4.142	4.771
3.587	2.070	9.794	3.442	4.845	4.174
8.568	12.149	0.416	4.116	5.438	5.667
2.628	15.694	6.015	4.824	4.644	3.210
7.240	1.714	7.107	3.462	5.045	3.332
6.495	8.051	6.200	1.472	4.567	5.982
19.407	9.978	4.811	3.345	6.181	5.518
11.956	8.768	9.472	0.090	4.100	4.477
0.560	13.082	0.551	4.710	4.371	5.217
18.295	4.989	7.054	2.178	4.606	4.184
14.854	10.910	1.005	1.022	6.212	4.966
1.792	6.538	7.036	0.930	5.700	5.284
19.954	2.107	5.335	3.061	6.186	4.351
5.948	6.567	1.620	2.313	3.017	5.036
11.207	0.776	5.461	3.368	2.916	5.242
8.192	15.627	2.654	2.529	5.439	5.205
4.682	4.990	9.045	0.598	4.301	6.389
19.412	1.803	0.691	1.606	6.084	4.268
1.524	13.070	1.717	1.850	6.765	5.153
1.949	17.233	8.890	2.230	3.606	4.884
8.432	6.153	6.151	1.898	2.602	3.585
14.680	6.914	2.826	2.041	3.854	5.709
16.197	10.779	4.703	0.259	3.778	5.009
17.799	0.088	3.133	0.375	7.424	3.969
12.855	2.722	2.923	0.698	4.730	4.156
15.528	16.124	6.006	3.249	4.729	5.387
18.809	12.642	6.405	4.753	5.284	4.390
5.643	5.111	7.214	0.791	5.825	3.411
12.280	15.614	1.212	3.084	4.773	6.684
12.349	18.661	4.987	2.137	6.468	5.942
7.324	4.460	3.089	3.391	4.714	5.491
18.822	8.072	6.250	0.290	5.027	4.389
4.603	15.255	0.569	4.482	5.420	3.808
11.085	15.736	8.798	4.601	5.595	6.100
5.244	11.232	8.062	0.860	5.602	4.791
14.568	13.959	1.299	2.457	3.908	4.879
12.371	3.084	3.388	2.806	4.570	4.022
19.278	0.559	1.649	0.447	6.459	4.265
0.121	10.728	7.880	1.155	6.394	5.285
1.408	11.284	3.466	3.850	5.382	4.460
13.363	11.124	8.633	1.533	5.644	4.935
18.097	2.851	8.060	3.270	3.432	5.993
1.706	14.250	8.149	0.682	3.348	5.517
17.027	11.119	9.692	4.372	4.547	5.903
15.439	11.340	2.139	0.671	5.531	4.878
1.258	4.028	4.187	3.121	6.249	5.434
12.103	19.345	1.252	0.134	4.367	6.010
14.416	16.563	8.809	0.324	5.179	3.958
18.301	14.473	0.160	0.204	4.950	4.363
4.237	1.672	5.157	1.100	5.233	5.969
5.587	7.583	6.653	4.341	4.929	3.945
9.320	15.898	2.636	3.402	4.986	7.508
18.756	4.197	2.295	4.474	3.931	4.897
9.901	17.396	6.400	4.382	4.947	4.555
4.251	13.223	0.016	3.187	5.453	4.919
8.488	0.700	5.981	0.676	5.535	6.359
16.233	14.423	0.250	1.789	6.458	3.813
18.828	17.809	2.347	1.764	6.571	4.050
0.089	13.635	5.735	0.724	4.238	7.269
11.847	3.939	5.432	4.173	6.179	3.917
17.444	13.072	2.962	4.349	3.381	5.183
17.608	19.142	5.725	2.748	4.302	6.060
1.878	8.159	6.920	2.411	2.890	5.801
6.845	15.277	6.016	0.388	5.488	5.315
7.628	6.275	1.643	4.954	3.610	3.922
7.917	16.551	3.380	1.308	3.707	4.737
3.100	3.604	5.351	1.514	4.667	6.358
0.400	12.753	1.382	4.086	5.327	4.929
