19.347	-0.944	1.850	0.237	19.610	1.952
17.561	-0.609	3.625	4.935	12.255	1.214
3.990	-0.517	8.991	1.677	13.011	-0.855
9.389	1.497	3.100	1.284	6.649	0.359
14.011	0.835	2.378	4.088	4.784	1.096
4.902	2.385	9.991	1.210	14.081	0.699
2.006	-0.761	9.331	2.421	2.884	-0.588
16.634	1.168	0.381	0.632	1.353	0.851
10.114	-0.323	2.090	2.712	6.520	0.721
14.685	1.149	4.462	1.957	10.422	0.237
15.139	-0.061	0.387	0.947	15.501	0.513
19.520	0.806	3.265	1.644	10.376	-0.743
10.553	-0.530	2.982	0.340	6.646	1.056
2.526	-1.652	5.936	4.738	17.827	0.047
3.808	0.650	6.044	0.768	6.214	1.182
13.436	-1.366	2.661	0.612	4.477	0.244
12.032	1.572	0.758	2.007	8.533	1.965
14.119	0.153	1.559	1.930	16.157	0.574
18.015	1.068	5.842	1.729	8.657	0.579
16.844	0.324	1.658	3.488	12.314	1.026
4.631	2.246	9.115	4.498	18.091	0.501
16.067	-0.442	5.141	1.071	19.137	0.337
4.988	1.537	9.155	2.273	14.914	-1.387
13.135	-1.162	7.936	3.061	1.058	-0.687
2.669	1.172	8.168	4.858	18.848	0.153
1.957	-0.378	9.601	3.944	17.273	0.702
11.617	1.246	3.271	0.203	11.210	-0.285
15.607	-0.290	3.246	4.876	3.413	-0.142
18.644	0.704	2.016	0.096	17.244	0.769
19.779	0.244	4.388	0.389	8.918	-0.214
1.535	-0.381	4.710	2.272	16.472	0.481
6.113	0.706	0.127	0.975	2.984	0.534
10.322	0.299	6.117	4.678	1.470	-0.292
5.317	0.619	4.781	0.071	7.132	-0.970
2.423	-0.597	2.920	1.893	9.097	0.155
4.876	-0.864	0.785	1.268	14.255	0.573
5.423	1.421	8.026	4.217	2.333	-0.142
13.435	1.374	1.707	4.589	8.402	-0.304
14.638	-0.878	7.614	2.611	5.262	0.455
12.290	-0.461	7.365	2.074	10.410	1.068
18.738	0.555	6.630	4.775	7.726	0.799
3.300	-1.164	1.449	1.848	13.327	1.457
19.011	-0.072	4.018	0.558	12.263	0.985
19.829	1.320	5.569	3.071	13.556	0.121
17.161	-0.004	4.715	0.490	5.064	-0.130
2.663	-1.455	2.957	0.796	0.671	0.297
7.770	-1.177	8.485	2.422	16.057	-0.286
5.257	0.388	2.505	1.832	9.947	0.630
0.269	0.039	9.692	2.759	11.014	0.976
0.418	0.833	7.863	3.051	14.839	-1.726
5.715	0.977	2.552	2.874	10.638	0.495
7.280	0.996	2.618	2.136	17.079	0.611
0.779	0.491	6.562	1.112	0.681	0.782
13.882	0.529	8.196	0.775	14.324	-0.604
4.498	0.675	3.617	1.720	14.475	-1.127
8.824	0.690	9.618	1.222	8.641	0.857
17.176	-0.626	4.164	4.849	11.047	-0.886
7.565	-1.331	2.360	1.160	5.217	0.044
7.509	-2.359	6.289	1.904	14.828	1.506
3.202	-0.009	7.151	4.152	4.303	0.844
9.389	1.767	1.911	1.196	7.840	-0.005
11.850	-0.833	5.911	4.579	18.061	0.321
10.638	0.179	2.773	0.624	9.540	-1.901
3.460	0.580	0.406	4.241	0.323	0.001
14.883	1.129	0.772	1.583	7.541	-0.110
6.754	-0.823	4.608	0.423	15.661	-0.668
12.550	0.554	0.692	4.592	9.508	1.100
8.699	-0.070	3.624	2.488	17.085	0.367
3.130	2.023	1.510	1.578	13.854	-0.256
2.751	0.420	9.572	2.702	11.892	-0.558
3.757	0.637	8.602	4.162	11.151	-0.418
16.209	0.578	1.096	0.115	17.257	1.030
12.553	0.066	0.670	4.481	4.549	0.654
6.085	2.091	7.209	3.816	5.425	1.046
1.157	0.510	4.648	2.762	9.139	1.386
9.577	1.348	8.638	4.879	4.641	-0.450
4.317	-0.557	2.586	0.459	0.874	-0.404
1.019	-0.140	2.462	2.874	18.496	0.420
15.969	-1.209	9.632	3.488	13.311	-0.362
1.946	-0.755	6.022	2.321	6.070	-2.162
15.331	-0.379	5.106	3.329	13.825	-0.314
11.882	0.790	0.373	4.031	3.455	1.230
5.211	0.613	4.697	3.657	18.139	0.273
11.326	-0.243	0.323	4.741	15.622	-1.237
11.600	-0.379	1.964	3.857	3.688	0.493
6.053	-0.453	6.508	3.281	4.936	-1.073
5.237	-0.462	9.028	1.411	17.208	-0.920
19.755	0.386	8.231	2.822	13.708	-1.035
12.676	0.090	9.262	2.180	9.064	0.343
3.380	0.375	0.134	3.475	12.716	0.884
0.719	-0.673	2.566	3.434	11.124	-2.080
17.355	-1.324	3.085	0.354	7.448	2.173
0.070	0.542	5.363	0.940	10.739	0.656
9.422	-0.204	6.308	2.404	7.084	-0.564
18.492	-1.155	7.864	0.764	10.061	-0.781
7.041	0.708	0.549	4.329	13.038	-0.925
13.235	0.112	3.122	1.024	12.413	-0.779
10.838	0.786	1.608	0.938	3.562	-0.352
11.137	-0.781	0.041	2.509	9.924	-1.088
2.897	-1.172	4.139	1.141	3.471	-1.792
12.600	-1.153	5.118	1.136	15.783	0.757
5.712	0.765	0.762	1.496	17.830	-0.510
0.166	-1.717	4.588	0.789	10.919	2.010
4.478	-1.437	1.114	3.427	10.145	0.343
5.704	1.781	3.218	1.161	19.252	0.389
13.720	-0.594	7.710	3.604	0.920	0.901
0.681	0.273	6.594	3.256	0.413	1.732
17.503	0.092	8.989	2.224	7.011	1.345
5.837	0.415	1.109	0.335	18.217	-2.489
17.284	1.421	0.115	4.329	8.954	0.092
17.138	0.707	5.928	3.553	11.930	0.211
14.683	-0.026	7.413	3.419	2.252	-0.301
3.665	0.007	6.402	3.693	13.814	-0.986
4.844	0.860	7.325	0.533	1.924	-0.101
8.127	0.282	7.116	0.673	7.962	-0.996
9.864	1.379	3.462	2.689	18.491	0.158
18.310	1.445	4.202	0.738	10.155	0.327
10.736	0.051	8.412	4.206	11.457	-0.106
12.961	1.226	3.157	1.324	17.349	-0.240
11.016	0.323	4.603	3.502	0.314	-0.137
13.396	-0.371	2.832	4.955	12.725	-0.417
16.582	0.812	9.603	3.893	12.755	-0.997
2.490	0.576	1.581	3.282	4.231	-1.056
16.385	-0.095	4.625	4.596	19.948	1.298
2.153	1.070	5.081	2.958	19.414	0.403
3.782	-0.662	3.472	4.958	8.037	-1.762
5.996	-0.326	3.886	3.520	1.700	1.780
18.030	-1.396	5.388	0.441	17.033	0.005
2.638	0.213	4.545	2.441	3.169	-0.212
4.675	0.554	7.329	0.541	11.609	-1.043
2.413	0.051	4.056	2.207	17.922	-0.465
13.189	-1.738	1.519	0.387	14.654	0.273
0.866	1.322	1.684	1.207	8.219	-1.149
8.998	0.831	0.941	3.633	2.654	-0.479
10.542	0.616	3.361	2.672	14.208	-0.511
0.987	-1.231	9.249	3.198	13.083	-0.119
6.565	-0.442	2.163	4.476	12.225	1.699
5.842	-0.266	4.697	2.923	3.757	-0.464
10.818	-0.364	6.611	3.815	8.960	-0.551
18.651	-2.062	2.449	3.657	16.041	-0.446
14.160	-2.456	4.225	4.037	8.452	-1.218
17.183	-1.155	8.630	4.444	3.316	0.545
16.846	-1.502	2.076	0.903	15.756	0.488
11.896	-1.591	1.206	2.469	18.586	0.216
17.779	-3.341	3.801	3.555	5.111	0.668
9.983	1.399	9.872	3.715	0.484	-1.449
10.531	-0.846	1.758	3.923	8.185	1.851
16.484	-2.817	1.782	2.624	12.451	-1.552
7.562	-1.719	3.311	3.644	10.800	1.427
12.510	-1.781	9.799	1.092	12.259	-0.587
13.550	0.642	5.333	1.354	3.272	-0.282
4.827	0.306	2.042	3.881	3.508	-0.026
12.383	-0.635	7.885	4.826	8.995	-1.106
18.697	-0.684	2.331	0.462	13.642	2.895
2.652	1.437	7.584	1.328	9.443	0.037
17.421	1.030	8.375	3.226	6.027	-1.904
3.102	1.125	6.192	1.418	2.497	0.703
1.396	0.331	6.837	1.118	16.576	0.165
8.291	-0.291	2.306	2.755	5.737	1.462
6.734	-0.863	7.526	3.269	2.745	-0.632
15.527	0.477	0.840	3.701	17.499	1.134
5.300	-0.076	6.848	2.857	3.812	1.465
14.065	-1.380	0.093	3.366	17.566	0.406
8.284	-0.784	2.255	0.464	13.753	-1.150
4.504	1.109	4.973	0.973	0.497	-0.351
10.400	1.042	5.361	3.179	1.984	1.981
17.874	-0.951	1.528	1.726	15.689	0.260
16.347	-0.112	6.964	3.221	5.334	1.821
17.143	0.015	8.506	0.878	2.629	1.310
2.817	0.581	6.897	4.406	9.622	1.382
5.581	1.156	9.313	1.473	17.811	0.233
12.200	-0.730	6.088	4.279	2.333	-2.296
16.046	-0.002	0.506	3.679	18.951	0.152
0.622	0.911	5.568	4.535	18.081	-0.076
18.481	-0.384	5.673	0.025	1.727	0.018
15.481	1.254	4.317	0.106	4.977	0.327
17.333	-0.911	5.006	3.032	14.396	0.916
2.052	0.904	5.078	2.332	12.204	-0.142
11.103	1.104	2.157	3.705	14.826	-0.300
14.283	-0.076	4.872	1.582	11.606	-2.468
12.655	1.599	2.301	2.442	11.626	-0.476
9.804	0.011	3.238	3.864	9.069	-0.315
19.135	-0.767	2.922	0.572	11.149	0.065
0.314	-0.631	6.847	3.319	12.329	0.751
4.350	0.879	3.185	2.131	14.000	1.216
3.056	-0.641	1.627	4.241	15.467	0.918
9.213	-0.274	6.333	2.508	13.908	0.040
5.706	0.846	1.813	0.229	9.267	0.268
17.076	0.522	8.019	4.690	0.354	0.742
9.130	0.312	5.653	4.050	12.959	-1.820
4.599	-1.204	0.709	1.704	2.300	-0.035
18.866	0.236	4.817	1.895	7.290	0.518
8.488	0.764	9.149	0.333	19.702	-0.597
9.937	0.850	9.012	2.491	1.058	-0.343
2.042	0.382	1.735	0.652	6.388	-0.575
13.468	-0.081	1.211	1.689	4.771	1.326
18.646	1.403	1.334	1.276	5.788	2.463
7.545	-0.608	4.574	1.174	9.978	0.083
18.911	-0.453	1.806	1.049	2.428	-0.179
12.624	-0.581	6.835	4.892	6.725	-1.275
6.877	0.614	2.865	0.209	1.108	-0.004
4.145	1.711	9.962	4.138	13.404	0.010
8.884	0.774	6.091	2.349	18.503	0.828
15.682	1.017	2.567	0.621	11.748	0.493
18.852	1.191	6.453	2.505	17.086	-0.710
15.064	-0.711	7.393	2.158	14.690	-0.352
16.893	1.470	5.552	4.996	17.812	0.135
15.345	0.926	6.003	4.943	2.547	-0.491
11.558	2.102	6.930	0.362	1.491	-0.132
14.742	0.837	9.150	4.879	7.500	1.154
12.975	0.187	1.438	1.409	9.487	-0.229
15.156	1.990	1.687	0.678	18.665	0.620
9.695	-1.596	5.449	0.228	9.405	-0.206
1.845	-1.236	0.076	0.716	2.433	0.601
16.699	0.677	2.161	3.827	17.409	-0.005
1.399	-0.213	9.800	1.023	7.651	0.434
17.996	1.086	3.788	2.026	17.717	-0.329
1.321	-1.610	3.324	2.644	2.893	0.852
11.672	0.177	2.313	0.141	10.506	-0.216
19.165	-0.054	9.397	0.744	18.285	-0.056
4.246	-0.786	5.608	0.946	1.581	-0.561
14.337	-0.756	9.635	3.926	17.255	-1.058
13.710	-0.965	5.261	1.708	18.034	0.841
12.922	0.265	3.191	2.296	1.671	-2.276
4.583	0.350	3.750	1.246	16.887	-0.601
8.477	0.511	9.307	2.117	17.581	-0.668
8.939	0.264	7.927	4.549	6.698	-0.039
10.637	-0.326	3.827	2.831	14.039	0.638
0.780	-0.158	9.181	0.633	0.189	-0.469
15.770	-0.403	7.040	4.120	11.591	-0.056
10.776	-0.163	3.784	3.144	8.911	0.127
19.721	-0.370	8.626	2.817	18.276	2.009
17.867	-0.471	8.665	3.881	5.082	-1.258
15.878	1.193	1.784	2.067	14.561	1.641
0.521	0.277	1.205	4.784	1.052	0.462
7.883	0.071	2.418	1.022	9.887	-0.385
11.161	-1.195	7.870	2.700	12.347	-0.594
5.726	0.221	4.315	4.306	1.783	-0.242
4.036	0.598	1.283	3.471	15.516	-0.383
2.249	-0.805	6.283	4.258	7.465	-0.110
10.315	-0.467	0.821	1.977	8.390	-1.008
7.963	-0.173	3.371	3.693	0.639	-0.369
16.237	0.431	6.748	1.359	12.296	0.231
2.273	0.503	7.754	0.643	11.402	0.428
4.252	1.587	6.771	4.251	12.710	0.412
16.228	-0.452	1.782	3.005	0.799	-1.052
18.092	-0.585	3.983	2.918	0.541	-0.449
3.277	0.491	8.585	4.781	0.914	1.278
1.741	0.297	2.975	3.437	5.067	-0.547
4.201	0.304	8.926	0.755	12.223	1.657
7.238	-0.387	0.348	0.026	17.982	1.080
12.129	0.880	0.675	4.014	7.898	-0.018
11.166	0.070	6.356	3.049	11.295	0.869
3.073	1.076	1.340	2.944	3.976	0.181
2.437	-0.895	0.816	1.298	11.894	-0.124
15.706	-1.106	6.676	3.262	12.750	-0.179
1.863	1.313	5.074	1.897	16.564	1.178
8.861	1.673	6.512	3.441	18.983	-1.587
16.401	0.041	0.351	0.182	0.065	-0.681
19.487	0.782	9.966	0.840	17.243	-0.206
19.080	-1.241	1.894	1.257	4.871	-0.610
10.605	-0.295	6.638	0.845	2.108	2.235
16.073	0.294	7.781	1.863	12.094	1.285
12.667	0.383	3.204	2.033	19.533	-1.444
16.536	0.742	0.602	4.456	0.652	1.258
16.607	-0.685	8.845	1.343	18.832	0.402
19.330	1.818	2.559	3.662	16.200	1.466
17.872	1.317	8.107	0.171	5.337	-1.238
19.932	-0.053	6.939	1.973	13.370	-1.048
12.234	0.001	2.017	1.728	2.737	0.222
14.231	-0.065	2.858	2.589	1.839	-0.311
17.520	-0.911	2.619	0.603	7.705	0.606
18.273	0.308	4.329	1.704	0.136	0.812
15.070	-0.087	4.094	3.911	1.301	0.555
11.624	-0.457	7.076	1.497	17.473	0.229
1.957	-1.107	2.407	4.455	11.800	0.980
2.307	0.230	7.050	1.795	13.583	2.581
12.328	-0.547	4.551	2.171	14.661	2.027
8.347	0.612	5.724	4.830	5.920	-0.081
11.059	-1.063	7.268	2.511	0.812	-0.609
8.619	-0.469	7.221	2.672	9.752	-0.605
18.949	3.076	0.495	0.870	9.221	-0.573
4.101	1.664	5.571	2.213	18.874	-0.004
15.270	0.442	8.478	2.522	8.251	0.543
4.224	0.753	5.018	3.165	17.089	-0.584
9.133	-1.823	1.104	3.751	5.817	-0.475
2.980	-0.417	4.625	0.240	19.631	-1.283
5.504	-0.463	1.801	4.360	13.411	-0.229
17.912	-0.042	4.095	1.965	17.527	0.371
7.917	-1.741	5.678	4.763	8.730	-1.320
17.269	0.209	9.256	3.938	9.298	-0.314
9.229	2.052	3.201	4.178	13.383	1.314
9.672	1.602	1.592	4.586	14.431	1.515
3.285	0.719	2.358	0.691	0.335	-0.748
19.002	0.737	4.281	0.304	13.842	-0.169
16.135	0.304	1.297	0.666	3.368	-0.892
16.213	-0.089	5.899	3.754	14.224	3.155
16.281	-0.439	8.887	0.964	3.769	-1.177
5.088	1.434	2.030	0.216	13.166	0.113
10.511	0.708	0.815	1.788	12.871	-1.618
3.831	0.714	5.421	0.391	10.149	1.147
15.972	-0.552	0.704	4.627	18.722	-0.067
10.213	0.138	8.784	4.285	17.236	1.339
17.760	0.398	9.459	2.945	19.052	1.570
3.577	-0.378	7.736	2.889	12.003	2.041
2.792	0.267	8.131	4.187	19.914	0.530
11.433	-0.394	8.926	3.006	0.646	-0.498
11.050	1.004	9.089	4.438	3.813	-0.300
1.509	0.558	9.605	3.200	9.734	-0.123
7.205	0.394	7.337	0.978	9.318	-1.486
10.590	-0.190	2.115	4.870	2.542	-1.620
17.092	-0.887	9.374	3.089	17.344	-1.012
15.134	0.547	2.692	2.414	7.764	0.027
9.433	1.104	1.674	2.481	3.529	-1.590
16.043	0.385	6.146	1.913	2.724	2.264
17.234	-1.229	4.444	4.153	19.598	1.163
11.832	0.749	6.619	2.591	8.831	0.962
5.463	-1.346	4.723	0.327	0.787	0.410
13.309	0.432	3.257	1.971	13.171	0.380
14.467	0.640	0.807	2.556	19.756	-1.671
3.358	-0.132	3.503	0.725	1.882	1.110
11.507	-0.327	4.802	0.229	2.613	1.067
7.009	0.635	1.873	2.115	15.484	-0.629
5.467	0.017	7.292	3.766	16.184	0.221
9.425	-1.249	8.841	4.388	11.845	-0.907
16.993	-0.934	4.175	2.801	15.928	-1.112
14.557	0.168	1.276	3.938	16.609	0.055
3.961	-2.778	8.508	4.870	19.027	-1.953
13.868	0.016	7.252	0.731	1.424	-0.772
18.927	0.287	5.277	3.124	9.724	-0.768
17.377	1.525	5.084	3.513	15.557	-0.423
14.536	0.477	6.493	4.593	11.390	0.247
0.235	-1.155	5.209	3.383	5.447	1.337
10.654	4.843	1.367	4.200	6.633	13.003
0.172	3.092	1.384	4.912	5.218	11.772
7.187	1.480	5.898	4.393	6.434	0.233
12.171	4.745	7.017	4.522	4.560	14.505
16.475	3.014	6.386	6.366	4.168	14.312
17.723	4.074	7.048	6.808	5.613	5.274
2.123	2.642	1.508	3.940	4.926	2.748
17.182	2.764	0.812	4.837	4.046	13.733
10.376	1.628	8.801	5.532	4.286	0.232
0.001	2.157	7.688	4.364	5.034	10.295
4.600	2.699	9.961	5.058	4.789	7.349
7.136	3.188	7.000	4.976	6.574	0.957
10.750	1.444	0.598	4.369	4.414	10.929
17.792	2.858	5.152	4.709	3.352	5.399
10.688	1.027	0.037	4.770	5.156	4.373
0.213	1.707	8.071	4.741	4.000	4.554
18.277	0.084	4.609	6.101	5.814	15.032
0.616	2.879	8.665	6.841	6.070	5.068
11.305	2.002	5.209	5.141	7.025	6.563
9.805	4.456	3.860	4.834	5.012	2.944
7.478	0.519	7.673	5.603	5.355	16.400
5.414	4.188	1.295	5.447	6.857	4.649
3.445	0.534	1.742	7.531	5.827	4.596
15.995	3.095	8.199	6.120	4.826	17.938
0.587	1.304	6.504	3.452	6.200	8.958
19.963	3.344	6.451	2.924	4.902	11.028
6.795	0.863	1.492	5.317	5.454	1.667
10.777	4.250	5.327	5.398	4.136	8.214
3.867	3.826	3.609	3.808	4.922	16.444
13.526	3.199	8.697	4.533	4.653	13.315
3.850	2.653	4.554	5.812	4.587	15.295
15.263	3.740	2.840	3.948	7.005	12.206
3.948	2.965	2.665	5.537	4.065	19.183
14.605	2.840	2.538	5.916	4.758	19.576
14.539	0.546	9.903	4.534	3.979	5.372
1.807	1.826	2.507	6.612	5.021	1.867
12.745	1.896	8.148	4.845	6.362	13.013
17.518	1.319	3.726	4.984	2.326	11.496
15.303	4.901	6.335	5.989	4.722	16.476
2.541	2.629	8.448	4.563	4.694	13.497
13.599	0.657	9.919	5.026	4.232	2.817
12.975	0.588	1.855	4.741	5.157	1.002
19.579	0.044	4.036	4.417	3.434	12.010
8.733	2.836	9.457	1.506	6.640	10.629
0.517	2.911	2.328	4.880	6.043	4.128
17.868	2.939	6.577	6.542	4.552	6.637
11.880	2.612	2.052	4.796	5.508	10.788
5.315	2.303	9.958	6.310	5.045	4.961
12.680	3.832	7.444	3.741	5.092	6.980
14.072	4.844	2.576	7.337	5.071	3.052
8.178	3.686	6.967	4.147	5.029	12.460
5.272	4.224	1.594	5.680	4.902	7.575
14.849	3.941	8.115	4.088	6.071	2.574
16.432	3.918	2.099	5.892	6.504	2.383
5.038	3.492	5.263	3.721	6.205	14.865
10.651	1.149	9.025	6.057	5.499	6.137
1.376	1.676	7.294	6.406	5.135	3.688
6.223	4.065	4.070	3.546	6.473	17.160
17.858	4.009	1.991	6.880	4.518	8.017
19.697	1.691	4.494	5.155	6.603	7.198
3.064	4.190	4.931	5.433	5.209	16.616
6.388	3.714	7.830	3.205	4.275	10.662
17.473	4.657	1.267	6.219	3.719	16.445
7.635	3.459	7.726	5.141	4.716	9.705
12.638	1.702	5.747	5.833	5.657	6.737
6.378	3.856	6.578	5.398	6.118	18.084
19.028	4.649	8.901	5.396	4.628	9.557
3.358	2.364	4.023	5.879	3.824	7.962
11.511	4.674	6.500	2.960	6.769	5.272
5.836	3.419	5.235	6.135	4.723	4.881
9.033	1.044	6.564	6.148	3.491	2.353
5.188	2.632	7.978	4.768	5.246	18.955
4.278	3.531	9.652	3.823	4.780	15.837
15.226	1.160	2.940	5.379	5.723	14.414
16.045	3.758	9.661	4.288	4.037	3.282
0.984	2.202	8.717	5.716	3.776	11.615
17.137	1.810	1.646	6.422	6.522	10.180
3.082	4.274	4.010	4.812	5.081	15.942
5.123	0.085	6.288	6.721	5.701	16.990
19.286	1.426	1.293	3.450	4.494	1.773
0.228	2.085	9.544	4.690	4.956	2.839
3.994	1.225	3.281	5.386	4.519	19.167
16.570	4.139	2.881	4.561	4.402	9.214
2.676	3.996	3.513	4.088	3.824	1.671
7.937	0.960	9.501	4.798	3.173	12.436
12.924	0.151	2.195	4.341	4.877	10.555
10.382	4.679	5.258	4.521	3.192	3.396
7.861	4.710	1.256	4.260	7.284	12.065
7.467	0.367	3.945	4.135	6.170	6.160
12.920	4.989	2.519	4.499	4.576	17.167
1.372	3.014	3.322	5.316	5.338	14.311
4.116	3.813	0.977	3.783	5.617	15.499
10.149	3.174	9.248	5.072	5.724	1.368
14.145	4.458	7.716	3.609	4.470	3.947
9.193	0.462	8.136	6.235	3.904	0.703
18.787	1.085	5.090	5.721	2.746	2.481
1.038	3.748	3.905	5.612	4.866	0.944
2.345	4.048	5.050	3.471	4.486	12.499
16.844	3.408	2.754	5.444	5.814	14.000
19.948	0.267	2.039	5.401	5.177	13.613
17.789	2.398	9.512	5.591	6.123	6.508
15.121	1.812	3.653	5.104	4.176	5.496
4.557	1.237	1.471	6.490	6.767	6.866
18.125	1.612	3.955	4.667	5.846	1.853
0.130	4.563	5.131	5.662	5.926	14.921
0.525	4.423	1.925	5.744	6.100	0.152
17.799	1.333	1.580	4.367	4.835	19.438
9.395	2.229	9.058	4.827	5.210	12.081
13.944	2.106	6.906	4.958	6.808	6.721
3.055	4.904	4.703	3.498	4.574	10.873
16.391	0.568	2.855	6.291	3.397	6.541
6.727	4.489	7.840	5.383	3.319	3.458
15.573	2.223	7.518	6.805	5.559	18.176
17.737	4.151	2.232	5.307	5.114	4.174
5.902	0.517	7.802	4.031	4.329	12.629
5.162	4.233	9.430	5.096	4.855	6.174
14.177	2.553	7.342	5.689	5.371	18.401
1.937	2.418	9.733	4.250	6.737	1.946
11.901	2.160	4.442	5.685	6.031	11.364
11.697	2.163	3.367	6.808	4.608	5.366
1.562	2.106	5.963	4.774	4.872	2.564
0.040	3.816	3.426	6.698	6.785	7.971
19.594	3.217	2.349	4.707	4.543	2.609
8.279	3.283	9.585	5.166	5.469	19.016
15.732	0.158	2.457	4.314	4.716	8.361
14.363	2.841	4.916	5.661	5.366	13.668
0.231	4.321	5.383	4.945	5.298	15.759
8.684	1.626	7.190	5.562	3.291	2.646
15.188	1.434	4.154	6.710	5.363	2.873
2.833	3.925	7.305	4.897	5.835	16.261
1.022	3.497	5.087	3.660	4.815	5.302
4.304	0.765	6.496	4.159	5.189	15.186
1.630	1.252	7.145	4.208	5.612	11.543
13.845	1.922	0.373	5.342	4.693	19.552
6.136	3.331	8.677	4.838	5.949	2.276
11.023	2.170	6.867	5.222	3.016	16.014
3.830	2.505	1.167	5.284	6.555	7.252
16.106	4.017	6.714	5.115	4.038	10.383
19.623	4.422	7.029	5.497	4.160	8.775
19.330	2.979	3.867	4.620	2.123	2.198
7.874	1.383	8.644	4.859	7.197	7.728
14.316	1.795	1.692	5.472	5.302	13.661
19.591	1.782	0.148	4.182	4.530	7.771
3.684	3.517	8.520	5.083	4.816	0.174
17.799	4.590	9.525	4.504	4.936	12.202
10.301	1.478	8.882	3.887	5.886	14.939
11.002	4.950	9.690	5.246	4.684	11.031
16.055	3.825	2.011	3.672	5.445	8.799
18.471	2.161	5.832	3.343	5.571	18.437
16.571	3.576	3.730	4.566	4.924	19.002
12.765	2.513	0.520	6.842	5.901	1.234
2.663	4.287	5.938	2.836	5.693	10.259
19.622	1.504	7.639	5.552	5.333	1.509
10.614	0.277	6.600	5.593	4.376	2.791
2.603	0.283	2.019	4.964	5.726	14.332
0.480	3.630	5.583	6.649	5.226	10.454
14.261	4.233	5.415	6.471	3.874	10.370
5.872	3.774	0.910	5.551	5.374	15.619
4.362	2.164	8.670	3.642	4.765	18.993
6.738	2.634	9.421	6.362	4.345	11.596
18.231	2.755	4.600	5.635	6.354	6.919
15.838	2.648	9.627	4.956	4.209	0.163
16.727	2.619	6.675	6.163	3.592	19.208
11.841	0.517	5.077	5.536	6.417	14.420
16.142	3.067	8.364	5.875	5.272	12.691
19.454	4.639	1.591	4.390	5.470	5.196
7.514	0.406	5.790	3.104	7.207	4.924
11.358	2.717	6.846	5.943	6.881	14.287
7.486	4.670	2.455	4.652	3.364	4.863
3.176	1.117	4.110	3.972	5.192	7.790
16.277	2.817	8.653	3.307	5.276	11.706
17.130	2.758	5.176	3.093	6.370	8.165
3.958	2.398	8.994	4.762	5.200	7.602
4.255	0.842	2.886	5.184	4.990	11.768
16.076	0.769	2.547	5.208	6.283	3.119
0.814	3.923	0.449	4.926	5.455	17.270
4.591	1.718	9.780	5.594	2.235	18.124
11.514	1.680	6.637	3.460	4.650	9.986
14.446	4.012	4.848	4.747	5.047	5.669
4.661	2.851	0.743	5.316	6.097	13.702
3.854	1.242	7.116	2.654	3.489	16.172
15.409	0.557	8.972	6.371	3.766	11.410
19.815	4.441	1.008	4.169	5.394	15.245
12.590	2.982	6.593	3.797	3.168	12.585
11.507	2.175	6.297	3.251	5.418	15.388
16.962	1.215	5.633	5.171	2.900	0.755
11.169	0.404	5.739	5.166	4.102	0.672
19.368	0.321	7.299	4.906	4.270	1.343
11.703	0.475	4.226	6.361	4.148	10.022
12.203	0.249	7.928	7.617	5.973	12.239
9.985	1.380	0.998	6.050	4.937	12.560
13.037	0.158	1.892	5.765	3.836	1.636
5.958	4.900	3.660	4.403	4.818	6.062
1.074	3.547	6.035	5.121	5.638	6.580
11.471	0.516	3.203	4.787	3.748	3.022
18.937	3.084	3.816	4.734	5.429	12.436
18.958	0.070	4.118	5.459	5.737	7.746
10.220	0.960	3.871	5.289	6.136	7.371
15.646	0.637	6.666	5.742	3.725	2.668
7.022	4.680	9.931	4.745	4.824	17.805
17.638	1.683	8.199	6.965	3.805	2.704
6.788	1.046	2.318	4.527	3.783	16.206
6.801	2.020	1.088	5.728	4.788	8.766
6.319	1.687	0.337	4.413	5.785	8.554
6.157	0.815	7.238	5.030	3.180	1.583
17.381	0.992	0.654	6.368	2.520	19.737
9.473	1.680	1.816	3.594	6.864	11.457
3.357	1.457	1.053	4.606	5.444	14.977
10.939	2.393	0.632	4.358	5.408	5.716
19.515	0.396	8.140	4.648	7.568	4.543
13.895	4.121	6.621	3.817	4.856	17.091
19.918	4.702	4.031	5.884	5.322	18.252
16.585	2.865	2.015	7.800	3.184	8.420
8.372	1.372	4.359	5.729	4.702	6.510
17.076	0.603	1.556	4.115	5.124	6.409
5.006	3.440	9.146	5.419	5.019	14.992
17.728	3.165	9.173	4.753	4.225	17.651
15.947	3.432	8.558	6.864	6.007	3.950
3.303	3.377	0.394	3.638	4.613	13.210
4.084	1.821	3.837	5.563	4.892	19.515
19.076	1.661	2.501	5.315	5.309	2.931
13.310	1.524	2.456	7.288	5.691	0.339
11.346	1.353	6.913	3.713	5.698	6.466
9.399	3.122	4.878	5.734	3.436	2.836
18.799	3.678	9.674	4.634	5.728	8.975
7.967	3.670	0.025	5.287	5.497	16.604
5.764	0.358	7.805	4.328	4.505	18.273
0.183	2.559	7.411	4.780	5.193	18.172
6.466	2.236	8.420	6.976	5.569	14.476
8.147	0.728	6.455	4.357	5.002	13.510
14.610	3.122	9.547	4.560	6.651	19.896
4.448	3.716	5.022	4.825	4.718	0.123
2.943	3.340	6.371	3.348	3.867	8.108
6.628	1.699	9.092	4.966	4.925	0.501
4.718	0.891	0.115	4.476	5.723	19.356
4.754	2.034	0.682	3.649	4.550	5.148
17.014	4.443	2.484	5.100	3.599	1.405
18.015	4.756	3.495	4.053	4.558	11.926
0.579	1.130	0.811	4.101	4.383	3.434
3.511	0.876	1.236	5.811	4.874	7.867
1.302	0.292	1.628	4.797	3.902	3.816
4.814	1.788	4.457	4.010	4.787	14.744
4.005	2.793	1.607	4.860	5.437	3.711
0.990	2.013	0.501	7.272	3.037	6.386
19.947	1.890	7.735	4.246	4.437	4.511
15.798	4.403	2.319	4.208	6.173	3.800
6.765	3.771	1.452	5.228	3.168	7.857
14.426	2.880	7.857	4.803	4.442	15.433
3.511	1.679	0.428	2.507	4.245	7.950
16.415	1.536	7.602	4.753	5.842	19.589
18.145	1.941	0.083	7.124	6.197	15.359
8.190	0.700	2.639	4.237	5.179	2.819
5.871	1.855	8.090	3.904	4.967	19.191
11.129	2.898	8.942	3.759	5.666	9.927
9.471	1.899	5.439	6.377	4.685	1.358
8.769	0.041	7.945	3.364	6.256	8.920
6.969	3.493	8.050	4.482	6.725	15.233
14.299	0.299	3.345	5.313	5.618	13.877
9.202	4.609	6.730	5.532	5.288	5.393
8.912	4.425	3.858	5.474	4.743	15.003
6.614	0.254	3.767	5.578	5.998	5.648
12.198	4.061	5.217	4.328	5.073	12.195
15.041	4.233	3.858	5.646	6.325	3.448
6.279	2.045	3.287	4.014	5.800	10.132
19.475	1.484	3.521	4.916	4.449	18.897
14.254	3.806	0.970	7.447	6.569	18.284
18.711	3.479	5.441	4.366	5.456	3.271
11.747	4.139	3.668	3.885	6.092	5.903
19.398	2.693	8.974	4.727	6.797	16.851
10.460	0.737	5.887	5.079	3.790	16.526
18.334	1.861	5.025	5.034	2.951	17.477
3.172	1.850	9.755	5.969	5.385	11.806
9.027	2.977	8.580	6.526	4.943	4.555
12.530	0.730	2.598	5.805	4.630	7.713
18.079	2.925	2.999	4.293	4.555	11.193
5.423	0.516	8.442	4.587	5.697	5.586
18.402	2.465	5.949	4.760	4.147	13.736
1.817	1.120	6.834	5.594	4.543	12.242
1.836	3.191	6.594	5.451	4.960	8.124
15.434	0.814	2.359	4.567	6.435	7.126
11.717	4.131	4.278	4.816	5.344	17.820
13.154	2.936	0.648	5.148	6.838	3.229
9.582	0.721	3.332	6.930	4.975	6.115
19.901	1.341	1.237	4.533	5.091	5.592
1.415	1.617	7.377	5.338	6.172	8.346
16.341	3.177	5.475	4.904	4.517	11.797
13.452	1.270	9.903	4.432	3.974	8.298
15.591	1.369	2.121	3.998	5.281	7.728
7.444	0.803	8.590	4.832	6.126	12.372
18.721	1.979	4.594	3.944	5.107	15.824
9.621	4.241	5.418	4.891	6.234	14.632
4.479	0.690	4.257	5.092	5.807	13.392
7.921	4.570	3.459	3.701	5.374	3.724
11.241	3.766	5.431	3.350	5.566	15.784
17.677	4.621	2.089	4.222	4.611	19.716
2.305	4.352	4.304	4.509	2.827	17.878
6.024	4.077	9.125	5.739	3.431	12.478
18.744	0.580	6.622	5.094	5.986	5.069
8.490	0.847	4.726	3.702	4.064	17.147
17.949	3.888	3.595	4.901	4.049	10.428
10.939	3.771	6.000	3.120	4.205	2.959
4.346	3.290	5.868	6.082	5.433	11.142
3.232	0.665	0.790	6.346	5.877	13.679
5.667	1.930	9.024	4.243	4.131	13.708
3.766	2.430	3.244	4.067	5.083	11.262
4.497	1.049	1.322	4.783	4.494	18.959
2.739	2.361	5.899	3.722	4.480	1.173
0.530	4.132	0.938	2.271	5.547	12.148
15.018	4.885	9.933	6.170	4.534	10.559
7.450	3.692	6.457	3.827	4.938	16.603
0.208	3.226	6.822	7.051	4.892	16.103
4.405	0.240	4.431	4.669	4.921	16.382
6.180	0.665	7.609	5.839	4.851	16.617
8.983	1.712	7.198	4.423	5.164	10.040
15.423	3.419	7.795	4.888	5.792	0.332
15.859	2.949	7.559	5.065	5.416	16.007
7.575	3.124	2.378	2.815	5.025	18.292
8.046	1.493	0.113	4.226	5.022	16.191
0.525	1.709	8.986	5.609	4.975	4.017
8.801	0.479	6.332	5.362	5.044	4.572
15.339	0.283	3.015	5.582	6.424	2.499
16.490	2.130	7.678	6.856	5.744	4.868
5.668	2.999	6.749	5.224	4.400	2.168
12.356	4.733	0.532	4.951	3.004	8.152
12.795	1.498	4.544	6.096	5.722	12.388
2.580	1.498	7.678	5.005	5.223	12.462
12.355	2.561	1.658	3.402	5.594	12.211
0.138	2.725	1.650	5.954	4.495	16.624
9.330	3.340	9.013	3.029	5.041	14.625
19.987	0.605	2.486	3.036	3.132	5.450
14.798	3.237	2.047	5.176	3.865	2.236
7.808	0.055	7.662	3.637	4.969	10.451
8.450	0.126	8.407	3.176	4.622	10.417
8.985	4.453	9.868	-5.492	-6.803	9.591
0.089	0.680	3.412	-7.289	-6.919	13.688
8.904	3.394	4.919	-8.151	-7.357	9.711
6.714	1.373	5.781	-9.255	-8.001	19.684
4.758	4.097	6.421	-6.870	-7.527	12.594
12.962	4.648	1.595	-6.736	-7.190	2.048
5.774	4.686	7.728	-7.008	-7.623	15.661
6.264	2.787	0.919	-8.571	-6.903	9.507
6.402	3.262	6.524	-6.002	-7.826	6.510
5.609	2.060	4.433	-10.855	-5.135	10.248
15.293	1.206	2.767	-7.169	-7.644	10.206
3.602	3.076	2.283	-7.161	-7.911	13.800
10.921	3.911	3.220	-7.510	-6.252	11.344
10.700	2.196	0.018	-6.475	-6.773	15.231
17.305	4.881	6.038	-6.599	-7.867	12.297
17.842	2.174	8.970	-7.053	-5.924	12.833
13.314	1.973	7.368	-6.602	-6.091	0.599
15.010	0.788	6.997	-6.744	-5.749	8.199
11.462	4.790	7.316	-6.124	-7.139	9.404
15.219	4.119	0.347	-6.505	-7.951	3.517
16.141	4.158	6.225	-7.575	-7.096	18.833
8.559	4.389	6.204	-6.326	-7.876	7.406
3.665	3.242	7.815	-6.792	-8.269	3.137
19.665	1.643	3.270	-6.791	-9.089	15.948
11.183	2.638	8.032	-8.283	-7.123	11.702
4.194	3.985	8.706	-6.941	-6.161	9.284
6.686	4.835	9.755	-7.309	-6.574	3.262
5.576	4.059	9.229	-7.524	-6.974	8.973
9.311	4.693	8.675	-7.803	-7.353	17.884
6.237	0.150	1.921	-6.652	-7.431	19.813
9.234	3.881	7.492	-8.828	-7.756	18.071
0.865	0.888	6.474	-5.918	-7.392	14.239
19.125	1.330	9.758	-7.526	-6.153	1.195
12.035	0.273	7.970	-7.881	-6.652	14.516
17.240	2.770	7.236	-7.384	-6.829	0.084
11.545	2.005	4.156	-6.753	-5.717	11.963
19.108	1.341	1.109	-5.404	-7.179	12.551
9.202	3.632	6.207	-7.014	-6.869	13.081
16.328	0.744	6.237	-5.958	-8.091	12.906
10.520	3.232	8.588	-7.660	-7.529	18.245
19.837	4.344	1.888	-6.251	-8.210	8.583
17.805	1.485	0.974	-5.922	-6.417	18.243
17.446	3.638	1.747	-7.183	-10.002	15.589
7.983	4.268	0.917	-7.054	-9.272	1.448
10.961	4.532	7.594	-7.139	-6.355	2.414
12.533	4.996	2.125	-7.409	-6.302	5.671
18.706	4.591	4.838	-7.361	-6.033	1.950
11.611	1.839	9.687	-7.616	-7.208	14.304
15.669	4.891	7.875	-6.331	-9.364	3.595
0.927	1.668	6.190	-6.746	-6.986	12.951
15.061	3.224	1.295	-6.901	-8.758	1.437
18.112	0.890	7.033	-7.030	-7.117	0.410
4.776	3.998	2.785	-7.996	-6.897	19.051
19.485	0.080	7.328	-6.935	-6.256	0.302
13.398	1.034	8.013	-6.234	-5.521	10.163
8.429	0.957	5.411	-5.720	-6.206	4.229
19.173	0.603	5.814	-6.533	-5.802	12.645
18.621	3.566	2.210	-6.772	-5.815	11.022
17.949	3.104	3.832	-7.380	-7.934	19.345
16.382	1.849	2.174	-5.933	-5.967	15.599
7.666	3.035	2.659	-8.348	-10.418	5.033
5.321	1.650	0.597	-6.700	-7.037	4.186
5.440	4.713	4.298	-8.456	-8.288	13.854
17.128	1.945	5.974	-6.664	-7.787	19.821
5.870	3.329	3.616	-7.496	-6.990	4.942
17.818	3.645	4.969	-3.245	-6.165	10.387
14.941	1.735	5.018	-6.321	-4.877	18.558
18.468	2.473	1.814	-8.124	-7.334	18.749
19.722	3.176	1.467	-5.775	-7.763	0.736
11.461	4.999	4.147	-6.439	-8.469	6.089
0.436	1.697	6.401	-7.179	-7.027	5.817
9.398	1.904	8.494	-6.914	-5.966	8.646
2.805	4.324	0.346	-6.319	-6.922	16.694
10.964	1.576	2.949	-7.986	-6.425	2.552
14.098	2.373	8.521	-6.507	-7.512	13.664
10.433	4.104	0.273	-6.485	-6.920	19.011
11.905	1.032	3.835	-5.434	-7.695	6.540
9.590	3.645	0.334	-7.273	-6.905	0.015
19.592	2.392	0.705	-7.278	-9.939	18.822
16.034	1.053	1.703	-6.587	-6.934	19.846
7.679	3.846	7.962	-6.511	-7.688	18.855
5.097	4.580	4.943	-6.190	-7.353	10.490
1.318	4.306	7.229	-6.451	-7.517	16.678
7.622	4.281	9.935	-6.364	-6.074	1.422
19.755	2.134	1.021	-7.205	-7.278	6.656
11.361	3.115	7.881	-5.855	-9.093	8.667
12.496	0.535	7.010	-5.592	-6.251	2.884
14.977	0.564	0.803	-7.265	-7.465	18.755
3.209	3.614	9.608	-7.372	-6.857	17.799
6.184	2.371	4.550	-6.684	-7.722	9.557
3.304	1.597	1.018	-7.177	-6.105	19.688
7.492	0.919	3.922	-8.275	-7.797	9.881
6.377	3.317	3.433	-5.842	-9.347	14.713
18.789	4.010	6.440	-7.673	-6.727	4.538
15.885	4.736	6.324	-6.384	-7.639	4.425
15.151	3.896	8.725	-5.291	-7.885	1.268
19.691	1.694	8.104	-6.846	-7.067	3.540
19.651	4.598	0.797	-6.632	-7.699	9.174
5.172	4.089	6.696	-5.798	-7.186	11.011
17.164	2.560	9.437	-7.304	-7.332	4.412
12.544	1.916	6.077	-7.123	-6.472	8.103
8.738	0.203	1.086	-4.769	-5.491	19.443
12.344	0.747	9.304	-8.558	-8.169	0.289
1.320	1.463	1.331	-5.634	-6.675	17.714
0.573	2.737	9.262	-5.919	-5.445	12.519
13.752	0.707	5.328	-7.067	-4.748	15.731
3.332	1.921	6.369	-7.475	-6.833	19.914
5.979	4.594	7.895	-7.480	-6.170	11.528
6.558	4.787	9.326	-7.863	-7.342	15.197
11.275	4.398	0.740	-6.369	-8.618	16.700
16.982	3.247	0.327	-7.045	-7.269	5.380
1.742	1.260	2.711	-9.036	-6.378	6.564
2.058	4.096	7.944	-8.025	-5.962	8.469
16.457	0.329	1.120	-8.031	-6.594	8.391
0.818	3.735	3.878	-7.528	-7.235	10.468
3.050	0.437	8.314	-6.097	-7.310	1.472
4.760	2.942	4.436	-6.870	-8.144	4.222
15.846	1.085	3.556	-6.054	-9.076	12.762
10.679	0.391	4.623	-7.265	-7.127	14.465
17.678	1.079	2.984	-9.422	-5.110	13.374
1.948	0.854	0.344	-6.502	-7.104	1.237
9.659	2.828	0.874	-7.454	-6.823	19.425
16.268	1.806	7.327	-6.866	-7.529	2.411
15.623	0.350	4.626	-7.910	-7.033	1.945
0.474	4.601	4.567	-6.462	-8.216	11.960
17.132	3.598	1.711	-7.194	-8.150	3.840
10.887	0.390	6.023	-5.803	-8.760	4.477
14.265	4.763	7.113	-8.851	-7.074	4.062
5.911	4.918	4.252	-6.741	-8.371	5.972
9.407	0.008	4.610	-7.397	-6.330	8.337
10.697	0.951	8.616	-6.914	-7.207	16.355
4.320	1.783	4.369	-7.520	-6.861	8.971
2.741	0.617	7.370	-7.193	-7.447	9.559
11.063	1.322	0.854	-6.662	-8.351	5.790
10.077	0.761	0.036	-5.651	-7.352	6.559
6.133	0.297	0.371	-5.212	-6.974	14.244
2.308	2.910	8.790	-7.246	-7.085	3.196
5.866	4.338	1.003	-8.217	-7.752	9.461
0.939	4.136	8.771	-7.682	-6.956	2.201
2.316	2.395	8.351	-8.902	-5.721	3.438
4.045	4.714	5.731	-5.761	-8.355	3.307
17.931	1.137	3.046	-8.326	-7.985	5.901
13.040	2.774	1.701	-6.709	-6.329	12.668
4.700	4.906	5.310	-7.048	-6.800	9.241
3.710	4.065	0.951	-6.601	-8.626	13.910
9.372	2.434	9.631	-8.390	-6.961	0.296
1.943	4.264	2.780	-7.124	-5.114	13.025
3.353	2.355	7.631	-6.066	-6.929	5.214
13.065	2.153	8.478	-7.889	-7.131	10.359
5.330	4.691	9.858	-6.135	-7.242	6.806
10.381	0.550	1.162	-8.196	-6.735	7.169
18.753	2.372	8.615	-6.677	-7.335	17.090
15.590	0.863	3.501	-5.259	-6.889	19.140
4.528	4.576	1.258	-5.460	-6.846	5.002
18.320	4.241	4.797	-8.448	-6.682	17.321
6.600	0.835	9.439	-5.792	-7.640	15.499
18.138	0.305	5.501	-6.420	-6.852	14.183
13.325	2.409	1.523	-6.979	-5.803	7.483
8.299	4.767	2.863	-6.850	-6.969	14.266
4.828	1.468	7.549	-7.368	-8.253	9.353
4.528	3.415	2.385	-6.992	-8.277	6.131
0.673	0.049	5.224	-7.269	-6.316	1.399
1.127	2.628	4.488	-7.627	-5.715	19.019
0.731	2.364	2.134	-8.213	-6.610	2.819
16.354	4.140	5.616	-7.724	-8.852	1.742
8.904	4.365	1.627	-5.632	-5.431	6.832
18.220	0.525	2.486	-7.188	-6.469	9.123
5.405	0.915	6.980	-6.359	-7.704	2.203
2.389	1.632	8.607	-6.427	-7.808	0.004
5.980	2.618	2.404	-7.033	-5.948	13.361
6.571	3.803	0.122	-8.031	-5.353	3.405
7.535	0.257	8.869	-7.321	-5.048	10.380
13.852	3.384	6.413	-6.385	-5.510	19.320
0.408	0.122	9.513	-8.636	-6.875	19.494
1.614	3.437	7.299	-7.953	-8.039	9.577
0.339	1.144	2.269	-6.876	-6.318	4.224
15.663	3.929	8.707	-7.741	-6.646	10.201
9.617	0.836	1.905	-7.513	-9.115	2.457
5.364	4.543	5.365	-6.902	-6.811	9.008
1.594	2.646	5.329	-6.883	-7.388	8.484
3.342	2.781	4.241	-7.323	-6.794	6.220
3.564	3.328	7.299	-7.601	-5.597	18.425
13.856	1.032	1.049	-5.991	-7.309	2.357
16.895	0.249	8.672	-4.375	-6.013	1.023
4.525	3.379	9.559	-7.808	-8.290	18.694
16.923	2.123	5.989	-6.516	-6.951	0.147
4.296	4.948	8.840	-6.934	-7.987	4.112
19.967	4.410	8.544	-7.138	-8.368	10.390
7.307	4.661	6.260	-6.811	-7.555	17.823
15.841	3.797	2.186	-7.730	-7.700	13.333
15.584	1.878	3.505	-6.634	-7.560	3.735
17.114	1.828	1.530	-7.425	-5.720	19.546
11.580	0.434	6.496	-6.226	-7.568	1.487
10.831	1.974	3.086	-6.726	-7.869	9.672
7.313	1.070	6.727	-6.789	-7.068	12.369
11.329	0.494	4.524	-6.946	-5.899	1.673
2.384	4.879	7.576	-6.335	-7.711	2.943
15.712	3.057	3.518	-7.340	-5.877	4.452
2.185	2.793	4.491	-7.065	-9.041	6.489
8.734	1.578	0.915	-7.180	-6.119	10.509
7.977	2.714	5.824	-8.327	-8.324	3.635
15.486	2.970	8.448	-7.034	-6.620	17.727
11.352	0.191	8.414	-7.415	-6.340	7.301
15.182	1.061	6.361	-7.502	-6.761	17.604
9.616	3.675	8.995	-8.645	-6.558	11.614
3.678	1.196	1.290	-6.515	-5.671	9.625
13.026	3.679	9.901	-8.520	-7.103	18.002
11.443	3.022	0.620	-5.607	-5.821	1.229
3.990	3.770	3.042	-9.160	-8.119	5.714
7.234	3.975	2.175	-7.382	-7.016	4.616
1.166	0.137	4.354	-5.410	-5.522	17.410
10.181	2.574	5.482	-6.098	-5.584	3.377
2.113	1.023	6.314	-7.356	-6.706	16.662
12.974	3.303	5.415	-6.263	-5.913	13.066
6.172	0.130	9.814	-6.505	-7.587	7.275
14.810	0.919	6.895	-7.136	-6.993	10.419
14.889	0.176	5.818	-8.973	-7.505	19.689
14.083	4.507	9.213	-6.852	-6.151	14.466
11.592	3.041	8.926	-6.725	-8.701	11.249
9.467	3.410	4.582	-7.707	-7.509	10.162
14.267	0.631	8.008	-6.591	-7.013	11.639
2.518	3.452	5.412	-5.718	-7.532	11.472
7.337	1.045	8.072	-7.889	-7.332	6.807
1.914	1.842	4.922	-7.243	-6.168	11.443
15.605	2.323	2.357	-7.339	-6.395	3.305
12.095	1.087	7.924	-5.564	-8.604	2.136
10.761	3.319	8.955	-7.664	-6.911	3.171
14.332	1.327	9.414	-7.323	-7.513	14.296
12.207	2.943	9.167	-7.848	-7.393	13.566
15.389	2.456	8.095	-7.523	-5.541	9.637
8.753	4.142	3.279	-6.746	-6.004	17.773
1.252	2.157	9.986	-6.325	-6.081	12.187
11.266	0.244	8.612	-6.496	-7.459	7.385
13.926	4.383	3.113	-5.609	-6.077	5.067
8.058	1.418	3.182	-6.104	-5.783	15.097
13.613	2.909	1.833	-5.977	-8.584	2.354
11.040	1.326	9.031	-9.972	-6.746	5.470
19.956	3.974	2.116	-6.700	-6.224	6.249
12.121	1.671	7.936	-8.336	-6.826	8.078
4.046	3.069	1.846	-8.404	-4.622	0.482
14.089	4.095	3.442	-8.360	-6.782	19.019
11.416	0.792	4.061	-7.230	-8.800	3.435
19.592	1.821	0.938	-5.597	-6.529	14.896
17.298	0.534	7.113	-7.702	-6.943	15.004
15.481	2.721	4.437	-6.598	-7.019	18.504
3.133	2.137	2.807	-7.232	-7.120	10.400
5.608	3.263	8.504	-7.318	-6.897	17.321
9.180	2.707	3.742	-6.021	-7.281	16.892
6.540	0.020	7.248	-6.489	-6.350	2.051
19.263	4.420	1.845	-5.843	-6.007	11.575
12.427	4.222	0.105	-7.830	-8.153	8.501
18.498	4.783	7.063	-6.993	-6.936	16.862
15.264	3.155	1.682	-6.520	-6.717	2.698
17.620	2.503	8.827	-7.037	-8.396	14.881
5.348	2.322	2.780	-6.901	-6.106	13.418
17.797	1.089	4.876	-7.449	-5.920	6.372
6.053	2.337	6.039	-5.891	-5.189	0.103
14.119	0.093	2.016	-7.437	-7.777	14.560
5.975	4.703	1.471	-6.884	-5.052	8.747
2.801	1.096	5.148	-5.637	-7.561	16.751
8.255	2.381	6.125	-6.630	-5.902	4.315
19.716	4.655	6.126	-6.957	-8.094	2.061
15.646	1.629	6.406	-8.321	-7.700	9.551
2.001	1.068	7.278	-5.440	-6.492	3.321
0.111	4.566	5.951	-7.342	-6.441	12.946
2.836	1.055	1.070	-7.565	-7.236	0.021
12.088	0.963	5.952	-7.765	-6.377	19.645
16.337	3.643	0.024	-7.755	-8.809	11.756
17.084	1.948	3.537	-6.512	-7.342	5.906
7.042	2.006	5.454	-7.506	-7.212	14.408
5.786	0.206	1.229	-7.979	-8.060	7.986
4.225	0.068	1.618	-5.978	-4.813	14.003
15.386	2.052	0.212	-6.598	-7.448	4.783
2.001	3.522	4.421	-6.055	-8.158	2.126
0.909	4.806	6.969	-5.162	-6.663	1.020
4.417	3.388	2.296	-5.464	-7.299	3.019
18.578	2.652	7.046	-6.383	-6.316	6.563
16.824	3.084	4.066	-8.812	-7.085	0.349
16.567	3.654	8.791	-6.604	-6.220	7.849
13.400	3.909	9.897	-6.717	-6.131	13.243
18.577	3.221	0.765	-8.249	-6.191	4.998
14.503	2.927	3.398	-6.963	-7.307	19.174
15.141	4.051	5.773	-8.076	-5.766	13.177
4.974	0.591	6.211	-7.221	-8.642	0.969
19.697	3.556	6.920	-6.255	-7.010	6.252
7.291	1.448	5.889	-6.889	-6.388	19.542
16.836	1.898	6.638	-8.115	-6.819	18.614
3.944	0.630	9.734	-6.267	-6.529	7.745
0.643	4.539	5.931	-7.098	-6.717	13.327
12.381	0.615	0.709	-7.123	-6.867	18.969
19.676	0.722	8.648	-6.946	-8.477	16.992
2.095	4.829	1.283	-8.775	-7.775	0.681
11.733	3.228	2.342	-5.760	-6.622	15.359
18.749	3.480	1.219	-8.871	-8.914	8.236
19.576	4.480	9.045	-6.130	-8.338	17.257
0.390	1.203	8.585	-6.876	-7.509	1.436
14.374	0.361	4.205	-6.989	-7.256	11.237
19.558	2.220	6.593	-7.165	-7.798	2.492
5.626	2.515	2.799	-6.673	-7.798	14.570
9.394	3.624	9.431	-6.566	-8.416	13.819
14.512	4.969	9.496	-8.322	-6.742	18.801
17.702	4.339	8.763	-8.723	-6.466	3.393
4.838	1.799	5.980	-8.876	-7.391	0.916
9.636	4.460	8.176	-6.877	-6.239	9.349
7.174	3.155	9.009	-5.351	-5.623	0.241
4.829	3.324	8.662	-8.296	-6.670	11.089
1.409	0.599	3.170	-6.336	-6.524	5.422
5.447	0.842	3.766	-6.854	-4.785	11.341
15.040	4.353	3.939	-7.720	-6.401	2.206
13.317	2.697	8.017	-8.137	-7.017	14.952
14.183	2.242	1.350	-8.131	-7.068	2.381
9.969	0.172	2.475	-5.839	-7.723	13.162
1.813	2.494	1.983	-5.889	-6.922	5.784
6.034	2.929	6.612	-6.583	-7.126	8.443
2.680	4.917	4.725	-5.382	-6.709	6.028
5.841	4.786	9.216	-7.212	-8.096	14.843
6.230	0.952	2.744	-5.669	-6.225	3.337
4.964	1.553	3.424	-7.210	-6.265	9.014
13.953	2.857	2.516	-5.994	-7.539	15.209
11.104	3.638	6.189	-7.826	-8.263	10.634
14.823	2.986	1.927	-8.210	-7.486	13.410
7.433	1.536	0.277	-8.462	-6.679	1.069
1.875	1.102	1.388	-6.733	-7.249	18.149
14.221	2.937	6.244	-5.811	-6.760	2.518
16.784	2.239	8.670	-9.978	-8.379	10.358
9.403	4.598	4.745	-8.415	-5.397	10.102
2.371	1.260	7.270	-9.877	-5.241	16.404
1.552	2.679	1.905	-6.017	-5.095	9.481
7.531	2.316	8.595	-7.146	-6.294	13.334
7.552	0.800	0.332	-7.227	-6.233	9.544
1.595	3.997	1.034	-8.272	-7.287	11.559
2.255	4.712	6.295	-6.605	-6.609	16.808
8.409	1.263	5.112	-6.628	-6.130	8.319
0.259	4.465	1.600	-6.393	-6.810	2.402
