10.461	2.634	0.470	2.658	0.827	0.179	-1.137	-2.607
9.230	13.177	0.580	4.714	8.776	-1.150	1.010	0.073
0.157	2.232	2.463	3.510	3.609	0.565	1.521	-0.096
3.870	14.521	3.719	2.994	4.730	-0.947	-0.450	-0.508
5.617	3.797	1.856	2.338	9.661	0.928	1.118	-1.112
6.464	4.777	7.137	0.877	7.627	1.433	0.792	1.907
0.021	18.925	9.198	1.796	8.200	-0.945	-0.113	-0.446
11.630	17.374	8.879	2.177	7.587	0.867	-1.397	-2.004
6.149	6.664	9.981	4.230	5.115	-1.597	0.827	0.199
5.970	13.002	6.289	1.967	4.307	-0.518	-1.000	-1.045
7.814	1.983	2.184	0.472	4.469	-0.305	0.268	-1.315
4.647	6.883	3.442	3.496	8.380	-0.850	0.500	0.069
10.088	13.947	5.886	3.051	8.161	-0.502	0.691	0.553
15.572	10.382	6.114	2.816	2.497	1.561	-0.347	-1.544
12.692	10.913	0.434	0.287	8.488	-1.112	0.686	1.329
8.083	18.378	8.268	3.107	5.978	-0.057	1.083	0.703
12.805	11.238	1.287	2.182	4.489	1.679	-0.420	-0.043
13.212	18.818	3.264	0.822	4.924	-0.041	-0.813	0.850
9.159	3.606	8.939	2.266	8.597	0.599	-0.880	-1.528
17.984	19.132	2.786	2.255	0.696	1.167	0.123	-1.137
14.489	16.761	1.643	3.637	6.720	-1.044	-0.117	0.559
3.029	15.440	7.351	2.791	5.980	-0.019	-0.108	-0.946
14.601	10.089	8.855	1.076	9.812	-0.864	1.397	-0.787
8.376	3.172	3.688	1.225	8.853	1.179	0.350	0.461
17.073	15.167	5.382	2.769	0.269	-0.130	0.047	-0.784
2.637	0.726	0.286	0.646	2.126	0.086	2.569	-0.079
1.563	13.803	6.527	0.046	3.819	1.240	1.111	-0.576
8.399	0.160	7.948	3.022	8.831	-1.405	0.342	0.491
0.885	10.922	2.006	4.277	4.722	-0.818	-0.474	-0.209
11.772	13.132	5.574	1.571	1.550	-0.752	0.607	1.187
11.744	4.043	2.736	4.661	6.169	2.385	-0.094	-1.300
7.419	3.492	3.734	1.237	5.919	-0.286	1.748	-1.142
13.750	13.578	1.765	2.555	4.095	-0.045	1.603	-1.276
4.679	0.412	7.028	4.674	0.097	-1.069	1.174	0.560
7.232	9.746	6.716	4.363	5.117	-0.667	-0.373	-0.007
8.503	19.817	1.619	1.826	8.917	0.327	1.136	-0.023
17.708	11.254	9.055	4.389	3.867	-0.781	-1.279	0.141
18.544	5.948	4.117	4.086	6.414	0.578	-0.710	-0.010
5.893	4.650	1.521	4.657	9.065	0.346	-1.418	-0.831
3.316	5.915	5.982	0.065	8.269	0.127	-0.550	1.367
14.090	17.715	3.503	3.484	9.644	0.137	-0.045	-0.519
16.456	3.969	0.591	0.900	8.794	1.218	0.038	1.532
10.752	8.605	7.728	1.648	5.520	0.992	1.241	-0.143
11.097	5.297	2.876	3.267	2.513	0.820	0.459	0.366
10.979	0.991	8.290	4.343	8.743	1.325	-1.016	0.714
14.374	4.071	1.476	2.960	4.263	-1.410	0.403	0.469
0.662	3.559	6.984	2.514	0.795	0.933	1.392	0.564
11.194	5.006	0.040	1.474	5.263	-0.137	-0.432	1.034
15.266	15.740	1.463	4.799	1.822	-0.026	-1.023	0.721
14.893	13.564	0.128	4.248	6.760	0.606	1.130	-0.294
4.625	0.941	3.108	0.835	4.826	-1.211	-0.283	0.483
3.379	7.821	0.826	1.041	2.014	0.670	0.127	0.664
19.459	9.787	5.611	3.857	5.618	-0.010	1.948	-0.199
14.416	19.609	6.363	4.124	5.535	-0.440	-0.381	0.980
8.032	19.186	8.220	1.304	2.827	1.218	-0.267	0.395
14.652	15.334	7.425	0.412	5.133	1.881	1.059	-0.233
4.317	13.827	0.337	4.878	4.532	0.143	0.855	1.084
15.620	9.473	3.321	0.766	4.827	-0.413	-2.010	0.286
0.623	0.304	1.759	1.607	4.183	1.423	0.692	-0.652
11.363	16.223	8.601	3.902	5.747	-0.561	-1.173	-1.612
13.751	14.723	2.133	0.824	5.629	-0.645	0.677	-0.375
13.420	7.904	9.253	1.746	0.408	2.447	1.104	1.486
6.069	14.500	5.580	1.698	7.371	0.834	-0.874	2.694
0.381	3.884	2.110	2.508	9.518	-0.030	-1.412	-1.114
16.139	4.156	5.082	0.998	1.610	-1.163	0.482	2.038
17.524	3.799	8.001	1.943	9.393	0.804	-0.574	1.086
19.214	4.249	8.972	1.770	9.529	-0.037	-0.570	1.410
14.367	1.346	7.352	0.558	6.727	-0.648	0.499	0.270
5.313	6.866	8.648	3.325	9.109	-0.277	0.350	-0.295
5.725	4.550	2.703	0.589	5.351	-0.472	-0.317	2.237
9.114	1.695	3.927	4.363	4.177	-0.273	0.134	-0.330
15.976	7.893	5.048	1.237	4.963	-0.158	-1.512	-0.057
4.527	10.024	3.562	2.743	0.332	0.130	-0.706	-1.243
18.021	12.432	9.059	4.696	2.619	-0.927	0.780	-1.177
13.807	7.751	1.358	4.112	2.107	0.742	1.334	-0.263
1.725	2.213	5.056	4.896	2.418	1.161	0.030	-0.420
13.851	18.506	0.465	1.271	1.165	-0.687	2.059	-0.461
4.236	5.795	5.741	0.802	8.783	-1.331	-0.838	0.714
2.866	16.120	1.988	0.709	8.971	-0.153	1.671	3.149
2.712	7.089	3.762	1.316	4.368	-0.207	-0.976	-0.467
5.539	14.506	8.470	4.109	2.081	-1.242	0.673	-0.230
14.888	18.649	8.332	0.241	8.370	-0.873	0.292	1.008
17.362	17.714	1.094	4.457	8.149	-0.767	-0.209	-1.918
2.517	12.640	7.992	1.956	3.120	-0.280	-1.103	0.930
7.261	5.566	4.222	2.924	9.242	-0.468	0.601	0.697
3.332	17.064	2.421	3.330	3.459	0.296	-0.680	-0.141
13.855	16.354	0.647	2.708	5.570	1.281	1.537	0.295
19.433	4.559	4.611	3.502	2.166	-0.222	1.109	-0.482
5.619	2.085	1.422	1.742	6.435	-1.119	0.177	0.942
1.819	16.630	5.962	2.526	8.120	-1.584	-0.164	0.144
18.626	1.052	0.868	0.758	7.563	-1.175	0.581	-0.589
8.460	11.416	8.237	1.161	6.862	-1.146	0.898	0.330
11.212	16.732	9.846	2.405	3.297	0.462	-1.222	-1.488
9.991	13.111	0.634	0.034	6.717	-0.948	-0.636	0.734
8.206	16.866	3.646	4.067	3.201	-0.161	0.487	1.794
3.436	19.496	5.640	3.652	2.840	0.976	3.041	-0.139
4.520	14.512	6.854	2.618	8.039	-0.415	1.237	-0.202
11.207	12.961	4.402	4.225	9.204	-0.117	-1.831	0.746
3.167	5.416	3.369	3.595	6.734	0.759	0.315	-0.856
11.752	13.513	3.208	2.630	1.752	-0.794	1.499	0.959
16.443	15.437	4.105	0.314	0.562	-1.773	0.139	0.000
6.972	9.828	3.777	3.548	8.596	-0.051	-0.327	2.481
10.428	18.670	0.371	3.098	3.710	1.051	-0.752	-0.523
17.880	15.080	6.240	2.270	9.909	0.493	-1.528	0.352
19.166	1.471	3.875	4.347	0.595	0.726	-1.643	-0.008
9.561	1.818	2.241	3.055	8.647	0.047	0.064	-0.490
5.164	17.915	0.535	1.549	0.717	-0.831	-0.347	-0.216
4.295	14.019	2.055	3.562	8.587	0.263	-1.366	0.108
1.451	13.226	1.020	3.370	2.933	1.503	0.611	-0.911
10.470	7.510	5.387	2.563	1.978	0.788	-1.831	-0.875
7.243	17.596	7.054	0.183	4.595	0.353	1.235	0.134
0.174	14.984	5.703	3.125	1.166	0.890	0.652	-0.899
12.132	1.802	5.497	2.912	4.977	0.948	-1.062	-0.740
19.102	12.410	0.373	0.382	0.458	-0.668	-1.368	0.452
16.190	6.119	8.448	2.336	9.775	-0.162	-0.234	0.161
0.823	8.676	7.678	4.304	9.909	-1.555	-0.289	0.454
14.575	17.287	6.549	1.108	1.088	0.305	0.492	-0.870
11.201	1.985	7.230	2.327	6.445	-0.922	-1.122	-1.851
6.533	14.282	4.738	3.222	7.853	1.596	-0.810	-2.554
13.154	4.892	1.125	0.081	4.330	-0.848	-0.795	0.213
1.606	17.587	1.636	4.404	3.319	0.487	1.882	-0.746
8.355	9.934	6.782	1.094	6.605	0.615	-1.108	0.099
13.802	7.106	7.626	4.421	7.401	1.508	-1.706	0.420
17.806	1.703	0.150	2.571	3.657	-2.182	-0.856	-0.964
11.388	2.884	9.918	1.187	5.801	1.244	-0.512	-1.363
3.517	3.607	6.679	1.377	4.371	0.283	0.591	0.144
19.559	18.759	4.932	4.153	6.242	-1.833	0.517	-0.043
0.649	12.211	7.984	3.194	9.408	-1.793	1.253	0.845
2.277	13.351	5.734	1.738	2.406	-0.601	0.392	-2.039
4.780	7.551	9.607	0.170	0.518	-0.285	1.384	-0.322
8.111	8.668	0.068	0.428	9.135	-0.441	-1.264	0.106
8.521	11.897	0.570	0.637	9.284	0.467	2.124	-0.282
5.945	13.631	4.514	4.156	1.670	1.371	-0.403	-0.336
19.728	11.192	0.471	4.908	3.997	-1.913	0.350	-1.407
6.405	12.758	6.117	1.320	8.768	-0.696	0.926	1.035
3.983	19.445	9.390	2.081	6.370	-2.264	-0.947	1.084
12.576	2.011	1.660	4.648	1.141	1.010	1.299	-0.161
1.164	16.976	3.325	0.329	5.473	-0.501	0.783	-0.018
15.947	5.090	8.289	0.332	4.846	0.459	0.706	0.440
9.023	2.053	0.111	0.642	2.658	1.458	0.010	-0.840
17.953	17.823	8.191	4.668	9.923	2.317	1.474	0.909
1.146	11.022	9.157	2.562	9.154	1.320	0.374	-0.133
7.546	0.982	8.671	1.432	3.126	-0.788	-0.149	-1.475
9.051	10.525	1.100	0.619	5.610	2.197	-0.387	-1.407
11.667	6.769	8.406	4.234	3.323	1.151	-0.120	1.997
19.828	6.141	7.551	0.704	9.580	-0.703	0.576	-0.894
2.852	19.460	3.135	1.696	4.488	-1.029	0.524	-1.533
19.496	17.188	6.987	3.370	9.085	1.557	-1.687	-1.084
0.501	0.822	6.994	3.261	6.382	1.238	-1.482	0.462
8.870	19.934	7.996	1.432	8.851	2.415	0.715	-0.764
18.243	18.262	4.123	2.418	2.271	-1.804	0.707	1.632
12.589	8.060	5.353	0.606	9.130	2.628	-0.215	-0.698
6.066	0.429	3.579	3.430	6.495	2.536	-2.260	1.152
3.686	13.051	8.024	0.573	6.441	-1.118	0.690	-0.276
0.611	19.985	4.649	4.359	6.069	0.749	-0.604	-0.523
19.623	6.338	9.274	1.899	7.674	-0.235	1.335	0.912
4.432	17.774	3.912	2.859	5.806	0.405	0.391	1.284
7.179	11.606	1.321	4.385	0.691	1.054	-0.789	-1.556
10.857	13.161	6.528	1.668	5.825	0.074	0.143	1.631
17.939	4.069	5.398	4.376	2.692	-1.392	-0.618	-0.956
7.709	9.103	2.938	0.471	9.739	0.811	-0.879	-0.005
15.736	2.589	9.653	1.193	1.105	1.143	0.274	0.924
11.031	11.677	7.801	2.179	6.856	0.959	-0.821	0.984
13.827	10.507	5.617	4.745	1.622	0.318	1.133	0.375
0.494	14.761	6.587	4.190	5.802	-0.093	-0.484	-0.151
8.630	11.592	2.946	0.785	8.731	-0.808	0.591	0.135
9.305	17.911	6.344	2.206	9.530	-2.246	0.412	0.090
16.148	19.525	0.995	1.361	2.527	-0.656	2.006	0.777
17.137	5.373	0.899	2.206	3.045	1.714	0.984	2.454
17.813	1.260	1.177	1.629	0.201	-3.937	0.335	-0.573
18.380	11.649	4.516	4.697	1.472	-0.651	1.699	-0.760
12.202	19.735	1.099	4.021	0.076	-1.797	-0.094	1.065
9.381	5.221	8.897	0.478	8.050	1.247	0.028	-1.320
16.785	16.402	4.885	2.280	9.102	1.193	-1.108	-0.932
12.411	14.928	9.765	1.123	5.673	-0.368	1.657	-0.402
4.502	8.293	8.872	2.255	1.979	1.376	-1.379	1.035
4.555	12.369	2.711	0.901	1.546	0.968	-1.049	-0.492
16.805	13.895	5.587	2.430	4.033	1.231	2.163	0.618
11.315	1.869	3.824	1.107	3.417	2.010	-0.076	-0.514
1.091	16.240	4.065	0.577	3.358	-1.094	-0.489	-0.650
16.922	5.577	4.604	3.185	5.720	-0.161	2.150	1.450
9.827	16.192	1.572	1.127	7.917	1.225	0.036	-0.802
7.464	0.950	5.414	1.843	6.868	-0.035	0.166	-0.617
6.912	16.267	8.225	1.579	5.292	-0.425	-0.770	-0.092
14.974	15.021	1.659	4.047	4.871	-0.344	0.800	0.467
11.712	18.897	8.028	1.548	9.333	-0.760	-0.019	1.057
2.954	8.921	5.828	2.231	0.090	-1.221	-1.031	-1.149
15.863	5.134	5.291	1.314	2.648	0.602	0.009	-0.026
8.528	12.112	4.798	3.030	7.782	-0.380	0.489	-0.990
9.533	17.384	7.644	3.204	5.261	0.098	0.030	-0.294
1.856	14.386	2.471	3.974	1.075	0.446	-0.813	-0.629
9.927	0.013	9.832	4.167	5.900	0.918	0.865	-0.261
8.216	9.194	9.738	1.148	5.908	1.179	-0.150	-0.711
2.074	13.413	3.568	2.918	0.022	0.329	0.392	0.525
3.176	16.862	4.971	4.679	2.475	0.151	0.209	0.584
6.471	2.834	9.715	4.370	4.759	-0.692	1.374	1.923
5.081	16.731	0.633	3.318	5.269	1.108	-0.904	0.159
5.703	4.169	3.307	1.654	3.731	-2.156	0.041	0.314
12.645	13.206	4.183	0.572	6.233	-0.865	1.168	1.953
5.481	16.842	5.492	0.092	7.920	-0.674	-1.547	1.018
5.527	7.942	9.777	3.547	9.457	-1.366	0.603	-0.539
15.438	0.375	9.491	2.718	5.710	-1.134	1.471	0.328
14.794	19.823	7.834	1.143	8.355	2.139	-0.889	0.010
0.813	19.059	3.780	2.875	8.373	0.668	1.037	0.143
12.905	19.205	3.258	0.712	1.878	-0.931	-0.465	0.477
7.814	1.301	9.568	3.014	9.151	1.424	0.549	-0.738
1.219	10.683	5.194	0.018	1.436	1.009	0.015	0.150
2.753	6.889	6.850	3.035	5.550	0.353	-0.512	-0.086
13.686	10.824	4.694	4.191	1.798	1.073	0.274	0.790
14.120	2.176	9.164	1.218	6.193	-1.924	1.744	0.774
4.562	11.047	1.838	0.090	4.295	0.669	-0.513	-0.184
10.504	18.555	6.821	0.378	1.024	-2.153	-1.774	-0.941
15.137	13.845	9.840	2.631	6.394	-2.596	0.917	-0.050
10.981	0.215	9.471	2.369	8.619	-0.060	-0.477	0.895
6.475	7.706	0.863	4.297	3.630	2.288	0.976	-0.170
13.396	7.603	5.678	4.370	1.181	0.095	0.765	-0.811
13.257	14.490	3.492	4.115	4.599	-0.481	0.506	-0.902
4.104	12.080	9.628	4.009	7.016	-0.719	1.760	0.941
14.967	1.398	4.047	0.259	7.376	0.906	1.189	-2.567
13.721	4.633	6.676	3.814	9.024	0.110	-0.078	-1.265
17.255	15.982	6.679	4.864	4.907	0.972	-0.253	1.117
14.682	18.319	2.915	0.210	6.463	-0.520	1.022	-1.808
19.645	12.167	6.856	1.068	0.903	0.966	2.357	-1.110
8.874	3.004	2.177	4.456	0.175	0.776	-0.527	0.173
11.843	12.237	3.088	1.525	5.527	0.643	-2.109	1.875
19.761	11.284	7.706	2.311	0.802	-0.297	0.782	0.123
18.303	13.652	7.570	1.197	6.260	1.230	-0.154	-1.920
13.116	11.286	7.945	4.881	9.122	0.688	-1.057	0.658
16.583	9.491	2.759	0.462	5.154	-0.595	0.030	-1.376
1.829	5.327	3.665	2.772	7.218	1.167	-0.901	-0.988
4.068	16.780	2.398	2.431	8.328	-1.079	0.495	-0.867
12.427	1.644	3.612	0.343	7.504	0.522	0.300	0.650
5.476	9.903	9.983	3.929	4.710	1.552	1.139	-0.683
1.818	16.492	9.042	0.455	7.032	1.391	-2.591	1.492
12.579	9.555	4.687	1.953	2.995	-0.684	0.492	0.733
12.391	8.918	2.364	4.473	1.638	-0.144	0.940	0.930
2.801	6.537	5.302	1.963	1.910	-0.107	-0.040	1.030
19.670	8.681	3.918	2.919	1.204	0.478	-0.067	-1.399
8.394	12.823	9.268	3.162	9.863	0.508	0.112	-0.043
0.821	9.950	2.877	3.705	8.551	0.235	-1.039	-1.886
17.500	0.176	5.062	1.293	4.403	0.393	-0.710	-0.109
15.121	11.133	6.952	4.349	6.956	0.264	0.046	0.759
5.861	14.726	6.322	3.749	4.077	-1.375	-0.210	-0.849
18.008	9.652	6.296	2.968	2.455	0.674	0.277	0.394
6.571	7.492	6.493	2.398	9.510	0.379	0.518	-0.163
3.985	6.582	2.901	4.247	6.111	0.074	0.276	0.105
19.137	19.332	4.200	2.469	3.709	-0.984	-0.965	2.209
1.924	3.597	5.600	3.463	8.492	0.804	1.797	0.633
1.929	2.825	1.747	3.240	5.076	-1.842	-0.950	-0.674
4.747	12.055	9.835	3.587	8.046	1.383	-0.563	0.317
15.573	2.434	8.788	4.659	2.299	-0.374	0.171	-0.603
9.378	11.593	4.006	3.418	9.369	2.145	-0.335	1.346
11.527	18.161	9.582	0.982	3.181	-0.250	-0.256	1.310
14.900	17.040	7.520	4.874	9.367	0.815	-0.518	-1.858
7.117	11.587	8.332	4.793	3.999	0.994	-1.372	-0.304
15.317	0.214	2.392	3.377	7.819	-0.046	0.542	-1.120
15.546	15.369	1.205	1.751	2.451	-2.384	-1.847	-2.058
10.881	4.576	0.883	3.085	9.414	-0.962	0.220	0.742
18.769	14.219	7.818	2.498	8.857	1.024	-1.999	-1.590
14.188	16.154	7.957	3.011	9.418	-0.089	-0.802	-1.146
4.128	9.610	9.867	0.507	9.389	-0.206	-0.302	0.784
11.446	4.427	2.143	0.637	1.138	1.234	0.095	-0.151
18.266	7.237	5.882	0.751	8.143	0.488	0.648	-1.194
2.575	6.062	2.959	2.667	3.649	-0.264	-0.235	-2.321
8.701	1.611	0.139	2.562	8.736	1.083	1.243	-1.530
10.952	4.992	6.930	2.458	4.500	0.882	0.756	-1.365
14.469	13.014	5.760	4.040	8.199	2.659	-0.615	-0.184
17.880	5.089	9.402	3.894	5.183	0.313	-0.820	-0.716
7.143	18.479	5.863	3.478	1.397	0.824	0.632	2.204
16.211	9.959	4.950	0.113	5.281	1.138	-0.925	2.693
14.055	11.669	1.937	0.707	6.907	1.150	-0.296	-0.306
1.264	17.133	9.598	3.544	2.561	1.270	-0.505	-1.321
18.712	11.757	5.287	1.665	7.155	1.465	-1.217	-0.503
1.147	13.320	3.340	0.013	7.894	-1.733	2.502	0.144
9.185	5.342	5.643	4.236	1.610	0.264	-2.051	-0.920
9.313	2.251	2.178	0.525	0.519	-0.507	1.414	-1.023
13.904	1.599	8.550	0.506	7.107	-3.018	0.265	-1.787
5.404	10.338	6.837	2.557	8.653	-0.670	-1.390	1.098
10.579	13.809	0.846	1.827	0.455	-0.021	1.043	0.023
2.040	12.563	2.568	3.326	0.173	1.162	0.929	0.452
0.159	14.358	5.215	3.375	2.904	-0.942	-0.717	0.035
17.451	13.031	1.975	0.067	3.903	0.360	2.030	-0.275
3.707	7.938	9.671	1.756	8.741	1.041	1.378	0.239
11.652	3.135	2.924	2.754	6.548	0.811	0.067	0.197
13.884	11.310	0.677	1.639	8.617	1.946	-0.830	-0.057
17.852	6.442	6.424	1.365	8.480	0.566	-0.944	0.881
12.785	16.861	1.341	1.892	0.845	1.177	0.502	-0.760
14.557	8.377	0.201	3.559	6.547	-0.393	0.215	-1.278
0.226	14.044	5.782	3.188	5.649	-0.749	-1.968	-0.949
13.610	16.723	7.189	2.305	0.218	-1.615	1.538	-1.176
1.222	15.376	3.479	3.850	5.379	0.451	0.352	0.039
12.840	9.311	5.835	0.100	4.209	-0.414	0.224	-0.676
13.947	10.628	1.505	4.191	1.033	0.471	0.125	-1.083
16.550	7.166	6.116	3.987	4.803	1.126	-0.136	-0.210
7.777	13.166	9.874	2.947	6.935	1.655	0.626	-0.817
16.358	14.127	9.914	2.409	6.980	-1.730	1.882	-0.935
15.051	15.829	5.533	2.876	5.970	-0.765	-0.544	1.154
6.955	19.406	9.653	3.293	6.699	-0.869	1.102	1.151
12.840	6.090	2.168	4.179	9.989	0.149	-1.008	-0.043
9.699	3.970	7.699	1.746	9.362	-0.194	-0.553	1.247
10.921	6.335	4.426	4.293	2.737	0.867	-0.250	-0.765
2.726	16.199	7.794	4.627	8.401	0.887	1.122	-0.352
0.136	3.138	3.385	4.574	0.602	0.238	-0.121	-0.057
8.334	17.100	9.052	4.165	0.202	-0.713	0.835	-2.800
6.719	10.763	1.792	2.476	7.864	-1.094	0.239	0.577
14.221	4.915	5.119	4.660	2.019	0.562	-0.790	0.048
16.628	16.626	7.821	4.499	4.855	1.027	-1.482	0.315
14.281	12.709	7.952	4.009	2.349	0.528	-0.366	0.726
8.863	13.580	6.415	3.655	6.199	-0.514	-1.833	-1.118
19.699	6.046	0.735	1.166	5.875	0.439	0.102	-0.904
9.902	7.021	8.647	4.862	9.033	0.666	0.435	-0.137
7.893	3.412	0.365	3.971	3.426	0.182	-2.373	0.071
12.011	5.299	4.309	3.582	3.660	-1.634	0.965	0.740
17.053	3.153	6.243	1.235	2.106	1.667	1.269	1.834
12.931	19.977	9.086	3.542	9.115	-2.474	0.271	1.588
17.675	9.062	6.430	3.757	3.966	-0.512	0.710	1.996
11.073	13.324	4.844	0.644	0.600	-0.999	1.225	-0.523
4.008	15.299	2.252	4.165	3.356	0.806	-1.147	1.300
14.225	18.996	4.213	4.565	5.381	0.134	0.101	1.066
9.559	12.135	9.323	0.417	8.214	0.935	-2.273	-1.288
16.523	16.774	7.696	2.140	1.325	0.853	1.660	-1.819
14.925	2.949	8.344	1.915	6.356	2.361	0.672	0.332
9.300	13.905	7.380	0.709	6.418	-0.945	-1.911	0.255
15.922	0.464	3.167	0.274	2.351	0.876	0.146	0.172
19.421	10.311	8.290	4.226	4.548	0.266	1.505	-0.092
1.563	9.865	5.122	0.593	7.226	0.599	-0.912	0.597
12.885	2.126	5.188	2.578	5.395	-0.677	-0.593	0.912
13.658	5.867	8.792	3.447	7.850	0.174	-2.128	0.884
0.111	16.012	2.862	2.338	6.620	2.425	-0.136	-0.178
16.214	4.288	8.608	4.741	2.678	1.545	0.371	0.394
15.756	0.062	0.241	0.266	9.468	0.226	0.048	0.078
10.762	7.073	7.951	3.477	4.428	0.046	0.644	-1.891
16.703	16.648	1.346	2.635	2.528	0.996	-0.604	-1.769
3.017	1.972	6.175	1.787	4.582	-0.311	0.093	-1.187
11.387	7.321	4.050	1.534	6.973	0.834	-0.412	1.084
8.615	13.095	6.381	1.506	2.009	-1.666	1.782	1.310
5.174	16.244	9.865	3.622	9.228	-0.676	-2.274	1.495
17.582	17.653	7.608	0.356	6.945	0.917	-1.710	1.245
18.586	17.145	3.718	3.036	2.625	0.629	-0.344	0.832
19.265	1.098	6.677	1.725	0.173	1.387	-0.363	0.456
19.880	5.295	7.187	2.232	6.885	1.423	0.229	1.283
5.464	3.632	2.487	3.443	7.636	-0.009	-0.056	0.397
8.731	6.929	7.133	1.152	2.028	-1.157	2.110	1.870
5.811	10.622	0.624	0.757	2.982	2.299	-1.318	0.182
14.391	19.602	9.521	3.849	6.447	-0.641	-1.136	-0.362
5.567	4.447	8.732	2.112	7.087	1.879	-0.968	-0.816
4.138	0.488	9.774	4.074	0.194	0.708	-0.065	-2.910
2.342	9.930	5.450	4.826	9.981	-1.254	0.766	0.819
9.797	6.622	6.280	0.296	8.807	-0.630	-0.927	-0.417
10.088	15.866	5.447	3.282	0.713	0.972	0.149	-0.261
1.490	17.096	7.335	1.932	8.609	-0.560	-1.175	-0.023
7.533	0.455	7.013	1.763	8.229	0.324	0.807	1.037
8.981	0.110	5.045	1.100	1.745	-1.037	-1.943	0.378
1.084	11.134	4.126	2.694	9.615	1.050	-0.775	-0.920
11.844	6.914	0.638	4.872	0.310	-1.067	0.039	1.105
3.933	15.779	6.464	1.666	9.344	-1.346	0.631	-0.973
3.865	1.739	1.580	2.041	0.388	0.216	-0.822	-0.479
14.976	14.342	6.132	0.621	9.199	-0.512	-0.260	2.630
16.530	6.773	3.044	0.592	6.070	-0.077	-0.683	0.986
5.058	5.638	0.836	0.202	0.055	1.446	-1.218	-1.312
14.738	6.791	6.923	4.240	1.858	0.350	-1.455	-1.516
0.032	9.282	6.775	3.458	4.043	-0.288	0.339	-0.753
10.441	7.266	6.895	1.701	1.594	0.929	-0.191	-1.017
7.812	14.130	1.612	4.984	6.460	0.920	0.732	-0.221
11.463	19.132	6.628	0.874	7.342	2.032	-2.279	-0.761
5.830	14.677	8.481	1.307	2.122	2.159	0.647	-1.604
14.719	7.315	3.114	4.780	7.311	0.733	-0.614	-1.543
1.279	3.331	4.891	2.168	0.271	0.300	-1.252	-0.700
16.611	0.168	7.388	2.064	2.538	-0.708	-0.240	-0.176
19.969	19.158	8.139	2.934	2.172	-0.948	-0.759	0.484
9.830	8.394	3.311	2.724	4.995	0.426	-2.958	-0.332
16.437	7.566	8.720	3.223	2.158	1.330	-0.537	-1.750
9.980	1.281	5.467	0.458	2.900	-0.458	0.593	-1.082
4.838	18.672	4.420	2.111	0.915	0.163	-1.598	0.050
16.840	7.966	1.409	0.638	0.820	0.119	0.408	-1.371
1.386	10.882	2.985	2.809	0.734	0.036	-0.571	0.386
16.166	0.499	6.702	0.647	9.038	-1.155	-0.459	0.091
12.582	14.453	6.208	3.292	7.737	-0.322	-1.919	-1.120
3.227	7.387	7.791	3.418	2.850	-0.181	-1.334	0.318
3.789	15.436	1.660	0.066	8.714	0.038	0.012	0.297
6.851	6.434	2.461	2.257	7.855	2.094	0.367	-0.707
3.058	16.289	3.432	3.488	5.825	1.510	2.551	-0.675
0.601	17.566	8.196	2.856	2.378	-2.333	-0.974	0.576
0.761	13.539	2.626	3.983	3.610	-0.443	1.574	-0.703
6.253	16.607	0.699	3.614	1.996	2.066	-1.313	1.236
3.834	17.523	2.532	2.700	0.363	-0.727	0.279	-0.401
18.056	1.263	5.741	1.024	7.922	0.687	-0.146	0.781
19.645	19.260	7.012	0.123	1.779	0.524	1.107	0.329
13.369	8.899	8.569	1.177	4.500	-1.194	0.363	-0.626
3.668	19.998	0.609	1.621	6.305	0.802	-1.119	0.041
10.213	9.623	1.942	2.433	5.768	-0.490	0.583	-0.642
6.189	12.391	3.640	1.895	8.543	0.816	0.188	-0.551
17.207	12.452	0.825	4.705	9.329	-0.459	-1.718	-0.738
17.914	14.208	5.207	0.094	7.854	-1.234	-0.759	0.670
11.183	19.435	3.494	4.662	1.898	1.728	1.728	-0.686
6.014	17.982	3.021	2.381	2.976	-0.686	-0.103	0.045
14.329	14.431	5.856	3.570	0.168	-0.550	0.033	-1.556
14.474	5.470	6.857	1.424	5.695	-1.085	1.691	-0.843
1.649	12.139	0.888	4.207	7.974	-0.249	2.028	1.111
2.803	17.036	6.555	4.382	0.717	-1.660	-0.854	0.876
9.719	4.368	8.008	2.930	3.422	-0.399	0.660	0.483
11.949	2.578	1.612	0.728	6.503	-1.050	0.869	0.240
16.862	12.964	4.682	4.636	4.473	-0.418	1.164	0.789
10.925	16.754	6.424	2.206	0.131	-0.724	-0.849	0.520
11.222	13.969	9.905	1.841	2.400	0.715	0.552	-1.624
14.169	2.374	2.468	1.112	8.848	-1.062	1.378	-0.790
3.415	12.667	3.291	0.560	7.355	-0.524	-1.364	-0.377
12.320	14.822	7.985	3.976	0.788	-0.036	-0.112	-0.366
4.700	19.420	4.403	1.864	7.289	-0.064	-0.248	0.334
11.261	0.939	2.756	4.038	2.369	-0.300	0.426	-0.658
12.055	15.832	1.040	1.456	5.457	0.647	-0.284	-0.180
1.893	9.900	3.818	4.202	8.646	-0.707	0.380	0.925
8.743	14.849	2.975	0.903	2.387	-0.110	2.015	-0.051
4.683	9.806	0.037	1.032	8.075	0.850	-0.684	-1.138
11.842	19.116	0.269	0.248	6.211	-1.473	0.861	-0.744
18.217	6.640	9.547	1.399	4.376	-0.358	-0.109	-0.633
7.605	10.706	0.954	0.951	2.646	0.179	1.109	0.339
11.546	15.861	9.970	4.871	0.507	-0.244	0.022	0.291
13.773	15.993	6.741	2.048	0.743	-0.890	0.293	-0.565
7.084	2.809	4.971	1.111	2.818	-0.813	1.375	1.158
6.883	4.238	0.347	4.768	4.388	-0.634	0.439	-1.371
7.003	13.280	9.074	2.759	0.028	0.609	0.919	-0.863
15.734	9.643	6.749	0.011	1.050	0.400	2.783	-1.672
19.380	12.222	9.801	3.433	8.365	0.271	-1.435	-0.789
13.267	1.597	8.130	2.579	8.720	-0.901	-2.588	0.276
16.367	6.048	2.617	2.693	8.489	-0.195	0.481	0.733
1.866	2.118	7.746	4.736	8.019	-0.013	-0.859	-1.931
2.418	5.785	9.128	1.801	9.908	-1.969	-0.947	1.310
0.642	7.754	5.088	1.825	6.479	-0.521	-0.079	1.787
6.805	19.598	7.742	0.253	6.954	0.278	0.593	-1.884
13.064	7.283	0.523	2.588	9.233	0.924	0.677	1.653
17.724	11.654	7.137	2.911	2.589	-0.933	-0.882	-0.409
5.842	16.412	7.675	3.044	6.978	0.359	-0.247	-2.789
19.553	9.338	1.483	4.693	6.113	-0.306	0.216	-0.511
8.826	9.261	8.437	4.900	1.709	0.961	1.137	-0.771
17.531	13.188	4.077	2.293	2.330	-1.216	0.879	-0.683
8.444	2.647	3.862	4.526	7.410	0.716	-0.196	-0.038
12.321	5.055	3.081	1.692	6.721	-0.322	0.285	-1.927
6.464	3.181	8.585	1.051	3.024	-0.006	-1.585	0.397
11.953	6.159	7.018	4.926	8.959	0.567	1.742	-0.474
19.593	14.450	2.277	4.508	1.741	-0.593	0.871	-0.855
13.825	9.379	9.373	2.928	5.684	-1.038	-1.306	-0.600
2.196	5.188	0.770	2.615	2.773	1.605	0.202	0.280
13.702	9.428	9.234	4.093	4.422	-1.390	0.146	1.022
13.304	13.373	5.274	2.506	0.143	0.209	1.400	0.154
6.376	15.143	3.524	1.250	5.077	-0.114	0.848	-0.296
13.728	7.169	2.306	1.024	1.181	-0.809	0.238	-1.506
12.622	7.800	2.705	1.846	9.603	-0.650	-0.814	0.609
8.826	4.828	2.878	3.263	7.172	0.986	-0.065	-1.011
0.878	5.753	8.493	2.749	3.740	-1.640	-1.557	-0.883
18.967	6.839	9.056	2.464	0.919	0.529	-1.075	0.960
6.148	9.841	7.961	3.094	3.580	0.506	-0.110	0.550
1.633	8.662	1.232	3.114	8.986	-0.127	0.925	0.573
17.996	1.255	9.645	2.095	7.133	0.582	-0.499	-0.888
6.213	14.825	4.412	0.102	2.514	0.561	0.063	0.153
4.194	10.816	8.952	1.846	2.297	1.722	0.190	-1.970
3.956	3.677	1.801	3.907	7.018	-0.954	0.155	-0.513
6.404	13.194	8.884	2.275	9.687	-0.662	-0.369	1.604
18.856	13.783	1.681	0.940	2.097	0.245	1.115	0.245
4.852	8.571	6.916	1.268	3.229	-1.998	0.494	-0.066
15.434	5.314	5.816	0.450	0.248	2.732	-0.859	-0.159
12.174	13.883	6.351	1.283	0.574	1.010	-0.076	1.091
9.086	4.889	2.011	2.592	8.418	1.447	0.838	-1.507
8.408	3.234	9.967	1.085	3.535	0.202	0.463	0.243
6.339	13.291	5.149	2.711	9.504	-1.034	0.541	-1.577
10.556	13.140	5.603	1.076	1.287	0.272	0.587	0.197
3.229	4.340	7.419	1.822	2.200	0.715	0.814	-1.207
2.628	2.087	6.586	3.890	4.965	0.643	-0.811	1.448
6.451	16.428	3.840	4.344	9.031	-0.384	-0.136	-0.932
7.857	19.344	9.942	3.685	7.912	1.829	0.544	0.221
16.121	14.325	7.694	4.760	2.107	1.313	1.157	-0.002
11.135	18.110	3.870	3.143	6.994	0.605	-0.081	0.992
9.932	16.068	1.574	4.670	8.206	1.281	0.949	-2.011
18.386	13.732	3.969	3.516	6.811	0.732	-0.551	1.241
17.703	0.880	8.592	1.784	1.863	0.942	1.621	-2.488
3.702	12.007	8.786	2.378	0.624	0.109	0.450	-0.714
18.836	5.478	6.887	0.038	9.745	-2.072	0.145	1.129
13.030	8.438	4.607	0.575	2.804	-1.478	0.297	0.221
12.278	19.241	8.456	3.744	1.633	0.392	0.898	-0.221
6.899	6.742	9.085	3.134	6.630	-0.247	1.370	-0.242
18.600	13.355	7.209	0.422	8.032	-0.423	1.328	-0.281
0.344	16.105	8.130	0.488	7.236	1.256	0.360	-0.038
3.029	1.169	6.404	2.181	6.420	-0.897	-1.807	0.889
2.230	18.251	3.204	2.716	4.966	0.542	0.426	0.408
11.710	15.236	9.719	2.031	6.957	0.506	0.727	0.755
14.639	12.297	5.415	2.557	3.973	-0.424	1.310	-0.973
5.966	5.154	2.019	4.900	9.902	-1.750	-1.467	-1.566
13.318	16.075	2.432	4.253	0.662	-0.615	-1.416	0.460
14.174	11.918	5.965	4.116	1.304	-0.163	0.598	-1.011
8.218	16.535	6.632	0.625	2.347	-1.912	-0.543	-1.510
14.430	6.619	0.632	0.701	6.755	-0.743	-0.665	0.557
16.184	4.004	8.723	1.722	7.434	-0.623	0.530	0.394
5.901	9.087	7.669	3.671	3.317	-0.780	0.824	0.215
14.390	4.983	5.371	1.700	0.838	-0.311	-1.274	-0.069
15.889	9.073	8.199	4.185	5.100	0.081	0.024	-1.065
10.733	6.002	7.263	4.524	6.297	0.470	0.034	-0.501
2.607	6.889	7.776	1.330	7.683	-1.293	0.636	0.495
5.892	13.474	1.905	0.941	6.094	0.134	-0.247	-0.582
16.280	19.925	5.136	2.398	0.779	-1.044	-0.218	-0.164
15.044	18.040	4.308	2.707	4.635	-0.337	0.224	0.680
4.602	6.809	8.244	3.217	5.789	3.836	12.271	2.458
5.643	6.532	4.479	4.296	5.072	5.882	8.856	2.707
6.636	7.858	6.604	2.385	6.043	5.221	9.951	6.320
4.817	13.827	7.806	3.556	3.583	6.157	1.711	6.771
4.906	9.797	9.343	4.844	5.490	5.150	0.293	2.917
3.771	14.156	3.147	0.391	4.059	3.519	13.267	1.531
4.831	17.680	1.605	4.426	4.322	5.821	14.466	0.337
4.679	0.447	5.915	4.053	5.849	4.333	8.747	6.120
5.632	15.643	6.300	0.358	4.930	4.882	11.344	5.254
5.951	16.993	2.782	3.911	5.476	3.579	9.378	3.163
4.570	0.531	3.322	4.970	5.402	4.266	3.298	9.173
4.107	7.750	8.464	1.938	4.442	4.497	14.079	6.562
2.781	5.016	4.623	4.821	5.286	6.140	18.409	4.886
3.471	11.008	3.623	4.192	4.857	5.262	7.555	8.001
4.006	12.323	2.781	4.658	3.526	4.004	8.360	6.124
5.378	9.692	6.175	3.934	5.253	7.213	11.070	2.493
6.689	14.203	7.899	3.284	4.911	3.624	19.508	1.465
5.490	6.936	1.545	1.786	5.888	4.200	12.955	8.168
3.952	12.289	7.668	2.744	4.604	3.826	5.933	5.354
3.640	18.144	4.294	0.742	4.793	5.564	18.566	2.128
4.939	18.633	8.471	0.944	3.434	5.842	16.891	6.349
7.224	17.957	6.262	4.003	3.744	4.451	14.644	9.097
4.623	1.289	7.017	4.728	2.418	5.834	12.179	8.313
6.479	9.640	1.441	2.718	6.789	4.329	3.258	0.926
4.673	16.628	8.423	1.022	4.382	4.111	5.094	5.298
3.791	11.909	9.530	2.012	6.468	4.755	10.274	3.897
5.324	18.942	9.548	4.210	3.987	6.190	13.957	2.713
4.334	1.146	9.760	4.746	5.246	4.194	2.581	9.021
5.093	9.137	6.118	0.430	3.737	6.224	11.585	2.947
3.273	18.017	1.951	1.086	5.202	5.419	17.344	7.416
3.914	19.343	1.958	4.482	4.750	4.534	14.721	3.029
6.427	14.992	5.451	3.300	4.699	4.863	0.694	2.426
6.406	19.715	7.620	2.361	5.137	3.067	0.730	4.370
5.034	11.432	7.756	2.638	5.574	5.353	8.910	8.267
3.537	14.967	6.678	3.589	5.152	6.074	3.630	2.569
5.627	16.568	8.612	0.497	2.899	5.404	13.111	4.750
4.805	15.220	5.141	2.102	4.198	5.234	7.288	0.121
4.497	4.592	9.849	2.249	5.823	5.478	12.391	9.638
5.352	12.293	9.401	2.930	6.117	4.260	3.705	7.787
3.987	10.369	4.388	4.526	5.115	5.518	15.919	5.584
5.597	2.405	9.493	0.358	3.749	5.315	2.868	8.169
5.980	15.441	3.963	4.097	4.584	6.015	8.818	8.246
3.582	1.752	2.925	4.483	4.645	5.407	1.141	3.056
4.965	16.057	0.662	2.962	3.996	4.018	5.891	9.660
4.969	18.840	1.918	3.006	4.703	4.946	17.434	6.879
4.620	18.865	2.494	1.415	3.439	5.741	2.666	5.590
4.760	17.671	3.778	2.858	4.574	6.453	16.885	3.751
4.343	2.366	0.320	3.910	7.009	3.202	8.824	9.722
6.064	17.655	4.719	4.508	4.943	2.620	1.863	0.138
4.699	12.837	8.195	3.795	5.031	5.000	5.332	9.980
4.803	0.256	0.758	3.052	5.841	5.238	12.954	6.325
4.387	15.025	8.352	2.198	4.506	3.167	9.214	9.578
4.959	1.212	0.986	2.863	4.407	6.089	13.138	5.598
5.086	8.417	5.423	0.432	5.191	6.035	3.380	3.289
3.442	7.113	8.437	0.542	6.460	5.116	10.176	2.350
4.428	3.739	9.784	3.399	4.739	3.127	5.996	7.805
5.907	19.351	9.835	3.797	4.764	4.388	6.047	3.496
5.623	3.185	8.094	2.894	5.128	4.605	12.542	1.488
5.908	4.388	3.795	0.533	6.737	5.219	18.398	9.445
5.097	5.450	2.406	3.340	5.901	5.264	15.246	9.140
4.930	11.295	6.742	0.075	4.273	4.762	10.783	5.734
5.119	8.887	5.236	0.732	6.919	4.785	15.261	7.231
5.839	10.961	7.498	1.433	4.189	5.591	12.429	8.727
4.459	3.784	9.571	0.133	6.059	5.184	17.786	8.849
6.678	19.288	8.717	0.004	4.429	5.766	8.921	3.356
5.483	4.067	2.039	1.162	5.413	4.089	14.449	6.035
5.953	15.475	5.320	2.193	5.033	4.819	11.807	0.100
4.466	2.860	0.125	0.415	4.429	5.161	2.669	3.718
5.390	15.798	8.375	4.683	3.877	6.582	10.594	3.118
5.535	8.626	6.542	2.316	2.439	4.571	9.854	1.837
4.681	0.652	0.711	1.897	4.236	5.444	5.410	3.261
5.067	0.257	2.987	2.769	4.961	2.142	13.005	9.282
2.987	8.750	3.505	0.017	6.261	3.826	9.780	7.091
5.939	10.418	4.921	4.204	7.277	4.568	19.760	9.726
4.907	1.716	2.642	2.986	6.085	4.149	11.456	0.622
5.075	5.811	8.207	2.418	5.022	6.415	7.676	9.864
5.906	6.801	2.318	1.817	5.290	4.441	0.923	6.789
4.415	7.994	1.309	2.273	4.191	4.225	9.575	1.364
5.006	10.258	9.259	1.694	4.081	5.364	8.179	6.819
4.466	4.043	1.938	1.351	4.338	5.361	12.309	6.831
4.077	8.630	9.869	2.369	5.585	5.911	13.619	9.636
4.002	7.340	2.482	2.945	4.413	6.268	11.235	7.893
4.159	19.932	4.699	3.567	3.378	5.085	18.980	4.786
3.459	14.528	6.060	1.728	6.108	5.066	9.244	1.328
3.730	12.870	8.133	4.953	4.511	5.201	2.247	9.381
4.032	19.779	9.287	0.593	4.373	3.124	0.652	2.200
3.555	6.481	4.337	2.609	5.785	5.807	6.039	8.427
6.335	9.529	3.600	0.535	5.727	5.000	11.146	6.723
6.334	11.974	5.057	3.099	5.797	4.291	17.555	2.014
4.754	17.753	4.601	2.627	4.218	4.890	19.904	7.086
4.439	14.389	7.102	1.509	5.411	6.775	4.550	2.225
5.030	3.977	0.788	3.512	5.115	5.770	8.063	3.448
5.276	1.051	2.886	3.540	7.966	4.257	0.646	2.225
4.377	12.068	3.872	0.518	5.888	4.684	1.270	8.228
3.217	9.781	6.451	0.277	5.937	4.836	4.592	6.060
5.925	12.946	2.853	4.633	3.894	3.500	11.501	4.372
5.021	2.541	3.178	1.315	5.556	5.081	17.903	2.884
5.752	12.257	4.865	1.637	6.430	5.198	5.651	0.521
5.661	18.446	2.973	2.237	5.074	3.993	2.355	5.328
5.667	8.929	4.709	1.235	5.960	3.594	9.569	6.412
5.070	19.671	7.399	4.652	4.577	3.667	7.537	7.454
5.380	15.880	1.661	3.910	4.503	4.627	8.953	2.634
3.843	2.583	9.538	4.111	4.158	5.848	0.828	1.272
5.422	18.750	9.554	2.465	4.419	7.465	13.116	4.820
4.685	10.185	8.030	1.258	5.775	4.764	12.783	8.722
4.943	13.882	0.353	4.197	5.468	5.603	13.268	9.166
4.920	5.795	2.431	3.222	5.465	4.640	15.538	8.381
5.297	7.198	6.499	1.612	4.462	5.589	16.459	9.504
6.960	15.969	3.283	1.542	6.568	4.697	17.125	5.489
4.452	9.960	4.559	4.508	4.120	6.512	4.566	9.776
5.270	11.367	5.482	3.468	5.498	4.856	9.845	6.359
6.061	10.185	1.268	1.387	5.270	4.930	16.758	5.406
2.752	6.000	2.378	3.195	4.078	3.654	17.463	9.077
4.096	5.489	0.627	1.873	4.898	4.747	11.557	6.761
5.462	11.692	9.622	4.145	5.437	5.621	2.502	0.974
3.828	3.596	6.890	2.942	5.916	4.938	12.743	6.716
5.483	11.948	5.862	1.437	6.197	5.554	3.694	4.076
5.844	12.984	5.346	0.409	5.463	4.544	16.167	0.629
5.793	1.346	5.236	1.033	3.404	5.490	10.180	9.732
5.053	10.550	2.352	0.260	5.631	4.924	11.891	2.663
5.883	11.233	7.628	1.728	4.576	5.992	4.364	3.612
5.519	14.450	5.020	4.759	4.268	5.155	10.709	1.459
6.122	6.586	8.983	2.606	4.573	5.641	4.601	9.802
4.073	4.717	6.468	0.698	6.086	6.241	2.226	8.524
4.066	6.252	6.887	0.403	5.600	5.931	15.657	7.924
5.291	1.451	4.230	4.577	4.026	4.832	2.445	5.438
4.024	3.679	7.938	2.666	3.510	6.103	17.434	5.115
4.478	13.074	7.367	1.369	4.884	5.353	18.736	9.290
4.010	4.208	2.288	1.813	6.072	4.922	5.775	7.435
6.236	18.724	7.082	0.830	3.825	5.086	19.806	5.592
5.796	4.744	4.913	0.843	5.420	5.411	8.073	4.278
4.320	12.721	8.921	1.068	5.786	5.252	18.676	8.513
5.859	7.544	7.403	4.119	5.940	3.968	5.909	7.750
6.703	12.639	2.332	4.091	4.004	4.490	0.707	8.011
3.876	0.205	1.363	0.882	5.638	5.418	14.072	9.948
5.047	12.100	2.784	3.924	3.806	3.911	13.041	7.434
6.151	9.719	7.387	3.790	5.336	4.126	5.775	8.976
4.319	2.009	5.944	2.137	6.090	4.564	4.092	6.112
4.655	15.665	5.236	3.599	4.804	4.999	3.833	3.388
5.219	1.218	0.977	0.780	6.406	4.878	5.720	7.869
4.191	1.746	7.798	3.466	4.078	6.167	0.988	3.391
3.298	8.289	9.577	4.438	4.916	5.146	3.289	2.537
3.757	7.086	0.273	2.802	3.809	3.184	0.666	9.144
3.242	7.048	7.305	1.822	7.080	4.996	1.455	2.852
5.701	5.071	9.401	2.696	3.433	3.853	4.488	1.621
5.945	7.100	6.077	3.860	5.536	6.131	4.870	4.054
4.581	10.758	9.607	2.390	3.375	5.238	4.823	8.718
4.964	1.705	2.044	2.698	5.199	7.809	8.529	3.420
4.494	9.322	0.880	0.021	4.896	2.050	19.179	8.246
4.654	12.774	4.409	0.742	4.804	4.210	16.158	7.619
6.253	10.483	7.371	3.184	5.136	6.296	8.723	5.525
5.112	10.786	3.928	4.432	4.486	4.085	17.140	1.797
4.661	10.055	8.838	2.817	5.583	3.617	2.390	5.805
5.394	10.118	1.888	1.761	4.839	5.817	12.406	0.807
5.059	8.778	4.895	3.574	4.325	4.010	12.694	4.235
2.535	5.392	8.752	3.311	5.610	6.111	1.733	1.455
6.248	15.284	1.965	2.632	4.923	5.001	1.810	6.569
5.313	5.880	4.640	0.820	4.173	3.302	8.418	4.599
5.243	12.354	0.748	2.792	5.038	3.992	2.934	6.595
5.983	10.090	4.754	1.783	5.545	5.344	6.249	6.759
3.340	12.198	8.829	2.248	3.658	5.228	4.507	5.581
6.455	18.715	8.170	2.565	5.552	5.610	10.633	1.601
6.705	18.948	5.608	2.697	5.278	6.223	0.739	5.814
5.633	3.846	2.254	1.175	6.485	4.718	10.682	5.497
3.887	18.570	2.400	2.681	6.516	4.979	1.163	4.651
6.727	0.099	0.068	1.813	4.271	4.654	12.572	6.701
4.472	10.791	8.946	2.573	5.706	4.798	11.537	4.908
3.047	12.237	8.305	3.365	3.308	6.796	11.160	6.099
5.089	17.863	4.920	0.682	5.589	4.328	7.832	7.676
4.195	12.856	0.101	3.181	4.476	5.154	7.942	5.046
5.611	6.834	7.335	4.653	4.737	5.103	4.206	2.787
3.726	7.582	2.806	4.335	6.226	4.582	19.105	0.195
5.053	3.695	3.013	0.171	6.429	3.968	6.627	1.535
3.063	7.707	1.143	0.621	4.938	3.489	4.840	6.136
7.117	4.657	7.686	4.343	5.665	5.135	17.216	5.839
3.799	13.511	8.659	4.576	7.411	4.223	19.239	1.023
4.627	11.283	3.926	2.563	4.414	5.714	8.647	3.314
6.632	8.006	6.310	4.120	3.825	4.034	1.208	2.549
4.628	1.199	6.662	1.697	6.842	5.767	13.108	7.674
5.416	3.820	2.434	3.067	7.059	6.082	15.893	5.948
5.887	4.738	2.970	0.695	5.073	5.155	6.075	2.350
5.535	0.532	3.393	3.995	5.289	4.963	17.603	1.505
4.121	10.756	1.340	2.821	6.245	4.834	8.757	1.162
5.000	8.086	2.118	0.076	3.990	5.108	16.375	2.914
5.196	2.640	2.711	3.964	3.754	3.710	8.550	5.992
4.348	1.064	3.998	4.494	4.600	3.970	6.308	1.176
7.380	11.562	6.448	0.718	6.606	4.950	13.460	2.307
4.185	19.879	7.074	1.282	4.826	3.456	8.956	9.380
3.837	15.598	8.713	2.417	5.551	4.605	16.667	1.079
6.351	13.340	8.163	1.354	4.262	5.936	19.048	9.562
5.146	12.669	6.631	1.508	4.409	6.469	11.101	8.166
4.860	4.839	5.370	2.521	3.432	4.783	9.628	10.000
5.988	16.199	5.119	1.610	4.724	4.625	7.524	3.461
5.253	16.069	3.110	2.699	6.042	3.843	4.985	0.477
5.499	11.514	0.726	3.712	4.081	4.668	14.694	2.393
4.662	0.449	1.412	4.966	4.902	3.509	9.827	8.908
5.450	10.438	5.536	0.741	5.742	5.327	2.097	2.305
5.280	6.565	4.077	0.657	4.474	5.254	11.427	4.669
5.075	17.018	3.221	1.806	4.188	7.575	2.818	1.278
4.119	12.037	8.199	0.424	3.903	3.708	6.333	6.557
4.764	3.658	2.976	4.092	4.676	4.088	14.824	9.190
6.189	6.388	8.520	0.065	6.296	5.896	4.616	7.664
3.982	5.572	4.318	3.618	3.070	4.407	5.976	3.547
3.751	12.784	6.930	4.039	5.234	4.392	1.650	7.529
2.957	10.024	6.575	2.390	3.701	4.691	5.076	9.307
4.431	12.232	6.676	2.479	5.014	3.973	3.737	5.249
5.118	18.561	8.508	3.235	3.592	3.749	12.366	0.717
4.500	14.998	4.922	1.958	4.242	5.478	3.995	5.622
5.424	6.979	5.150	0.648	4.787	5.113	2.765	9.466
5.383	7.005	4.418	0.804	3.800	4.425	4.876	6.586
5.735	15.918	6.164	2.402	6.860	5.086	13.700	5.536
5.360	6.003	6.482	3.036	3.493	6.044	3.721	3.158
4.864	8.789	9.791	1.469	5.323	4.305	15.052	3.485
2.704	3.969	8.830	1.660	4.104	5.538	8.375	1.742
5.126	3.071	9.868	3.906	5.388	4.951	19.067	7.592
6.060	16.960	4.868	2.818	5.798	5.058	17.690	3.610
4.150	0.358	9.803	2.271	5.445	6.427	16.183	0.619
5.731	19.008	1.999	3.220	4.957	4.509	16.834	3.170
4.845	18.173	2.451	2.968	5.397	4.683	4.554	7.083
6.056	3.669	1.291	3.951	5.012	5.528	11.885	0.199
5.339	11.331	3.271	1.312	6.036	5.103	8.945	1.926
5.366	11.688	9.408	2.416	4.234	2.933	0.626	5.161
5.385	0.792	5.895	1.720	3.550	5.517	19.343	3.865
5.162	8.200	1.794	1.708	5.738	4.746	2.497	7.183
4.492	16.273	3.285	2.990	4.209	5.509	17.942	4.415
6.005	13.324	8.659	0.846	5.234	5.328	17.765	4.992
5.482	17.678	1.253	0.354	5.417	5.757	7.292	3.978
4.002	8.609	5.309	4.391	4.094	4.568	2.059	1.549
5.975	3.578	6.125	0.287	4.838	5.431	2.435	8.432
5.953	6.563	2.604	2.866	4.935	4.370	14.626	4.881
6.045	2.387	6.903	0.633	5.918	5.217	12.283	1.406
3.191	11.654	8.212	1.102	4.749	3.882	11.221	5.742
4.696	6.460	9.337	1.720	4.138	5.331	6.434	8.807
5.098	10.964	2.647	1.139	4.387	2.928	15.140	4.169
3.585	8.692	2.816	1.369	5.095	4.774	4.879	7.137
3.833	15.592	8.442	2.124	5.132	4.232	8.648	7.835
4.701	9.563	6.246	0.689	5.788	4.587	10.755	4.686
5.226	5.423	2.898	4.300	6.445	4.471	17.728	8.260
5.156	7.817	0.520	4.608	3.291	5.447	13.567	1.393
4.769	8.179	9.568	3.625	7.369	7.019	19.108	8.846
3.723	19.526	6.493	2.821	5.196	5.657	2.574	2.516
5.189	18.455	1.967	3.567	3.830	4.990	19.656	1.425
4.301	8.285	1.697	1.657	4.888	4.985	5.200	8.697
5.807	6.953	0.624	3.560	5.362	5.748	5.043	8.372
4.488	2.593	5.926	4.707	5.735	7.056	15.600	5.810
4.307	17.595	4.754	3.273	6.157	5.186	12.607	7.749
5.047	19.112	6.432	0.839	5.801	5.538	10.642	7.976
4.679	7.819	4.998	0.224	4.376	4.623	16.831	9.557
4.919	2.040	2.688	2.757	4.124	2.639	15.562	1.304
4.668	12.223	2.800	1.511	9.222	5.771	9.255	6.923
5.029	16.048	2.398	4.941	4.324	4.127	4.298	4.493
2.445	10.717	7.586	3.122	2.477	2.862	7.112	1.908
3.693	4.335	5.646	3.220	3.267	5.661	6.813	4.278
4.785	12.145	5.397	2.018	5.211	4.460	12.595	8.105
4.186	15.152	0.204	2.758	5.937	5.254	10.359	7.005
4.795	12.513	4.385	2.009	5.394	5.859	3.700	8.569
5.691	2.162	0.629	2.832	3.392	5.867	3.474	9.936
5.269	10.742	5.813	1.233	3.998	4.646	13.601	3.751
4.860	2.883	8.600	0.459	7.125	2.851	17.189	1.231
6.109	1.224	9.895	4.559	4.152	6.736	14.957	1.337
5.739	16.679	9.544	2.939	3.553	6.372	4.146	1.101
6.610	4.140	8.621	3.220	5.301	5.240	1.805	2.674
5.500	9.255	3.838	2.019	5.060	5.919	4.873	3.414
6.545	11.541	0.354	3.584	4.268	5.883	14.403	5.804
4.702	12.472	6.710	2.184	7.428	5.343	4.363	8.367
3.997	8.134	2.077	2.916	4.889	3.706	18.351	8.516
5.763	15.889	1.765	0.970	4.240	4.673	18.653	9.664
4.612	4.463	4.571	4.734	4.642	5.354	6.669	0.169
6.170	14.210	1.114	4.525	5.635	4.873	19.315	6.250
4.664	7.682	9.167	2.991	5.014	6.862	6.878	2.461
3.559	5.605	2.374	4.883	5.899	5.409	4.670	2.523
7.241	7.680	5.609	1.884	6.463	5.299	3.256	2.705
5.399	15.911	2.572	0.419	3.509	5.829	19.156	7.716
5.550	5.544	6.482	2.532	5.633	3.643	7.249	1.574
6.672	1.353	1.934	0.254	5.620	4.581	4.861	9.943
5.109	11.032	7.094	2.048	3.983	5.515	6.481	6.649
4.288	8.905	3.404	2.895	5.974	5.662	5.581	6.123
6.017	2.557	5.204	0.362	4.759	6.727	3.082	6.648
5.894	16.237	4.623	1.119	3.657	3.380	18.714	5.993
5.665	1.903	2.141	2.992	5.862	5.142	2.949	0.559
5.403	6.426	3.350	1.923	4.759	4.416	3.288	2.835
5.799	0.628	6.187	4.458	5.742	4.983	10.338	5.646
3.605	9.924	6.570	3.738	5.552	5.480	10.692	6.128
5.388	16.586	4.525	4.123	7.328	3.165	13.628	7.472
4.310	12.096	4.643	0.888	2.910	4.771	5.606	7.335
6.540	3.635	7.867	3.796	5.202	5.262	14.172	4.878
4.015	10.892	7.576	4.205	5.237	5.031	13.972	8.916
4.826	12.214	7.000	2.860	6.446	5.876	3.816	9.911
2.890	19.375	6.625	1.159	5.038	6.181	17.237	8.541
4.736	6.618	0.650	1.808	5.031	7.119	1.748	7.777
4.653	7.641	6.737	1.327	5.013	3.383	5.476	2.516
5.692	10.859	7.159	0.948	4.937	6.573	15.009	9.275
6.342	0.149	5.201	3.774	5.339	3.806	6.813	4.085
6.247	15.135	9.423	0.447	5.265	5.514	19.916	9.659
5.278	14.549	6.010	0.581	5.783	4.897	8.521	2.483
5.096	18.531	3.035	1.344	4.963	7.194	17.545	1.275
4.079	15.151	7.746	1.080	6.407	5.277	17.974	2.593
5.341	15.202	3.001	0.857	6.524	7.048	16.672	0.613
4.469	4.943	9.903	4.709	3.521	6.725	13.581	8.473
5.759	13.747	9.277	1.476	6.325	2.683	15.450	6.967
5.624	12.810	9.332	3.799	4.453	4.726	19.345	9.630
4.334	12.242	4.522	2.528	6.936	5.918	13.761	7.730
3.296	14.564	4.684	2.577	4.194	5.500	3.575	5.368
5.262	5.946	0.917	4.359	4.385	4.775	16.528	1.676
6.920	8.733	4.391	0.615	5.014	4.984	1.447	0.820
3.144	19.062	5.563	1.538	3.749	4.855	3.955	0.524
5.193	15.329	2.751	4.039	4.274	4.712	0.018	7.054
4.994	12.351	6.362	4.656	5.996	5.334	3.189	7.253
6.292	11.075	5.269	4.105	4.529	4.739	16.556	2.864
7.487	11.668	8.528	4.685	3.881	5.196	0.120	7.344
6.321	2.505	5.738	3.731	4.693	3.315	1.521	4.551
4.881	19.747	6.095	0.669	3.328	3.955	1.081	5.728
5.638	7.776	8.633	4.420	3.932	5.589	19.280	9.982
3.593	18.503	6.266	0.512	7.121	5.078	4.022	6.203
4.595	4.086	6.891	1.992	3.864	3.806	10.533	6.908
6.223	10.420	2.001	4.588	5.372	6.770	13.866	1.359
3.824	14.369	5.875	2.228	3.579	4.289	12.646	6.362
4.717	0.800	8.385	4.914	4.271	5.234	5.175	4.604
5.586	13.378	0.284	4.798	6.352	4.488	8.368	0.516
4.146	17.575	8.452	1.649	5.003	5.136	8.661	2.682
4.560	6.700	1.282	4.690	5.580	2.852	8.953	2.789
4.643	0.373	4.193	0.458	4.455	5.093	4.514	3.744
4.688	7.554	7.734	4.548	5.216	3.932	3.184	5.194
4.853	4.018	2.160	4.792	6.691	4.190	0.472	4.475
4.731	18.742	6.813	3.394	5.440	7.566	12.990	2.098
5.388	7.189	6.761	0.484	3.441	4.603	12.590	2.213
5.375	18.955	1.553	2.153	3.673	5.920	13.782	5.127
4.795	0.210	6.856	1.701	5.419	4.772	11.479	0.119
5.808	6.480	7.024	3.189	6.619	4.915	5.616	6.463
7.083	8.362	6.299	4.649	5.128	4.362	8.353	1.000
6.821	11.434	7.323	1.832	3.560	6.187	2.538	1.304
6.045	11.582	7.848	0.736	5.593	3.784	9.390	7.173
4.170	3.662	1.106	3.571	3.772	6.400	16.259	0.115
5.058	13.511	8.360	3.983	6.270	5.665	3.026	9.064
4.731	18.553	4.874	0.773	5.529	5.995	13.119	3.019
6.387	3.406	0.134	1.180	6.583	3.705	7.275	6.784
4.599	5.148	8.137	0.708	5.595	4.326	5.287	4.778
5.457	18.354	7.045	4.557	4.853	7.057	6.453	1.159
4.872	18.213	1.556	4.002	3.685	5.716	6.360	9.411
5.820	3.226	6.246	3.037	4.973	5.894	14.868	7.883
5.202	19.097	8.047	0.580	5.466	4.564	9.388	0.274
5.410	8.441	3.145	3.883	4.961	3.982	2.543	0.298
3.565	13.433	4.384	3.053	7.719	6.235	9.585	4.299
5.589	8.248	5.608	3.407	5.568	3.610	14.405	2.547
4.409	15.709	1.286	2.160	4.516	5.730	3.924	3.236
5.440	0.228	5.045	1.124	4.211	5.567	14.501	8.420
5.606	12.227	4.751	4.216	5.691	3.568	11.249	1.160
4.253	12.005	0.827	2.695	3.477	4.977	8.744	8.260
5.496	14.667	8.698	2.823	4.427	4.958	3.745	4.377
2.966	13.089	0.414	4.629	3.965	4.290	14.868	7.905
6.548	15.139	8.003	4.241	4.169	3.971	11.976	0.989
5.982	5.222	8.448	0.011	4.830	5.666	18.731	4.519
5.839	7.872	3.837	3.866	5.475	6.013	9.952	3.746
4.534	1.086	9.430	3.762	5.694	6.137	19.589	1.026
5.894	16.717	6.309	3.341	5.688	3.609	0.447	8.786
4.709	9.004	6.732	4.952	3.152	6.024	6.706	0.230
4.016	14.792	7.654	0.731	6.596	5.259	4.173	7.433
4.779	18.641	8.262	0.327	5.668	5.141	1.570	2.875
4.403	7.561	0.750	3.021	3.437	5.435	0.255	2.493
3.719	16.785	5.875	1.283	4.749	6.122	3.446	2.662
5.703	13.036	0.994	4.359	5.511	5.812	4.341	5.809
6.083	17.961	5.405	2.783	5.763	5.106	3.793	6.555
5.815	11.356	3.285	1.363	4.880	4.654	3.715	7.785
5.625	17.676	9.885	1.032	3.173	4.511	13.292	9.505
6.605	1.567	3.331	1.198	4.333	4.374	3.732	8.604
6.488	11.154	7.611	2.867	4.332	3.962	18.196	2.829
3.392	8.225	1.259	2.889	5.667	4.681	3.245	9.248
4.846	6.377	7.075	1.906	5.027	3.734	13.298	6.215
5.501	16.768	4.943	0.517	5.220	3.628	14.118	5.300
6.151	3.862	3.312	2.144	4.733	3.091	5.400	5.826
4.472	1.199	8.776	2.279	5.358	4.771	3.043	2.453
4.589	18.710	0.275	2.664	5.330	6.739	15.542	1.135
4.931	5.330	8.166	1.036	7.006	5.667	2.882	1.715
3.928	12.759	3.285	3.799	5.344	4.690	19.352	6.382
4.399	17.473	6.269	3.853	3.879	3.718	18.214	8.728
5.850	14.423	3.919	3.023	4.672	5.833	16.040	6.360
5.319	15.775	5.276	3.224	4.987	3.814	16.658	1.560
5.191	3.331	0.210	0.163	5.214	3.188	18.517	6.148
4.882	16.950	4.093	4.032	5.427	3.984	11.722	0.586
5.527	13.420	3.456	2.464	4.287	5.513	16.312	2.426
4.695	18.459	7.151	1.446	4.411	5.502	18.764	9.893
8.803	11.318	9.069	0.601	4.744	5.997	6.570	3.677
5.483	9.195	7.389	1.973	4.275	5.052	11.874	9.041
5.316	7.590	9.236	4.032	3.035	4.801	1.553	8.665
4.671	16.666	6.903	4.891	5.409	6.442	2.752	4.560
4.751	6.007	1.022	0.673	4.356	3.282	17.800	3.910
4.150	10.790	9.887	4.438	4.133	5.215	12.355	2.808
4.956	18.168	9.563	3.022	6.488	6.965	4.815	8.172
5.824	16.624	9.864	2.484	5.494	6.104	3.920	4.870
7.173	7.542	6.036	4.374	5.228	5.989	4.611	6.949
5.662	7.223	8.443	0.757	6.520	4.602	14.896	1.875
4.914	11.630	4.678	3.939	5.294	4.841	11.378	2.262
4.812	11.643	5.351	0.323	6.282	4.284	5.846	5.450
7.037	5.200	8.470	2.112	4.276	6.374	9.865	6.349
6.344	11.688	9.716	1.593	7.716	6.782	6.737	5.317
5.910	1.923	8.419	2.778	7.010	8.024	13.342	3.658
4.405	4.292	5.591	1.670	3.824	4.653	10.141	5.851
4.746	5.218	1.754	3.719	5.239	4.760	0.903	0.584
5.234	15.848	5.224	4.421	4.661	3.712	13.419	9.117
6.400	11.774	2.836	2.860	3.088	3.893	14.789	5.995
6.153	3.155	8.525	1.455	3.748	4.056	3.621	7.527
4.322	9.692	4.798	3.246	4.490	5.218	6.078	8.065
4.827	14.168	4.352	0.508	4.851	5.118	1.359	7.243
6.427	6.925	3.448	4.501	6.235	4.093	1.837	4.970
5.132	1.986	7.943	0.776	5.571	4.750	8.371	2.205
4.010	12.025	5.359	4.251	6.930	4.313	6.153	1.917
4.493	12.631	1.410	3.356	4.499	4.413	10.881	9.009
6.132	11.905	0.628	3.373	6.356	3.680	8.191	8.028
4.758	10.681	4.120	0.240	4.631	4.423	18.387	5.233
2.908	9.392	1.025	2.028	7.221	5.741	9.019	6.618
3.124	12.790	7.199	2.076	4.370	4.809	10.613	6.084
4.720	4.011	1.125	2.762	4.219	4.671	5.261	6.351
4.489	13.376	5.072	4.281	7.062	4.286	7.548	1.319
4.808	8.762	1.334	4.532	4.983	5.005	4.355	8.068
3.255	10.790	6.724	3.778	6.066	4.363	8.440	2.793
5.242	19.713	4.041	1.937	3.691	4.668	14.197	5.426
4.610	17.124	4.108	2.867	5.061	6.176	0.478	9.816
3.865	14.848	1.717	1.101	4.338	4.473	18.859	8.537
5.518	1.431	0.140	2.674	5.288	6.581	14.014	6.294
4.036	7.891	9.335	3.641	5.579	6.098	3.597	0.376
6.365	17.336	5.385	3.315	5.714	4.504	4.233	4.570
6.014	3.416	4.518	0.038	4.296	4.312	19.343	5.020
5.036	1.654	8.432	0.098	4.853	5.854	9.659	0.094
5.922	5.382	7.656	0.182	3.895	5.058	14.518	6.038
4.956	18.023	6.267	2.907	4.897	5.200	19.307	9.472
4.185	1.717	7.488	2.164	5.454	6.091	18.265	8.621
5.423	7.913	0.817	4.628	5.217	2.707	9.846	7.193
4.340	4.429	6.961	3.080	5.369	5.370	12.861	8.732
5.724	18.193	1.928	3.242	6.169	6.684	1.762	2.637
5.110	13.078	5.634	3.327	4.881	5.600	3.249	2.669
5.811	1.474	3.316	2.086	5.190	5.949	1.478	5.171
2.751	11.729	8.104	4.766	6.414	5.872	15.989	3.107
2.835	6.594	8.698	1.807	1.693	5.618	0.360	3.281
5.926	13.167	2.755	3.319	5.078	5.003	15.141	8.939
5.697	15.179	8.838	0.452	4.798	3.706	8.127	4.836
4.864	1.356	7.851	0.065	3.907	4.822	11.443	4.935
5.581	12.690	6.343	2.239	5.250	4.894	6.598	8.591
5.508	18.202	1.243	4.968	4.688	4.899	2.162	7.112
3.914	12.818	8.746	4.231	6.089	5.576	19.844	5.370
5.784	10.372	4.271	0.669	6.133	4.735	10.842	5.563
5.856	5.579	7.880	3.940	5.096	3.873	10.623	4.319
2.020	7.113	3.067	1.946	2.873	3.550	6.539	6.265
4.163	10.538	9.031	4.579	4.957	6.667	10.333	1.929
4.086	9.267	3.424	0.976	5.545	4.864	14.298	3.900
3.551	13.736	8.208	1.461	4.648	6.668	19.434	0.276
4.968	12.658	4.076	1.541	3.650	3.241	10.540	1.722
3.160	14.504	3.920	4.190	4.795	5.172	5.436	5.912
5.415	18.067	2.554	2.695	5.044	4.377	15.897	3.697
4.268	9.022	9.259	4.594	6.510	3.229	12.308	1.708
4.241	5.000	8.217	2.597	4.114	4.600	1.604	8.749
4.622	10.649	2.964	4.163	4.887	5.596	2.717	1.708
5.235	4.423	0.023	0.546	6.841	4.265	18.587	9.645
4.906	14.684	4.930	4.150	5.427	3.798	9.836	8.501
5.240	2.855	3.108	2.841	6.017	6.608	12.184	4.750
5.536	2.271	2.342	1.895	3.037	3.153	16.686	4.348
4.826	6.791	0.483	3.521	4.911	3.566	10.013	7.758
4.665	9.886	9.190	1.653	3.747	5.361	13.395	5.175
4.349	15.330	9.543	3.105	3.829	6.725	2.208	0.126
5.411	11.502	7.706	1.084	5.538	3.161	16.739	9.782
4.528	7.699	8.276	0.192	4.934	5.053	3.783	0.718
2.935	16.309	6.498	0.937	4.379	5.403	17.985	3.469
3.391	15.001	0.775	4.645	5.188	4.542	1.733	2.297
4.293	4.376	8.818	3.758	5.749	6.060	19.939	0.810
5.062	19.281	1.650	2.266	5.458	4.987	0.347	7.097
5.603	4.278	2.814	0.785	4.805	5.534	3.100	2.419
4.393	10.744	7.528	1.197	3.387	3.718	5.744	1.483
5.484	5.295	9.502	2.348	5.685	5.031	19.337	4.494
4.561	4.737	2.389	0.888	6.798	3.506	2.855	9.346
4.734	19.876	6.755	3.877	7.260	5.817	13.547	2.475
5.013	12.807	4.053	4.650	5.870	5.351	3.848	5.058
6.432	1.881	7.310	3.440	6.387	6.198	15.333	1.531
6.186	7.554	7.908	1.953	3.864	7.260	9.986	7.774
5.321	4.712	4.742	3.794	6.334	5.996	7.624	4.112
5.938	18.616	9.945	1.309	6.555	5.278	11.239	2.674
5.327	7.736	5.124	1.966	4.789	4.072	8.190	0.672
5.529	6.565	8.208	1.120	5.472	4.496	19.395	5.497
6.256	16.097	5.219	0.057	5.178	4.311	14.129	4.626
5.794	3.563	9.018	3.658	7.008	6.212	19.407	9.450
5.999	15.307	4.522	4.625	4.531	5.716	18.308	3.087
5.559	11.342	1.303	2.523	5.890	3.314	18.003	2.835
2.793	18.888	3.481	2.951	5.381	4.919	18.713	1.348
4.259	17.185	6.733	2.976	3.918	5.168	5.526	7.422
2.827	19.648	7.179	4.920	3.233	2.804	9.350	5.146
5.285	14.693	4.524	3.020	5.017	6.485	12.372	0.298
5.660	18.254	4.011	0.554	2.502	3.073	0.840	4.239
7.522	3.831	4.137	3.935	4.957	5.238	17.839	3.986
4.198	1.628	3.157	2.746	6.625	4.941	13.568	9.573
5.618	9.275	7.418	2.750	3.976	4.037	12.767	7.004
5.908	13.928	4.319	0.338	5.218	4.190	5.321	0.294
3.648	7.027	7.786	1.911	3.578	4.743	6.122	8.184
2.902	13.914	4.738	4.928	3.588	3.521	0.754	1.925
6.650	9.038	5.921	2.927	6.679	5.709	18.558	6.033
5.641	6.048	1.919	3.707	4.477	5.030	9.508	7.916
4.865	18.942	4.103	2.463	4.778	4.390	14.917	4.357
6.352	11.970	7.514	2.587	5.411	5.701	13.962	7.858
4.401	2.888	1.352	2.145	6.408	5.323	8.632	8.402
5.578	2.020	7.988	0.584	5.644	4.561	5.223	3.941
6.628	10.475	0.184	4.820	6.054	4.564	19.523	2.755
5.355	15.226	8.896	4.065	4.651	5.162	4.219	0.807
6.768	11.929	4.407	0.272	5.557	4.584	16.961	2.536
