1.015	-1.381	0.988	3.412	6.781
1.258	0.330	1.425	3.878	5.504
-0.574	1.247	0.647	0.710	17.447
-1.335	1.018	-0.492	0.951	9.751
-1.061	-2.642	-0.350	4.870	17.515
-0.326	-1.193	-0.873	1.021	17.495
0.557	1.291	0.676	1.707	1.670
0.395	1.642	-0.544	4.197	6.512
-1.573	0.399	-0.625	1.870	11.178
0.493	0.031	-0.270	0.481	17.744
0.192	0.556	-0.649	1.082	1.734
1.325	0.215	-0.460	2.564	2.714
-0.488	0.023	1.412	3.032	18.804
1.690	-0.218	-0.893	2.348	2.298
1.284	-0.744	0.051	3.739	12.685
-0.851	-0.438	0.425	1.718	4.550
0.318	-0.267	0.827	0.735	6.826
-0.131	-0.452	0.273	3.111	0.528
-0.044	0.397	0.153	2.029	0.511
-1.213	-1.266	0.329	3.717	3.770
-0.373	-1.697	-0.109	3.449	1.872
-0.283	1.450	-0.697	4.125	17.374
-1.272	0.682	0.815	1.922	17.871
-1.129	-0.057	1.850	1.286	16.503
-1.123	1.118	0.020	4.387	12.555
0.479	0.612	-0.699	4.284	14.108
0.960	0.144	-0.587	3.390	7.461
0.391	-0.399	-0.562	0.831	14.109
0.113	-0.025	-0.297	4.719	12.575
0.312	2.038	1.719	1.479	8.693
0.350	0.180	0.877	3.426	5.938
-0.737	-0.937	-1.026	0.144	19.260
-1.010	-0.550	-0.640	2.027	3.951
1.426	-1.299	1.247	2.658	19.238
-0.214	-0.277	-0.771	3.833	19.265
-0.411	-0.030	-0.555	1.355	15.798
-1.982	-0.963	0.167	3.559	2.871
0.879	-0.699	0.902	1.381	9.073
0.029	0.661	1.627	0.550	9.844
0.359	-0.149	0.470	4.226	10.043
0.529	0.787	0.237	1.327	14.201
0.317	0.055	-0.212	3.165	14.362
2.182	-0.386	-0.192	1.432	3.043
1.077	-0.053	0.413	4.034	14.396
-0.831	0.368	0.144	2.048	7.492
0.997	-1.082	0.653	3.041	0.591
-0.787	-0.384	1.577	4.555	12.564
0.604	0.962	-1.160	1.986	12.858
0.788	-0.832	-2.066	3.671	11.504
-0.642	-1.151	-0.810	4.775	18.739
-0.500	-0.230	2.377	0.138	3.118
-0.292	0.147	-1.520	1.698	5.153
0.202	-1.620	-1.371	0.165	3.910
-0.202	0.708	0.623	0.666	15.244
0.353	0.502	-0.724	0.709	11.749
-0.825	-0.450	-0.826	2.445	3.980
-1.142	1.610	-0.258	2.064	18.615
-0.161	-0.012	0.889	0.697	0.202
-1.605	0.304	-0.201	3.977	14.222
0.585	1.163	1.309	2.763	4.280
-0.899	1.285	-1.937	3.072	15.384
0.020	-0.653	0.867	3.588	2.462
-1.990	-0.370	-0.268	0.442	6.442
1.511	-2.344	0.822	4.754	16.679
0.937	0.672	-0.813	3.237	1.635
-1.360	-1.360	-0.163	1.766	4.656
0.873	1.388	-0.606	1.932	14.005
-1.295	-1.558	-2.076	2.719	4.801
-0.437	0.004	0.749	2.375	16.193
-1.542	1.544	-0.380	3.673	16.432
0.065	0.061	-0.118	2.300	8.929
0.995	0.500	-0.059	4.904	1.339
0.284	0.345	0.240	0.083	3.805
2.417	0.206	1.601	0.459	17.253
0.421	-0.436	-1.532	1.827	17.105
2.519	0.031	1.947	2.755	18.014
0.379	-0.422	-0.859	4.909	6.614
-1.035	1.229	1.451	3.050	7.996
1.387	-1.925	-1.658	1.679	8.092
0.996	1.067	-0.645	0.754	14.764
-0.885	0.226	0.124	3.891	19.630
0.453	0.751	1.966	1.836	8.747
-1.966	-0.136	-0.352	2.780	9.640
-0.160	-1.223	0.061	1.630	14.780
-1.230	0.795	0.728	2.407	15.881
0.032	-1.184	0.550	3.862	15.404
1.021	-0.439	-0.221	3.934	5.592
0.047	-0.630	0.444	4.801	0.927
0.369	1.792	0.084	0.833	4.580
1.741	-0.619	-0.823	2.411	15.209
-0.383	1.092	-0.989	0.676	11.825
0.188	-0.355	-1.115	2.502	19.210
-0.983	0.791	-0.397	3.820	12.124
-2.104	0.974	-0.163	0.224	2.386
0.968	-0.370	0.814	4.626	11.498
-0.256	0.851	-0.386	1.298	6.421
1.115	-1.622	-1.529	4.517	10.859
-0.377	-1.518	-0.452	0.886	6.078
0.032	-0.178	0.012	1.315	6.775
-1.243	0.091	-1.205	1.805	1.514
0.741	0.756	-0.864	0.483	13.947
0.566	-1.332	-0.528	4.224	4.804
0.456	0.993	0.659	1.541	7.848
-1.186	-0.784	-1.353	0.510	10.853
0.974	0.374	0.377	1.723	13.434
0.974	1.389	1.908	4.081	18.088
0.401	0.676	-0.006	1.965	10.040
-0.501	-0.707	0.058	3.572	7.980
0.269	1.394	1.785	4.563	19.814
-0.862	-0.070	-0.190	2.543	5.486
0.515	0.500	-0.588	0.334	18.119
-1.117	-0.909	1.547	3.634	9.135
2.114	-0.198	1.023	1.258	5.441
-0.718	0.117	0.266	2.198	16.821
0.024	1.208	-0.090	4.811	0.871
-0.848	-0.259	-0.674	1.411	4.899
-0.173	-0.582	-0.884	0.690	8.204
-1.801	-1.040	-0.338	0.669	10.387
0.816	-0.023	-1.022	4.649	10.236
-0.198	2.296	-1.243	4.827	0.550
-0.253	0.316	-1.038	0.276	6.739
0.239	0.595	-0.041	4.497	4.333
0.177	1.099	0.354	2.337	6.826
-1.155	1.815	0.679	0.248	2.789
1.643	0.148	0.207	3.236	0.016
-0.368	-0.261	1.190	4.555	8.624
-0.998	0.025	0.292	2.287	6.550
-1.561	-1.519	-2.400	0.165	6.719
0.928	-0.735	1.160	3.451	15.831
0.449	-0.500	-0.454	0.006	6.191
0.039	-0.370	0.961	4.272	1.494
-0.517	-1.264	0.171	3.721	10.498
0.738	-0.242	-0.517	4.978	0.031
2.092	-1.615	0.560	2.144	10.804
1.005	1.905	0.436	3.054	7.644
0.608	0.847	0.648	2.834	12.249
0.001	-0.047	0.758	1.339	16.503
-0.717	-0.656	-0.331	1.521	7.976
-0.909	0.273	1.454	1.545	12.636
2.064	1.552	-0.896	1.390	4.175
0.272	-0.842	-0.445	0.425	19.243
0.400	-0.181	2.475	3.690	3.344
0.687	0.183	1.631	3.110	11.568
-1.175	1.064	0.243	0.789	5.630
0.794	-0.970	1.415	2.185	19.542
-0.390	0.134	-0.136	3.406	5.561
-0.290	0.699	0.384	2.829	5.100
0.468	-0.840	0.091	1.519	18.664
1.707	1.877	0.456	3.754	14.891
-0.374	-0.943	-0.406	2.717	15.867
-0.990	-0.485	0.598	2.055	18.311
0.288	1.187	-0.912	1.694	4.218
-0.312	-0.350	-0.128	2.996	18.179
0.562	-1.235	0.270	1.137	8.515
0.584	1.551	-0.125	1.860	16.989
0.191	-0.490	1.288	3.286	9.294
0.218	1.420	-1.285	4.018	19.479
1.476	-0.035	-1.182	2.087	7.602
-0.761	0.974	-1.158	0.957	16.933
-1.173	0.617	-0.666	4.521	12.180
-0.985	0.700	-0.153	4.540	3.616
-1.593	1.419	-0.238	2.639	15.647
-1.467	0.322	-0.008	0.678	18.594
0.775	-0.175	-0.538	4.124	13.452
0.369	1.386	0.672	0.288	10.554
-0.090	-0.307	-1.764	4.107	1.019
-0.790	-0.555	-2.845	2.711	5.331
5.396	9.941	4.890	4.772	1.960
4.769	8.426	6.357	3.447	13.435
5.748	1.994	4.909	4.577	19.021
4.981	6.187	4.165	5.385	15.171
4.025	0.349	3.742	4.494	11.836
4.912	1.936	5.801	4.965	11.425
6.409	7.916	4.665	4.687	0.703
6.079	6.827	5.866	7.752	7.302
5.860	5.792	5.474	5.942	11.387
4.499	5.518	4.384	5.222	5.174
5.106	4.711	5.419	4.226	9.450
4.397	5.017	5.958	5.830	1.327
4.086	5.715	5.070	4.774	18.868
5.072	4.187	5.918	6.021	5.961
4.213	5.628	5.851	5.920	0.563
5.015	0.722	5.289	4.158	19.344
4.930	3.798	5.475	4.061	5.473
3.234	6.830	6.058	4.970	12.274
5.296	4.845	5.850	3.959	7.548
6.729	7.453	5.894	5.503	16.104
4.505	0.303	5.461	5.017	12.566
2.212	5.407	5.954	3.399	0.404
5.790	6.965	3.437	5.669	6.123
4.540	0.126	4.669	4.325	6.945
4.689	7.437	3.697	5.606	4.466
3.987	4.191	3.005	5.092	3.517
5.312	2.631	5.089	5.173	12.473
4.686	0.473	4.801	4.723	18.277
5.387	7.107	2.690	5.184	10.329
4.530	6.571	7.144	4.148	18.787
4.889	3.507	6.898	4.927	7.287
5.657	1.666	6.929	2.960	17.028
5.437	0.900	4.125	5.281	6.147
2.907	6.693	5.168	4.592	14.351
7.296	3.818	2.715	6.430	3.112
4.545	9.590	4.843	3.780	2.298
5.285	0.341	4.882	5.692	17.291
7.335	7.332	5.216	6.146	7.259
5.047	1.461	7.309	4.266	9.852
2.863	7.130	3.937	5.157	6.443
4.747	2.810	3.443	4.612	7.265
5.233	8.664	4.350	4.790	8.742
5.965	5.577	3.947	4.902	1.990
5.054	9.719	5.523	4.235	17.471
4.480	6.890	4.605	4.408	6.241
5.183	7.796	4.622	4.039	11.091
4.570	7.819	6.037	5.995	16.378
4.757	9.234	6.067	4.717	16.083
5.507	7.143	2.606	5.705	14.214
5.736	1.172	4.003	4.123	19.232
3.573	2.651	4.355	4.537	2.626
6.402	4.555	7.143	4.573	19.676
6.347	0.167	5.236	5.125	18.368
5.514	1.534	4.680	5.235	5.871
3.948	6.769	4.457	4.975	12.166
5.619	4.452	6.145	4.825	14.551
4.236	2.229	5.766	4.198	17.716
5.227	1.092	6.423	5.765	2.157
5.041	4.782	4.464	5.505	6.992
5.755	1.666	6.105	7.557	14.166
5.995	3.238	5.756	4.957	9.197
4.316	3.779	5.995	5.437	7.074
5.885	4.622	6.661	3.474	19.456
4.948	7.869	4.876	8.804	5.834
4.318	0.367	3.901	3.844	16.155
6.023	5.212	5.863	5.964	16.939
5.414	3.141	4.315	5.544	1.866
5.707	5.410	3.807	4.383	3.123
3.700	5.710	4.702	4.819	11.851
2.965	1.815	4.644	4.071	17.057
4.938	9.163	5.167	3.928	18.470
3.972	2.639	4.543	4.615	5.855
3.859	7.385	5.366	5.587	2.845
2.349	5.154	5.596	3.729	4.486
7.616	4.857	3.643	4.008	17.588
5.248	6.082	4.743	4.263	1.245
4.810	3.735	5.647	3.660	17.269
5.220	3.852	6.383	6.320	11.546
3.833	3.475	5.862	5.674	17.930
6.090	9.962	4.612	5.985	19.258
5.490	5.451	4.770	8.116	5.595
4.836	6.714	6.220	5.896	7.124
6.472	2.902	3.972	6.077	4.989
5.849	6.369	4.689	3.113	12.568
3.982	5.327	4.494	4.986	15.062
4.999	9.209	3.936	5.603	2.710
3.915	6.658	2.743	5.476	11.043
4.212	0.383	4.789	6.337	11.512
4.590	5.912	3.516	3.541	18.492
5.167	5.949	6.453	4.404	7.992
5.437	5.933	2.979	3.838	2.289
5.344	5.480	5.403	5.390	17.506
4.094	8.064	5.924	5.682	17.846
4.866	7.867	4.852	3.518	16.588
4.214	9.551	3.856	3.037	17.417
5.914	5.105	4.970	6.156	18.403
4.104	7.744	4.626	6.993	3.950
4.181	8.590	4.258	5.009	1.380
4.148	0.359	6.149	4.631	16.554
5.038	9.976	5.390	4.943	13.042
3.856	0.830	5.939	6.720	13.596
4.872	6.382	6.106	4.087	12.940
5.474	7.385	4.548	6.154	15.596
4.713	3.149	3.755	3.952	1.347
2.852	3.331	5.801	6.508	5.368
4.830	2.077	5.284	6.499	11.199
4.369	7.502	5.070	5.391	1.500
4.439	6.764	3.327	5.229	2.063
4.209	1.964	4.415	3.288	4.209
5.664	6.736	3.810	5.425	3.030
3.429	5.864	5.119	4.780	9.027
6.427	3.018	4.885	4.215	8.094
5.804	4.554	6.692	4.259	6.519
4.218	7.984	5.327	5.826	11.327
2.997	9.142	5.593	6.346	3.036
4.385	8.912	3.945	4.925	11.880
5.074	0.463	2.829	2.572	16.769
4.859	9.284	4.211	5.787	15.532
5.481	7.278	4.387	5.452	7.570
4.962	9.866	5.725	6.058	7.659
3.641	3.610	4.069	5.064	11.751
5.143	6.108	4.356	4.045	19.752
5.811	0.738	4.478	5.230	12.113
4.078	8.371	5.529	4.020	11.742
2.869	0.158	5.485	5.419	2.178
5.544	8.175	6.383	4.873	18.380
5.622	4.907	5.096	3.531	13.264
5.043	7.953	5.454	5.162	0.164
4.869	6.853	6.413	4.264	0.692
6.391	1.077	6.134	5.025	13.856
4.063	2.886	5.274	4.908	13.290
5.165	9.263	3.577	2.438	14.257
5.908	0.885	4.357	5.181	5.137
4.622	7.280	8.291	6.902	2.988
4.775	4.458	4.271	5.153	6.876
5.440	8.174	5.490	3.227	19.453
6.278	4.055	5.460	6.611	12.029
5.358	6.973	5.337	4.402	17.347
3.285	8.490	4.731	5.299	14.381
5.252	8.088	5.304	5.191	6.015
5.055	6.320	3.954	4.802	16.705
6.581	9.655	5.185	5.514	12.115
5.491	8.207	5.509	5.025	7.975
4.024	7.130	4.937	3.693	19.566
3.893	2.983	2.474	5.906	14.000
6.009	0.435	5.638	5.727	10.890
5.638	2.037	4.825	4.280	17.064
4.473	9.246	6.978	6.976	15.148
4.364	1.639	4.451	5.020	13.530
4.369	7.295	6.574	5.530	19.337
6.014	6.975	5.272	3.713	13.437
4.572	8.257	4.497	4.317	5.786
6.029	9.392	3.231	6.609	11.561
4.896	6.540	5.031	4.242	6.786
5.515	9.426	6.396	3.989	2.432
3.666	2.738	3.543	5.210	16.417
5.795	2.418	2.935	3.297	1.123
4.421	8.590	4.657	5.532	3.571
3.774	0.911	3.499	5.199	6.859
6.553	6.121	5.581	5.093	15.520
4.500	1.398	4.588	2.742	7.408
5.800	8.464	6.707	2.809	0.094
6.865	2.549	4.881	4.373	14.075
6.334	0.774	3.487	5.097	0.260
6.205	4.432	3.223	6.454	0.168
5.585	4.665	4.308	5.042	13.568
6.424	2.588	4.921	4.562	17.776
-6.649	1.942	-7.299	-8.471	19.205
-6.234	3.128	-7.206	-7.733	10.062
-6.364	4.676	-6.418	-7.055	6.062
-6.272	8.673	-6.420	-7.835	15.768
-7.988	3.808	-4.843	-5.905	19.619
-7.429	8.234	-6.430	-7.331	12.048
-6.940	8.924	-6.790	-6.070	18.089
-7.000	3.395	-6.493	-8.001	18.129
-9.064	3.309	-6.032	-6.507	16.676
-6.190	5.054	-7.367	-7.931	13.651
-7.978	7.055	-7.152	-6.736	14.628
-5.992	9.158	-6.553	-5.735	2.226
-7.803	7.675	-6.649	-7.212	19.161
-5.303	6.607	-7.394	-5.511	11.995
-6.726	7.726	-5.220	-6.831	12.684
-6.396	9.143	-6.827	-7.086	6.757
-8.302	9.964	-7.106	-6.004	16.790
-7.277	7.979	-6.702	-5.819	5.756
-7.705	6.446	-6.045	-7.586	12.207
-7.007	6.090	-7.802	-8.653	3.320
-6.222	0.759	-7.484	-7.913	7.459
-6.330	1.036	-6.345	-6.756	8.722
-5.978	0.774	-8.390	-7.959	0.101
-7.053	6.193	-8.263	-8.495	11.682
-6.683	7.291	-8.203	-8.891	18.630
-7.557	4.129	-6.239	-9.010	3.550
-4.854	5.573	-6.747	-6.663	15.227
-6.266	4.161	-7.572	-6.610	2.824
-9.167	3.609	-7.541	-8.544	15.820
-6.265	3.179	-9.162	-7.919	9.215
-7.755	1.550	-8.712	-5.346	4.390
-5.798	0.625	-8.227	-6.701	17.072
-8.258	9.104	-6.671	-6.471	19.984
-6.408	3.798	-6.989	-6.328	15.442
-5.860	5.569	-6.752	-5.379	1.965
-6.080	5.381	-7.952	-5.952	18.509
-6.745	3.816	-7.701	-5.696	14.301
-6.626	6.210	-8.605	-7.478	5.288
-7.112	3.214	-6.420	-7.128	2.158
-6.835	8.646	-6.301	-7.818	7.568
-5.720	3.429	-6.210	-7.599	15.223
-6.223	6.895	-6.877	-6.857	4.040
-9.784	6.032	-4.728	-7.766	5.191
-7.111	1.707	-8.303	-6.309	6.893
-6.552	4.179	-8.143	-7.810	0.842
-6.158	2.933	-6.045	-5.868	17.418
-6.932	7.616	-6.672	-6.207	5.048
-5.794	8.386	-7.004	-7.427	16.339
-5.842	8.958	-7.051	-6.886	17.490
-7.770	6.121	-7.146	-8.174	6.616
-5.541	0.796	-6.550	-7.929	11.001
-7.402	7.900	-6.502	-8.117	4.662
-6.327	3.695	-5.512	-6.221	4.416
-7.757	6.059	-7.578	-5.230	18.987
-5.206	2.074	-7.424	-6.221	10.278
-6.659	7.620	-7.489	-6.909	13.269
-7.952	4.648	-5.419	-6.414	2.794
-7.147	7.799	-7.366	-7.208	16.139
-6.868	8.216	-6.429	-6.447	6.275
-6.639	2.575	-6.402	-6.800	17.348
-5.711	6.473	-7.594	-4.652	1.927
-7.466	0.807	-7.222	-7.349	3.052
-7.812	3.224	-8.136	-6.505	17.378
-4.721	2.490	-8.081	-7.860	10.834
-6.631	8.261	-6.110	-7.488	7.765
-5.567	8.672	-4.961	-7.853	18.124
-7.279	3.452	-8.779	-6.263	10.717
-8.104	0.742	-6.324	-6.882	15.648
-5.987	1.359	-7.687	-6.775	19.409
-7.439	0.022	-7.722	-7.281	13.102
-6.941	2.597	-9.638	-5.426	15.787
-8.196	0.283	-5.070	-8.859	11.447
-8.226	8.926	-7.687	-6.472	3.663
-6.314	5.940	-6.393	-9.175	16.211
-6.435	2.308	-6.870	-7.881	8.276
-7.146	6.981	-5.178	-6.224	15.683
-6.827	4.921	-8.209	-7.799	11.899
-8.065	7.681	-6.263	-8.164	0.279
-7.906	0.211	-5.967	-6.648	10.663
-5.737	5.164	-6.857	-8.142	17.000
-6.478	2.094	-7.272	-8.358	13.441
-7.309	6.254	-6.855	-7.290	11.437
-8.371	5.385	-8.158	-8.185	5.730
-7.363	5.089	-4.756	-6.853	4.537
-5.445	4.670	-6.827	-5.639	5.441
-7.995	1.683	-6.583	-8.838	13.142
-7.571	6.532	-7.847	-7.023	19.882
-4.656	4.539	-7.140	-7.452	19.663
-9.238	3.290	-7.341	-8.098	19.896
-7.554	3.322	-8.363	-6.236	11.614
-8.632	3.230	-8.871	-7.849	13.252
-6.087	3.028	-6.410	-6.985	17.160
-8.441	9.730	-6.653	-8.801	13.236
-7.931	0.337	-7.223	-6.890	18.473
-4.613	6.615	-4.805	-8.110	11.562
-9.829	2.529	-7.213	-6.712	2.584
-6.667	1.371	-7.872	-6.361	11.948
-6.551	5.801	-7.182	-8.282	0.044
-6.662	5.157	-5.563	-7.578	13.851
-7.749	6.685	-8.070	-5.491	14.614
-7.160	6.935	-7.339	-6.913	15.545
-7.322	9.882	-6.531	-6.623	2.383
-5.862	9.478	-8.084	-8.396	5.164
-7.791	6.768	-7.707	-7.472	18.416
-6.970	1.860	-7.849	-6.752	7.884
-7.318	3.176	-7.584	-7.309	6.092
-7.129	2.493	-5.221	-5.790	13.969
-7.152	2.464	-6.650	-5.561	5.612
-5.747	2.039	-7.860	-6.300	12.142
-8.102	5.747	-6.096	-5.062	2.959
-6.786	6.152	-6.736	-6.337	14.540
-6.362	9.527	-7.566	-7.374	14.937
-7.138	9.219	-6.631	-5.840	4.697
-7.928	4.312	-6.644	-6.534	10.438
-7.318	4.406	-6.163	-5.574	3.449
-6.163	1.828	-7.917	-8.356	16.893
-7.454	8.361	-7.959	-5.508	2.232
-5.468	9.375	-9.897	-7.092	12.420
-6.524	7.799	-6.660	-6.003	11.609
-7.767	9.824	-7.069	-6.919	13.772
-6.693	9.098	-7.632	-7.304	3.866
-7.704	6.087	-6.664	-8.214	12.841
-7.558	5.830	-7.623	-8.765	13.274
-7.184	3.214	-5.569	-8.928	4.273
-7.298	4.801	-8.589	-6.657	3.320
-7.054	4.204	-7.305	-7.603	2.128
-8.536	7.629	-7.268	-5.397	4.351
-8.365	4.849	-8.227	-6.205	4.952
-5.920	2.027	-6.223	-8.015	13.274
-7.565	5.040	-6.098	-7.298	16.619
-7.026	4.924	-7.107	-5.478	11.143
-6.787	7.584	-5.661	-8.500	1.094
-6.966	4.133	-6.849	-6.591	8.923
-6.999	3.956	-7.943	-6.289	10.143
-6.897	3.916	-7.992	-6.046	8.546
-8.036	9.040	-6.719	-7.330	4.652
-6.179	7.623	-6.613	-6.797	15.756
-8.076	0.658	-7.108	-5.792	0.387
-6.692	3.319	-7.566	-9.281	7.500
-6.637	6.017	-6.125	-5.409	10.406
-6.555	7.694	-7.777	-7.324	17.081
-4.783	5.905	-7.886	-7.498	3.691
-8.685	1.484	-5.479	-4.686	15.142
-7.344	5.303	-8.977	-6.836	13.324
-5.724	4.337	-8.544	-8.323	6.933
-8.035	2.794	-6.332	-7.335	3.066
-6.007	6.833	-6.607	-5.999	16.910
-8.061	2.262	-6.818	-7.788	17.151
-6.014	4.665	-7.322	-5.770	4.209
-6.432	2.604	-5.442	-8.159	4.023
-7.728	0.432	-7.027	-5.814	12.621
-6.062	2.268	-7.366	-6.631	16.864
-7.077	9.986	-6.370	-7.104	8.154
-6.665	2.318	-7.182	-7.690	5.878
-7.790	1.235	-7.277	-7.716	1.063
-6.426	9.748	-7.489	-5.458	9.135
-6.352	7.047	-6.821	-7.362	6.229
-5.943	7.573	-6.587	-5.974	13.617
-6.096	2.845	-7.672	-7.215	8.628
-7.728	4.663	-6.895	-7.478	8.648
-9.479	8.443	-6.556	-7.556	3.297
-5.792	9.223	-8.460	-6.732	15.075
-8.644	7.807	-5.400	-5.355	5.921
-8.319	4.471	-6.773	-5.804	8.707
-6.203	3.384	-6.034	-7.526	2.401
-7.101	8.524	-8.403	-6.805	7.993
