0.218	0.843	-0.962	14.559	-0.861	-0.311	1.544	17.380	0.334	1.232
-0.006	1.753	0.558	3.803	-0.842	-0.290	7.622	18.470	0.078	-0.089
0.684	0.368	-0.559	12.138	0.859	0.211	2.793	1.489	-0.383	0.592
-1.379	1.861	0.292	14.344	-0.049	0.382	7.702	2.446	0.549	1.437
0.354	2.726	-1.329	0.727	0.176	0.379	1.737	4.965	0.075	1.167
2.062	4.041	1.217	5.331	-2.512	1.090	9.717	18.791	0.019	0.404
-0.078	2.115	-2.725	9.152	0.827	-0.243	4.582	7.937	-2.716	0.143
-0.807	3.218	-2.561	1.254	-0.562	0.462	9.328	4.325	-0.834	-0.788
0.056	3.659	-1.068	11.012	0.794	0.272	9.894	17.323	-0.319	2.813
0.833	4.204	-0.747	11.124	-1.227	0.379	8.989	2.929	1.323	-0.795
0.038	1.357	-1.128	19.706	-0.367	0.041	1.645	18.216	-0.533	1.606
-1.353	4.778	0.151	18.384	1.262	-0.298	8.775	1.636	1.150	1.788
-0.188	1.539	-2.021	9.586	-0.544	1.714	1.666	1.612	-0.356	-1.792
0.579	3.154	0.000	9.451	-0.481	-0.346	1.654	9.999	-0.597	2.135
-0.255	2.277	2.611	4.815	1.159	-1.660	4.966	13.003	-1.514	0.018
0.271	3.495	-0.996	4.375	-1.041	1.280	5.465	12.199	0.013	1.141
-1.167	3.783	-0.730	12.727	-0.439	-0.384	3.857	5.893	-0.254	-0.568
0.671	1.756	-1.016	0.497	0.073	1.428	3.439	15.559	0.784	1.387
-1.133	1.060	-1.554	17.476	0.703	-0.184	5.183	14.539	0.496	-0.525
-0.440	1.635	1.964	16.095	1.221	-0.631	4.080	17.691	0.032	0.537
0.615	1.850	0.114	3.377	0.911	-1.343	3.285	16.034	0.481	0.541
0.476	4.677	1.627	10.883	-0.124	-0.094	0.262	1.473	-0.884	-0.180
0.322	0.518	-0.104	0.456	0.541	0.365	0.210	0.350	-0.582	-0.726
-0.902	1.618	0.762	12.912	-0.050	-0.484	3.817	9.689	-1.653	-0.082
-2.305	4.973	0.601	4.702	-1.149	-0.791	5.746	15.495	0.252	-0.251
-0.398	2.897	-0.148	12.028	1.164	-0.899	2.552	14.367	0.582	0.228
-1.140	4.957	-0.292	14.342	1.600	0.930	3.704	6.446	0.880	-0.397
-0.401	2.357	0.330	5.572	-0.277	-0.626	4.386	17.008	1.405	-1.329
-1.262	0.698	-2.229	2.116	1.280	-1.004	6.872	16.529	-0.130	0.152
-0.770	3.891	0.497	8.708	-2.773	0.004	5.891	11.861	0.894	-1.151
0.345	2.091	0.292	4.399	-0.138	0.169	3.045	17.953	-0.736	0.169
0.694	2.949	0.203	4.314	0.162	0.886	8.920	11.130	-0.772	0.486
0.580	3.364	-0.509	8.651	1.656	0.462	9.772	7.913	-0.623	0.188
-0.646	2.147	-0.535	19.523	0.798	-1.264	7.886	8.014	-0.137	0.567
1.034	1.219	-0.964	8.732	0.362	0.464	1.990	1.826	1.261	0.300
-1.570	1.402	0.142	5.892	0.280	1.196	1.462	3.319	0.546	1.611
0.488	4.266	1.376	18.917	-0.359	0.528	7.905	10.518	1.499	0.468
-0.498	0.625	-2.090	15.755	2.101	-0.912	3.556	3.389	0.829	-0.541
0.663	2.967	0.756	16.343	-2.407	-0.308	4.976	7.252	-0.467	-0.227
0.139	3.137	-0.933	1.108	1.503	-1.204	5.599	2.004	1.331	0.880
0.268	4.940	2.265	16.818	0.409	0.990	4.994	15.905	-0.685	-0.515
0.899	2.095	0.929	19.824	0.715	-0.967	3.342	13.502	0.883	-0.750
0.275	4.775	-0.505	1.055	1.379	-1.295	9.065	8.763	0.644	0.853
0.391	1.644	0.288	3.404	0.781	0.037	1.564	15.737	0.064	-0.137
0.009	2.066	-1.193	6.716	-0.306	1.654	2.756	7.045	0.118	2.667
0.823	1.958	-0.086	13.680	-0.788	-0.205	8.403	6.254	1.381	2.540
0.818	3.527	-1.552	1.353	0.044	-0.990	3.894	4.215	0.036	1.538
-0.986	2.771	0.679	2.563	0.093	0.003	6.648	0.711	0.457	-1.268
0.647	1.786	1.066	16.288	-0.777	0.241	9.988	11.140	0.001	0.394
-1.186	1.679	1.500	13.237	1.419	-2.319	2.351	3.580	0.343	-1.093
-0.275	1.974	1.100	7.323	-1.368	1.682	6.714	15.200	0.216	2.432
-1.247	2.037	0.800	14.606	0.888	1.222	4.589	13.117	-0.215	-0.463
1.198	0.381	-0.049	0.172	-0.161	-1.331	9.610	17.719	0.924	-0.595
0.314	2.560	1.025	12.059	-0.914	0.478	6.310	7.767	0.013	0.437
0.208	3.600	-0.674	11.394	-1.091	0.321	8.506	7.003	1.446	-0.404
0.670	3.076	-1.886	12.227	-0.528	1.077	9.415	8.003	0.743	0.272
-0.593	3.266	0.909	13.613	1.021	0.473	7.136	9.402	-0.878	1.353
-0.388	0.708	0.935	4.033	-0.165	-0.429	8.180	1.558	1.026	0.449
1.061	4.360	-0.365	3.798	-0.464	0.615	2.470	17.729	-0.502	-0.309
-0.340	1.367	-1.651	15.776	1.672	-1.565	2.659	5.390	1.831	-0.589
0.734	0.977	-1.021	11.972	-0.157	-1.043	4.512	10.980	-0.332	-0.074
0.477	2.995	-0.887	12.006	1.400	0.588	4.995	14.276	-0.439	0.003
-1.381	2.405	-0.150	6.378	-1.303	0.256	8.696	0.423	1.231	-0.358
2.008	4.955	0.161	18.882	-2.174	-0.500	1.726	16.119	3.035	0.655
0.398	3.621	0.118	12.666	0.952	0.082	7.264	14.672	0.671	-0.645
0.627	0.732	-0.886	1.040	1.293	0.320	5.877	3.250	-1.194	0.800
0.244	3.116	-0.235	2.585	0.215	-1.475	6.870	9.035	1.279	-0.815
0.083	0.661	0.716	2.071	-1.075	-1.071	3.439	17.749	1.487	0.292
0.348	3.891	0.689	19.338	-1.107	0.230	2.380	19.294	-0.487	-1.215
-2.305	1.059	0.957	16.216	-0.337	-0.983	4.260	12.629	0.911	1.484
1.004	3.745	-1.228	13.603	-1.948	-1.789	3.172	0.754	-0.600	-0.399
-1.185	1.329	-2.537	4.686	2.063	-1.315	6.017	18.266	-0.482	0.672
-0.082	2.740	1.618	0.381	0.036	1.381	0.077	7.822	-0.766	1.531
0.062	4.076	-0.008	12.855	-1.511	0.746	6.160	17.258	-1.190	-0.688
-1.607	3.057	-1.205	13.185	0.595	0.077	1.635	4.984	-1.220	-1.102
0.501	1.880	1.772	17.622	-1.134	1.010	5.330	5.795	0.246	-0.063
-0.495	1.923	-1.885	7.332	-0.301	-0.304	2.279	1.441	-0.967	-1.355
0.729	3.677	0.192	7.631	0.265	1.563	1.716	11.265	1.524	0.946
-1.960	1.570	-0.378	17.854	-1.601	0.713	2.591	11.033	-0.558	0.515
1.209	1.614	0.255	2.892	-0.642	0.793	4.795	17.710	1.170	-1.188
-0.129	2.131	2.156	17.122	-0.020	0.691	1.236	3.293	-0.172	0.144
0.717	1.999	-1.907	2.971	-0.974	1.508	7.712	9.048	1.855	0.399
-1.385	4.045	0.226	18.145	0.791	-1.633	0.634	19.609	0.365	-0.972
0.036	2.286	-1.348	3.125	-0.192	0.008	2.157	8.659	0.887	-1.375
-0.321	3.162	0.126	18.676	-0.697	-0.536	7.113	15.711	-0.063	-0.440
-1.893	3.928	0.874	19.363	0.477	0.527	4.442	15.808	-1.257	-0.322
-0.798	4.390	-0.846	2.167	-0.009	1.276	4.297	11.656	-0.929	-0.695
-1.120	0.454	0.137	19.161	-2.354	-0.085	3.155	14.887	1.384	-0.472
1.315	3.125	0.719	14.914	0.801	0.498	0.161	9.031	1.021	0.060
1.151	3.733	-0.593	19.669	1.353	0.247	6.349	8.530	0.662	-1.053
-0.040	3.226	1.044	6.053	0.189	2.277	6.325	17.271	-0.086	-0.547
1.735	4.071	-0.102	4.894	0.983	0.046	9.193	18.781	-0.189	1.201
0.209	0.953	0.512	8.261	0.152	1.440	6.344	15.568	-0.199	0.016
0.231	1.440	0.191	16.215	0.128	0.606	6.281	6.181	-0.846	-0.255
-2.626	1.733	-0.232	10.653	-1.219	-0.632	3.766	0.000	-0.265	-0.044
1.678	3.828	0.574	4.047	-0.276	-0.041	3.322	1.129	-0.818	-0.631
-1.896	1.033	-1.218	4.958	0.224	0.027	7.871	15.134	0.554	-0.621
-0.497	1.291	-0.143	11.324	0.369	0.601	3.731	14.069	0.488	-0.816
-0.106	4.560	-1.841	2.148	0.036	0.816	8.552	2.727	-0.387	-1.087
1.083	1.145	0.677	17.321	-0.085	0.773	4.155	16.124	2.061	1.695
1.185	1.158	1.033	8.074	-0.114	0.186	7.419	6.146	-1.877	-0.830
-1.054	4.864	0.799	10.302	-1.063	-1.194	9.702	19.768	-0.365	1.382
1.741	4.790	-2.572	1.414	-0.286	1.616	6.320	5.046	0.185	0.348
-0.749	4.927	-0.638	1.945	1.429	-0.150	4.023	0.409	-0.501	0.287
0.916	0.695	-1.754	2.902	0.666	0.790	9.216	3.229	-1.238	-1.513
0.426	2.110	-1.837	5.287	-1.056	0.796	8.160	1.531	-1.301	0.980
-0.952	0.282	0.243	5.046	-0.439	-1.874	0.215	7.681	-0.501	0.494
-0.685	2.828	1.913	17.015	0.243	-1.485	8.551	8.737	-0.476	-1.535
-1.191	2.245	-0.840	13.257	-2.016	1.200	5.704	12.507	0.281	-1.793
0.471	0.655	1.201	18.405	-0.320	-0.875	9.929	13.034	0.895	0.532
0.771	1.777	0.850	11.422	0.942	0.616	0.186	4.707	0.652	-1.195
0.347	0.895	-0.361	17.684	-0.296	-1.121	2.087	9.277	-1.075	0.006
-1.491	3.137	-1.173	1.399	0.063	-0.539	4.280	4.840	-0.960	0.165
-0.652	1.500	-2.374	15.114	-0.990	-0.553	1.384	11.832	-0.863	0.595
-1.900	0.542	-0.481	15.788	-0.181	1.423	6.552	15.721	0.370	1.054
1.351	2.214	-0.546	1.745	-0.908	0.353	8.928	6.317	0.549	-1.184
-1.410	2.761	0.851	0.926	-1.760	0.379	9.333	19.804	0.201	1.003
0.498	3.222	0.989	4.777	-0.045	-1.775	6.193	1.768	1.663	0.077
-1.036	4.268	-0.207	12.190	-0.670	0.358	8.969	1.828	0.811	-0.224
-0.093	3.666	-0.571	8.023	2.242	-1.043	4.860	12.185	-0.221	-1.506
0.554	1.770	0.701	14.822	0.053	-0.865	7.702	12.829	1.328	-0.380
-0.639	2.599	1.666	17.786	0.472	1.260	4.117	4.480	0.848	-0.181
-0.110	1.569	1.942	14.374	0.734	-0.401	7.929	16.641	0.978	0.629
-0.106	1.256	0.302	14.938	0.401	-0.498	2.185	9.095	0.891	-0.232
-0.683	3.243	-0.786	10.038	0.145	0.651	9.956	10.472	-0.284	-1.237
-0.648	1.507	-1.798	10.501	-1.473	0.292	7.086	17.786	2.095	1.554
0.332	4.289	-0.733	8.174	0.327	-0.741	6.356	5.153	-0.653	1.602
0.617	0.455	0.072	16.664	0.666	-0.469	3.688	12.078	0.735	0.185
-0.242	3.867	2.187	16.780	-0.104	-1.054	6.287	12.923	-0.125	0.110
-1.746	0.884	-1.249	12.995	-2.082	0.975	8.478	19.059	-0.521	-0.934
0.065	3.885	-0.241	16.536	-1.336	-1.016	5.346	9.111	1.168	-0.018
-0.539	2.555	-0.105	3.063	-2.194	-0.806	0.531	8.200	0.965	-0.411
0.562	3.044	-1.114	12.330	0.454	1.316	9.071	18.263	1.016	1.131
0.221	3.093	0.394	7.310	-1.136	-0.190	7.408	1.181	0.642	0.054
0.207	1.846	0.640	12.565	-1.861	0.472	0.549	7.816	0.375	-1.301
0.780	1.332	0.937	7.399	-0.862	-1.113	4.246	0.805	-0.469	-0.194
0.885	0.226	-0.253	7.121	1.877	-1.255	6.521	6.329	0.718	0.982
-0.374	1.506	-0.332	3.288	0.054	0.117	7.219	5.096	-0.313	1.527
1.119	2.530	0.739	14.487	1.024	-1.815	0.827	4.882	0.844	0.667
-1.389	4.512	0.753	12.102	1.559	-2.361	7.867	18.591	1.200	0.569
0.737	4.707	-0.572	6.886	-1.300	-1.776	8.542	11.727	1.922	-0.023
-2.000	2.701	1.490	0.829	-0.831	-0.367	1.578	4.054	-0.439	1.819
-1.137	0.689	-1.119	1.478	1.121	0.401	9.322	13.305	-1.289	0.279
2.520	0.823	0.518	6.699	-0.106	0.175	7.165	12.143	-0.265	-1.081
0.973	1.670	0.240	4.321	-1.155	0.391	9.767	3.059	-0.732	1.083
0.888	2.357	-1.012	15.884	-1.141	0.889	9.005	2.289	1.212	-0.074
0.041	2.721	0.788	13.235	-1.469	-1.119	2.382	4.456	-0.072	-1.061
-0.579	3.415	0.860	4.026	0.598	0.134	8.056	15.889	0.477	0.970
-1.145	3.448	-1.578	7.610	0.361	-1.203	6.924	2.856	1.130	1.987
1.900	0.364	0.188	8.499	-0.059	-1.334	1.755	15.366	0.457	-0.452
-0.414	0.627	1.261	18.985	0.562	0.772	3.647	1.310	-0.237	-1.552
2.306	3.240	-2.614	4.264	0.186	1.018	6.121	4.794	0.118	1.230
0.151	3.783	-0.980	9.784	0.772	-1.210	3.363	0.069	0.786	1.267
-0.957	4.250	-0.452	1.040	-0.268	0.016	3.966	3.947	-0.594	-0.053
1.550	3.217	-1.601	11.160	-0.998	1.185	2.987	18.015	-0.088	-0.576
-0.537	0.371	0.892	9.153	-1.097	2.205	9.623	12.859	-1.263	0.807
0.064	1.854	2.136	11.070	-0.508	-0.312	0.153	13.627	-0.364	0.383
1.839	3.868	-1.215	14.499	0.898	0.861	3.059	1.040	-1.685	-0.081
0.605	2.029	0.429	12.808	-0.808	0.071	7.060	9.340	-0.061	0.099
-0.715	3.272	-0.602	19.748	-0.441	-0.651	1.572	6.010	0.431	0.715
-0.140	0.774	-0.664	6.851	0.680	0.676	8.705	13.937	-0.580	-0.359
1.027	0.762	0.314	5.771	-0.887	-0.538	0.517	14.346	1.903	-0.912
0.644	1.591	-1.306	13.904	0.675	-1.917	1.031	4.809	-0.434	0.754
-0.487	3.018	0.281	2.361	0.129	-0.196	4.972	1.836	-0.361	0.554
0.388	0.883	0.361	4.535	1.311	-2.673	0.145	15.874	-0.276	-1.088
1.163	2.288	-0.168	15.166	-1.241	-0.025	3.521	4.702	0.585	0.488
1.065	2.550	1.228	17.507	0.419	0.465	0.592	10.288	-0.568	0.282
-1.132	3.027	0.519	4.014	-1.260	0.336	2.494	4.525	-0.852	0.749
-0.171	2.877	0.084	8.296	-2.200	-0.961	8.532	0.047	-1.555	0.813
-0.024	1.042	1.197	5.284	0.132	0.518	2.346	19.340	1.172	1.078
3.088	0.432	0.863	10.711	-0.001	-0.601	9.893	14.256	1.623	-1.068
1.129	2.425	0.450	6.288	0.630	1.735	6.750	11.349	0.824	-0.931
-0.583	3.105	-0.169	1.347	0.774	-2.198	1.397	13.212	0.114	0.446
-1.645	2.782	-0.938	0.520	-0.216	-0.318	3.883	2.893	-0.990	0.869
2.409	4.042	1.279	3.531	0.076	0.452	0.470	6.832	-1.099	0.552
1.735	1.871	0.922	10.658	0.842	2.123	2.688	10.083	0.016	0.052
1.884	0.952	1.192	0.938	-0.171	-0.176	9.554	4.002	-0.213	1.652
-1.759	1.130	-0.952	8.126	-0.206	-0.247	2.566	11.348	1.693	-0.374
0.811	2.915	-0.209	15.172	0.174	1.506	4.591	2.253	1.373	1.049
-0.238	2.803	-0.503	0.124	-0.809	1.247	5.183	12.143	0.732	-1.747
-1.449	3.892	0.119	1.462	-0.843	1.465	3.826	0.778	-0.074	-0.701
0.654	3.982	1.946	7.083	0.373	0.863	4.895	13.426	0.153	-0.745
0.946	0.794	1.114	11.858	-0.317	0.884	7.016	13.825	0.332	-0.874
-1.495	2.274	0.927	10.861	0.848	-0.411	1.713	18.494	0.103	0.494
1.132	1.820	0.915	16.877	1.609	0.529	5.170	12.423	1.534	1.200
-0.756	2.019	0.214	6.554	-0.350	-1.529	8.879	6.318	-0.786	-0.718
0.632	0.179	-1.638	1.597	1.861	-1.698	3.919	14.544	0.076	0.454
0.243	1.584	0.036	9.932	1.015	-0.049	5.068	5.512	-1.582	-0.369
0.425	1.287	-0.134	8.135	-1.418	0.613	1.320	16.920	-1.775	-1.268
0.531	4.020	-1.646	1.518	0.255	-2.542	9.541	15.277	-0.651	-0.015
1.695	4.166	0.658	2.240	0.165	1.277	5.516	15.369	1.345	-2.180
-1.342	4.121	0.434	17.103	0.547	1.404	2.037	1.909	0.216	-1.039
-0.202	2.999	-0.135	13.120	0.324	0.621	8.619	4.385	1.932	1.479
-0.186	4.543	-0.581	19.832	-0.238	0.501	0.657	1.012	-0.545	-0.197
-0.160	0.724	0.175	13.037	0.080	-0.140	1.903	14.782	-0.458	0.062
-2.366	4.984	-1.969	7.921	-1.142	0.028	4.988	16.441	-0.100	-0.356
-0.292	4.493	0.617	12.790	-1.067	0.490	4.752	13.397	-0.681	-0.612
1.657	0.398	-1.206	14.421	-0.488	-0.684	2.923	17.779	0.863	0.401
-1.335	2.647	1.996	12.881	1.019	-0.365	3.787	15.032	0.165	1.043
0.049	1.858	1.083	12.433	0.208	-0.818	6.618	9.298	0.463	0.352
1.204	3.005	-0.200	6.129	-0.583	-0.752	7.372	13.798	-1.588	-0.888
-0.294	3.022	0.018	4.927	-0.154	0.668	9.031	2.234	-1.303	0.772
1.120	3.219	0.060	4.875	-1.305	-0.607	1.382	14.208	0.570	0.942
0.041	3.106	-0.395	17.196	-0.265	0.218	3.697	8.949	0.915	0.498
-0.934	1.280	0.301	6.915	-1.292	1.595	9.223	16.688	0.822	-1.404
2.514	4.547	-1.042	8.066	-0.541	-2.743	6.751	3.842	-1.166	1.206
0.191	0.010	-1.987	4.098	0.948	-0.307	9.026	4.372	0.675	-1.474
-0.789	4.894	-1.669	16.410	0.877	1.540	4.406	14.186	1.182	1.475
0.151	2.520	-0.905	9.597	-0.752	0.989	2.494	11.532	0.732	1.615
-0.627	0.920	-0.760	1.152	0.485	-0.215	3.107	18.891	-0.430	-0.196
1.843	4.533	0.238	4.611	-1.601	-0.555	1.869	11.963	0.144	-0.718
-0.296	3.176	-0.462	0.594	-1.486	0.361	1.731	14.081	-0.530	0.088
0.557	0.237	-1.261	13.718	1.162	-1.185	9.707	5.142	-0.418	0.330
-0.167	0.306	1.269	18.874	-1.269	0.819	8.933	5.443	1.528	1.111
-0.086	3.027	0.611	17.206	-1.180	-2.068	2.822	2.547	-0.429	0.462
-0.761	0.953	-1.218	17.427	0.035	1.303	5.087	9.228	1.889	-2.135
0.117	4.937	1.964	2.375	-1.640	-1.263	8.516	19.833	-0.574	-0.267
1.666	0.923	-1.427	2.228	0.956	-0.859	6.560	0.915	0.242	0.820
-1.771	1.069	0.163	14.452	-0.094	-0.181	6.212	17.737	-2.134	-0.441
-0.468	2.009	-1.353	16.079	-1.306	-0.198	5.063	0.093	-2.302	1.715
1.842	3.935	0.117	9.405	-0.689	0.210	8.502	1.024	1.395	1.008
-1.403	0.827	-0.455	13.025	-0.526	-1.216	8.283	4.542	-0.656	-0.333
-1.326	0.411	-0.187	10.436	-0.854	-0.120	1.010	3.151	0.207	-1.145
-0.571	3.812	0.389	4.286	-0.026	0.368	5.369	5.207	0.036	0.484
-1.066	1.006	-0.565	14.092	-0.906	1.293	5.791	19.502	0.911	0.636
-0.420	2.171	-1.218	17.184	0.135	-0.162	3.874	0.699	-0.165	0.637
-0.616	4.676	0.206	18.179	-1.058	-1.035	8.863	11.350	0.637	-2.163
-1.647	4.786	-0.653	1.032	0.138	0.911	9.972	9.926	0.163	-1.144
0.610	0.527	-0.690	5.848	0.972	2.981	9.781	13.424	0.649	-0.248
0.458	2.943	-2.310	12.260	-1.333	-0.922	8.907	4.353	1.351	-0.938
-0.020	3.593	-0.865	14.836	0.835	0.540	7.485	9.849	-1.069	0.534
-0.518	3.371	0.239	12.530	-0.397	-0.596	8.706	17.196	-0.501	0.708
0.113	4.032	0.690	8.990	1.045	-0.689	9.747	13.105	-0.744	-0.488
-0.378	2.018	0.533	4.458	1.963	-0.134	8.931	0.010	-0.701	-0.236
-1.482	3.956	0.826	13.769	0.433	-0.393	0.518	0.373	-1.059	0.867
-2.124	3.446	-2.807	2.620	0.956	-0.330	3.842	4.205	1.452	-0.640
1.180	2.839	0.937	8.581	-0.283	0.988	2.669	19.650	0.346	0.468
0.544	1.900	0.838	5.848	0.153	-1.029	3.780	6.096	-0.570	1.741
0.436	4.214	-1.268	9.799	-2.937	0.958	4.344	14.647	1.764	-1.453
-0.939	1.863	-0.549	1.268	-0.074	1.346	8.532	17.194	-1.067	-1.665
-1.452	2.241	0.456	7.244	1.058	-0.146	8.615	10.612	0.918	-0.314
2.069	3.458	0.421	7.993	-0.026	-1.109	2.794	14.682	-0.807	-0.146
0.559	1.072	-0.077	17.594	-1.760	-0.223	9.218	13.619	1.358	1.172
0.881	2.069	-0.303	2.613	0.184	-0.390	0.211	18.944	-0.137	-2.024
1.360	3.526	1.234	19.866	-0.748	-0.521	0.837	6.635	-0.219	0.196
-1.435	2.818	1.409	19.283	0.342	0.211	8.363	14.889	1.116	-1.616
-0.562	3.727	-0.400	6.941	-0.074	-0.329	4.007	16.066	-1.253	0.893
2.415	0.611	-0.874	2.311	-0.805	0.345	7.491	15.195	-1.667	0.405
-0.187	2.502	-0.384	13.785	-0.573	-0.767	3.426	19.296	0.677	-0.639
-1.131	4.207	-1.486	11.556	-1.768	0.927	5.523	12.240	-0.498	-1.248
1.915	3.494	0.797	0.338	-0.564	0.105	2.045	8.345	1.682	0.247
0.006	1.525	0.270	17.852	0.072	-0.545	9.977	15.988	0.173	1.463
-0.335	3.191	0.478	19.688	0.958	-0.565	2.732	8.665	-0.318	-0.942
0.950	4.927	-1.173	17.713	0.376	0.375	1.795	17.999	-0.553	0.416
0.975	0.536	-1.709	12.657	-1.035	1.843	8.448	5.972	0.338	-0.003
0.085	1.503	-1.648	14.646	0.089	0.868	2.995	5.776	1.154	0.353
-0.889	4.449	0.532	18.435	-0.266	0.341	5.479	12.568	1.777	1.016
0.242	3.545	0.127	19.692	-0.602	0.635	5.833	0.117	-0.551	-0.246
-0.149	0.438	-0.923	7.959	0.424	1.460	8.590	18.939	0.468	-0.880
-1.251	0.267	-1.481	1.262	-1.213	0.735	4.671	2.523	-0.043	-0.501
-0.035	2.933	-1.212	9.699	0.470	-0.159	0.937	11.403	1.518	-0.479
0.865	0.906	-1.219	17.983	-0.074	-1.102	2.579	18.234	-1.920	0.409
-1.444	2.445	-1.038	1.628	0.784	-0.094	1.677	16.265	-0.802	-0.484
-1.057	2.172	-0.142	7.832	0.798	1.876	2.535	15.576	-0.756	-0.130
-0.609	4.258	-1.249	19.593	-0.161	-0.267	0.715	10.264	0.349	-0.286
-0.334	3.396	-0.803	4.918	0.103	-0.446	0.311	15.244	-0.018	-2.257
0.976	1.972	0.481	13.187	0.125	-0.501	4.232	13.620	0.527	0.914
-0.180	1.298	-1.192	2.066	1.948	-0.185	6.475	13.985	0.248	-0.515
1.837	1.031	-0.526	2.040	-0.105	0.129	7.984	14.040	0.396	0.341
-1.412	2.259	1.254	2.218	-1.810	-0.080	5.258	0.430	-0.259	-2.157
0.452	2.887	0.415	11.808	1.258	-0.105	5.517	0.857	0.066	0.414
-2.126	2.709	0.448	7.536	0.284	1.066	6.961	6.817	0.350	0.601
0.439	1.138	-0.131	17.226	-0.043	-0.608	6.470	17.618	-0.446	-2.363
-0.210	0.671	0.113	17.623	-0.492	-0.083	3.563	11.554	1.034	-1.144
1.587	3.381	-0.118	14.544	0.271	0.969	2.419	14.983	0.916	1.882
-0.792	1.479	1.221	15.364	-1.694	-0.119	6.576	6.624	1.378	-1.646
-0.845	1.934	-0.505	6.844	-1.175	0.016	4.431	18.678	1.298	0.160
-2.131	3.728	-0.834	19.142	0.728	-1.563	0.443	0.600	-1.674	1.261
1.743	1.702	1.315	15.461	0.141	-0.924	5.899	18.956	-2.884	0.847
0.796	0.945	0.945	18.892	-1.060	-0.106	7.358	19.608	-0.242	-0.357
0.296	4.165	-0.745	0.805	-1.080	-0.684	8.286	10.528	0.135	-1.646
0.367	3.135	0.290	2.442	1.680	0.684	4.562	11.227	1.450	0.167
0.474	3.497	0.713	6.763	-0.103	0.504	7.223	9.259	1.119	0.279
-1.404	3.842	2.073	15.774	-0.337	-1.527	4.544	3.923	-0.463	1.290
1.607	0.014	0.563	2.699	0.133	-0.491	7.323	4.638	-0.105	-1.369
-0.307	4.214	-0.837	8.498	-1.347	-1.131	1.100	10.820	-0.093	0.855
-1.095	0.568	-0.780	10.048	0.072	-0.401	5.349	2.220	0.238	0.369
0.370	4.301	0.241	9.929	1.215	-1.256	2.848	17.118	-0.709	1.119
-0.606	0.648	-1.273	12.542	0.555	-1.501	1.627	7.046	0.664	0.576
1.052	4.731	0.855	10.575	0.265	-0.120	9.689	2.067	2.806	1.014
-0.578	2.636	0.915	3.264	0.126	-0.586	7.592	0.491	0.832	1.020
0.733	2.786	0.559	11.262	-1.554	1.493	5.452	1.977	-0.641	-0.105
-1.058	2.229	0.480	9.768	-0.164	1.278	1.379	7.546	-0.284	-0.267
-1.239	4.585	-0.361	14.502	-1.321	-0.047	7.298	18.570	1.648	-0.711
1.183	0.069	0.486	0.199	0.582	-0.199	0.789	5.604	0.277	-0.681
-1.207	2.039	0.958	4.628	2.529	0.852	2.937	5.514	0.403	0.720
-0.814	4.882	0.266	19.244	-0.432	-1.582	5.829	7.667	-0.170	0.526
1.322	0.634	0.870	9.459	-0.531	-0.966	7.652	15.504	-1.943	-0.100
-0.561	2.933	-0.551	12.939	-1.205	0.115	4.240	2.917	-0.425	-0.191
-0.598	4.740	-1.316	4.914	-0.050	1.217	9.510	18.121	-0.285	0.527
0.737	2.416	0.646	14.996	-1.475	0.666	4.769	13.119	-0.240	0.315
1.360	0.153	-1.478	8.843	0.087	-0.408	2.691	4.255	-0.463	-1.702
-0.742	2.461	-1.194	1.757	-1.727	-0.446	3.540	14.692	0.026	1.010
1.199	0.466	-0.028	7.737	-0.438	-0.671	7.555	18.026	0.114	-1.441
-0.008	4.623	0.526	16.449	-0.306	-0.213	7.709	19.886	-0.941	0.900
-0.517	3.546	-0.080	19.703	-0.818	-0.129	5.042	8.694	-1.397	-0.978
0.621	3.418	-1.035	19.059	-0.167	-2.099	4.371	13.333	0.095	-0.272
-1.247	1.145	-0.356	15.687	-0.890	0.496	8.432	18.470	-0.556	0.339
0.873	4.540	0.367	5.885	0.151	0.182	5.526	17.478	0.591	-0.679
-1.280	4.209	-0.506	0.045	-1.133	0.171	0.925	3.495	-2.192	0.801
-0.412	3.616	0.262	18.814	-0.609	-0.217	0.544	14.410	-0.933	-1.190
-2.082	1.589	-0.395	7.858	0.011	-0.607	6.616	2.119	-1.076	-0.712
1.568	3.460	-0.871	17.788	-2.067	-0.426	2.862	8.279	-0.593	-1.918
-0.009	0.047	1.026	2.701	0.448	0.961	6.351	8.282	0.107	0.068
1.041	1.144	0.408	6.863	1.350	0.026	4.425	13.557	-1.402	-1.470
0.357	1.290	2.386	3.896	0.068	0.930	2.231	9.874	-2.054	0.916
0.006	2.936	0.832	12.458	-0.929	0.362	2.292	19.801	0.823	-0.621
-0.404	0.835	-0.011	15.823	-0.204	-0.108	8.817	8.980	-0.553	-0.283
-2.507	0.281	-0.428	6.684	-1.216	-1.208	3.329	17.742	-0.622	2.065
1.088	3.414	1.398	13.111	-0.638	-0.311	4.470	1.385	1.304	-1.505
0.821	2.871	-1.341	15.785	0.362	0.661	8.374	0.226	-0.382	0.289
-0.493	4.240	-0.026	6.806	-1.063	-0.214	0.716	2.894	1.124	1.396
-2.053	2.812	0.244	10.523	-0.002	0.072	6.505	11.583	-0.271	-2.015
-0.408	4.900	2.018	11.425	0.917	1.199	5.155	18.431	-1.094	0.663
-1.326	4.616	0.308	15.080	-0.638	-0.983	0.532	14.748	-0.537	-2.299
-0.908	4.662	-0.064	15.463	-1.135	0.564	8.730	12.446	-1.570	-0.089
0.394	2.317	0.072	8.808	0.077	-2.683	4.950	2.860	1.593	-0.367
0.924	3.408	2.426	17.110	0.688	-0.572	8.354	4.601	-0.046	-0.383
-0.790	3.582	1.378	1.486	0.775	2.141	9.154	1.073	-0.378	-0.628
-0.901	1.104	1.450	16.772	-1.833	0.744	2.331	11.928	-1.399	-0.553
1.147	2.316	-0.172	6.866	-0.762	1.061	0.368	19.521	0.690	0.063
0.934	0.197	1.500	8.194	0.929	2.249	8.350	13.879	-1.006	-1.484
0.844	4.268	0.716	17.437	1.707	-0.034	8.272	15.345	0.476	-0.440
-0.398	4.450	1.250	13.725	0.940	-0.324	0.354	12.993	1.038	-2.065
0.099	0.766	-1.231	18.843	-1.780	1.469	0.131	14.573	0.115	-0.392
0.193	0.770	-0.380	0.925	1.249	-0.025	2.947	14.091	-0.290	1.989
1.219	3.299	1.323	3.447	0.783	-0.323	2.576	7.622	-0.935	0.351
0.535	1.405	1.303	7.091	-1.457	0.748	7.929	0.781	0.674	0.258
0.153	3.852	-0.086	1.787	-0.665	1.027	0.608	13.718	-1.688	-1.354
-1.158	4.116	-0.102	5.246	0.449	-1.503	7.104	14.227	-0.852	-0.125
0.560	1.689	-1.081	11.543	-1.040	-0.676	2.637	15.672	0.275	-0.581
0.470	4.914	1.029	11.510	0.121	-0.376	7.329	14.837	1.020	-0.435
-0.347	2.618	-0.693	5.804	0.113	0.398	8.536	11.849	0.584	0.165
2.839	3.927	-0.188	4.647	-1.825	1.329	0.596	13.018	0.881	0.762
0.620	1.945	-0.133	0.538	-1.587	1.317	9.493	6.056	0.962	0.276
-0.460	0.993	-1.613	4.489	0.132	1.112	9.599	19.180	-1.377	-0.551
-0.575	2.892	0.066	7.034	-1.147	-0.221	6.267	8.966	1.802	0.756
0.641	0.923	-0.020	15.971	0.401	0.429	3.522	12.261	1.111	-1.325
0.633	3.127	0.979	11.454	-0.411	-1.393	4.171	12.094	0.572	-1.809
0.019	4.495	2.013	13.893	1.074	-0.191	6.288	3.005	1.086	2.188
0.861	1.076	0.495	3.813	1.206	-0.060	2.520	0.891	-0.134	0.610
1.108	4.777	-1.045	19.768	1.279	0.127	7.011	10.895	0.394	1.371
-1.552	0.823	1.458	8.243	0.987	-0.232	5.158	9.340	-0.884	0.896
-0.037	4.760	-1.239	7.331	-0.333	0.155	6.978	10.404	0.401	0.334
0.545	2.242	0.138	18.994	-0.646	-0.785	8.848	2.945	0.186	0.843
-0.091	1.798	0.684	10.997	-1.426	-0.724	5.994	12.213	1.278	-1.631
-0.126	3.765	0.853	17.060	0.632	0.083	7.856	12.865	-0.172	-0.304
0.540	2.345	1.099	12.864	-0.024	-0.156	3.087	3.053	-0.477	-0.713
-0.545	3.406	-0.507	0.872	0.543	0.563	1.715	6.126	-0.187	0.059
-0.717	1.085	2.459	1.696	-0.782	0.264	2.119	9.961	-0.013	1.791
0.152	3.564	2.111	3.098	0.051	-0.102	5.446	6.425	1.433	1.222
0.241	1.808	1.359	7.370	1.059	0.032	6.909	11.024	-0.333	0.705
-0.227	3.471	-1.231	14.911	-1.094	0.199	5.884	15.377	-1.039	2.365
0.707	0.679	-0.695	12.838	-0.678	-1.165	0.017	11.896	-0.054	0.591
-0.718	1.422	1.060	6.666	-0.324	1.046	9.048	19.531	-1.028	-0.346
-0.630	4.876	0.788	3.713	-0.033	0.056	4.371	4.476	-0.399	0.374
0.287	1.739	-1.563	13.130	-0.164	-1.830	5.942	3.014	-2.229	-0.111
-0.270	3.031	-0.231	19.399	1.682	-1.079	8.354	13.641	1.196	-2.550
0.214	3.990	0.713	0.750	2.174	-1.241	3.805	7.529	-1.135	-0.062
0.422	1.848	1.230	10.302	-0.793	0.463	3.882	15.176	0.210	-1.652
1.175	3.905	0.705	17.438	-0.989	0.619	6.325	7.178	0.095	-0.137
-0.264	0.365	-0.195	12.510	-0.774	0.300	5.730	1.447	-0.441	0.055
-1.492	4.154	-0.458	11.704	0.836	0.010	4.139	8.086	1.623	0.083
-0.731	1.489	0.619	9.636	-0.476	0.090	3.996	2.699	1.103	-0.035
1.599	4.831	-0.530	11.431	1.190	-1.987	3.904	9.661	-1.219	0.387
0.290	2.756	0.678	18.588	1.749	-0.686	6.489	10.338	-0.580	0.884
-0.960	1.940	-0.116	11.842	-2.001	0.972	8.577	18.977	0.036	0.300
-1.216	4.556	-0.525	9.122	-1.050	-0.651	4.264	2.449	-0.336	1.334
-1.010	1.907	-0.480	17.967	1.248	0.251	1.356	3.326	0.121	-0.380
0.050	4.013	-0.657	7.841	1.380	-1.262	2.353	19.111	0.524	0.189
-0.276	2.722	0.903	6.090	0.076	1.128	5.877	5.241	-0.461	-0.182
0.862	0.451	1.351	2.171	1.035	0.295	6.750	3.675	1.665	1.343
-1.395	3.361	0.287	12.568	0.236	-0.125	2.888	16.114	-0.731	1.272
-0.872	3.331	-0.831	7.857	0.595	1.929	2.370	2.035	0.826	-0.959
0.702	1.518	0.470	3.865	0.225	-1.611	0.384	9.905	0.236	-0.433
-2.067	2.899	-0.937	11.195	0.360	-1.683	0.747	4.739	-1.149	0.245
-0.236	2.891	1.599	0.197	1.357	-1.225	8.639	13.534	-1.968	-0.970
0.479	0.542	-0.195	11.682	2.059	-0.986	1.202	9.339	1.129	-0.821
-0.461	0.746	1.269	19.750	0.531	0.425	2.616	12.205	-0.046	1.229
-0.554	4.066	0.694	4.625	1.208	-1.793	8.229	13.551	0.098	0.255
-0.148	3.716	1.263	1.779	0.777	-0.959	0.936	0.080	-0.073	-0.149
0.142	2.569	0.429	6.637	0.568	1.630	1.424	9.417	0.295	-0.991
-0.916	2.313	1.108	12.666	0.320	-0.949	6.813	3.494	0.019	0.011
0.667	2.886	1.295	10.256	-1.001	2.014	0.667	15.157	-0.211	0.315
1.287	4.714	-1.053	16.466	1.230	-1.044	1.836	3.616	2.728	1.320
-1.022	0.776	-0.746	14.614	0.851	-0.364	8.877	0.846	-1.229	-1.875
-0.296	0.819	0.627	0.507	-0.341	0.492	2.065	7.695	0.098	-0.730
-0.032	2.918	-0.634	0.286	-0.367	-0.382	3.273	17.659	0.088	-1.259
1.009	3.807	-1.983	18.211	-0.216	0.083	6.435	8.444	-2.004	1.815
0.573	1.316	-2.111	11.603	-0.634	0.238	9.984	0.604	-1.310	0.220
-1.512	0.607	-0.862	15.077	-0.328	1.453	9.065	18.101	1.237	1.874
1.681	1.068	-1.191	8.188	0.183	-0.329	5.518	8.324	-0.109	0.160
0.788	1.765	0.575	12.680	-0.604	-1.392	5.818	14.399	0.848	1.086
-1.849	4.020	-0.354	13.209	-2.060	-0.854	7.971	16.480	0.693	-0.191
-0.307	3.707	0.407	16.437	0.758	2.225	0.730	19.399	-0.302	1.409
0.276	4.199	-0.172	18.878	-1.143	-0.076	7.821	0.923	1.052	1.058
0.185	3.570	-0.804	18.320	1.215	-0.215	3.335	3.656	-1.989	0.466
-2.144	4.942	0.724	5.457	0.286	2.431	9.508	9.781	-0.407	0.215
1.126	3.008	1.347	16.944	0.430	-0.566	0.207	8.709	0.235	-0.574
-1.017	2.804	0.557	8.255	-0.745	0.027	1.326	18.921	1.785	-1.783
0.111	1.144	-0.429	5.966	-0.260	0.887	5.647	1.831	-0.449	-0.729
-0.929	1.679	0.749	0.457	1.371	-0.455	4.055	17.953	1.213	-0.969
-0.780	2.857	-0.203	15.771	-0.558	-0.575	5.661	15.001	0.336	1.271
0.785	1.165	0.015	18.027	0.456	1.404	3.921	3.334	1.063	-1.356
0.580	2.996	-1.544	17.250	-0.851	1.054	3.143	5.034	-0.532	-0.146
-0.747	1.635	0.739	15.649	2.345	-0.057	9.520	5.262	0.939	1.114
0.253	3.120	0.579	4.188	-0.234	0.091	4.342	14.651	0.031	-0.360
-0.501	4.302	0.307	2.052	-0.610	1.112	5.981	17.404	-0.515	0.783
0.707	0.944	-1.490	17.951	0.039	0.092	0.363	17.678	-0.319	0.922
-0.764	2.798	-2.220	13.806	2.294	-1.328	3.160	5.509	1.037	0.646
-0.368	3.688	0.204	16.835	0.764	0.745	8.577	16.099	2.465	0.752
0.357	4.640	0.588	10.798	0.809	-0.201	6.824	15.000	-0.613	0.013
-1.593	2.552	-1.505	14.222	-0.255	0.167	9.754	15.061	0.387	-1.227
0.460	1.941	-1.461	12.075	-0.062	0.304	3.646	13.124	-0.766	0.497
-0.337	0.431	1.336	9.350	0.629	0.312	7.994	7.240	-1.734	-1.074
1.247	0.152	-1.782	7.726	0.988	-1.008	1.043	1.636	1.324	2.305
-0.073	0.289	-0.934	2.851	-0.626	-0.489	7.871	4.970	-0.341	-0.711
1.396	1.790	1.064	8.203	0.992	-0.908	0.566	6.161	-0.205	0.318
-0.404	0.326	-0.103	3.842	1.180	0.996	7.501	13.724	-0.729	0.873
-0.018	4.921	-0.408	5.184	-0.565	-1.797	9.614	15.712	2.130	0.704
-0.084	0.949	-0.473	4.704	-1.311	0.964	1.128	13.911	-0.074	-0.737
-1.301	3.223	0.449	11.816	-2.417	-0.160	4.076	12.058	0.541	-0.317
-0.293	2.496	0.891	6.386	0.441	-0.544	9.489	8.108	0.531	-0.175
-0.524	1.255	-0.675	1.750	1.238	-1.187	6.649	2.834	-0.289	0.704
-0.469	1.328	1.354	0.703	-0.526	-1.933	5.243	15.387	0.180	-0.970
-1.021	4.478	0.853	2.075	-0.791	-0.301	3.453	7.592	1.000	-1.691
-0.100	4.847	-0.751	17.672	0.848	0.561	8.041	15.099	-0.104	2.639
0.443	4.504	-0.599	10.071	0.185	-0.584	3.442	1.774	-0.234	-0.540
-2.438	0.941	-1.339	9.160	-0.023	-0.496	6.095	8.883	0.538	-0.272
0.290	1.031	0.128	2.466	0.371	1.472	8.634	2.104	-1.253	0.922
-0.019	3.175	0.146	12.863	0.270	-0.355	4.675	7.842	0.495	-0.809
0.221	4.727	-0.915	8.583	-0.239	-1.738	6.126	17.869	2.232	0.465
0.829	2.956	0.957	2.512	-0.353	-1.622	2.135	6.309	-1.296	0.705
-1.399	0.326	0.516	6.350	-0.970	-1.765	1.635	14.152	0.086	1.491
-0.330	0.718	0.012	13.538	-1.265	-0.413	4.570	13.384	0.922	0.286
0.000	3.413	1.746	2.955	-0.725	0.008	2.466	4.281	-0.452	-0.218
0.616	4.160	-1.472	12.477	-0.050	0.668	1.090	15.698	-0.864	-0.592
0.282	2.509	-0.682	17.719	1.617	0.801	9.423	16.317	1.476	-0.096
0.844	2.630	-0.386	7.415	-0.181	-1.582	2.804	6.190	-1.065	-0.380
0.965	0.511	-0.010	17.396	0.417	0.372	9.854	19.302	0.011	0.156
0.692	4.845	1.287	6.781	0.634	-1.522	3.977	12.603	0.216	0.288
0.247	4.370	0.810	18.870	1.315	0.939	7.886	10.258	0.196	-1.123
0.347	1.001	-0.403	17.254	0.052	1.050	3.583	1.628	-1.153	-0.862
2.026	1.236	-0.439	18.001	-0.861	0.877	4.910	3.314	-0.469	0.386
1.800	3.509	0.210	18.445	-1.102	0.972	0.589	17.567	0.552	-0.315
1.002	1.766	-0.870	2.949	-0.350	-0.582	9.127	7.408	-0.767	1.486
-0.327	3.239	0.942	15.391	-2.506	0.134	3.536	15.620	-0.517	-2.292
-0.572	0.434	0.562	2.104	0.053	-0.706	1.057	2.472	-0.806	0.000
0.252	4.407	-1.390	13.179	-0.696	0.901	7.127	1.317	-0.188	-0.692
-0.363	2.215	0.872	15.943	-1.955	2.274	3.987	0.551	-0.933	2.688
0.278	4.304	0.060	0.599	-0.654	2.219	0.340	14.561	0.018	0.331
-1.192	0.758	0.131	18.772	-0.205	-0.014	8.725	4.918	1.102	1.313
0.887	1.983	0.946	2.413	1.753	0.485	0.081	18.942	2.189	-1.047
1.493	4.978	-0.866	7.736	1.077	0.260	0.312	14.408	0.304	0.575
0.312	1.570	0.114	7.454	-1.346	0.261	2.771	16.450	0.257	1.130
0.131	4.016	-1.083	4.418	-1.271	0.281	4.419	13.929	0.366	-0.838
0.665	3.551	0.947	3.552	0.329	1.650	5.144	12.580	0.028	-0.895
0.573	4.471	-0.743	3.436	-0.284	-1.673	3.546	9.210	-0.034	-0.517
0.609	2.037	-0.297	7.336	1.281	0.576	8.242	12.777	1.349	1.014
-0.763	1.385	0.201	9.794	0.182	1.152	4.858	3.484	0.111	-1.042
-1.396	0.961	-1.783	16.444	-0.692	1.200	3.888	12.333	-0.355	-0.444
0.309	1.148	-0.428	16.412	-0.094	-0.436	8.176	13.741	-0.030	-1.112
-0.359	4.847	-1.195	14.363	1.324	-0.466	9.610	11.255	0.496	-0.332
1.743	0.239	-1.285	17.798	-1.812	0.899	2.698	3.375	-1.951	0.116
0.107	2.913	-1.149	4.072	0.070	0.329	4.144	6.770	-1.187	0.013
-1.557	3.215	-0.406	10.601	0.166	-0.122	0.769	18.770	1.050	2.046
-0.187	3.319	2.784	16.176	0.602	-0.551	2.517	5.810	1.217	1.288
0.124	4.604	-0.586	13.915	1.024	-0.187	2.294	6.535	-1.334	0.575
-1.140	0.352	1.544	10.825	-1.320	0.962	0.936	1.480	-1.724	0.863
1.251	4.818	-0.832	9.804	0.015	1.473	9.233	16.501	1.099	-0.307
0.059	4.498	0.948	6.548	1.503	0.051	0.616	11.512	1.751	-1.897
0.449	1.892	-1.446	1.076	-0.365	-0.099	7.346	8.944	1.679	0.544
-0.924	1.327	-0.886	2.286	-0.164	0.532	4.812	6.536	0.839	-0.784
-0.451	1.327	-0.701	1.472	0.015	-0.114	3.981	5.316	-0.833	0.019
-1.467	2.252	-1.031	13.304	0.370	-1.489	0.742	14.996	0.693	-0.151
-1.387	0.330	-0.199	16.912	-0.586	2.574	3.316	12.939	0.453	-0.200
-1.214	2.034	-0.912	14.765	0.587	-0.209	4.974	15.524	1.195	-1.093
-0.007	2.991	-0.939	10.647	-1.171	-2.446	7.336	11.126	-0.293	-1.372
0.311	0.645	1.625	4.394	-1.617	-1.155	9.604	9.605	0.885	-0.117
-0.052	2.318	-1.271	10.609	1.829	1.614	7.988	7.169	-0.420	0.916
0.816	3.221	0.958	14.831	-0.230	-0.685	2.001	12.809	-1.020	-0.969
-0.057	3.945	-0.587	14.531	-1.389	-0.851	5.745	8.560	0.359	0.842
0.759	1.087	0.683	9.891	-0.391	-0.483	6.484	7.347	-0.740	-1.544
0.998	1.022	0.005	16.185	1.689	-1.404	7.505	15.131	-0.101	-1.973
1.811	1.253	1.060	0.740	-1.243	-1.885	3.308	3.728	0.175	0.823
1.220	1.037	0.549	16.468	0.898	-1.178	5.662	10.772	0.035	-0.060
0.143	2.991	-1.313	4.023	-0.924	0.268	5.635	10.913	-0.313	-2.662
2.588	2.975	0.863	0.057	0.036	-1.104	7.192	3.332	0.848	-0.667
1.281	3.934	0.342	13.570	-0.912	-3.150	2.170	2.846	2.841	0.899
0.973	2.466	-2.014	10.531	0.174	-0.401	4.199	9.913	-0.647	2.317
4.611	5.013	7.221	10.424	5.713	7.344	7.567	5.206	17.825	6.004
3.060	4.188	4.748	3.689	6.882	5.390	5.044	5.426	11.072	3.825
1.385	4.363	5.900	12.748	5.588	5.125	4.618	5.114	9.354	4.567
2.821	6.203	4.463	9.951	7.014	3.759	9.354	5.188	1.183	3.548
2.820	6.721	4.002	17.423	3.679	5.975	5.764	4.563	2.170	3.804
4.917	4.663	3.384	0.326	4.203	5.995	4.622	6.154	13.683	5.167
4.704	5.964	4.763	12.861	3.570	5.770	5.205	5.522	10.664	3.479
4.118	6.908	4.414	5.777	6.622	6.096	3.704	3.795	6.693	5.291
3.358	5.847	6.368	7.287	5.217	6.451	1.054	3.187	19.848	6.480
4.293	4.968	5.363	4.359	3.370	5.209	9.478	5.692	8.536	4.328
3.510	3.541	5.008	14.291	4.105	5.698	8.883	5.263	13.664	3.723
1.259	5.012	4.026	6.692	5.054	3.565	1.290	5.264	9.698	3.908
3.436	3.063	5.272	18.982	5.527	5.628	8.306	5.131	18.543	4.559
1.868	5.101	3.181	3.804	5.094	5.040	0.853	5.526	16.850	4.516
2.672	5.756	7.445	5.640	5.234	6.424	9.142	6.096	13.409	7.500
0.935	4.386	5.573	11.529	4.872	5.219	5.080	5.238	10.959	4.845
4.170	3.914	6.607	0.491	4.431	5.934	6.034	3.717	19.581	5.600
2.934	4.951	3.957	2.805	6.704	4.250	3.449	3.621	1.926	4.596
4.756	4.404	6.705	15.927	4.082	6.055	0.324	6.533	11.516	4.714
2.236	3.091	3.852	11.340	4.085	4.134	1.752	5.597	9.132	5.858
1.079	4.779	5.104	8.862	4.438	4.516	3.568	4.626	8.080	5.318
0.485	6.413	5.354	16.989	4.496	5.014	1.202	4.165	17.875	3.982
1.623	6.754	4.963	17.073	3.976	6.738	0.352	5.205	8.746	4.023
1.908	5.340	6.231	8.668	3.473	4.956	1.352	4.322	6.129	5.962
1.549	5.459	5.326	17.420	5.332	5.191	1.502	4.204	0.453	5.028
4.559	4.096	4.734	17.056	4.449	5.997	3.974	5.074	18.660	6.037
4.638	6.055	4.720	6.187	6.708	4.494	1.605	4.914	1.249	4.024
0.509	5.117	5.273	10.346	5.531	6.937	8.872	5.713	9.768	5.203
2.202	5.815	5.700	13.087	5.037	4.459	0.881	3.931	7.830	5.770
1.371	5.651	5.519	15.128	4.642	6.148	3.962	4.456	0.169	2.952
2.020	4.492	4.255	4.853	6.582	5.447	2.494	4.967	11.667	4.405
3.754	5.297	5.069	15.223	3.798	5.598	3.730	3.572	1.548	4.353
1.548	4.460	5.274	9.770	5.304	5.045	1.890	3.654	17.482	5.342
4.200	4.078	4.340	8.552	3.897	3.430	2.899	5.454	14.359	5.241
0.467	3.354	6.557	1.935	7.314	4.625	8.256	5.815	10.236	4.836
3.901	7.178	5.573	9.010	4.721	4.456	8.291	4.707	8.343	6.504
0.019	4.093	4.821	9.517	3.974	4.155	3.207	3.752	10.469	3.056
0.620	5.421	3.186	15.765	4.405	5.486	6.537	3.600	6.455	4.066
1.802	3.746	5.526	12.295	4.644	4.900	7.668	4.918	6.872	3.982
4.675	3.090	6.004	12.450	4.704	6.112	3.401	5.181	9.474	5.862
1.854	5.545	4.592	11.921	5.000	2.841	6.988	4.896	10.916	3.718
2.910	3.641	5.598	18.651	5.654	5.439	9.962	5.703	2.112	3.738
2.618	6.493	6.182	15.717	4.435	5.402	1.861	6.260	13.945	4.332
4.178	4.592	6.201	18.389	3.343	5.703	0.357	5.112	2.768	6.095
4.764	3.306	5.071	7.837	8.320	4.250	7.582	4.449	6.182	3.096
4.920	5.858	3.404	18.790	6.057	3.192	6.160	3.997	3.223	3.680
3.160	4.688	3.602	1.045	6.034	5.061	6.088	2.859	13.112	4.268
4.380	4.032	3.723	8.391	4.217	3.943	0.358	3.985	16.637	6.207
4.805	4.277	4.171	12.759	3.779	3.269	7.737	4.245	18.258	6.480
2.021	4.622	5.212	19.367	5.126	5.671	4.996	6.391	8.722	6.518
0.126	5.026	6.283	11.790	5.697	5.984	8.287	6.238	9.949	4.034
0.472	4.066	4.605	5.015	5.886	6.439	7.240	5.220	19.542	5.133
2.309	2.546	5.956	13.180	5.059	4.541	8.170	4.233	7.608	5.324
4.444	6.640	6.308	4.920	3.995	4.792	7.574	5.651	9.652	6.432
2.099	6.192	3.697	7.683	4.017	4.245	1.609	6.920	15.989	5.777
1.705	4.076	6.160	16.022	4.267	5.584	7.488	4.938	11.892	2.683
4.044	3.952	4.560	9.702	4.779	6.309	6.693	6.568	16.018	7.053
2.860	6.450	6.923	2.231	3.903	4.173	8.129	5.878	7.049	5.642
3.152	6.141	3.625	11.618	4.412	3.670	5.483	4.607	17.655	3.000
2.516	5.138	5.780	18.713	5.079	4.876	8.899	3.676	4.109	4.187
3.201	5.157	4.037	14.707	5.413	6.180	5.599	5.544	16.796	5.358
4.510	5.372	4.466	17.149	4.321	4.639	9.082	4.026	16.884	4.349
4.231	4.863	4.054	17.085	4.673	4.933	4.954	5.843	16.399	5.461
0.876	4.634	5.324	10.255	6.012	5.699	7.002	4.206	5.684	4.700
2.822	2.624	4.985	15.318	4.827	4.352	8.703	5.252	5.182	3.028
2.349	4.644	6.296	12.627	4.998	4.615	4.796	2.774	15.132	3.799
0.441	6.142	6.207	1.129	3.923	4.671	0.131	5.179	17.763	3.799
1.557	6.847	3.930	6.708	4.339	5.987	7.004	6.373	6.182	3.721
4.678	4.000	4.864	4.972	2.579	6.459	6.172	5.513	14.300	3.971
0.287	4.079	3.695	13.282	6.944	5.566	9.407	4.456	16.189	6.670
0.205	3.817	4.459	9.182	4.600	4.740	7.432	5.005	18.290	3.942
1.123	5.427	4.283	19.769	5.112	4.316	6.286	3.794	1.292	4.894
3.077	5.289	4.502	17.745	4.980	5.311	6.707	4.975	4.401	4.680
3.211	3.806	5.287	4.907	3.622	5.268	5.446	3.106	7.192	3.536
1.812	4.412	5.162	18.371	4.913	4.569	5.372	4.395	19.869	4.686
1.550	5.863	6.030	13.879	4.671	2.731	5.165	4.405	14.673	4.240
2.109	5.567	5.407	0.435	5.081	7.011	7.782	5.611	2.451	2.809
4.324	4.162	3.649	1.362	5.597	8.648	4.498	6.072	5.518	5.812
0.175	3.727	3.928	7.145	5.572	4.870	5.022	4.379	18.442	4.620
0.254	4.860	4.989	17.414	5.396	5.469	0.922	4.721	11.424	4.136
2.325	6.137	5.347	13.064	5.862	5.056	3.417	5.587	18.118	5.882
1.044	4.810	3.017	15.899	6.217	4.658	1.893	5.890	13.633	4.512
3.030	6.056	4.678	9.654	4.067	5.699	3.755	5.396	19.859	4.436
2.106	4.225	5.710	5.222	6.834	5.132	6.005	4.406	3.411	3.697
0.144	3.967	4.745	5.202	4.131	4.632	8.900	4.799	3.195	5.301
3.827	6.233	6.863	11.647	4.697	3.714	9.293	5.822	15.795	5.870
3.455	5.130	3.881	18.214	5.137	4.543	4.156	5.888	1.785	6.236
0.714	5.661	5.463	8.178	6.047	5.050	5.595	4.804	11.274	3.718
0.561	4.167	4.959	10.336	4.503	4.463	4.411	5.692	15.980	5.124
4.576	4.323	5.178	3.697	5.319	6.122	9.165	4.308	17.882	6.316
1.698	3.274	4.706	2.230	5.230	3.035	4.055	4.797	11.997	6.150
0.708	5.352	4.922	6.598	5.474	4.408	0.654	5.211	13.279	4.129
3.648	4.812	5.298	14.006	3.964	3.957	5.346	4.748	7.675	5.942
3.074	5.865	4.955	5.436	5.236	3.884	7.232	5.278	15.425	3.233
0.371	5.276	4.723	6.073	5.249	7.448	8.487	6.223	7.734	4.381
1.673	6.410	4.677	10.973	3.213	4.548	4.403	3.886	18.646	4.778
2.401	5.794	6.687	7.450	5.110	5.587	2.446	3.333	10.662	6.844
4.359	5.526	5.584	5.893	5.425	6.667	2.612	6.342	9.211	6.040
2.141	3.339	5.357	1.008	3.656	6.673	0.508	4.770	6.905	5.650
4.016	7.019	5.682	0.648	3.965	4.610	6.795	5.817	12.144	6.429
1.417	5.203	5.057	12.847	5.412	5.446	0.811	3.355	8.151	4.572
3.210	5.225	6.794	10.593	4.527	5.391	9.720	5.767	11.576	5.753
0.964	4.942	5.519	8.508	6.515	5.011	2.034	4.991	1.942	5.473
2.009	6.418	5.796	11.391	2.818	5.356	1.736	3.961	8.096	4.510
1.147	4.567	5.049	6.153	5.833	5.147	9.113	3.570	9.448	6.019
0.563	5.608	4.731	4.060	5.838	2.562	3.662	5.088	14.804	5.104
0.638	5.220	4.445	2.568	5.637	4.742	6.309	6.156	19.413	5.491
4.981	4.215	5.196	18.780	5.492	5.238	2.114	4.509	3.404	5.514
3.353	5.838	6.995	19.951	4.812	5.083	2.055	4.781	15.306	4.623
2.892	4.108	3.561	18.554	4.852	4.162	6.338	3.544	10.203	5.564
1.533	5.307	4.057	17.970	5.033	4.500	2.649	5.016	18.402	3.889
2.092	6.084	4.606	2.490	6.350	4.216	6.507	5.148	12.660	4.533
2.605	3.845	6.194	4.816	4.298	4.009	9.987	5.396	10.689	4.815
3.395	4.662	5.952	4.983	5.611	4.078	0.381	3.469	9.305	4.506
4.589	5.014	5.623	12.280	5.142	5.171	5.995	5.845	0.471	4.199
0.461	4.819	3.648	7.721	4.685	5.505	4.491	4.634	5.982	4.624
3.227	5.668	5.408	0.477	4.145	4.317	3.875	4.162	0.098	4.301
2.747	2.321	4.452	15.249	4.188	3.916	1.708	4.249	5.613	6.515
1.477	5.069	6.231	1.294	4.158	5.925	4.514	4.676	11.990	3.833
2.339	5.876	3.837	1.960	4.989	5.761	0.286	5.549	8.518	5.293
0.936	5.602	6.046	14.789	3.979	6.191	8.039	5.766	16.577	4.009
2.736	5.509	6.144	16.550	6.001	4.378	1.225	4.448	16.733	2.979
4.335	6.381	5.574	2.404	4.498	3.073	0.414	5.194	3.167	4.009
2.574	5.308	4.912	1.628	5.063	4.472	0.171	5.322	16.712	6.622
0.462	6.437	5.204	17.745	6.045	3.822	5.082	4.843	0.238	5.412
1.555	4.919	4.239	3.840	5.851	4.230	9.752	5.273	2.439	4.669
0.297	4.276	4.460	15.204	5.375	5.261	7.317	3.995	19.205	6.145
4.821	3.426	5.724	18.065	4.974	5.362	1.571	5.717	5.974	3.390
0.554	4.885	5.155	10.565	4.745	5.967	8.854	6.439	15.997	3.663
0.996	4.850	4.676	1.923	6.368	5.676	3.441	5.449	12.760	4.310
4.914	5.776	5.047	18.277	5.285	5.162	0.437	5.984	4.012	3.988
4.906	6.392	6.047	17.208	3.762	5.268	9.018	4.082	12.112	4.511
4.376	3.899	4.921	18.739	5.251	5.395	7.576	4.901	12.022	4.340
0.946	4.846	4.075	15.610	6.025	4.237	5.752	5.927	19.787	4.567
4.111	2.952	5.729	15.567	3.898	5.956	4.699	5.711	10.280	5.139
1.476	4.410	5.131	0.159	4.839	4.587	3.200	5.616	7.201	4.843
1.790	5.436	5.443	1.238	5.795	4.151	9.275	5.463	6.893	6.033
2.335	5.295	4.855	14.671	5.332	4.803	0.619	4.721	9.143	5.762
0.555	5.597	5.719	15.025	6.033	5.308	9.220	4.923	17.410	5.770
3.976	3.924	6.426	11.270	5.958	4.384	0.976	4.431	18.220	4.653
1.328	5.836	7.922	8.874	5.107	4.045	7.873	7.020	17.137	6.563
2.884	5.888	4.810	5.138	4.031	5.971	4.080	5.539	6.775	6.659
2.983	3.861	6.102	19.472	3.798	5.753	9.055	4.875	11.789	6.194
4.722	5.121	4.945	6.659	4.005	3.984	6.107	5.234	13.679	6.047
0.663	5.869	4.387	0.936	6.876	6.838	7.515	3.919	13.869	3.826
4.906	5.121	6.560	13.773	4.649	4.809	2.658	5.268	4.411	5.541
3.785	7.128	5.543	19.218	3.242	4.687	3.462	5.516	1.780	4.525
3.190	3.478	5.681	15.608	4.979	5.445	0.955	4.432	19.797	5.146
3.029	4.040	5.624	5.292	5.484	5.775	6.548	5.143	16.001	3.948
1.321	4.441	4.288	14.798	4.142	2.259	6.942	3.488	1.036	4.937
2.805	4.999	5.105	2.168	4.053	6.189	8.394	6.030	9.415	3.949
4.153	5.573	5.361	8.714	4.766	4.200	4.052	4.642	7.091	4.106
1.785	5.590	6.937	14.552	6.500	5.050	3.993	4.357	18.064	5.865
1.160	5.825	5.439	5.278	5.746	5.716	7.425	4.623	1.191	4.439
1.535	5.923	5.555	19.355	6.391	4.630	7.187	5.620	9.984	5.415
2.679	5.376	3.591	15.584	4.806	2.857	6.779	6.496	7.854	4.943
3.497	5.508	4.900	1.022	6.206	4.188	7.663	4.570	0.289	5.997
1.197	4.175	5.799	14.169	3.806	3.201	6.291	4.995	10.496	4.189
3.603	4.736	4.755	9.094	3.204	5.842	6.175	5.487	11.027	4.794
3.336	4.476	5.026	1.135	5.300	3.528	2.065	4.629	18.788	2.962
4.668	3.748	5.541	15.347	5.275	5.352	2.217	4.191	5.965	5.548
3.186	4.944	3.870	16.518	4.782	4.813	3.267	7.401	7.842	5.136
1.504	5.067	4.104	2.941	4.890	5.209	4.570	6.112	2.241	4.252
2.283	5.072	5.253	15.375	6.036	5.450	5.495	4.454	19.066	5.828
1.373	5.195	4.407	10.466	3.397	4.138	3.716	4.524	7.592	6.537
3.624	4.903	5.218	9.870	5.048	5.827	0.593	6.484	17.265	6.862
1.460	4.032	3.586	17.485	3.688	4.018	1.221	4.526	9.898	4.782
1.620	5.448	4.492	8.440	4.016	4.674	1.400	3.079	9.670	7.359
4.309	4.922	5.954	7.865	4.691	6.305	8.630	4.369	2.597	4.513
1.710	6.089	5.763	8.430	5.977	4.993	6.407	5.650	0.019	5.564
2.688	4.444	4.932	2.173	5.554	4.363	5.484	4.388	1.482	5.272
2.253	4.481	5.432	15.816	4.103	4.914	4.277	3.983	0.999	3.751
1.595	6.705	4.617	19.340	5.245	4.763	7.034	4.063	17.147	4.900
4.819	5.968	2.926	13.152	4.848	5.620	4.581	5.178	15.041	4.090
1.429	4.109	1.704	10.605	5.387	5.200	9.439	4.003	6.749	5.243
1.538	3.856	4.299	6.241	4.088	4.899	7.325	6.342	8.195	4.606
2.815	3.955	5.506	11.957	5.675	5.362	6.794	4.827	3.683	5.701
4.507	4.853	4.468	6.355	4.497	5.086	2.870	6.226	10.321	5.376
3.035	5.424	4.812	12.749	3.606	3.872	3.035	5.236	1.427	4.480
3.296	5.548	4.182	18.859	5.546	7.145	2.121	4.834	7.333	6.379
4.956	3.781	5.468	17.340	5.537	6.408	4.466	3.610	12.556	5.235
0.947	5.856	5.986	0.959	6.795	5.420	8.772	4.746	15.172	5.145
3.822	2.901	3.783	5.706	5.242	6.070	3.731	5.384	0.636	3.232
0.555	3.432	4.762	4.434	4.780	5.166	0.121	3.977	14.630	4.345
2.506	4.994	4.692	1.992	5.876	4.230	3.334	5.528	16.242	4.034
0.006	4.309	4.637	6.410	7.316	4.961	6.742	6.925	1.770	3.897
3.776	6.061	5.248	19.331	3.065	4.970	6.073	4.639	7.931	5.645
2.859	5.519	4.082	17.374	3.521	6.854	5.503	5.258	19.927	6.014
0.000	5.196	5.027	4.814	7.393	4.711	8.788	2.977	17.535	4.580
3.715	5.509	5.350	19.164	4.654	3.760	7.301	5.740	12.404	5.872
4.693	4.306	5.836	17.980	5.222	6.745	4.627	3.526	1.634	5.238
0.074	5.371	4.694	19.787	5.840	5.311	7.714	5.590	2.789	4.337
1.655	5.427	6.993	0.384	6.621	6.017	2.181	4.471	16.346	5.297
1.483	6.186	4.270	3.888	3.871	4.383	9.086	4.092	7.881	5.757
3.427	6.322	3.916	5.484	4.213	4.828	4.176	4.336	8.814	5.612
4.961	4.734	3.475	19.816	5.726	5.995	8.376	3.951	15.314	5.931
1.489	4.126	4.255	18.382	5.413	3.279	1.970	4.389	9.059	5.039
2.949	4.028	3.821	5.913	4.674	3.352	7.919	5.937	10.412	5.834
3.903	5.073	4.746	11.022	5.231	5.918	5.825	6.209	9.557	5.577
2.150	6.609	4.446	2.445	4.749	6.666	2.678	4.797	6.550	5.288
2.434	4.886	6.308	9.583	4.554	5.946	4.570	3.625	10.894	4.353
2.488	4.572	5.463	15.563	6.073	6.833	8.580	4.119	15.224	6.444
3.293	5.214	3.702	18.329	5.934	6.015	2.191	5.202	5.744	5.054
3.354	3.486	4.646	2.511	4.557	3.949	3.350	5.229	6.945	5.620
2.478	6.228	4.498	13.495	5.785	2.925	8.765	4.398	3.292	5.395
3.948	5.347	3.959	11.020	5.899	5.895	6.908	5.615	9.960	5.096
1.201	6.426	5.662	1.829	3.867	3.484	5.320	5.596	15.124	6.020
3.927	4.560	5.660	17.791	6.059	5.327	2.889	5.704	3.805	5.698
1.748	4.371	6.128	17.008	4.473	4.947	6.609	3.208	2.910	5.456
4.214	5.531	5.666	15.559	4.340	4.154	7.489	5.397	8.642	5.091
2.003	4.151	6.194	19.427	4.614	2.025	1.502	5.206	4.348	7.361
2.060	6.302	4.684	3.970	6.068	6.416	4.024	6.981	10.180	6.562
4.804	5.613	3.274	3.378	5.608	4.476	8.415	7.063	3.512	3.892
0.505	5.310	4.619	4.856	4.141	4.709	3.326	5.090	1.472	5.213
3.428	6.659	4.520	14.783	4.418	6.395	3.764	6.217	1.039	6.284
3.443	6.345	7.612	13.103	4.976	5.116	0.309	7.592	4.445	5.668
4.211	5.403	4.549	18.437	3.386	5.150	8.184	5.267	17.321	5.173
4.667	4.060	3.159	14.709	5.332	3.924	9.550	5.860	9.922	3.504
1.974	3.547	4.816	19.772	5.652	5.193	2.452	6.041	7.305	4.966
2.912	5.119	5.337	12.653	4.623	4.330	0.804	4.950	14.246	5.625
3.118	5.276	4.819	8.014	4.250	5.143	2.265	4.770	13.174	4.080
1.032	5.711	6.037	4.969	6.065	4.920	8.850	4.591	4.572	4.904
4.153	5.437	3.877	6.855	5.090	4.460	7.216	3.915	9.345	6.080
1.776	5.266	5.631	6.927	5.736	5.762	6.470	4.852	2.580	4.663
4.944	5.782	6.229	16.201	4.969	5.647	6.223	4.355	14.713	5.122
1.001	4.739	4.023	4.402	6.323	5.094	2.413	4.834	9.275	4.748
3.413	7.444	5.210	19.386	6.110	6.906	1.241	4.763	12.832	5.946
3.879	5.163	5.316	1.324	4.515	2.728	2.227	4.721	2.179	4.706
3.077	5.159	5.067	19.639	3.399	5.721	9.665	3.238	6.962	6.340
4.307	5.481	3.681	12.021	5.895	5.955	8.051	4.881	15.147	6.849
3.203	4.927	4.688	18.132	5.303	2.663	2.374	5.284	6.881	4.080
2.950	4.885	5.291	18.057	5.815	3.861	6.932	4.544	11.054	5.548
0.785	5.917	5.608	9.922	3.393	3.046	1.391	6.388	11.728	4.445
1.002	4.375	2.783	19.458	5.830	6.732	7.526	4.012	2.961	5.543
4.776	4.316	4.047	2.606	6.213	5.086	7.881	5.603	15.928	3.953
0.549	5.846	4.449	7.795	5.362	5.526	2.616	6.434	17.124	5.452
3.863	3.983	5.331	13.366	4.941	6.592	2.510	3.844	4.586	4.721
1.625	5.264	4.970	6.060	5.620	6.187	6.132	3.547	9.879	5.115
1.200	5.374	4.196	14.490	4.587	4.792	1.424	6.394	1.338	5.239
1.880	4.602	5.335	1.551	4.380	5.176	0.036	5.661	8.798	4.521
0.529	4.638	5.863	1.864	5.620	4.598	1.193	4.827	10.777	5.543
3.348	4.710	5.637	12.197	5.444	3.698	8.968	5.380	16.268	3.696
1.079	5.523	5.918	1.806	7.696	3.516	5.486	4.688	16.011	5.259
0.182	3.755	4.868	7.875	4.223	5.630	1.419	3.751	0.030	3.732
2.920	6.808	5.632	11.581	5.924	3.152	3.803	6.749	2.295	5.852
3.572	4.830	4.395	12.073	5.727	4.137	7.330	7.151	0.372	4.454
1.534	5.835	5.229	1.144	6.405	5.998	5.394	4.021	11.869	6.942
0.224	6.541	5.760	12.657	6.303	5.464	2.482	6.401	15.196	5.293
1.517	3.951	5.871	17.672	4.373	5.175	6.722	4.219	2.079	4.296
2.148	6.290	5.622	18.036	5.066	5.546	7.980	6.897	18.690	6.029
3.133	6.568	4.585	2.389	5.474	5.696	6.057	4.306	17.134	7.107
0.099	5.911	4.824	8.450	5.433	3.892	7.646	6.526	4.043	4.996
4.297	5.314	5.000	12.432	4.364	5.785	3.643	4.789	13.695	3.231
2.182	5.046	6.305	3.406	6.258	3.206	3.417	4.153	11.744	5.767
2.184	4.403	4.901	3.466	4.790	3.985	8.830	4.630	10.806	2.296
3.215	6.978	5.771	6.352	4.115	4.397	6.362	6.390	18.590	5.014
2.024	6.085	6.522	11.290	4.082	4.689	1.015	5.014	7.939	7.011
0.271	3.705	4.476	2.166	5.300	7.339	3.420	4.594	9.208	6.132
2.253	6.285	4.603	19.605	6.120	2.797	3.795	5.284	11.673	4.016
0.389	4.853	4.765	19.093	4.191	4.559	4.111	4.297	1.668	5.274
2.552	3.167	4.690	1.191	6.270	6.281	1.060	5.515	3.207	4.398
3.994	4.805	6.579	17.010	3.914	4.832	7.596	6.010	10.728	5.812
1.386	4.975	4.519	1.748	6.651	4.728	9.755	7.509	14.388	3.257
0.818	6.316	4.749	17.115	7.051	5.112	5.316	6.149	16.138	4.651
0.601	4.753	2.748	10.657	7.236	5.172	6.361	6.581	19.201	3.985
1.854	5.499	4.687	15.958	2.563	4.962	3.026	4.784	13.402	3.552
2.918	5.665	5.101	16.488	5.381	5.033	8.012	5.402	7.447	6.656
2.989	5.415	2.911	11.063	6.007	6.026	7.116	4.900	5.707	5.683
0.199	4.645	2.850	0.134	3.401	5.937	7.889	4.937	5.567	4.479
0.650	3.437	4.050	0.284	5.116	3.614	0.695	3.159	4.737	3.704
1.581	3.804	5.669	0.734	5.324	5.468	8.953	5.094	9.078	5.203
2.716	3.639	3.694	10.870	4.933	3.969	8.773	3.955	1.667	5.112
0.464	5.020	4.864	17.408	4.723	5.662	8.674	3.587	18.779	5.066
0.283	4.904	6.875	2.326	4.831	5.191	9.050	3.781	19.454	4.693
1.702	4.691	5.159	3.944	6.926	7.304	2.165	6.196	14.303	6.075
0.247	5.945	5.219	12.504	6.345	3.739	4.548	3.953	0.160	4.467
4.360	4.705	5.754	17.027	4.485	6.343	4.107	6.265	18.642	4.467
2.752	4.363	4.689	2.979	6.052	5.077	6.871	3.496	7.553	4.161
1.801	4.317	3.987	8.677	6.058	3.309	6.973	4.798	0.496	3.751
1.227	5.708	5.919	9.073	4.851	3.988	8.750	4.887	17.713	4.052
3.714	5.951	5.396	9.041	2.203	4.608	8.148	4.022	18.154	4.993
1.242	5.070	6.443	9.603	4.164	5.678	4.848	4.682	3.081	7.116
0.366	5.945	4.677	4.357	4.536	2.300	5.315	6.087	13.081	2.692
2.980	3.409	5.707	17.075	5.157	5.481	2.192	5.125	5.167	4.845
2.405	3.178	4.282	2.568	5.174	4.376	0.612	4.776	18.112	5.172
1.670	4.087	5.807	19.228	3.816	3.831	4.922	5.242	9.876	4.999
3.781	4.907	4.340	7.424	5.174	4.956	7.390	5.541	11.438	5.680
1.990	2.767	5.612	9.705	4.163	4.955	9.377	3.849	9.651	4.677
3.988	5.789	5.960	17.374	5.657	5.093	2.080	6.983	10.016	4.101
4.359	5.437	4.983	15.578	5.754	4.909	3.686	5.881	14.330	4.123
1.322	3.518	5.257	19.620	4.538	6.468	4.612	2.889	5.136	6.244
0.858	3.519	4.536	9.300	3.988	2.704	7.647	5.212	2.230	6.169
1.365	6.216	5.522	10.803	4.901	4.915	6.550	4.992	7.824	5.462
2.265	3.083	6.210	3.394	5.583	5.832	9.752	5.539	4.962	4.194
1.652	5.092	6.322	13.861	3.273	3.151	1.033	4.193	14.558	5.936
2.936	5.138	5.294	12.427	4.638	3.404	6.616	5.573	15.887	4.421
0.662	4.058	6.761	16.045	6.641	5.373	1.349	4.039	9.915	5.321
1.648	4.207	2.695	15.580	4.296	6.004	5.356	5.904	0.561	4.293
1.433	3.598	4.367	5.202	6.538	6.079	0.015	5.332	15.570	3.948
4.544	4.591	5.722	19.373	4.560	5.023	9.291	7.341	14.125	5.758
0.347	4.332	3.981	9.551	4.602	5.289	9.057	6.712	1.528	3.820
3.397	6.122	4.460	8.298	4.685	7.099	6.248	4.383	3.900	4.163
0.087	5.013	5.405	18.551	4.925	4.892	5.896	6.266	19.100	6.079
2.192	5.347	5.170	1.724	3.768	6.488	3.876	5.002	19.989	4.535
0.563	6.107	5.482	19.327	6.224	6.721	9.518	6.478	9.039	4.563
3.952	4.982	5.873	4.288	5.272	4.773	8.476	6.126	18.963	4.775
2.458	5.635	5.337	10.612	3.465	5.560	1.849	5.088	4.790	5.939
4.788	4.096	4.202	7.836	5.574	3.421	6.987	6.484	0.829	6.430
0.643	4.573	6.753	11.314	6.060	4.828	3.773	4.012	0.751	4.508
1.018	3.012	5.027	17.240	3.898	4.418	5.564	5.228	13.482	4.003
1.130	5.099	6.285	6.311	5.695	5.969	3.175	3.505	17.534	4.693
3.897	3.795	3.578	4.503	5.010	6.572	3.947	7.006	19.476	3.206
2.571	5.267	4.517	4.587	6.307	5.802	9.475	3.721	1.246	4.729
2.704	7.362	6.056	1.487	4.315	4.594	7.978	5.624	3.267	4.542
4.376	4.501	4.603	3.013	6.374	4.732	9.123	5.140	6.249	3.261
2.942	4.598	7.701	11.445	6.752	6.252	0.215	5.920	19.136	4.075
4.338	4.964	4.048	14.401	4.551	3.680	8.902	4.460	9.309	5.046
2.569	5.187	4.378	12.907	5.129	3.470	3.588	4.531	12.599	7.073
3.645	6.995	5.404	7.976	3.084	5.788	4.007	4.260	12.169	3.741
0.117	4.660	4.573	12.060	4.788	5.896	3.684	3.873	16.572	6.677
0.899	5.043	4.980	19.053	4.372	3.398	6.696	4.535	9.848	5.994
2.681	4.776	3.713	11.251	5.078	4.200	0.082	3.304	15.941	3.266
4.480	5.721	4.950	7.410	3.908	5.892	2.994	6.521	10.682	4.677
2.256	5.449	5.458	17.121	5.492	5.488	1.297	4.864	0.476	4.883
2.843	7.161	5.121	1.952	4.791	4.833	4.047	6.337	9.757	4.371
1.030	4.702	5.886	13.870	7.294	6.424	1.859	5.796	13.583	5.970
2.542	5.763	4.311	18.075	6.032	2.435	8.459	5.341	17.576	6.021
4.260	4.857	3.705	5.266	5.225	4.503	4.742	5.371	16.212	2.988
2.712	3.566	5.078	18.919	3.668	4.095	1.189	4.296	7.549	5.951
4.070	4.507	4.418	18.464	4.882	5.404	0.892	4.986	10.368	4.156
0.229	5.714	3.423	0.802	5.159	4.133	1.914	4.642	16.808	5.801
0.349	6.965	4.176	17.302	5.969	5.744	7.329	4.020	16.087	4.272
2.694	5.558	5.902	6.466	6.132	4.529	8.739	5.186	10.713	4.701
0.397	5.899	5.646	9.122	4.662	4.923	4.637	4.522	8.440	5.586
2.155	4.543	6.201	10.511	5.546	4.662	7.564	4.995	11.995	5.384
0.475	6.055	5.143	5.362	3.441	4.372	1.030	6.386	18.677	5.378
4.757	4.528	4.183	9.090	5.822	5.813	5.124	4.252	18.226	4.402
0.093	6.117	6.066	11.652	5.029	4.352	1.024	4.804	8.171	5.896
0.865	5.048	3.922	19.591	4.609	6.204	3.140	5.371	9.741	3.590
2.853	4.151	3.326	13.499	5.286	3.901	4.883	5.538	5.374	4.770
4.244	4.880	4.560	17.124	5.941	4.434	3.132	4.531	12.469	3.408
0.983	6.468	4.652	13.059	3.697	6.272	9.417	6.022	2.473	3.230
4.425	4.762	4.607	17.039	3.647	5.112	4.871	2.862	10.904	4.002
2.647	3.936	4.776	0.569	4.718	6.443	6.485	4.103	5.835	4.904
0.876	5.528	4.471	12.127	6.285	4.639	2.853	3.634	1.024	4.927
2.306	5.307	5.115	18.801	3.517	4.426	4.534	4.727	10.228	3.980
0.134	4.692	5.888	1.623	3.763	4.472	4.177	5.008	2.406	5.463
3.402	6.154	4.805	3.965	5.348	4.550	8.546	3.693	19.394	4.579
0.629	4.918	3.259	6.442	4.821	2.389	6.787	6.112	7.700	4.901
2.528	5.567	4.696	8.845	3.632	3.709	3.177	4.225	0.830	6.139
4.387	5.206	6.751	9.178	3.783	4.427	8.938	4.582	10.877	5.728
4.038	2.992	5.953	3.942	5.085	6.940	7.009	6.328	19.490	6.408
4.832	4.623	5.206	11.261	4.519	5.033	3.299	4.299	1.430	5.708
1.892	5.741	5.038	3.694	6.236	2.325	0.974	2.906	1.180	5.465
0.017	4.084	5.187	8.912	4.647	4.685	7.596	3.454	0.797	6.896
0.339	5.936	3.043	3.876	5.724	6.699	4.875	3.942	8.472	3.874
4.446	5.193	3.987	17.851	3.994	5.064	2.345	5.738	17.815	4.333
0.740	6.347	4.791	17.695	6.999	5.108	1.637	3.257	2.881	4.896
1.773	3.871	6.298	13.302	5.101	6.084	4.034	5.105	18.854	3.797
1.457	4.207	4.818	5.723	3.872	5.963	8.055	3.096	8.712	6.171
4.684	4.537	6.424	9.489	4.789	5.940	4.351	4.598	10.733	6.223
0.149	5.116	6.411	2.989	4.019	5.638	9.149	6.170	8.861	4.963
1.110	4.149	4.832	0.897	5.129	5.152	8.559	5.501	18.287	6.214
1.219	4.831	5.621	4.436	5.784	4.902	1.222	5.586	17.254	5.847
4.914	4.363	6.214	15.313	4.284	3.427	8.528	4.337	7.036	3.990
4.719	5.361	4.826	3.191	3.332	4.740	4.632	4.992	10.386	3.680
4.879	4.646	3.306	10.705	4.807	4.582	9.245	5.327	3.328	4.683
4.909	5.877	4.331	10.441	5.861	5.135	8.668	5.323	5.954	2.141
0.756	5.716	5.544	18.193	5.447	4.065	2.575	4.034	13.189	4.899
2.022	4.764	4.989	0.225	4.924	4.368	4.396	6.518	0.471	3.040
4.460	5.518	3.590	18.992	6.074	5.115	1.798	5.254	4.775	4.055
0.184	5.686	4.290	12.652	7.421	6.423	7.020	4.252	3.678	4.722
3.379	5.186	5.626	3.217	5.504	3.873	5.597	5.880	19.952	5.588
2.407	6.402	6.051	19.896	4.281	4.999	2.653	3.754	14.446	5.254
4.225	4.427	4.005	15.136	4.875	5.588	9.231	6.106	3.403	5.087
0.275	5.096	5.451	15.695	5.621	5.529	9.220	7.555	14.185	3.328
2.102	4.304	5.965	5.218	3.925	5.623	5.671	5.483	8.708	4.901
1.539	3.714	2.276	16.735	4.712	6.610	0.819	4.870	12.835	4.837
1.030	5.985	3.881	8.281	4.119	5.823	4.292	4.656	6.138	3.589
2.509	5.425	5.194	8.669	4.900	4.583	7.980	2.882	11.683	6.136
2.279	6.578	3.508	7.010	5.284	4.208	9.625	5.570	0.274	6.021
1.960	2.449	4.579	15.528	4.363	2.915	7.952	5.526	17.560	6.950
4.332	5.433	4.197	15.128	6.025	5.056	6.432	5.460	3.516	5.844
1.779	5.152	4.957	19.894	5.126	5.459	2.328	4.891	17.604	6.805
1.659	4.501	4.770	2.018	3.072	3.750	1.284	4.056	8.519	4.416
3.697	6.120	4.654	3.357	4.727	5.178	6.841	3.973	6.929	5.399
3.046	5.438	4.181	0.992	6.570	5.671	6.002	4.563	3.408	5.102
3.765	5.008	6.181	3.853	3.907	3.090	7.317	4.108	11.919	4.439
0.791	6.791	3.858	16.028	4.493	5.069	0.205	6.608	12.204	6.833
3.799	3.926	6.423	1.436	5.862	5.881	4.157	3.507	16.622	5.662
3.420	4.145	4.165	5.999	5.768	3.653	9.347	5.280	14.734	5.716
1.409	4.803	2.557	5.930	5.509	3.768	4.323	5.653	16.781	4.225
2.023	4.328	5.297	7.447	5.212	4.766	1.468	6.158	19.080	4.987
3.376	4.041	5.340	6.095	4.871	5.041	3.948	5.286	8.852	6.230
3.405	5.840	6.143	13.928	3.340	5.093	0.883	6.984	16.327	5.160
1.947	5.414	5.080	10.730	5.532	5.689	2.748	6.592	16.523	3.311
4.511	5.798	2.435	19.734	6.243	3.961	6.092	3.488	6.995	5.705
4.470	4.952	2.599	12.795	4.687	4.413	3.855	4.633	18.990	3.584
0.812	5.696	6.407	16.999	5.597	5.388	6.523	3.261	10.516	6.101
4.588	4.663	5.900	16.124	5.554	2.788	0.528	6.978	15.963	4.988
3.412	4.030	4.788	8.179	4.669	4.416	5.227	6.910	19.481	6.318
3.647	6.558	3.870	11.142	3.538	5.571	4.667	4.454	19.192	5.238
2.203	4.603	6.110	18.644	4.734	6.666	4.800	5.298	17.990	5.421
4.441	5.414	5.375	16.401	5.061	3.710	2.411	3.687	6.014	5.432
3.696	7.032	5.578	1.648	4.827	4.577	4.816	4.917	0.314	4.587
0.891	6.472	4.371	19.222	5.298	3.251	5.078	5.113	7.719	3.788
0.505	3.147	4.983	6.228	4.590	3.560	1.989	3.011	16.206	4.098
3.323	6.033	5.558	18.488	6.020	3.069	7.417	5.452	15.119	3.590
1.207	3.274	4.764	4.406	6.635	4.747	1.934	4.563	16.686	5.587
2.927	5.682	5.308	17.368	4.541	4.261	1.913	6.495	1.618	5.089
1.816	5.316	4.842	0.690	5.316	6.470	3.287	5.636	13.141	4.490
1.606	4.191	5.438	3.323	6.009	6.369	2.055	5.104	14.362	5.786
1.026	6.855	3.079	7.163	5.556	2.805	4.044	6.601	5.110	7.151
0.411	5.398	7.094	3.543	7.091	2.676	8.227	3.999	4.191	4.891
2.455	3.994	3.570	11.693	4.638	5.466	0.300	4.772	5.256	5.383
0.811	4.219	4.068	16.556	3.913	4.911	4.993	5.852	13.646	3.895
4.451	5.974	4.988	7.112	6.054	5.819	1.255	5.854	9.811	3.470
1.145	4.008	5.542	4.085	5.826	5.548	4.280	6.235	9.451	5.211
1.888	5.843	3.049	1.249	5.433	3.900	6.779	4.154	19.197	4.917
3.222	4.442	6.207	5.573	4.278	4.614	8.216	4.608	11.272	3.153
2.631	3.656	5.198	5.700	4.213	4.625	3.248	5.184	8.643	5.759
2.768	4.772	4.459	1.193	5.646	4.696	1.662	5.241	1.597	5.008
0.251	4.395	5.014	16.501	3.901	5.418	2.176	5.842	14.807	4.199
0.919	3.604	6.121	2.541	4.138	4.237	7.113	4.449	3.488	6.006
2.286	5.155	7.317	4.520	6.942	4.902	6.076	5.749	9.496	6.308
2.359	6.071	5.402	3.723	3.498	2.708	7.105	5.093	5.209	5.494
1.241	3.877	4.226	10.515	6.428	4.787	7.173	3.894	7.496	4.529
1.266	6.040	4.476	8.441	5.835	4.155	0.951	5.277	2.488	4.707
4.525	4.637	5.148	15.483	5.806	5.385	3.923	6.323	6.483	5.127
0.264	4.095	3.533	3.993	4.112	4.048	0.385	5.719	5.245	5.013
3.434	4.465	5.360	18.929	5.622	5.574	2.039	5.879	18.309	3.625
4.363	3.244	5.129	14.029	4.961	5.425	5.748	4.656	15.904	5.605
4.932	6.358	5.002	0.778	3.683	6.355	5.338	3.123	0.871	4.754
0.834	6.119	4.976	11.386	5.028	5.346	0.497	5.314	19.201	4.470
3.816	5.076	5.813	1.210	4.814	4.940	6.066	6.267	0.545	5.609
0.439	4.634	5.331	8.807	6.712	4.946	0.584	4.215	13.617	4.479
1.336	4.642	5.107	13.257	4.094	6.687	3.303	5.740	1.319	5.515
3.165	4.163	4.468	9.820	7.273	4.603	0.098	5.983	19.168	5.047
4.829	4.528	3.951	11.983	6.971	3.987	5.845	3.860	13.640	3.914
1.493	5.708	5.959	15.906	4.723	3.380	7.482	4.513	7.940	5.292
3.262	3.583	4.588	0.473	5.015	4.878	3.479	4.102	1.173	4.253
4.960	6.142	5.160	15.118	3.569	4.630	7.314	5.968	13.355	5.475
0.430	5.743	3.121	7.786	5.170	5.653	3.980	3.608	10.645	3.052
4.228	5.390	6.287	7.921	4.350	4.497	0.024	4.853	10.291	5.578
3.356	6.138	5.310	16.836	5.160	5.443	3.364	3.882	14.712	6.983
3.050	6.772	5.543	7.109	5.367	6.906	2.093	5.437	15.869	3.585
2.783	4.820	5.078	14.988	4.450	3.931	3.914	4.567	18.040	4.504
3.917	7.296	3.772	6.713	4.120	5.185	8.156	4.877	18.857	5.443
1.235	4.846	5.136	19.298	7.034	4.947	6.123	4.787	18.345	4.769
1.161	4.642	5.755	8.232	3.124	5.424	1.242	5.552	3.866	5.858
2.113	8.118	4.398	8.500	4.947	5.319	5.085	5.265	15.540	5.251
3.644	4.221	4.153	11.890	6.321	6.557	1.590	3.298	2.330	4.393
1.326	5.119	4.045	2.587	7.715	5.176	8.986	5.477	0.390	3.922
3.097	4.953	6.133	0.204	4.410	3.296	9.902	3.619	7.026	5.091
0.631	3.274	6.989	11.172	3.629	6.184	1.563	4.150	17.345	4.981
4.711	4.427	6.904	10.741	4.958	6.250	8.020	4.338	13.428	5.196
4.244	4.179	6.016	4.559	5.903	6.024	7.409	6.052	4.763	4.088
3.978	5.496	4.163	1.688	5.287	5.944	8.797	2.839	16.548	5.871
0.059	4.076	5.076	1.922	5.287	5.096	3.231	4.625	12.206	4.908
3.958	4.703	5.383	14.763	4.136	5.069	1.595	4.417	0.671	6.196
1.289	4.342	4.559	9.378	5.674	4.487	9.326	4.625	19.862	4.809
4.585	5.513	6.230	0.158	4.557	4.417	2.438	5.161	15.461	5.893
1.480	5.515	4.183	8.225	5.157	4.843	2.633	4.475	19.748	5.814
0.108	3.515	4.565	11.285	5.385	3.529	8.768	4.773	1.003	6.604
2.064	5.920	5.177	14.125	5.582	4.546	4.885	4.823	19.406	6.495
0.609	5.460	5.174	6.459	4.458	5.688	2.143	6.499	6.139	5.181
0.469	6.981	5.002	9.424	5.071	5.322	2.668	3.123	2.143	4.144
1.639	4.347	5.313	12.235	4.056	5.296	1.099	4.221	7.595	6.901
0.620	5.280	3.735	17.354	4.147	5.697	0.976	3.778	15.962	3.808
4.260	5.814	5.480	16.844	4.209	5.304	5.260	5.133	4.370	4.927
1.478	7.848	3.591	6.659	3.415	3.502	5.225	6.280	16.256	5.168
1.045	4.778	6.227	15.209	5.772	5.990	2.369	5.136	14.608	4.161
1.464	5.860	6.195	6.753	5.105	4.749	5.127	4.558	4.035	3.817
3.228	5.171	6.012	8.965	5.500	5.360	2.666	5.314	2.945	3.103
2.592	4.520	4.588	9.000	3.416	6.644	7.119	7.142	10.381	4.159
2.567	4.705	5.325	11.220	4.748	5.176	3.060	5.597	11.876	4.344
2.564	7.577	4.929	8.188	5.178	6.559	7.488	5.769	1.107	4.564
4.717	4.802	6.464	15.502	5.707	4.293	0.456	5.162	3.769	5.691
0.674	5.192	4.985	1.280	6.068	6.530	6.304	4.902	11.206	3.255
3.014	4.648	3.813	16.642	5.653	8.296	6.244	4.784	13.639	5.382
1.965	4.761	6.706	10.849	2.784	5.164	2.706	5.787	0.781	6.926
1.039	4.107	4.548	8.874	4.336	5.999	6.174	6.135	0.355	6.277
0.862	4.588	6.326	2.692	7.140	5.072	5.181	4.588	14.311	5.443
1.365	4.493	5.181	19.161	5.897	5.470	3.943	6.461	12.864	5.009
4.685	7.083	3.607	7.543	5.739	6.096	9.022	6.698	9.767	5.531
0.407	5.886	5.301	8.226	4.354	6.774	6.500	5.335	8.520	5.551
0.289	5.013	3.611	13.591	6.079	4.500	8.758	6.911	2.795	3.856
0.066	4.474	6.226	19.720	3.240	5.147	7.296	4.975	7.815	5.464
1.095	3.745	6.182	13.371	5.773	3.792	3.814	5.893	19.614	4.667
0.273	6.346	5.784	8.377	5.978	5.846	4.199	4.492	3.359	4.167
2.319	5.823	4.285	4.138	4.377	3.206	0.679	4.148	15.572	5.443
0.319	5.484	7.344	9.766	4.328	4.718	2.909	4.558	16.336	3.833
4.860	6.327	4.841	12.642	4.057	6.329	3.911	5.651	8.219	3.396
1.502	4.934	4.589	11.131	3.906	4.867	5.302	5.693	16.966	4.947
4.894	3.504	4.111	11.113	4.234	5.515	1.779	5.601	19.139	4.371
3.581	5.968	2.735	16.979	4.533	5.252	9.477	6.322	7.357	4.445
0.901	5.819	3.099	4.936	5.026	7.163	5.489	4.987	18.820	5.401
0.129	5.519	4.240	0.716	3.333	4.471	6.508	4.489	1.057	4.616
4.870	4.970	4.749	19.308	4.745	3.121	7.202	5.827	2.394	5.989
0.113	6.727	5.456	18.121	4.489	5.897	4.895	3.280	12.311	4.791
