4.969	-0.730	0.848	14.131
8.418	1.355	-0.865	14.646
2.688	0.799	0.622	14.440
4.140	0.240	1.110	7.699
7.072	-0.800	-0.443	9.659
1.056	0.696	0.386	5.023
0.927	1.166	0.948	12.062
4.419	0.822	-0.618	8.827
1.410	1.374	0.550	11.790
7.127	-0.470	0.329	9.832
8.124	-0.930	0.738	4.322
8.376	-0.500	0.112	17.617
2.979	-1.928	-0.003	3.036
5.043	0.408	1.648	6.767
0.710	0.242	-0.832	15.241
2.519	0.518	-1.301	12.021
5.991	-0.386	0.447	16.610
0.888	-1.053	0.246	19.730
0.493	0.404	0.066	11.648
8.689	-0.240	0.816	11.407
0.132	0.321	0.383	15.206
6.122	0.450	2.107	2.444
4.683	-1.559	2.298	12.584
6.003	-1.055	-1.359	12.290
1.006	0.520	-1.107	6.779
7.914	-0.773	1.591	5.079
1.808	-0.178	-1.232	8.864
9.205	0.398	0.016	3.788
7.123	-0.137	0.395	0.280
4.006	-1.670	-0.464	6.860
8.687	0.605	-0.752	13.005
7.085	-0.241	-1.394	3.942
0.568	-0.337	-0.435	9.401
0.930	0.085	0.003	17.071
7.581	0.404	0.405	12.113
2.005	-0.876	-2.125	19.707
2.453	0.091	0.694	11.095
7.032	-0.758	-0.356	7.896
8.140	0.138	0.660	12.439
6.680	-0.185	0.685	10.210
0.395	0.209	0.414	9.146
5.439	0.956	0.057	6.006
7.571	0.072	0.405	2.994
1.287	0.844	0.776	16.568
9.772	-0.692	1.626	17.949
4.985	-0.713	-0.237	1.975
0.808	-2.044	-0.861	18.092
7.210	-1.225	0.061	11.803
1.259	-0.537	0.299	9.802
6.944	0.787	-1.004	3.596
5.100	1.629	-0.251	7.040
3.022	-1.079	0.007	12.860
7.974	1.034	2.357	4.215
8.067	0.986	-0.357	16.598
5.336	-0.862	-0.127	2.567
1.100	-0.540	-0.834	0.311
1.346	0.171	-0.122	4.881
5.947	-1.432	0.684	2.356
8.033	-0.612	-0.447	0.148
5.591	-0.447	-0.336	14.223
7.679	-1.425	0.131	11.519
3.256	1.390	-0.208	4.191
3.932	1.048	1.842	18.344
5.780	1.178	-0.557	10.900
6.811	-0.331	1.837	8.691
9.633	1.843	1.120	17.566
9.657	-0.625	-0.480	16.610
3.870	0.843	-0.945	6.924
2.349	0.545	0.917	2.338
4.334	0.961	1.080	10.270
8.514	-0.048	0.212	16.361
4.960	1.304	-0.391	19.243
6.389	-0.415	2.217	15.406
6.970	-1.221	0.675	1.860
2.721	-0.543	1.660	10.088
2.048	0.105	-1.425	0.274
3.291	-1.761	-0.836	5.353
8.730	-1.768	0.931	6.632
0.428	-0.287	0.211	3.219
1.467	-0.815	-1.993	15.024
4.481	-1.614	-0.713	6.435
2.302	2.803	0.805	9.850
9.713	0.063	-1.346	1.600
4.031	-1.166	-0.188	19.889
0.061	0.740	1.032	8.084
4.922	2.951	0.168	2.664
0.796	-0.274	-0.118	6.441
5.029	0.727	1.832	16.457
5.189	-0.368	-0.547	11.013
7.639	-0.993	-1.191	4.916
6.986	-0.388	1.837	0.859
1.554	0.943	-0.319	0.427
9.452	1.358	-0.794	1.509
5.664	-0.506	-1.180	16.684
8.005	0.753	-0.021	18.251
9.255	0.623	0.050	0.602
8.073	0.378	-0.134	10.949
7.990	-0.272	0.235	3.131
0.445	0.222	-1.453	9.300
1.223	-1.279	-1.274	19.569
2.838	-0.758	1.722	4.202
8.282	0.289	-0.114	5.772
9.261	1.034	-0.022	5.896
3.973	0.732	1.009	3.324
7.534	0.066	-1.132	13.263
9.207	-0.946	0.356	11.048
0.702	-1.188	0.557	12.200
5.860	1.009	0.245	18.797
7.137	-0.147	-0.643	0.643
8.094	1.609	-1.145	4.679
6.364	-0.065	1.059	17.871
0.175	-0.650	0.120	18.987
5.010	1.252	0.626	13.235
7.462	0.014	-0.497	18.811
1.320	-1.139	0.528	7.069
9.664	-1.210	-0.231	16.981
4.376	0.879	0.099	5.529
6.918	-1.560	-2.006	14.386
8.577	1.800	-0.363	5.864
0.369	-0.818	-0.570	14.436
5.246	0.928	0.184	0.684
7.208	-0.089	-0.141	2.990
2.665	2.784	0.694	15.931
3.288	0.630	0.246	19.739
5.179	-0.660	0.099	9.695
8.978	0.899	1.709	12.448
9.860	-2.194	-0.346	16.096
8.233	-0.664	-0.892	13.631
9.952	0.914	0.133	17.419
2.823	-0.429	1.214	17.205
5.510	0.976	0.098	9.987
5.553	-0.414	-2.025	10.685
5.250	-0.327	0.130	2.578
9.630	0.495	-0.035	18.081
5.602	-1.305	1.313	15.840
8.568	0.897	0.337	11.852
8.698	0.084	-0.683	6.961
1.663	-0.292	0.930	5.885
2.131	-0.524	0.073	10.507
9.857	0.501	0.240	18.406
0.487	-0.969	0.731	4.045
5.209	-1.788	-1.285	0.413
7.267	-0.152	-0.172	17.115
2.661	-0.026	1.490	9.032
5.687	-0.644	1.022	6.970
9.726	-0.176	-1.072	5.795
0.516	0.212	0.497	4.005
7.254	-0.490	-0.584	9.608
2.033	-0.811	1.401	6.642
1.275	-1.714	-0.527	4.928
0.228	-0.755	-1.241	15.773
0.657	-0.701	-1.020	15.184
9.919	0.384	1.664	5.502
5.628	-1.548	-0.568	16.267
6.715	1.403	0.223	1.116
5.912	-1.067	0.251	5.057
6.866	0.135	1.632	4.523
2.753	0.445	0.484	1.228
8.969	-1.393	0.563	0.159
4.564	-0.383	-1.484	8.547
6.552	-1.040	1.210	1.239
6.315	-1.062	1.402	5.467
2.953	-0.708	1.687	1.312
1.759	-0.595	-0.727	18.019
9.136	-1.077	-0.930	11.457
2.812	1.562	0.216	5.327
9.822	-0.638	-2.183	19.664
0.980	-1.882	0.070	16.685
0.151	0.809	1.595	10.454
4.553	-3.359	0.772	5.461
2.363	0.752	-0.332	19.694
5.146	-2.207	-0.388	14.011
5.474	-0.276	-1.043	19.961
0.590	-0.327	-1.174	17.222
2.754	-0.282	0.623	17.812
8.027	-1.323	-0.317	3.739
7.478	-0.388	0.180	19.965
1.972	0.463	-0.012	6.731
1.953	0.942	0.074	2.881
5.987	0.036	-0.895	11.762
2.283	-1.212	-1.011	14.240
8.625	0.421	-0.272	12.552
8.719	2.231	-0.321	19.880
2.363	-0.235	0.416	6.099
6.236	-0.228	0.738	15.368
2.796	-0.439	-0.428	9.926
3.800	0.183	-0.402	12.151
9.694	-0.200	1.168	7.031
4.252	0.206	-0.035	3.442
1.207	-0.608	0.989	9.227
8.625	2.300	0.607	1.554
4.955	-1.356	0.482	1.650
5.923	-0.595	-0.290	18.768
3.711	0.511	0.327	3.858
7.258	-0.631	0.267	10.639
5.716	0.504	-0.579	14.927
4.882	-0.150	-0.827	19.457
1.501	1.014	-0.015	10.067
4.036	-0.608	-0.690	9.219
0.371	-0.512	0.912	8.662
8.497	-0.397	1.128	13.395
9.591	0.311	-0.639	15.821
5.283	0.659	0.866	19.892
6.542	1.164	-0.606	3.803
9.809	-0.667	0.383	5.579
4.032	0.138	0.967	13.380
0.521	-0.753	0.850	6.226
6.636	1.258	0.035	12.212
1.808	-0.497	0.064	9.160
8.314	0.509	-1.918	8.550
9.297	1.049	1.183	4.037
1.380	0.024	-0.333	18.774
0.181	-0.080	-0.142	4.424
2.193	0.746	1.725	16.168
4.241	0.467	-1.424	4.100
4.421	1.127	-1.418	6.032
9.782	0.939	0.415	1.326
9.466	-0.175	-1.040	11.677
9.767	1.222	1.926	8.016
2.395	-0.876	0.882	9.912
8.460	-0.909	-1.346	15.138
9.643	-1.413	-0.231	3.254
1.389	0.555	-0.426	11.114
1.244	-1.193	-1.273	0.191
5.673	0.731	-0.214	14.844
9.692	0.161	0.578	0.148
7.727	1.762	0.314	8.209
3.273	1.559	1.917	18.633
2.646	0.644	1.963	19.911
1.647	0.976	-1.396	1.190
9.598	-0.235	0.426	10.104
2.207	-1.084	1.168	6.447
4.799	0.570	-1.174	5.806
4.858	0.737	-1.096	17.695
2.949	1.053	-2.093	0.561
5.023	0.952	1.348	0.041
5.162	0.500	-0.356	1.386
0.907	-0.290	-0.238	8.401
0.417	-0.071	0.704	16.255
6.269	1.332	0.379	7.636
3.582	1.474	-0.901	13.180
1.800	0.805	0.003	12.532
5.094	0.291	-0.669	9.513
8.720	0.105	0.626	1.491
9.383	0.343	-0.277	10.664
5.495	0.931	1.517	0.432
2.167	-1.183	-1.169	13.575
6.323	0.081	-0.575	7.419
5.527	1.651	0.536	18.728
9.572	-0.645	-0.767	6.218
7.082	1.022	1.000	18.797
0.330	-1.272	-0.947	7.232
8.724	1.540	-1.353	13.646
9.046	-0.499	-1.187	6.248
8.552	-0.635	0.421	6.772
8.186	-1.042	-0.032	14.420
7.648	0.107	0.914	3.657
4.181	0.261	-0.250	19.128
0.033	0.887	-0.997	2.823
0.923	1.011	-1.705	8.147
5.660	-0.620	-0.371	3.227
6.409	0.507	1.184	7.203
6.324	-3.428	-0.237	16.844
0.338	-1.666	0.574	1.821
7.501	-0.381	-1.325	11.375
3.143	-0.650	1.045	9.594
2.119	1.262	2.251	6.966
8.886	0.234	0.355	7.029
1.424	-0.039	-0.211	16.674
5.156	-0.024	-0.909	4.409
4.817	0.264	1.677	7.651
2.207	2.063	-0.041	10.546
8.110	2.067	0.294	16.074
3.042	-1.618	0.828	0.384
2.932	-0.949	-0.375	8.420
8.681	0.197	-0.967	3.663
4.403	-1.135	-1.844	5.478
3.672	0.180	-1.023	11.912
9.990	-0.550	0.839	19.475
8.242	0.144	0.082	16.459
7.671	1.823	-0.631	18.182
6.083	0.583	0.361	8.329
5.649	-1.822	-0.049	16.397
6.407	0.205	0.233	15.940
7.417	0.708	0.267	13.574
2.189	-2.131	-0.973	0.840
7.716	-0.343	0.572	14.251
1.103	-1.458	-0.374	5.544
0.766	-0.091	-0.021	9.509
0.527	0.011	-1.665	12.584
9.636	-1.404	-0.384	0.767
5.881	-0.133	-1.489	10.657
4.153	-0.982	-1.319	14.378
7.623	-0.460	0.877	17.512
4.817	-1.114	0.611	1.783
4.643	-0.504	0.449	19.359
6.819	-0.852	-0.229	11.131
0.573	-0.779	0.998	10.639
0.274	-2.379	1.426	10.355
4.757	0.629	-1.106	11.577
5.909	-1.242	-1.753	14.680
2.363	0.401	0.161	13.518
9.936	-1.744	0.473	0.067
7.385	-0.801	-0.781	1.806
5.113	-0.544	-0.584	4.617
1.422	2.377	-0.768	3.381
3.927	0.852	1.927	0.282
8.626	0.055	-0.974	15.387
5.998	1.459	-1.540	17.564
5.082	2.741	-0.500	8.834
2.271	1.697	0.159	2.629
4.715	-0.438	-1.119	14.994
1.374	0.566	-0.616	17.571
2.349	-0.403	0.241	2.695
7.194	-0.433	-1.991	10.976
4.530	0.193	-0.579	10.317
8.768	1.786	0.782	4.060
0.094	-0.690	-0.169	5.858
5.651	0.949	-0.854	1.175
5.314	1.176	-0.247	9.678
3.868	0.397	-0.795	3.818
2.731	0.454	-0.905	5.209
4.406	0.672	1.654	14.773
9.328	0.166	-0.432	10.695
8.836	1.156	0.428	6.379
7.047	-0.887	1.314	17.477
3.839	0.678	1.265	4.576
5.060	-0.788	0.632	0.312
6.858	0.705	0.626	14.291
1.819	1.195	0.425	17.520
7.197	-0.180	0.526	9.809
0.276	0.108	0.476	11.776
6.822	-2.080	0.545	3.904
5.944	3.810	4.482	8.318
6.252	4.752	5.068	19.479
4.367	5.272	1.936	9.864
4.399	5.411	5.622	3.487
5.339	4.477	0.161	16.734
3.955	4.320	9.759	13.798
5.904	7.092	9.136	4.765
6.153	5.164	3.121	12.514
4.063	3.263	0.097	13.701
3.886	4.274	6.756	9.416
4.956	6.019	8.128	12.937
4.767	4.355	8.350	15.061
6.409	5.652	8.578	16.112
3.949	4.271	5.942	6.147
5.555	5.153	5.243	19.973
4.991	4.204	9.723	6.908
2.567	6.443	3.789	3.329
5.930	5.205	0.296	14.664
4.733	4.805	3.529	5.538
6.218	4.212	3.505	17.057
4.510	4.910	5.047	3.183
5.753	3.850	5.142	5.175
5.222	5.004	1.529	13.961
5.866	4.580	2.866	1.689
3.600	3.645	2.856	16.191
4.938	4.537	2.762	18.737
5.019	5.310	8.717	7.158
5.482	4.538	9.534	7.008
3.913	6.399	2.713	16.154
5.888	6.657	8.533	2.317
2.188	4.643	9.707	19.145
5.370	6.288	2.636	8.918
5.029	4.424	0.167	10.519
5.565	5.158	9.329	4.101
5.202	5.385	9.463	19.435
4.514	5.431	3.804	14.834
8.032	5.886	9.443	18.997
3.719	6.140	7.009	10.334
6.253	2.900	1.013	14.049
4.747	5.024	4.515	17.878
5.170	5.707	1.891	18.679
4.006	6.143	5.169	19.866
4.722	4.003	1.885	15.819
5.713	4.373	6.144	2.716
5.970	7.118	0.878	11.738
4.346	5.091	8.387	11.629
4.701	4.555	8.106	13.769
4.902	4.670	4.589	5.745
4.884	4.152	7.468	15.943
3.338	4.623	2.159	6.350
4.901	3.201	1.589	7.483
4.131	5.210	3.070	4.071
5.765	2.801	0.154	13.087
5.057	5.547	8.940	8.315
4.620	5.022	6.708	15.185
5.182	5.430	7.206	4.681
5.702	3.595	8.443	19.188
5.069	3.663	1.584	16.647
5.612	4.785	8.696	7.953
5.728	5.161	2.364	16.770
4.572	3.508	1.007	6.074
5.187	4.852	5.333	11.105
3.958	4.097	8.727	5.116
5.428	5.542	9.784	3.776
3.880	4.694	6.335	15.289
4.984	4.749	9.141	14.567
4.376	3.820	1.514	9.789
5.251	3.621	1.123	13.967
5.808	6.723	1.781	19.366
4.715	4.312	9.678	3.462
4.727	5.877	7.940	15.406
3.616	5.908	9.726	5.232
5.946	4.958	8.618	7.978
6.131	6.643	5.018	4.125
4.254	6.992	8.067	19.640
5.415	5.130	2.371	3.391
4.219	3.952	5.635	18.920
4.417	4.892	2.301	5.602
3.791	5.910	1.215	5.493
4.837	5.367	8.208	9.321
4.447	6.519	4.736	6.127
4.797	5.123	6.580	5.528
5.426	5.012	2.152	12.272
5.356	4.579	8.433	6.287
5.873	6.678	5.999	15.087
4.735	3.927	6.974	6.769
6.059	5.371	1.656	10.965
4.930	5.548	4.148	18.634
5.415	4.220	0.892	6.053
4.968	5.572	0.917	2.455
4.871	4.286	8.784	5.701
5.577	6.402	0.194	18.685
4.951	6.143	0.809	1.852
5.880	4.670	3.625	12.330
5.391	5.213	1.533	7.518
4.063	5.817	8.340	4.252
4.737	4.345	2.594	15.580
4.342	5.963	6.246	3.682
4.759	4.093	5.277	18.557
5.570	4.435	2.136	6.070
4.861	6.106	8.219	0.878
3.883	3.331	3.486	3.649
2.949	3.868	9.198	1.767
4.337	3.348	6.416	1.567
4.469	4.157	0.875	9.882
2.330	3.005	2.404	1.466
5.079	4.523	8.382	3.065
6.625	6.855	8.029	18.311
4.880	6.225	3.181	17.682
5.315	4.396	0.406	19.678
6.577	4.433	2.160	19.207
3.520	4.678	5.666	12.811
5.012	4.483	8.402	19.528
5.639	5.567	1.801	4.221
4.392	5.708	3.270	14.894
5.300	3.558	4.827	14.717
5.752	4.305	4.067	13.182
4.688	7.415	8.585	5.657
4.724	3.448	1.498	0.782
5.206	3.414	4.455	15.929
4.999	5.182	4.631	14.323
3.853	4.938	7.456	7.157
5.218	4.424	4.279	3.634
6.268	6.702	6.663	5.924
5.583	4.484	4.141	14.339
5.619	6.015	2.666	6.652
6.287	7.062	7.689	8.188
4.285	7.074	1.899	12.533
6.466	4.709	6.748	3.772
6.217	5.154	0.749	9.697
5.707	3.222	1.741	0.991
3.381	4.679	6.388	19.843
3.493	4.126	4.714	11.943
5.340	5.172	7.825	8.838
5.312	6.538	5.514	10.292
5.761	6.305	2.410	13.477
5.397	6.138	9.817	11.542
4.936	5.278	7.761	8.228
5.433	4.345	0.354	11.124
4.801	6.547	2.615	14.331
5.564	4.413	6.722	19.524
6.442	6.070	7.183	17.282
5.281	5.919	6.824	7.486
4.499	5.056	8.997	2.961
3.315	3.930	7.513	18.294
5.028	2.293	3.219	6.934
3.643	4.583	3.173	11.948
6.534	5.384	1.943	7.459
5.150	3.075	5.665	10.214
3.555	5.085	5.232	3.537
6.599	4.877	7.791	16.498
6.547	4.209	9.904	1.465
5.102	4.949	2.535	5.919
4.703	4.961	8.121	12.705
4.776	4.028	1.887	11.203
3.742	7.244	2.320	13.267
4.989	6.457	7.403	11.132
4.716	5.862	0.934	17.332
5.730	4.589	5.486	14.128
2.700	5.484	9.139	16.146
5.165	3.462	5.659	7.884
3.904	4.435	5.147	8.030
6.696	6.361	8.473	15.755
5.406	3.718	6.436	13.203
4.270	7.317	2.627	3.182
3.792	3.373	7.271	12.774
4.984	3.996	8.752	12.889
4.847	5.126	4.344	6.236
4.121	4.984	1.242	18.001
4.940	5.890	6.429	4.644
3.926	5.786	7.134	11.439
3.819	3.055	2.776	7.819
6.173	3.366	1.508	19.877
5.679	4.586	3.472	9.258
3.305	4.617	2.581	13.255
4.689	4.340	0.777	5.184
5.279	5.901	6.073	2.845
3.796	4.628	5.167	0.701
4.198	6.053	2.565	4.640
5.270	5.328	6.288	14.039
5.742	5.157	4.550	11.728
3.894	6.418	7.332	10.888
4.796	5.268	2.116	19.170
6.403	5.783	8.347	7.285
5.640	5.618	8.435	17.295
5.738	3.763	5.603	1.084
5.239	3.489	4.639	0.748
4.515	4.427	8.635	2.384
4.724	3.698	7.359	3.953
5.321	3.537	7.103	11.019
5.470	5.100	4.664	2.536
5.040	5.908	8.722	18.316
5.558	4.659	2.544	4.630
3.383	4.634	6.925	9.937
3.577	4.920	5.124	14.373
5.073	5.325	0.773	14.273
5.565	5.699	3.614	17.253
5.310	5.911	7.312	15.755
3.959	4.872	0.820	4.491
3.463	5.555	7.932	10.707
5.604	5.129	0.210	14.450
5.499	5.482	7.132	18.598
5.547	6.484	5.420	10.133
6.838	6.520	0.263	0.898
5.424	4.237	3.301	17.603
4.226	4.697	0.621	7.997
4.881	4.788	0.265	15.959
6.289	5.427	6.555	16.980
4.383	6.982	5.143	5.653
3.957	6.668	9.888	7.539
5.146	5.231	7.052	2.030
6.064	4.472	7.795	3.805
6.400	5.322	1.908	6.668
4.756	5.041	4.075	3.432
5.760	4.165	6.117	17.999
4.939	4.148	9.713	17.368
4.054	4.264	6.358	12.059
6.617	5.045	2.162	12.474
6.685	5.008	3.256	18.315
4.360	4.907	2.275	9.268
5.176	4.940	5.891	8.107
5.215	3.535	6.699	4.826
5.030	6.110	6.390	5.414
4.623	5.768	7.179	8.791
5.005	6.770	7.266	4.556
5.206	4.875	6.670	15.941
5.166	5.477	5.621	2.815
2.755	7.119	5.367	17.210
5.222	4.638	5.820	10.385
4.384	6.056	5.745	0.952
4.237	3.821	5.140	6.772
5.396	5.190	9.823	12.815
3.605	3.559	3.129	9.941
4.401	4.038	1.564	7.836
3.599	5.324	4.936	6.255
4.837	4.198	3.558	16.199
3.723	5.185	4.929	14.952
5.877	5.114	8.628	7.716
5.182	3.952	1.910	13.633
3.221	4.649	5.088	2.281
4.684	5.751	1.528	0.261
3.315	4.690	3.823	13.966
5.122	3.798	7.925	1.781
4.905	4.285	9.593	17.169
5.809	5.266	1.223	7.195
4.127	4.731	4.077	1.982
4.093	5.923	9.452	12.618
6.992	5.728	0.014	8.674
5.845	3.000	3.195	5.762
4.530	6.258	0.926	19.340
3.487	5.927	1.298	6.133
6.863	7.403	4.358	0.431
5.491	4.698	7.489	3.666
4.498	6.001	9.742	13.561
6.122	3.690	6.910	16.359
5.061	5.118	8.987	17.875
4.625	5.894	0.855	8.315
4.843	4.258	6.140	19.100
3.242	5.639	8.431	15.613
4.109	6.852	2.660	7.080
5.001	6.150	1.948	2.528
5.175	2.845	3.996	6.984
5.125	4.355	3.817	18.123
5.057	4.895	9.310	14.672
5.628	3.620	3.591	5.278
4.947	3.543	0.973	15.397
4.786	6.595	5.462	19.142
4.320	4.812	5.117	9.692
4.129	4.533	9.948	2.717
5.913	4.621	5.976	3.778
4.542	6.237	6.180	2.045
4.056	3.853	8.240	15.062
5.823	5.587	8.505	13.532
5.612	4.071	6.289	13.363
3.927	5.355	8.413	15.116
4.316	4.041	5.624	5.009
5.419	6.011	4.613	10.707
5.657	7.018	0.818	2.722
4.399	4.503	2.048	12.472
6.106	3.483	9.849	17.816
4.003	6.156	5.596	5.936
4.240	4.184	6.983	11.911
4.618	4.213	5.176	3.585
4.318	4.667	3.010	1.755
4.169	4.660	3.386	6.436
4.081	6.618	7.247	10.480
5.968	4.852	7.577	7.118
4.741	3.506	0.608	4.145
4.201	4.055	1.973	0.700
5.560	6.209	6.345	14.384
5.949	5.994	6.012	1.101
5.463	4.420	7.678	1.063
5.108	6.397	1.555	2.694
5.889	7.662	3.634	16.365
3.907	6.482	8.164	16.113
4.992	3.537	0.868	15.381
6.125	4.952	4.193	0.270
4.959	4.947	9.276	13.671
6.133	6.328	1.675	18.676
3.878	5.335	1.722	6.403
3.560	5.527	4.701	19.415
4.887	4.480	6.621	8.566
4.899	5.544	5.665	16.112
4.985	4.940	6.984	18.971
4.206	5.615	0.138	10.099
5.522	4.983	7.275	17.565
5.129	5.022	0.532	15.191
4.031	5.738	0.524	13.385
4.729	5.881	3.391	14.427
5.665	5.412	1.729	7.845
3.549	6.680	2.307	0.263
2.993	6.106	6.263	0.338
5.301	5.304	2.837	3.689
3.860	5.733	3.547	19.439
4.618	3.033	2.250	7.366
5.088	3.606	2.130	11.092
4.392	5.402	4.599	1.099
5.973	6.241	6.734	5.568
5.613	6.827	4.480	1.974
6.038	4.122	3.931	1.630
5.179	4.715	0.801	0.847
4.974	6.225	5.246	6.306
5.447	4.433	2.493	18.484
4.650	6.069	3.746	2.495
4.219	5.093	5.570	16.399
5.927	6.353	3.390	3.807
4.826	4.898	9.737	3.378
4.590	5.045	4.377	2.169
3.682	5.671	7.615	3.228
4.024	5.601	4.348	11.684
6.581	4.763	3.401	0.826
6.474	4.552	4.235	1.896
3.905	4.918	3.333	11.557
-7.830	3.854	-7.687	0.872
-6.405	1.946	-5.444	17.002
-6.720	9.082	-7.297	0.698
-6.643	5.024	-8.510	5.553
-8.405	0.638	-7.137	4.046
-8.108	3.696	-8.960	19.520
-6.760	3.216	-7.884	0.153
-5.686	9.102	-8.748	6.656
-5.172	7.253	-7.282	10.779
-6.946	2.540	-6.945	2.725
-7.523	0.039	-6.996	1.254
-7.049	1.599	-7.850	8.197
-5.333	9.664	-7.433	4.350
-5.908	0.668	-8.736	7.139
-5.867	3.976	-7.350	14.532
-4.252	2.051	-5.843	1.286
-5.848	7.220	-6.596	15.785
-5.506	8.288	-6.009	15.098
-8.214	0.593	-7.658	18.051
-6.852	1.009	-7.680	8.780
-6.780	9.887	-8.123	19.738
-7.119	8.841	-7.091	1.998
-7.341	0.285	-5.894	6.817
-7.311	6.566	-8.075	9.205
-5.916	0.853	-7.345	13.450
-6.430	8.492	-6.162	7.248
-7.704	3.221	-7.273	18.649
-8.412	0.834	-6.779	5.281
-6.396	4.828	-6.732	17.354
-7.857	7.588	-8.003	10.617
-5.974	2.113	-7.682	14.238
-6.185	7.158	-5.954	6.574
-8.202	7.997	-6.115	11.982
-6.601	1.106	-6.223	13.394
-9.158	0.104	-8.100	12.715
-8.753	1.079	-5.965	4.935
-7.538	0.177	-6.932	1.705
-7.588	4.538	-7.411	5.668
-4.829	4.131	-7.532	15.623
-6.744	4.432	-7.044	16.124
-6.633	7.590	-7.913	19.084
-6.419	3.059	-6.962	1.257
-6.991	4.025	-7.999	17.057
-7.542	0.501	-7.233	3.328
-6.686	1.642	-8.422	12.884
-7.568	8.092	-7.804	2.293
-5.979	6.053	-7.410	11.023
-7.407	6.119	-6.592	12.445
-5.751	7.180	-9.334	6.750
-6.996	6.059	-8.413	10.112
-7.484	3.033	-7.355	8.644
-7.171	1.619	-8.821	0.887
-7.794	1.024	-7.909	4.430
-5.799	9.369	-6.244	14.815
-7.261	7.741	-6.224	10.534
-5.121	6.671	-7.007	8.281
-4.976	4.287	-5.483	2.769
-7.124	1.525	-6.045	10.856
-6.952	5.554	-7.220	3.054
-8.187	6.492	-7.107	11.142
-7.820	5.078	-7.529	4.669
-7.012	2.074	-7.658	17.695
-7.111	6.049	-5.858	4.656
-7.164	8.205	-6.551	18.757
-7.053	7.351	-4.407	7.661
-7.455	7.550	-6.768	18.085
-7.440	8.206	-7.240	13.822
-9.856	1.016	-6.412	14.490
-7.566	3.658	-5.110	6.952
-7.865	8.629	-6.467	11.160
-5.484	9.944	-7.175	19.585
-5.414	7.826	-6.717	14.746
-7.441	0.244	-6.330	1.059
-6.589	1.445	-6.941	0.353
-7.908	5.106	-8.154	8.298
-5.142	3.049	-8.300	16.739
-6.660	9.273	-7.463	5.062
-5.023	1.981	-7.193	3.827
-7.348	8.702	-7.566	3.214
-7.676	8.578	-7.926	0.217
-7.033	2.586	-7.992	13.092
-6.670	8.879	-7.109	1.254
-6.624	7.756	-6.595	19.660
-7.651	8.170	-6.978	14.070
-8.235	7.184	-8.053	7.647
-8.457	0.275	-9.362	13.399
-6.605	1.678	-6.944	9.798
-7.337	2.476	-5.377	6.873
-5.941	4.320	-6.736	1.855
-8.459	5.419	-6.767	0.757
-6.658	8.530	-7.279	4.779
-8.864	1.100	-8.306	11.145
-6.697	4.706	-5.979	12.980
-7.040	3.465	-5.459	5.340
-6.415	1.792	-7.013	16.486
-5.866	4.385	-6.955	8.485
-4.296	7.768	-7.444	10.392
-7.733	7.805	-5.778	18.025
-7.145	7.074	-4.966	7.506
-5.954	9.593	-6.043	6.279
-6.407	3.280	-6.558	8.586
-7.068	1.527	-7.509	4.393
-8.459	7.347	-9.338	17.670
-5.092	2.993	-6.035	8.318
-7.536	2.836	-6.221	19.837
-7.141	4.217	-8.085	13.636
-6.811	9.018	-5.686	6.812
-6.683	0.903	-8.348	3.228
-7.936	5.775	-6.975	6.957
-5.997	9.070	-6.986	18.771
-5.867	0.795	-7.952	11.040
-8.044	6.043	-6.984	9.749
-6.069	6.872	-4.814	17.389
-6.907	1.391	-6.922	19.733
-8.692	9.573	-6.065	17.459
-6.213	7.999	-7.607	13.083
-6.129	2.755	-6.408	3.430
-7.317	9.251	-6.952	4.609
-5.751	2.460	-3.964	11.267
-6.608	5.011	-7.279	15.108
-7.404	3.305	-6.497	8.141
-7.711	1.191	-7.457	16.205
-6.180	2.269	-7.707	2.564
-5.215	9.329	-7.313	17.249
-7.317	5.907	-6.164	3.091
-9.280	7.256	-7.429	14.885
-8.150	0.993	-6.502	10.268
-7.786	0.831	-7.357	19.106
-6.999	8.485	-8.690	10.316
-8.510	9.094	-5.976	6.788
-6.446	1.442	-7.373	11.388
-6.558	9.805	-7.549	9.323
-6.315	8.559	-6.955	12.322
-5.681	1.214	-6.616	9.939
-7.175	4.121	-6.491	10.953
-7.155	0.920	-6.859	3.376
-5.991	0.799	-5.454	0.618
-5.318	0.950	-6.894	15.481
-9.411	4.914	-6.028	1.502
-6.763	1.639	-8.267	2.476
-8.029	0.067	-6.464	3.666
-5.325	7.282	-5.633	16.202
-7.876	3.349	-7.383	8.621
-7.077	4.991	-6.154	4.095
-6.051	5.587	-7.571	10.318
-6.741	2.736	-5.587	10.797
-5.986	2.998	-7.689	15.785
-7.737	7.526	-7.754	0.863
-5.775	2.989	-7.184	12.371
-6.262	3.210	-7.069	9.742
-7.458	0.233	-9.024	15.373
-6.983	8.821	-8.730	17.328
-6.576	0.327	-8.088	2.789
-6.908	5.237	-5.805	0.259
-7.795	6.024	-7.007	0.248
-5.155	4.029	-7.242	14.604
-6.536	9.841	-6.556	16.886
-4.524	6.447	-8.884	12.795
-8.488	4.820	-7.037	11.314
-7.590	9.269	-7.922	9.095
-7.075	5.958	-4.935	15.572
-8.394	8.023	-6.144	8.783
-6.496	7.224	-6.808	16.949
-7.527	2.395	-6.815	2.513
-5.227	1.832	-6.988	7.347
-9.075	7.078	-8.669	18.316
-6.560	3.471	-6.956	13.559
-6.822	7.420	-7.456	12.533
-6.160	5.836	-7.663	2.850
-7.045	4.433	-6.261	15.638
-6.133	8.817	-6.952	19.709
-6.444	9.580	-7.617	16.817
-8.642	6.413	-6.292	0.197
-6.869	6.277	-5.005	6.823
-7.800	0.364	-7.737	14.220
-7.240	2.414	-6.933	16.998
-6.812	1.564	-6.618	17.075
-5.720	2.417	-7.522	10.456
-7.171	9.572	-8.170	11.868
-7.151	7.707	-6.677	3.413
-4.413	4.099	-8.487	13.632
-8.162	3.717	-3.219	0.784
-8.019	3.858	-8.075	2.828
-7.893	6.331	-7.144	2.849
-6.855	0.710	-7.643	16.465
-7.251	2.255	-7.655	2.373
-5.249	5.527	-7.247	18.936
-5.673	9.686	-5.888	19.252
-7.692	0.395	-5.591	13.830
-5.255	3.070	-7.139	10.547
-7.189	5.510	-7.942	12.972
-7.124	4.939	-6.948	11.545
-6.930	4.263	-6.838	12.928
-6.891	5.985	-7.555	1.874
-6.184	1.454	-7.769	14.580
-7.951	7.590	-7.090	8.413
-7.657	9.655	-6.266	12.751
-5.941	5.186	-6.567	16.114
-5.817	9.655	-6.649	4.201
-6.512	2.788	-9.955	5.570
-8.425	0.528	-7.224	0.732
-8.918	4.746	-7.367	0.899
-6.198	5.217	-7.563	18.397
-4.471	5.052	-5.508	6.848
-7.440	1.912	-8.281	17.154
-8.309	8.126	-5.576	6.508
-6.837	2.556	-8.350	8.193
-6.998	7.699	-9.434	16.216
-7.850	6.244	-7.391	1.622
-8.398	5.559	-6.519	16.625
-8.615	3.504	-5.915	17.245
-6.628	4.741	-8.121	5.347
-7.312	2.708	-6.242	0.485
-6.508	1.274	-8.366	18.358
-7.882	2.693	-5.939	2.570
-7.024	1.703	-6.940	8.854
-6.719	2.937	-5.769	7.089
-6.895	6.614	-6.937	1.062
-5.330	9.951	-6.791	5.967
-7.346	8.140	-5.164	18.907
-8.063	1.359	-8.630	1.556
-6.107	0.837	-6.476	10.492
-5.221	5.313	-6.539	9.792
-7.918	1.735	-4.728	0.606
-7.619	7.673	-6.371	0.556
-8.706	5.167	-7.820	0.119
-5.603	4.998	-5.722	4.740
-7.675	3.559	-7.551	14.231
-6.840	5.285	-5.765	11.225
-6.970	8.958	-7.251	15.498
-6.835	5.445	-6.998	15.585
-6.994	3.959	-6.952	3.419
-5.646	0.924	-5.775	5.474
-8.548	2.649	-4.663	6.159
-6.522	1.614	-7.104	13.952
-6.931	3.218	-6.582	8.378
-6.801	7.337	-5.114	3.519
-7.453	3.566	-7.151	9.083
-7.307	8.634	-6.856	10.782
-7.681	3.738	-6.044	8.834
-6.721	3.555	-9.086	2.027
-6.676	2.891	-7.072	6.575
-7.333	9.427	-10.052	13.425
-7.521	9.728	-8.795	12.579
-5.720	6.564	-7.095	7.418
-8.814	0.464	-7.064	11.323
-7.163	2.059	-6.881	2.975
-7.303	8.352	-7.139	6.830
-7.057	8.160	-8.265	15.844
-8.158	7.673	-8.421	15.771
-6.592	1.326	-7.928	13.453
-5.921	9.567	-5.808	19.322
-6.358	9.161	-8.493	2.871
-6.671	0.832	-5.984	5.236
-7.010	8.756	-7.838	7.858
-5.957	0.718	-6.898	13.244
-6.355	4.457	-6.943	7.255
-6.602	7.204	-5.622	7.680
-7.387	6.902	-6.388	13.809
-6.177	7.338	-8.172	3.482
-7.079	6.368	-7.790	10.834
-6.711	1.943	-6.669	5.021
-7.241	2.796	-7.316	11.786
-6.718	6.736	-6.287	1.654
-8.395	9.867	-6.052	2.649
-5.686	4.459	-6.323	6.009
-6.265	2.785	-7.536	3.769
-5.708	1.706	-6.184	19.703
-8.763	7.295	-7.991	11.248
-7.648	5.846	-6.483	1.535
-6.580	5.901	-8.045	15.763
-6.431	8.663	-6.294	16.929
-6.918	1.316	-6.589	19.159
-6.306	5.516	-8.687	19.600
-5.926	2.086	-6.444	4.453
-8.062	3.421	-7.229	7.033
-6.720	5.919	-6.397	5.061
-8.228	6.503	-6.316	3.483
-7.064	5.809	-5.837	10.336
-3.824	7.111	-7.847	9.748
-7.998	1.020	-6.296	7.447
-8.896	9.157	-6.917	10.571
-7.960	8.499	-6.710	9.286
-7.883	9.034	-6.994	10.188
-6.700	2.992	-8.217	2.636
-7.688	8.023	-5.893	3.409
-6.850	0.683	-7.069	5.670
-5.012	5.881	-8.021	7.799
-9.917	1.644	-7.652	10.684
-6.253	6.713	-7.428	8.214
-6.576	2.283	-8.534	6.817
-7.223	2.014	-6.546	8.500
-6.553	4.444	-6.095	7.688
-5.456	8.413	-5.470	15.775
-8.952	5.487	-5.877	4.194
-9.477	2.138	-8.123	0.264
-6.110	6.513	-9.592	7.489
-7.977	4.666	-7.328	15.743
-6.001	0.810	-6.826	15.949
-8.160	2.609	-6.644	2.432
-4.937	7.634	-7.808	0.775
-7.716	1.378	-6.849	5.225
-7.298	4.771	-6.883	18.881
-6.027	5.783	-6.812	15.595
-5.531	2.723	-7.195	16.468
-6.933	2.292	-6.956	0.063
-7.514	7.825	-5.792	6.505
-7.492	7.627	-6.230	19.425
-4.986	6.167	-7.468	3.237
-7.523	9.815	-7.798	17.100
-7.395	6.901	-6.853	5.519
-6.394	8.064	-6.640	11.923
-6.978	8.813	-5.893	16.960
-6.666	3.778	-7.847	7.860
-7.386	1.652	-6.899	16.528
-5.914	9.028	-6.015	0.297
-7.346	1.102	-8.388	19.549
-7.225	0.700	-7.994	9.269
-6.880	8.630	-9.202	5.793
-6.731	4.283	-6.748	12.240
-6.883	8.171	-6.971	12.372
-7.280	2.828	-6.942	14.577
-9.158	9.009	-7.596	2.639
-5.470	0.124	-7.851	2.849
-6.423	9.806	-4.858	8.628
-6.659	6.483	-6.964	15.813
-7.895	1.667	-5.886	3.511
-8.679	5.425	-6.534	3.957
-6.435	5.032	-7.995	2.138
-6.487	6.689	-7.036	7.723
-6.044	1.404	-6.904	9.588
-7.535	0.865	-6.729	16.718
-6.188	6.203	-7.355	4.747
-7.647	2.308	-8.033	12.738
