13.815	-0.070	7.917	-0.834	3.399	8.333	0.564	-0.899
0.528	-0.457	3.652	-0.126	0.073	3.861	-0.359	3.242
10.167	-0.120	3.471	-0.072	1.007	5.035	-1.110	-0.831
17.934	0.648	6.373	0.312	0.306	3.111	-0.466	0.469
8.551	-0.241	0.515	-0.296	0.876	6.991	1.520	-0.715
1.620	-0.535	7.935	0.351	0.606	1.564	-1.191	-2.137
11.694	-1.274	7.005	-0.131	3.355	4.743	-0.476	-0.894
8.585	0.195	3.891	1.998	3.844	2.239	0.877	-2.039
1.030	0.921	3.415	-0.818	3.028	4.485	0.734	0.017
1.425	-0.229	9.504	-1.215	2.232	9.173	-0.010	0.187
10.173	-0.512	5.303	-2.339	3.804	3.808	0.223	-0.719
11.812	0.921	3.378	-0.862	0.494	6.165	-0.248	-0.499
0.830	-0.982	8.409	-0.330	3.888	2.146	-0.981	-1.313
11.351	-0.337	9.599	-0.012	3.259	5.645	1.577	1.721
19.461	0.740	7.634	0.385	4.910	4.652	0.522	-0.490
19.629	-0.713	4.299	0.289	0.195	7.593	1.170	0.927
6.104	-0.126	5.300	0.182	4.110	8.069	1.964	0.655
4.907	-0.829	8.652	-0.903	4.767	3.221	-1.024	0.788
5.537	-2.565	9.652	1.110	3.242	2.689	-1.303	0.094
1.654	-0.108	0.387	-1.517	0.988	8.144	-0.283	-0.281
9.938	1.208	9.755	-1.021	0.587	8.761	0.748	0.534
8.947	-2.196	1.233	0.100	1.896	0.362	-1.200	0.439
2.352	-1.023	5.415	0.053	2.254	0.706	1.222	0.405
2.193	2.010	3.585	0.214	1.167	3.606	-0.049	-0.285
1.450	1.169	0.138	1.459	1.142	8.582	-0.253	0.319
11.309	-0.428	8.411	-0.306	3.077	7.346	0.663	0.386
16.896	1.566	3.267	1.334	0.454	6.748	-1.217	-1.378
18.181	-0.562	0.966	-0.185	1.172	6.404	0.478	-1.941
14.437	-1.853	1.052	0.098	1.784	8.734	-1.864	0.191
8.351	2.259	9.295	0.131	2.798	3.331	0.968	-1.040
2.110	0.319	4.803	-1.647	1.115	8.498	-0.002	-0.135
8.084	-0.117	2.370	1.077	4.998	4.703	0.338	-0.054
14.544	-1.133	0.548	-0.199	3.541	8.355	-0.925	-0.744
17.989	1.413	7.062	0.620	1.216	4.079	0.879	-1.402
13.189	0.193	4.629	-0.691	4.929	3.214	-0.173	-0.640
18.500	0.447	1.933	1.733	0.888	1.606	0.054	0.674
6.253	0.705	4.746	-1.445	1.647	0.468	-1.090	-0.604
10.564	-2.194	3.579	0.947	4.062	2.174	0.222	0.298
13.057	0.393	0.662	-0.859	1.277	7.505	-0.723	0.108
6.698	-0.239	5.405	0.182	1.270	3.823	-0.774	2.183
15.124	1.203	9.817	0.183	3.116	4.680	-0.201	-0.823
17.139	-1.033	6.228	0.488	0.135	0.259	-1.157	0.903
18.454	-0.175	7.542	1.013	2.451	4.718	-1.599	-0.102
4.203	-1.456	4.582	-0.039	1.710	3.173	0.154	1.829
6.080	1.148	5.649	-0.923	1.434	6.621	0.679	-0.315
1.091	0.906	6.727	0.150	0.188	6.708	0.914	-1.725
2.576	0.363	2.553	-0.467	2.365	3.677	-0.733	0.020
3.835	1.458	9.511	0.579	2.243	0.747	-0.353	0.259
4.568	-1.702	6.953	0.382	0.042	0.916	0.527	1.344
14.734	2.085	0.953	-0.594	2.037	6.794	1.233	0.060
1.589	0.136	0.245	-0.055	2.861	8.978	-0.572	0.546
2.313	-1.032	5.485	0.874	1.052	3.958	1.456	0.293
12.321	0.071	7.108	0.269	4.578	7.573	-0.772	1.507
2.496	-1.255	1.665	0.870	1.820	1.306	1.790	0.950
13.903	0.850	5.419	1.823	4.802	4.078	-0.454	1.105
2.309	0.193	3.886	0.702	2.665	9.315	-0.196	0.023
19.415	-0.612	5.955	0.528	1.497	9.871	-0.622	0.067
1.665	-2.106	9.398	0.688	0.386	6.118	1.934	-0.868
10.532	-1.369	4.965	-2.148	4.226	9.263	-1.071	-1.583
17.541	-0.052	0.221	1.014	1.569	8.101	0.702	-0.484
3.060	-1.753	0.344	0.121	0.593	6.298	-0.322	0.665
18.527	1.514	7.017	0.400	4.178	0.754	0.226	0.007
18.585	0.413	0.347	-1.601	0.450	3.187	1.212	0.808
6.929	-1.731	5.861	0.461	1.949	2.229	0.160	0.746
19.383	0.046	0.385	-1.543	4.397	2.719	-0.349	1.494
19.719	-1.443	2.400	0.832	2.471	2.424	1.016	-0.493
12.680	-0.575	7.753	-1.513	0.875	5.317	1.731	0.841
6.593	-1.414	5.504	-2.723	3.073	3.789	0.040	-1.834
0.244	0.537	1.372	0.440	5.000	1.771	-1.035	-1.097
10.493	0.179	1.685	1.966	1.082	5.298	-0.764	0.448
13.440	-0.193	5.879	-0.087	3.954	8.351	-0.711	-0.400
5.563	2.065	7.406	1.172	3.373	5.876	2.042	-0.290
17.986	-1.304	0.187	0.230	1.166	5.766	0.563	-0.755
11.869	-1.080	5.474	-0.259	1.565	8.623	-0.759	-0.082
15.195	-0.681	9.431	-0.998	2.509	1.929	-1.527	0.390
7.800	-0.497	5.545	1.724	4.699	4.051	-1.104	0.198
17.482	-0.195	9.996	-0.219	4.158	9.076	-0.731	-0.806
13.852	1.408	7.369	1.458	2.932	5.894	0.974	-0.917
10.248	-0.078	1.214	1.369	0.349	3.669	-1.217	-1.704
6.851	-1.194	5.505	1.482	4.034	2.404	1.783	-0.460
0.829	-1.027	1.381	1.177	1.919	4.740	-1.103	0.697
7.697	0.492	6.655	0.442	3.714	3.985	-0.139	-0.415
13.382	-0.805	1.034	-0.123	3.549	6.363	0.073	-1.261
12.173	0.252	3.053	1.238	2.198	6.202	0.350	-0.701
10.748	0.465	8.868	-0.250	1.377	7.457	-0.070	0.387
4.890	0.172	1.181	1.011	3.065	7.263	-0.056	-2.417
12.151	0.721	5.373	0.789	3.205	9.701	0.831	1.139
14.234	-0.447	2.550	2.039	3.862	5.340	-0.240	0.589
8.643	-1.409	9.137	-0.784	3.687	9.506	-1.048	0.187
5.443	1.177	2.635	1.693	4.163	2.380	-0.348	1.150
16.613	1.146	2.707	-0.375	3.894	7.551	-0.087	1.200
2.292	-0.709	9.912	1.226	3.159	9.783	-1.782	-0.782
5.399	-2.053	2.724	1.363	1.660	7.467	1.294	0.347
9.536	-1.092	0.290	-1.630	4.911	5.316	-0.750	-0.203
9.203	0.545	8.712	0.627	0.994	9.170	-1.781	-1.713
18.580	-1.736	1.407	-0.613	1.523	8.176	0.402	-0.049
5.531	-1.482	7.573	-0.117	3.361	1.854	0.861	1.001
15.151	-1.567	5.675	-0.483	2.165	3.123	1.229	-0.188
16.523	0.627	8.436	0.572	0.966	8.180	1.709	0.976
19.825	0.122	3.098	1.055	2.506	0.888	-0.434	-0.125
14.389	0.716	7.373	-0.251	4.349	2.392	-0.021	-0.119
16.737	-0.738	2.685	1.267	2.367	7.880	1.300	-1.053
10.972	0.633	0.762	-1.149	4.446	7.029	1.118	1.166
16.072	0.005	1.283	-0.166	1.361	8.491	-0.420	-0.072
1.040	-0.955	2.593	-0.327	3.022	9.802	-1.268	1.706
15.418	0.295	6.002	0.034	4.121	6.936	0.312	-0.487
13.675	0.115	9.906	0.633	4.158	5.715	-0.541	0.716
13.508	-0.807	8.022	-0.860	1.325	4.153	1.548	0.125
5.194	-0.650	9.738	-1.504	3.701	4.285	-0.833	0.945
4.325	1.227	9.266	0.385	3.136	8.410	1.687	-1.008
19.268	-0.260	4.894	-0.435	2.354	6.083	0.767	0.700
5.700	2.034	5.197	0.014	1.783	9.915	-0.250	-2.655
19.519	-1.963	2.342	-1.502	4.530	3.705	0.278	-1.227
16.281	-0.188	2.641	-0.674	0.725	5.144	0.196	-0.457
4.824	2.014	9.226	-1.607	1.594	9.787	-0.184	-0.852
7.882	-1.749	3.957	-0.080	2.045	0.579	-1.619	-0.104
12.119	0.479	9.716	-0.525	4.339	1.895	0.298	-2.006
8.043	-0.038	4.484	-0.297	0.417	0.486	0.512	-0.295
16.001	-1.177	8.591	2.001	0.753	4.116	-0.319	0.849
6.475	0.412	4.718	-2.142	0.721	4.707	-0.447	0.424
4.122	-0.623	5.678	-1.093	2.816	1.589	-2.291	-1.142
12.731	-0.920	3.455	0.752	2.109	4.733	-0.027	0.027
6.104	0.145	4.916	0.280	3.606	2.610	-0.812	0.349
14.861	0.411	1.668	0.142	4.672	7.852	0.865	-0.065
0.639	0.350	4.395	-0.471	3.418	9.560	-0.771	-0.354
19.738	-1.215	3.596	-1.428	2.137	4.257	-0.508	-0.051
7.457	-0.037	3.705	0.112	4.697	9.808	0.056	0.978
4.611	0.779	2.780	0.297	2.073	1.256	-1.343	-1.301
19.307	1.877	7.223	-0.307	4.874	2.079	0.608	-0.613
8.479	-0.503	0.873	0.565	0.137	7.507	0.078	-0.016
18.662	0.837	4.994	-1.074	1.928	4.916	0.396	0.441
5.711	-1.021	8.288	-1.057	0.954	1.762	-0.434	0.308
16.103	0.920	0.975	1.246	1.650	9.463	0.762	0.039
1.236	-0.201	9.667	0.320	1.320	9.886	0.941	-1.932
8.056	-0.630	6.353	-1.193	2.252	0.917	1.049	-0.275
16.394	-0.960	6.998	-1.217	1.929	5.801	-0.222	0.102
16.178	0.758	6.921	0.493	2.949	4.794	-1.645	-2.617
19.540	-0.677	0.755	0.230	1.457	0.531	-0.213	0.626
1.098	1.488	4.775	-0.169	3.839	2.322	1.186	-0.273
13.796	-0.947	1.983	-0.161	2.456	3.646	-0.097	1.561
17.960	2.411	6.188	0.590	2.131	7.183	1.240	0.229
0.680	-1.168	2.851	-0.431	3.210	1.692	1.557	-0.586
5.452	-0.935	0.917	-0.879	3.144	2.538	0.092	-1.938
9.691	0.976	6.577	-0.778	1.429	1.006	-0.675	0.126
18.324	-0.671	2.313	-0.954	4.487	6.065	0.838	-0.883
7.673	-0.896	5.683	0.072	2.654	9.984	0.252	-0.958
6.575	0.940	6.709	0.437	0.310	5.175	0.417	-0.014
5.837	-0.344	8.424	0.624	2.608	7.246	0.141	-0.251
12.818	0.980	1.265	0.966	0.436	8.386	0.341	0.144
16.715	0.574	5.465	-0.764	2.230	7.763	-1.836	0.410
2.486	0.490	1.579	1.862	4.943	7.048	-0.100	-1.203
3.129	0.444	0.385	0.765	4.729	5.963	0.420	1.070
17.852	0.276	6.045	1.150	1.736	5.737	0.392	1.213
17.305	0.837	0.106	0.239	2.298	0.922	-1.620	-0.663
17.369	-0.779	6.266	-0.161	2.902	7.635	0.259	0.364
14.830	-1.249	5.745	-0.374	1.435	2.700	0.126	-0.077
6.746	-0.333	5.508	0.125	2.135	9.184	-0.819	1.533
0.030	-1.110	4.498	-0.295	4.775	4.726	-1.059	-0.222
2.806	-1.479	7.101	0.126	4.445	9.881	-2.491	1.173
16.940	0.899	9.711	-0.013	0.007	8.689	-0.305	-1.591
14.125	-0.147	8.698	0.267	4.184	8.875	-0.403	-0.291
7.609	1.638	4.236	0.132	2.072	3.794	-1.071	-0.590
15.280	-2.121	1.959	-0.935	4.592	8.089	0.490	1.093
10.965	0.178	6.448	1.897	3.364	5.764	-0.189	0.357
6.308	0.089	2.887	0.555	3.085	6.034	-0.163	0.100
12.350	1.663	3.014	0.642	1.003	1.456	1.614	0.473
11.745	-0.180	4.611	-0.247	0.136	2.622	-1.077	0.957
11.251	0.021	8.553	-0.294	4.401	1.687	1.350	0.708
8.362	0.328	6.190	-0.386	1.763	0.287	-0.216	0.148
0.843	1.292	7.039	2.221	3.723	5.104	0.709	-0.888
11.306	-0.306	7.002	-0.704	0.352	2.194	-0.602	-2.214
1.110	-2.655	0.678	-0.181	2.365	8.072	1.422	0.998
13.775	0.981	4.850	-0.832	2.545	2.679	-0.466	-1.285
8.608	-1.186	7.166	-0.104	0.726	4.784	0.624	0.911
16.787	-0.118	6.388	-3.009	1.084	3.764	0.124	-1.099
15.491	0.412	7.561	0.374	1.054	4.559	1.029	-1.501
7.981	-0.833	7.294	-1.387	3.527	4.293	0.230	-1.193
7.268	-0.162	8.787	0.088	3.340	6.832	-2.054	-0.144
15.936	0.348	0.811	-1.155	1.919	2.003	-0.199	-0.482
9.127	2.487	1.285	1.112	3.088	0.632	0.638	-0.841
5.177	-0.767	3.926	0.334	2.480	5.031	0.026	0.223
2.382	-1.313	8.174	-1.680	4.572	8.797	1.600	-0.090
7.738	-0.113	5.134	-0.050	2.699	7.793	0.978	0.798
16.697	-0.065	0.511	-0.707	4.790	8.671	0.105	1.867
11.914	1.313	4.940	-0.426	4.066	4.454	0.274	0.316
6.786	0.244	0.349	0.504	4.000	3.533	0.376	0.258
0.629	-0.197	7.416	-1.975	0.738	1.833	-0.682	-1.496
12.324	0.708	6.557	0.181	1.450	1.997	-1.422	0.517
13.549	-0.900	3.505	-1.406	3.946	6.914	-0.351	-1.280
14.681	0.495	1.393	-0.950	1.521	2.563	-0.694	-0.941
19.340	0.930	6.688	0.914	1.108	0.149	0.070	0.644
9.585	0.567	4.350	1.453	4.181	1.530	-1.088	0.729
2.031	0.121	4.995	-0.672	0.626	3.784	1.591	-0.102
15.868	-1.993	9.460	-1.078	1.332	3.949	-0.061	0.838
3.075	-0.610	9.322	-0.701	4.959	2.084	-0.474	0.399
8.420	-0.522	7.967	-1.646	4.861	3.921	-1.000	0.546
18.507	-1.126	9.235	1.161	2.166	9.262	0.914	0.360
7.679	0.001	8.215	0.290	3.606	5.887	1.596	-0.572
19.977	2.009	2.844	0.152	0.973	1.933	-1.853	0.139
5.177	-0.555	4.593	1.923	4.970	5.865	0.854	-0.336
11.933	0.200	1.434	0.188	4.287	3.138	-0.200	-2.016
19.569	-1.116	1.776	-0.440	4.380	0.540	1.805	0.506
16.886	0.004	0.888	1.311	1.484	6.810	1.259	-0.369
3.402	-0.528	7.798	-0.741	4.351	4.796	0.734	-0.692
18.565	-0.685	4.560	-0.272	4.205	4.334	1.170	0.272
13.653	0.447	6.131	0.243	2.162	8.808	2.000	0.912
2.376	-2.047	2.652	-0.315	4.720	1.092	0.479	0.892
2.320	-0.334	6.158	-0.348	2.066	8.694	-1.208	0.033
8.971	0.907	9.685	-0.752	3.532	4.761	-0.331	-0.652
19.460	0.511	0.480	-0.164	0.762	4.223	-1.868	-0.757
5.288	-0.638	6.530	0.603	3.269	8.324	-0.168	0.748
9.476	-0.544	3.167	0.169	1.897	5.250	0.831	0.981
17.125	-2.673	0.982	-1.408	1.153	7.609	1.102	0.805
18.732	0.519	6.856	1.473	1.289	0.368	-1.274	0.263
7.639	0.021	7.937	-0.909	4.469	8.340	0.409	0.582
1.269	1.506	3.526	-0.330	5.000	5.870	0.477	0.750
12.777	0.402	4.417	0.723	2.379	4.890	-0.741	-0.910
0.840	-0.899	1.327	-0.124	3.034	5.457	0.195	-0.709
16.643	0.177	8.327	0.649	0.435	0.567	-2.285	-0.293
14.221	-0.168	4.940	-0.976	1.000	1.769	-1.816	-1.340
17.010	0.571	2.527	0.408	2.375	3.153	-1.179	-0.509
4.023	0.124	4.401	0.402	0.982	4.216	0.874	-0.525
2.992	0.973	6.492	0.975	0.149	5.863	-0.708	0.572
9.588	0.306	6.270	0.258	3.331	2.603	-1.476	0.430
8.838	-0.344	3.798	-1.099	3.926	4.552	0.583	0.147
8.312	-0.365	5.802	-0.307	4.898	8.215	-0.798	-1.133
18.404	-0.506	0.418	-0.407	0.249	7.505	0.530	-0.864
17.549	1.958	7.605	-1.175	0.462	9.312	-1.203	0.941
3.773	-2.456	9.291	-0.981	2.941	9.164	0.127	-0.449
0.016	0.463	3.425	0.733	1.966	6.631	0.513	0.109
5.485	1.138	5.413	1.602	4.734	3.643	0.514	-0.686
3.692	0.134	1.901	0.054	2.817	0.345	-0.815	-0.833
10.443	-0.464	3.426	2.255	1.278	8.048	-0.472	1.447
17.924	-0.014	1.139	-0.323	4.106	3.352	0.476	-0.814
0.896	1.104	4.219	0.575	3.545	7.784	1.667	1.861
11.362	1.251	8.113	0.525	3.836	5.705	1.560	-0.433
19.728	-0.513	9.179	-1.549	3.404	7.643	-2.108	0.174
10.584	1.147	3.561	0.517	0.373	8.009	0.953	-1.060
15.587	-1.099	5.949	-1.084	4.859	4.550	0.087	0.174
13.127	-0.705	7.075	-0.324	3.799	2.633	0.469	-0.649
12.095	1.004	8.680	0.321	0.074	8.623	0.836	-1.755
4.490	0.291	6.970	-0.975	2.132	7.079	1.594	0.607
19.922	-1.225	1.137	-0.176	3.807	2.301	1.070	-1.068
5.298	-0.394	1.772	0.879	4.695	8.739	-0.431	0.667
9.849	-0.729	0.042	2.206	0.342	2.960	-1.315	0.620
5.214	0.234	4.025	-0.359	2.557	8.870	0.810	0.978
9.046	-0.362	5.030	-0.726	4.872	6.753	1.890	-0.143
7.022	1.421	3.584	0.293	4.094	0.263	-0.432	0.030
15.960	1.213	6.894	-0.115	4.001	2.956	-0.025	-0.470
5.612	0.743	1.401	0.694	3.610	6.753	0.967	0.727
15.645	0.499	5.722	-0.117	1.309	6.941	0.189	-1.234
18.187	0.363	1.086	-0.898	1.498	3.574	1.543	1.125
9.819	0.704	4.185	-0.445	2.432	4.903	0.177	0.862
16.539	-1.444	0.401	-0.435	0.940	3.693	0.845	-1.008
5.244	1.186	7.600	-0.789	3.380	2.207	0.894	0.183
11.339	-0.564	2.732	0.216	4.162	5.881	-2.173	-0.478
2.413	0.108	5.110	0.164	3.342	7.731	-1.227	0.471
1.247	1.013	7.274	0.595	4.493	9.126	-1.271	-0.677
16.742	-1.246	9.414	1.009	4.026	1.059	0.627	-2.830
14.714	0.157	1.336	-0.728	0.420	3.121	0.111	-2.390
16.063	-1.128	7.373	-0.176	0.067	1.790	-1.805	2.127
9.414	-0.855	1.512	0.785	2.011	5.862	0.090	1.401
7.485	-0.040	9.359	-0.760	3.786	5.649	1.622	1.522
11.752	-0.245	9.544	1.367	4.000	0.345	1.060	-1.025
19.787	-1.441	5.191	-0.957	1.351	0.559	-1.316	-1.953
11.872	0.555	5.617	0.791	1.073	8.885	-0.025	-0.145
13.316	1.081	2.924	1.339	1.011	1.821	-1.026	0.414
10.152	-0.918	1.773	-1.285	2.382	6.660	-0.746	-0.215
8.130	1.702	4.137	0.151	4.464	6.828	-1.159	0.793
0.763	0.006	7.575	-0.893	1.758	8.709	-0.201	-0.822
17.633	-1.638	4.691	2.034	1.828	2.193	-1.558	0.665
6.976	0.019	5.156	-1.020	1.234	7.355	1.505	-0.906
14.923	-0.611	3.849	-0.413	1.101	6.667	0.486	-0.991
11.391	-0.258	8.279	-0.699	2.509	6.861	1.499	1.265
19.281	-0.760	5.689	-1.253	1.069	6.942	2.019	0.522
13.953	-0.544	6.906	0.707	2.863	3.580	0.496	0.145
15.707	-1.096	4.578	0.542	1.723	8.589	1.778	-0.530
7.986	1.127	8.713	-0.058	1.742	6.714	-0.863	-1.334
19.761	1.056	4.612	1.350	3.059	7.503	0.172	-0.505
9.677	-0.779	7.129	-1.670	1.844	7.849	0.904	-0.106
9.781	-1.011	6.739	1.721	4.368	9.737	-1.308	0.536
10.804	-0.522	7.921	-1.038	2.301	7.864	-1.138	0.273
8.593	-0.265	3.204	1.434	4.228	9.891	-0.605	-0.004
10.972	0.695	8.116	0.010	4.754	3.545	-1.149	-0.579
15.738	2.426	5.485	-1.666	3.763	2.791	-0.841	0.648
6.019	0.537	7.331	0.570	3.391	7.218	0.326	0.922
13.917	0.875	1.622	0.853	2.763	1.913	1.581	0.416
5.256	0.737	2.829	1.498	2.817	6.113	-0.834	0.052
11.139	-1.566	9.964	-1.064	4.796	8.374	-0.369	-1.271
8.241	-0.359	7.012	0.010	1.578	9.646	1.592	0.661
14.337	0.192	6.546	0.396	3.359	6.540	-0.166	-0.545
13.609	0.588	5.508	0.718	2.786	7.633	-0.132	-1.120
10.137	0.943	2.711	0.437	1.238	7.343	0.130	0.828
6.330	-0.954	7.307	0.006	3.416	8.559	-1.065	-0.568
5.146	-0.262	1.624	0.214	1.329	3.757	-0.511	0.293
4.833	0.709	1.261	-0.295	4.151	1.096	0.198	0.165
13.671	1.509	6.546	-1.587	4.995	0.771	-0.688	-1.143
6.699	-0.232	4.452	-0.375	0.947	3.990	-0.274	1.215
9.131	-1.816	9.243	0.107	2.913	0.622	-1.888	-0.787
9.646	0.950	3.646	-0.690	1.845	6.197	0.641	0.143
5.059	-0.514	2.399	-0.849	1.258	4.439	1.371	-1.776
10.917	1.138	1.678	-0.935	1.919	2.314	-1.134	-0.540
14.814	-0.819	4.803	1.389	4.816	7.973	0.030	-0.692
5.564	0.159	7.693	0.159	1.114	2.644	0.534	0.160
19.453	-0.436	9.420	-0.248	3.198	0.019	0.178	-0.263
19.985	-0.044	2.503	-0.794	0.844	8.913	-1.630	-1.316
6.485	-0.150	4.574	1.516	0.247	2.941	2.030	0.273
1.933	-0.241	3.771	0.394	0.365	7.926	-0.960	0.052
8.331	-1.367	7.082	1.040	4.772	6.524	0.336	0.619
17.131	1.213	1.359	-0.515	4.767	9.838	0.078	1.088
3.469	-0.140	2.256	0.835	4.668	2.488	-0.132	0.343
6.630	0.185	0.150	-0.538	2.039	5.794	-1.897	-0.788
6.683	0.843	1.550	-0.858	0.991	0.155	-0.830	-0.051
17.563	0.086	1.518	0.339	1.305	5.755	0.538	-1.818
18.621	-0.435	4.469	1.349	1.286	3.693	-1.051	-0.146
16.283	1.747	3.143	-0.530	2.296	2.371	0.358	0.596
18.646	-0.787	1.385	-0.189	1.437	1.836	0.587	0.678
2.079	-0.490	2.990	-0.075	1.550	0.035	1.437	-0.552
14.957	-1.438	0.882	-0.050	1.542	7.757	0.991	-0.567
7.564	-1.022	2.062	0.363	4.082	8.268	1.841	-0.560
4.346	-0.586	3.336	0.696	4.717	7.928	-1.108	0.484
10.826	-0.477	1.640	0.617	3.956	1.368	-0.930	-1.031
0.450	-0.260	9.200	-0.243	0.812	4.655	-0.003	0.117
3.472	1.902	7.977	0.929	0.523	2.747	-1.059	-2.681
5.886	0.385	7.650	0.460	3.178	4.541	1.733	0.708
5.052	1.219	0.355	0.354	0.318	0.403	-2.225	0.722
12.642	-0.766	6.194	-0.150	1.052	1.399	-1.264	-0.123
8.866	0.502	3.072	-0.380	0.267	5.779	0.891	-0.548
1.556	0.324	0.309	0.721	3.019	8.035	0.561	0.418
19.766	-0.118	1.920	-0.093	0.228	9.632	-0.625	2.272
4.309	-0.652	4.419	0.906	0.403	9.381	1.794	0.701
9.019	-0.917	8.878	0.490	0.077	1.074	-0.411	-0.121
7.149	-0.038	9.616	-2.268	3.996	0.786	0.738	0.473
6.234	19.474	6.784	0.211	0.320	5.709	4.671	17.578
4.699	0.566	3.750	4.871	1.146	5.084	5.505	6.390
4.073	1.920	5.412	2.621	3.043	3.751	5.468	12.585
3.997	1.830	6.483	6.808	1.901	4.614	6.935	4.331
4.969	0.048	8.103	7.506	0.352	5.422	4.280	0.989
4.989	16.354	4.406	0.791	3.056	4.514	4.868	7.330
4.499	2.328	3.297	7.028	0.038	3.714	3.632	8.786
6.439	11.898	4.096	7.325	0.023	2.003	5.192	12.904
5.183	2.099	5.528	4.064	2.243	4.955	4.069	12.440
5.653	0.987	4.608	4.983	0.997	4.934	4.993	12.429
5.633	11.735	6.651	5.285	0.720	4.472	4.982	18.855
4.384	4.334	6.192	0.266	4.073	5.190	4.675	1.414
5.354	5.018	4.412	1.139	0.637	3.791	4.426	12.994
6.113	6.691	3.666	8.941	1.805	3.213	5.008	0.458
5.111	6.457	5.566	1.777	4.739	4.695	4.278	17.511
4.517	11.075	3.421	3.289	0.398	1.912	4.975	6.768
6.166	12.160	3.446	6.792	2.729	5.691	3.237	17.447
3.672	10.303	4.091	5.198	3.997	5.456	5.185	10.360
3.181	15.630	5.009	1.704	3.514	3.294	3.448	7.673
4.717	1.681	5.337	5.658	2.129	4.075	6.105	8.119
3.813	1.707	6.364	1.239	1.700	5.007	5.341	0.200
6.464	13.246	6.576	3.571	0.420	6.187	6.928	13.023
4.266	12.404	4.271	9.080	0.304	4.443	4.947	10.539
4.630	4.982	6.103	2.515	1.956	4.678	5.541	7.484
5.425	11.054	5.258	2.824	1.525	5.901	4.815	11.043
3.941	18.069	5.571	0.720	1.622	6.320	5.230	5.302
6.078	6.918	3.371	9.420	4.344	5.012	5.770	17.139
5.575	7.369	7.083	2.338	0.413	4.417	4.187	17.568
4.582	2.179	5.641	0.716	1.872	5.330	2.979	3.151
4.936	9.972	3.434	6.187	1.764	4.710	5.689	2.843
7.620	3.998	4.965	9.114	4.143	4.323	4.813	12.158
4.991	16.266	5.465	7.020	0.151	3.830	5.459	3.913
5.007	4.451	3.929	6.207	1.513	4.006	4.988	15.071
5.396	6.036	5.065	8.956	1.080	5.123	5.126	10.092
5.371	4.294	2.673	5.115	2.440	4.515	4.516	18.372
5.774	17.338	5.275	0.961	4.728	5.192	4.752	2.405
5.445	19.201	4.911	7.897	2.661	5.195	6.426	8.905
6.540	13.958	5.954	1.589	3.729	5.338	5.460	11.752
3.512	19.307	5.517	6.366	3.371	5.063	5.103	10.286
6.314	2.325	3.889	1.532	0.494	4.728	5.604	6.933
6.006	13.848	4.691	4.518	0.229	6.137	4.337	6.231
3.453	0.299	4.304	7.081	2.844	4.475	4.867	2.227
7.298	17.747	4.559	4.792	4.916	4.090	6.986	1.513
5.024	9.280	7.089	4.952	0.863	5.861	5.344	4.233
6.072	10.198	6.334	3.860	4.162	4.620	5.210	3.826
4.407	5.937	4.196	3.273	2.646	4.583	3.742	2.146
5.633	4.435	3.395	3.649	4.098	5.351	3.855	4.227
4.362	6.829	4.025	6.115	1.607	3.523	3.239	19.825
5.779	6.026	5.466	7.207	0.664	5.616	4.496	19.036
4.916	4.801	5.424	9.019	1.534	5.931	5.369	8.715
5.808	17.352	4.840	1.665	2.613	5.192	4.672	6.364
4.020	7.487	4.217	3.422	0.058	4.412	3.977	11.522
4.463	0.928	6.598	1.989	3.423	5.116	4.847	19.285
6.089	2.559	4.005	5.037	4.292	3.300	4.766	19.554
4.689	7.555	2.978	6.263	4.296	4.704	5.435	8.620
6.243	1.263	6.279	2.769	1.607	3.911	6.006	13.545
4.495	17.895	5.581	9.118	2.055	3.039	5.058	4.960
4.750	19.750	4.185	0.137	3.948	5.574	3.443	17.910
5.609	7.504	4.673	9.783	3.752	5.213	5.110	14.396
7.722	4.776	3.768	5.314	2.877	5.946	4.205	10.809
5.005	2.753	5.669	6.354	1.733	4.347	3.712	14.065
5.492	10.247	4.664	1.218	2.699	6.522	4.710	1.606
4.585	8.888	5.732	1.731	2.752	5.937	5.152	18.799
5.517	7.002	5.980	3.565	2.635	5.241	4.720	2.114
5.320	10.310	2.934	0.433	0.466	5.310	5.716	9.943
5.466	6.059	6.701	1.573	4.780	3.783	3.745	12.951
4.812	14.813	4.247	4.325	4.038	5.940	5.678	4.735
4.133	10.461	5.563	6.578	2.082	3.679	5.664	9.707
5.194	17.834	5.584	9.540	0.493	5.094	5.358	2.072
5.933	0.433	3.419	2.310	0.570	3.721	6.671	3.078
4.824	4.586	3.588	5.763	3.057	4.031	4.203	4.929
4.725	8.974	4.654	8.555	3.999	5.220	3.655	14.654
3.701	3.416	4.263	1.334	0.006	4.519	5.807	10.268
4.950	17.699	4.338	5.287	2.041	3.486	4.638	7.516
6.570	3.836	4.503	9.256	4.577	5.064	4.845	9.329
6.106	3.955	6.840	9.768	4.504	5.599	5.350	17.516
5.203	19.566	4.189	1.335	1.477	6.738	4.849	14.336
3.628	15.236	4.715	4.835	2.535	4.181	4.002	14.952
5.009	7.016	4.909	8.490	0.423	4.161	4.069	11.008
6.139	9.431	5.163	6.200	0.396	5.371	4.633	6.560
3.927	5.848	3.933	3.814	2.520	3.962	3.888	8.595
3.908	11.738	4.522	0.524	1.258	4.726	4.998	14.531
6.760	19.353	5.618	7.897	4.507	1.288	4.085	8.409
4.415	7.032	6.614	7.951	0.946	4.464	3.751	2.525
4.978	12.897	5.794	6.905	3.184	5.837	6.425	7.205
4.703	13.858	5.676	3.699	0.028	5.215	4.325	13.219
5.883	13.989	5.097	0.009	4.166	5.517	4.256	11.172
5.075	9.676	3.681	1.479	0.442	5.798	6.875	9.664
5.713	0.218	4.337	5.932	2.461	5.395	4.641	18.745
6.198	6.921	4.189	1.427	2.630	4.586	3.220	5.278
6.284	12.839	4.025	3.097	1.653	5.120	3.545	4.940
3.746	8.739	6.572	8.203	1.346	5.904	3.800	7.888
5.035	10.325	4.039	7.352	3.530	5.340	6.657	13.938
3.958	18.293	5.142	0.277	1.343	5.407	4.353	3.653
4.874	4.964	4.698	0.832	4.718	4.064	5.496	11.173
4.171	15.261	4.861	1.500	2.027	4.463	5.020	5.631
4.719	17.264	5.061	7.501	3.104	4.185	3.348	1.742
4.777	1.967	3.223	0.347	3.067	3.932	5.598	9.587
6.101	10.625	4.341	6.881	4.442	3.670	5.028	2.523
4.169	19.528	4.984	0.392	1.511	6.118	4.440	10.819
5.661	3.644	4.833	3.968	0.066	4.268	5.904	17.550
6.144	2.352	5.707	5.822	2.849	4.335	3.771	14.962
2.662	1.452	5.265	5.531	3.492	4.657	7.717	5.514
6.526	11.514	5.335	1.445	3.035	5.005	5.871	5.923
6.643	16.800	5.268	0.939	1.254	5.111	3.610	15.342
6.502	4.221	4.675	5.760	1.261	3.937	4.284	0.265
3.752	4.285	3.188	4.752	0.641	4.330	4.236	19.631
4.641	19.797	7.093	5.116	1.569	4.124	5.997	15.352
7.967	8.710	5.295	6.277	2.484	6.586	5.705	5.637
4.877	1.032	5.184	8.075	4.830	4.776	4.690	4.564
5.893	18.386	4.409	3.297	2.856	4.882	3.799	9.707
4.572	5.388	4.598	1.108	4.785	3.590	6.281	16.615
2.444	1.161	4.694	5.519	1.452	4.914	4.966	0.024
5.294	15.641	4.316	2.766	3.618	5.203	4.795	4.976
4.610	12.542	5.285	0.918	2.584	5.652	4.203	2.559
6.619	19.282	6.851	8.768	3.033	7.914	3.640	15.555
5.224	15.045	5.719	8.971	4.477	4.520	5.758	10.352
5.673	6.048	6.267	0.349	3.841	5.044	3.002	14.300
5.837	19.073	5.180	5.111	2.960	3.912	5.497	17.799
5.175	6.087	4.717	2.200	0.777	6.529	5.881	17.089
4.924	6.128	3.282	8.378	1.397	6.425	5.219	2.297
5.679	16.133	5.574	1.576	0.707	4.586	5.445	0.887
5.519	6.867	5.231	5.328	1.085	5.132	4.143	14.108
5.519	1.113	4.685	7.078	4.906	5.168	4.667	1.868
5.025	5.146	4.398	7.431	0.656	4.211	5.732	4.622
5.951	19.895	5.313	0.738	2.878	5.855	5.808	11.382
4.781	0.691	5.160	0.744	3.203	6.515	4.355	6.873
5.959	7.490	5.238	9.900	2.558	5.721	4.644	17.523
6.219	5.735	4.412	0.879	3.617	3.217	4.570	2.048
5.703	10.612	4.418	4.157	2.938	4.561	5.470	18.389
6.953	12.608	5.905	5.251	4.654	6.248	3.635	18.651
6.225	4.981	4.743	9.016	0.982	5.040	4.778	11.794
5.189	18.077	4.371	3.682	1.147	3.785	4.515	17.808
4.219	10.619	4.015	2.453	4.836	5.481	6.377	6.666
4.594	0.262	3.612	0.233	2.820	4.626	6.428	5.525
3.652	17.263	3.198	5.895	0.789	4.755	4.973	2.425
5.063	3.852	5.652	0.182	3.831	5.261	5.632	19.519
5.792	8.158	4.329	4.812	1.055	6.404	4.685	8.812
3.838	10.547	6.706	0.573	2.817	3.782	4.426	13.888
4.409	15.599	5.149	5.333	3.948	5.652	4.801	8.695
3.961	4.193	4.958	0.975	2.062	4.161	6.245	14.037
3.527	2.425	5.913	2.073	1.790	4.885	6.235	17.498
4.586	4.751	3.756	9.753	3.493	3.853	5.082	12.418
3.954	17.844	5.743	2.187	0.107	4.211	5.592	7.805
5.156	12.466	5.232	1.660	0.790	5.424	4.500	2.058
4.455	18.029	6.259	8.919	0.783	5.126	4.267	7.940
6.269	3.498	3.503	3.389	1.085	4.778	4.722	11.176
6.756	9.683	5.642	1.587	1.862	7.250	6.176	14.737
3.702	10.455	3.280	1.193	1.812	3.931	4.283	7.532
4.079	1.141	6.936	3.133	0.251	5.442	4.301	16.957
6.415	6.527	4.735	0.246	2.668	3.729	5.718	2.360
2.758	1.904	6.146	0.093	0.677	3.979	4.668	16.647
5.920	10.472	5.936	6.544	3.105	4.583	5.431	15.358
6.163	9.754	5.570	5.110	0.596	3.787	3.097	11.234
3.783	5.865	4.763	7.764	2.964	4.187	3.509	2.971
3.866	7.345	3.816	7.444	2.141	5.799	4.072	17.791
6.384	17.162	4.542	8.463	1.362	4.951	3.121	1.064
2.643	3.894	4.515	7.905	2.619	4.611	5.677	16.136
5.288	19.277	6.605	8.347	0.682	7.641	6.795	2.782
5.754	4.542	6.072	2.986	3.439	4.896	4.665	1.276
4.436	2.835	7.160	1.915	4.523	4.791	3.672	18.003
4.320	12.497	4.812	5.265	3.522	4.555	3.819	19.026
4.153	11.015	6.288	0.968	0.060	4.413	4.484	5.255
5.858	19.541	4.103	3.637	3.598	4.582	5.675	3.472
5.087	7.568	6.092	1.071	2.587	5.863	5.976	14.441
6.101	3.741	4.036	5.303	0.938	5.512	6.659	11.500
6.312	8.313	4.236	0.709	0.153	6.148	6.597	0.963
4.291	15.933	4.871	1.478	4.807	3.581	4.920	2.540
5.910	16.312	5.507	6.334	4.074	6.090	4.273	16.335
5.470	14.244	6.510	3.093	1.259	2.654	4.533	0.502
6.891	9.351	6.071	2.076	1.114	6.022	6.088	9.810
4.028	1.719	4.939	5.241	2.757	4.866	4.142	1.300
6.970	1.976	3.900	7.146	2.453	3.047	4.868	11.298
6.016	10.515	5.637	3.106	1.141	5.365	5.763	18.173
7.202	10.069	4.045	6.830	1.211	4.515	5.667	17.605
4.539	4.627	6.420	6.550	0.316	4.940	5.085	6.305
2.196	8.158	4.532	0.203	3.570	2.664	3.864	15.450
5.206	9.607	5.155	2.186	1.275	4.981	5.695	10.928
4.452	4.337	4.031	1.453	4.205	4.784	3.588	12.059
5.444	3.708	3.795	2.925	2.441	4.743	4.817	9.583
4.108	3.227	6.293	9.282	4.609	4.368	4.998	16.836
4.926	1.652	4.930	6.930	0.616	3.477	5.916	15.794
4.421	1.493	5.102	2.602	1.564	5.771	2.320	16.007
5.007	1.111	6.632	3.588	4.123	6.437	6.148	6.011
5.474	1.456	4.084	1.916	4.089	4.743	3.774	5.105
5.973	15.256	4.110	4.956	3.527	6.043	6.170	12.797
5.319	6.751	4.512	2.944	1.387	4.528	3.605	8.441
6.001	3.315	6.082	5.143	0.596	5.684	5.341	19.857
4.299	6.053	5.767	5.237	2.644	3.985	6.954	15.011
4.804	5.965	3.464	9.168	3.825	4.124	6.645	11.591
6.486	15.375	6.114	4.655	3.832	4.822	5.097	18.185
4.844	6.294	5.717	2.073	2.293	4.610	6.043	19.256
3.835	4.356	5.819	5.619	0.856	6.623	4.238	0.595
4.985	12.387	3.845	8.045	0.938	3.729	3.445	18.402
3.947	18.111	5.475	6.034	4.165	5.307	4.250	16.496
2.454	9.798	6.001	3.732	3.465	4.049	5.155	8.463
4.919	8.550	4.713	4.152	0.697	5.456	4.041	18.316
3.969	0.958	5.238	7.165	3.724	5.211	5.311	2.327
5.842	18.006	3.954	2.985	0.638	5.510	4.122	19.636
5.569	7.401	3.880	0.311	3.134	5.694	2.750	17.468
4.637	15.590	5.515	1.013	4.592	4.455	4.731	9.382
6.749	15.744	3.973	8.602	1.334	5.171	4.943	4.013
5.281	18.408	4.211	5.320	0.170	5.015	5.727	4.892
7.487	2.090	5.830	8.996	1.700	4.133	6.100	19.456
6.625	17.066	5.881	9.063	4.569	6.370	2.161	10.799
4.500	15.764	6.366	0.506	3.369	6.175	5.938	9.292
6.624	13.338	4.447	1.177	3.515	6.521	4.623	3.247
7.083	1.042	5.840	3.392	2.099	1.566	5.518	9.448
5.280	4.786	4.065	3.214	3.766	3.592	5.240	9.541
5.358	13.384	4.963	2.653	3.079	5.179	6.699	1.395
5.960	19.313	5.132	9.726	0.879	5.637	4.507	0.533
3.709	1.703	5.517	5.791	0.524	5.952	5.277	2.722
4.824	7.527	5.786	5.360	3.163	4.448	5.549	12.101
5.903	8.838	6.103	1.837	0.952	5.021	6.243	10.863
4.470	14.428	6.336	4.398	3.375	5.035	5.315	17.203
3.978	11.332	5.124	9.405	2.256	4.409	4.759	8.194
5.022	18.987	4.774	3.461	3.738	2.542	3.763	18.144
6.667	13.011	6.255	4.651	4.066	4.007	5.235	2.885
4.438	5.180	4.858	5.050	1.279	4.124	4.804	10.675
4.026	0.587	3.963	1.459	3.224	4.977	5.534	11.546
5.897	9.860	4.577	8.673	0.728	4.389	3.736	17.115
3.814	14.570	5.490	1.441	3.144	5.015	7.103	13.401
3.432	16.750	5.437	4.243	3.940	6.117	5.494	13.674
5.051	11.501	3.415	9.868	0.382	3.903	3.428	18.048
4.017	12.983	4.681	5.931	1.121	3.812	4.470	14.024
5.790	0.361	3.974	9.528	2.094	4.969	3.663	18.628
6.239	12.145	4.236	0.702	3.906	4.718	5.190	19.423
4.759	0.941	4.466	6.732	4.798	6.211	5.726	8.366
3.890	4.591	5.832	0.378	3.702	5.014	4.897	10.895
4.808	3.698	6.414	2.552	2.805	2.235	3.880	12.694
4.595	7.677	4.917	5.828	0.832	4.179	4.052	15.174
4.264	10.574	4.772	5.693	3.169	4.952	4.716	18.251
5.693	10.760	6.243	3.896	4.226	3.353	5.202	16.365
4.917	7.281	5.854	8.301	0.890	5.991	5.726	8.423
5.361	6.184	3.922	1.652	0.924	4.912	5.220	0.915
3.534	0.783	4.769	8.164	0.236	4.395	5.317	0.257
5.926	5.941	6.001	2.478	2.967	5.773	5.620	17.623
3.722	6.349	4.846	3.249	3.448	5.012	3.963	4.192
4.557	18.384	5.303	5.854	3.747	5.905	5.062	2.696
4.090	8.455	6.189	1.545	2.023	5.704	4.632	1.544
4.911	9.886	4.317	7.272	3.823	5.826	7.074	18.483
4.988	7.706	5.786	4.619	2.249	5.837	4.777	3.305
6.336	19.874	4.566	1.114	2.649	4.731	3.877	18.283
5.225	15.210	4.918	7.349	3.355	2.468	5.026	17.116
3.358	7.309	6.050	8.779	2.673	5.046	2.904	3.896
5.634	18.263	4.666	2.296	3.336	4.565	3.729	7.577
4.625	18.987	3.481	4.311	0.424	4.246	6.027	19.244
4.133	6.465	4.765	2.787	4.618	5.265	5.694	14.145
6.380	7.467	5.880	1.522	1.734	5.225	4.644	9.946
7.491	4.663	5.428	4.249	3.015	4.831	4.699	14.513
5.403	1.834	5.561	7.252	2.795	4.913	4.766	2.331
4.820	13.216	5.136	9.768	0.123	3.637	3.077	17.446
4.919	10.094	4.877	3.164	2.513	5.701	4.603	16.572
4.895	3.839	5.046	8.446	0.276	6.711	3.941	16.180
4.262	8.655	3.088	4.408	2.290	5.282	5.732	8.626
4.080	4.888	5.522	4.394	4.290	4.614	6.269	15.625
3.869	12.413	5.524	2.589	4.579	4.644	5.186	13.031
3.995	14.275	4.671	9.594	2.622	4.529	5.756	1.997
3.953	1.399	6.180	0.471	3.585	3.747	4.318	7.139
4.510	4.102	6.113	7.993	3.868	7.067	4.044	9.151
5.346	10.309	4.382	0.655	2.961	4.946	4.917	14.651
4.790	10.478	5.138	8.192	4.307	5.088	5.550	17.940
5.132	6.045	4.175	9.800	2.650	3.809	4.683	10.159
4.509	6.071	4.041	1.523	0.033	5.442	5.678	15.057
4.921	19.180	4.536	5.026	4.689	5.195	4.865	0.298
5.143	17.625	4.533	2.455	3.456	5.511	4.336	11.999
5.114	14.603	5.055	7.909	4.248	3.335	4.454	15.457
5.563	9.827	5.040	5.176	0.460	5.529	4.558	2.770
4.155	14.764	5.081	1.829	0.094	4.932	5.757	6.569
4.508	17.672	5.381	6.036	4.967	5.163	4.617	2.327
5.024	16.349	4.606	3.797	0.093	5.080	6.721	14.126
5.145	16.282	4.156	5.392	2.974	5.433	6.645	15.743
5.236	4.601	6.946	2.559	1.776	2.833	5.746	2.181
5.193	2.962	4.249	4.122	3.532	6.593	5.266	13.516
5.668	19.073	4.658	6.819	0.381	6.786	5.536	12.935
5.337	9.837	4.850	4.594	3.418	5.613	5.392	0.270
4.423	14.044	4.784	3.923	2.656	4.459	4.891	14.489
6.239	16.163	5.189	6.074	1.616	5.137	5.046	9.918
5.829	4.191	5.513	1.199	2.409	5.762	6.036	0.212
4.057	14.648	4.111	4.740	2.717	5.442	4.889	5.599
5.393	12.778	6.582	9.082	0.082	4.832	5.659	10.827
2.671	0.771	5.103	9.853	4.513	4.560	4.397	7.477
4.887	11.066	3.233	4.297	1.344	4.196	7.196	5.572
5.437	2.932	4.494	9.326	1.081	4.878	5.727	1.106
3.571	17.393	6.275	8.752	2.031	5.133	5.367	18.893
6.094	18.904	3.885	4.330	0.435	4.733	6.047	19.653
5.662	14.925	5.243	8.272	1.762	6.697	5.087	6.868
3.373	11.949	4.920	5.739	2.037	4.315	5.231	17.091
5.089	13.885	6.019	7.922	0.357	5.366	6.118	12.784
6.419	17.854	3.996	6.862	2.942	6.142	3.524	11.575
4.830	3.045	6.028	8.544	4.076	6.200	5.178	3.626
5.592	17.351	6.269	7.221	3.582	3.829	5.145	12.059
4.791	16.687	5.616	1.573	4.059	4.213	4.997	19.724
6.476	6.988	4.528	7.339	4.838	5.218	5.931	10.942
3.533	6.153	3.938	6.356	0.691	4.303	5.596	1.977
5.905	15.706	4.404	5.352	3.760	6.234	6.289	7.472
6.375	8.208	5.968	4.289	1.977	2.878	3.833	2.983
6.334	13.094	3.654	1.088	3.730	4.598	4.647	3.028
5.872	3.626	6.084	9.541	1.955	3.874	5.613	7.171
6.628	8.286	5.423	7.702	2.382	3.392	4.827	5.270
6.881	6.639	4.385	0.219	0.251	4.765	5.176	17.341
4.229	16.575	3.861	2.951	1.249	4.916	4.077	8.533
3.859	11.023	5.394	3.490	1.921	5.247	3.423	19.291
5.768	9.750	4.497	2.314	4.541	5.468	5.274	2.244
5.857	3.952	4.011	4.180	0.816	3.393	4.522	12.252
6.193	6.294	6.722	4.292	3.751	6.044	4.941	4.030
3.251	13.282	5.027	5.041	0.174	4.389	2.663	7.338
4.760	2.193	3.883	6.737	4.955	6.032	4.326	19.436
5.629	14.825	5.796	5.459	1.771	4.161	4.062	16.747
4.703	7.445	4.521	4.293	3.841	6.272	5.007	8.277
5.272	18.932	4.791	5.490	3.787	4.784	5.945	3.016
5.839	14.282	5.551	1.027	3.435	5.538	4.869	10.915
5.340	1.364	3.583	1.049	0.183	3.527	7.092	17.628
4.582	1.026	3.930	5.345	2.111	4.271	6.120	15.536
5.832	6.783	5.429	5.864	3.137	5.576	4.851	0.769
5.903	8.176	5.439	2.022	3.426	4.641	4.246	4.006
4.997	4.600	7.910	5.255	4.849	3.743	5.045	11.949
5.405	18.790	6.015	6.240	0.347	5.277	5.472	7.212
5.840	14.835	4.106	7.411	3.049	4.894	3.596	18.126
4.713	17.080	2.541	4.724	4.725	5.116	4.538	0.002
5.824	18.841	6.080	4.100	4.428	4.512	4.348	0.064
4.329	8.636	4.398	5.797	4.457	6.520	6.077	6.008
5.025	11.142	5.716	7.031	0.081	7.215	5.118	3.918
6.118	12.444	5.046	7.038	3.209	4.996	3.923	1.423
3.720	2.751	4.946	3.102	1.522	3.871	3.951	11.084
5.124	2.829	4.085	1.378	2.444	6.322	3.618	10.436
5.844	14.517	5.388	8.766	1.543	5.062	5.929	7.971
6.789	2.326	4.658	8.069	3.229	5.239	5.690	1.795
5.619	18.441	4.172	8.576	2.465	3.592	3.293	2.637
2.769	0.938	5.213	6.210	0.354	6.424	4.487	16.481
3.750	19.241	4.536	1.978	4.124	4.724	3.934	9.006
6.689	8.158	4.678	0.017	0.591	6.378	4.199	16.830
4.067	5.654	3.540	2.358	4.292	5.697	5.549	8.330
13.038	-7.474	3.694	-7.267	-6.073	-9.255	9.398	10.104
15.587	-8.150	7.645	-6.347	-6.354	-7.903	9.072	7.968
16.825	-6.083	9.677	-9.168	-6.352	-5.582	7.028	5.972
11.818	-6.395	4.406	-7.078	-6.311	-6.290	4.234	16.870
8.059	-6.181	3.259	-6.006	-7.167	-6.492	2.534	15.174
16.936	-9.219	2.472	-5.622	-8.067	-5.555	5.269	14.167
10.347	-7.338	7.198	-7.103	-6.501	-7.263	1.969	5.130
3.943	-7.033	3.194	-9.061	-8.078	-6.373	5.982	17.401
16.131	-7.042	0.627	-7.563	-7.302	-8.123	2.329	18.199
12.394	-6.849	7.020	-6.835	-8.153	-6.563	3.125	4.035
7.800	-7.279	0.728	-6.182	-8.045	-7.165	7.655	7.474
5.533	-6.860	3.275	-8.465	-6.527	-7.345	4.148	1.524
16.563	-6.041	7.313	-7.496	-7.788	-6.574	7.318	3.226
14.720	-8.225	7.172	-5.775	-6.464	-5.177	8.182	16.382
11.514	-6.093	9.125	-6.860	-6.543	-6.887	0.281	14.234
3.484	-7.502	6.056	-6.439	-4.590	-7.570	3.983	0.354
3.857	-7.280	7.903	-5.991	-6.582	-8.432	3.784	4.790
17.700	-8.269	2.928	-7.994	-7.881	-6.402	3.864	19.741
19.187	-5.783	5.648	-4.947	-5.676	-8.397	1.060	1.767
3.383	-7.674	3.173	-8.653	-5.813	-7.405	1.293	14.044
19.072	-7.661	6.660	-8.327	-6.513	-6.814	8.913	0.827
14.126	-6.212	7.677	-6.632	-6.590	-5.073	6.081	9.063
13.064	-6.600	0.134	-6.201	-6.975	-6.608	3.990	17.825
8.287	-6.450	2.195	-6.185	-6.486	-7.196	1.891	18.748
7.645	-6.439	3.033	-5.097	-7.860	-7.362	1.967	9.050
19.929	-7.204	5.925	-6.327	-4.336	-6.863	4.735	12.156
7.897	-5.983	1.627	-8.701	-5.789	-9.629	1.334	15.017
19.060	-7.837	0.648	-5.626	-6.118	-8.509	1.135	11.874
2.314	-6.318	0.563	-4.688	-5.081	-8.941	1.822	15.470
6.669	-7.724	8.573	-6.455	-6.586	-7.979	1.778	8.991
19.651	-5.643	6.374	-6.752	-8.124	-6.899	3.819	7.990
10.176	-6.634	4.947	-6.227	-7.639	-8.804	0.969	1.890
11.410	-5.622	1.069	-7.148	-8.280	-6.952	3.296	13.093
18.614	-6.560	0.056	-6.683	-7.944	-5.932	8.503	5.635
3.924	-6.262	5.708	-7.480	-4.166	-7.788	2.626	18.245
10.837	-7.381	7.251	-6.914	-7.917	-7.420	3.753	9.651
19.520	-8.957	4.550	-5.060	-6.411	-8.779	2.142	17.351
5.712	-9.676	1.158	-8.345	-7.504	-7.569	3.994	5.983
0.908	-7.085	3.709	-5.737	-8.107	-6.724	8.448	5.704
8.981	-5.890	9.181	-6.893	-7.916	-8.399	3.512	13.968
7.040	-6.621	2.643	-7.200	-7.674	-8.208	7.557	11.621
17.266	-5.604	9.763	-6.478	-7.046	-7.070	0.645	10.680
16.659	-4.932	0.851	-5.111	-7.289	-9.068	9.691	16.205
8.106	-6.771	1.492	-3.507	-6.082	-6.393	7.389	0.120
3.168	-7.690	9.902	-7.581	-7.969	-6.687	4.216	17.556
19.997	-7.123	2.749	-7.653	-5.184	-5.866	4.331	9.125
5.376	-6.905	0.084	-7.636	-5.999	-7.121	1.390	14.308
14.946	-7.448	4.385	-6.557	-5.668	-6.719	6.867	3.112
16.878	-6.825	6.189	-6.840	-6.910	-7.804	2.108	12.703
14.615	-6.620	2.761	-6.631	-6.349	-5.861	5.607	12.735
1.558	-5.702	7.986	-7.736	-6.405	-7.010	1.824	3.577
17.660	-5.894	7.814	-7.277	-6.272	-7.942	0.553	16.063
11.660	-8.021	9.011	-6.503	-7.068	-6.908	7.301	1.859
4.838	-5.105	9.165	-6.515	-5.894	-7.016	6.776	17.483
16.019	-6.535	5.636	-4.790	-8.153	-8.971	8.534	15.036
3.035	-5.908	7.196	-6.644	-6.488	-6.911	6.355	7.479
14.880	-6.170	7.505	-7.274	-6.175	-5.713	0.023	2.136
2.353	-7.124	6.395	-7.194	-6.898	-9.235	4.739	13.270
1.030	-5.944	1.564	-6.953	-7.766	-7.018	9.598	15.223
13.024	-7.078	9.270	-7.452	-5.813	-7.315	7.361	7.343
18.534	-7.993	7.263	-8.106	-7.884	-7.413	6.973	19.994
9.573	-7.312	5.031	-8.098	-7.410	-8.684	3.477	6.009
15.110	-7.151	9.648	-6.416	-6.596	-4.564	7.298	16.146
4.221	-5.427	5.658	-6.202	-8.101	-6.419	5.609	17.242
4.882	-7.422	7.313	-6.897	-6.618	-9.389	5.888	1.937
13.710	-6.837	6.721	-8.131	-7.239	-7.184	4.898	7.677
10.666	-8.076	1.318	-6.362	-6.798	-6.434	0.725	19.254
13.028	-6.962	5.559	-7.286	-5.314	-8.095	3.505	11.686
5.929	-6.180	3.705	-7.986	-6.989	-8.558	2.904	11.195
15.698	-9.398	2.031	-7.509	-6.112	-8.549	6.744	0.444
6.075	-8.281	7.835	-7.475	-8.442	-5.912	4.225	3.588
7.160	-6.998	9.397	-5.230	-5.499	-6.872	7.761	17.215
12.066	-6.216	6.774	-8.010	-8.545	-6.152	8.385	1.700
15.946	-6.058	8.654	-7.810	-7.655	-8.197	6.009	15.126
8.564	-6.238	6.786	-5.834	-6.519	-7.863	9.341	16.714
8.563	-5.700	3.607	-6.813	-8.355	-6.829	2.813	6.388
4.979	-5.624	6.092	-9.354	-8.293	-6.153	1.233	16.953
10.500	-7.395	6.170	-10.275	-8.798	-8.994	3.660	6.041
5.132	-8.163	3.932	-7.124	-7.367	-7.817	4.664	16.693
18.156	-7.252	5.936	-7.967	-4.893	-7.162	1.738	8.275
14.988	-6.261	6.901	-8.174	-7.543	-7.696	4.783	10.978
19.217	-7.031	6.174	-5.141	-6.613	-7.300	7.047	9.904
16.805	-8.031	6.447	-7.152	-7.260	-6.908	7.834	16.716
4.609	-6.165	0.820	-6.304	-6.845	-6.930	7.423	2.547
1.304	-7.156	5.828	-7.257	-7.477	-8.533	1.459	18.489
11.045	-6.258	5.723	-5.627	-8.701	-8.143	0.412	15.167
5.239	-6.854	5.576	-8.951	-6.809	-8.122	8.764	19.289
1.216	-4.979	2.223	-7.513	-6.939	-6.558	1.113	10.240
8.511	-7.542	5.691	-5.882	-6.411	-6.018	6.091	4.355
14.445	-8.418	5.326	-7.040	-7.015	-7.981	2.230	7.069
13.567	-4.954	8.858	-6.794	-6.461	-5.172	2.866	7.301
16.974	-5.590	7.239	-7.290	-6.194	-7.175	1.701	0.293
9.161	-7.098	2.892	-6.680	-7.035	-7.280	8.388	14.815
5.244	-7.411	5.576	-6.134	-8.602	-6.890	3.322	17.298
11.374	-7.186	6.753	-5.761	-5.998	-7.313	3.040	3.132
6.501	-8.191	6.901	-6.597	-5.408	-5.778	7.113	18.051
3.240	-6.433	2.478	-8.068	-7.788	-6.040	8.577	16.386
5.643	-7.639	0.247	-7.711	-5.284	-6.872	6.673	5.320
13.489	-6.842	9.089	-7.275	-7.362	-7.274	7.120	5.551
8.497	-7.325	6.726	-7.327	-6.765	-7.190	7.356	16.523
16.845	-7.185	4.689	-5.681	-8.039	-6.894	9.943	8.502
4.761	-6.549	2.494	-7.228	-6.506	-6.217	5.179	11.904
11.566	-8.277	9.689	-7.766	-5.019	-7.546	3.658	18.884
7.788	-6.658	8.026	-8.919	-7.402	-6.200	6.002	17.493
0.660	-6.705	0.279	-7.043	-7.532	-8.594	7.091	1.290
17.076	-6.965	6.950	-7.489	-9.219	-5.912	4.575	16.412
9.658	-5.131	1.229	-6.411	-5.837	-8.334	8.597	6.705
0.463	-6.338	2.118	-8.135	-8.623	-6.194	7.079	18.573
17.946	-6.668	5.772	-7.100	-6.657	-6.597	2.588	3.086
10.386	-7.465	3.867	-6.585	-5.870	-8.063	5.517	2.694
9.283	-6.945	3.451	-6.569	-6.907	-4.771	3.651	1.193
18.312	-6.099	5.061	-6.385	-5.699	-5.742	3.211	3.775
1.964	-6.058	2.317	-8.656	-7.226	-5.982	8.892	11.787
7.245	-6.632	6.544	-6.522	-6.963	-6.228	4.270	12.758
6.672	-5.926	6.378	-8.645	-6.133	-7.193	8.746	11.367
8.817	-7.363	3.424	-7.151	-8.301	-8.675	6.276	5.430
19.716	-7.595	8.663	-7.969	-7.048	-6.952	9.195	15.649
18.242	-5.825	1.409	-8.443	-5.871	-7.347	7.384	3.207
4.055	-7.349	9.575	-7.065	-6.571	-4.808	3.131	14.993
19.974	-7.099	4.406	-5.929	-7.794	-6.169	0.376	9.330
13.285	-5.995	1.525	-6.000	-6.796	-6.881	0.820	3.948
12.616	-6.737	1.047	-6.416	-8.098	-7.018	9.473	10.983
6.446	-6.400	9.858	-6.653	-6.422	-8.339	4.493	14.255
13.610	-7.622	1.440	-6.761	-8.496	-6.777	8.444	3.814
15.991	-5.811	7.884	-6.261	-5.384	-6.685	0.102	0.412
3.172	-8.359	6.858	-5.932	-7.589	-6.827	6.921	0.498
10.080	-8.139	2.207	-7.809	-4.965	-6.924	0.068	14.132
18.751	-6.799	9.737	-8.029	-7.230	-6.432	8.958	1.098
12.999	-7.653	8.616	-7.156	-6.924	-7.652	4.572	1.272
1.218	-5.882	3.293	-7.760	-7.709	-5.665	0.774	13.527
13.448	-7.165	1.935	-7.516	-7.170	-7.056	6.555	4.957
0.032	-6.971	2.824	-6.588	-6.121	-8.005	4.080	12.933
1.065	-6.766	9.927	-9.340	-8.139	-7.668	8.958	15.730
5.471	-7.929	1.917	-6.911	-5.409	-7.234	0.286	6.907
13.013	-4.760	8.963	-7.421	-7.286	-8.711	7.091	8.078
8.110	-6.397	5.447	-8.368	-6.782	-7.042	6.314	5.821
7.193	-7.873	0.254	-6.995	-7.074	-9.145	7.116	16.624
5.464	-5.391	4.991	-9.083	-6.050	-6.372	2.651	15.810
18.570	-7.918	1.166	-7.230	-6.066	-6.229	1.226	5.337
6.507	-7.731	7.424	-7.828	-4.934	-8.155	0.269	12.535
9.414	-7.703	3.045	-5.597	-6.714	-7.094	6.734	0.507
12.286	-6.149	2.891	-8.777	-7.190	-6.571	5.788	19.079
17.004	-6.855	6.993	-8.199	-7.437	-6.228	6.394	6.628
14.858	-7.017	0.532	-8.872	-8.395	-5.959	1.083	0.257
7.249	-6.463	5.884	-6.468	-8.444	-9.028	5.345	4.065
3.234	-6.796	5.882	-6.419	-7.009	-5.926	3.229	5.441
0.671	-7.127	2.182	-8.801	-7.290	-8.101	9.537	2.734
7.879	-6.269	2.330	-7.024	-8.737	-5.177	9.390	10.054
10.679	-6.140	9.214	-5.551	-7.231	-6.048	4.859	11.141
8.997	-5.388	5.635	-8.227	-7.203	-5.486	9.705	18.644
3.517	-6.862	2.749	-6.870	-6.968	-7.636	7.831	18.099
19.839	-7.935	8.628	-6.755	-6.178	-8.965	4.081	8.985
18.319	-8.431	9.662	-6.121	-8.566	-7.033	8.367	2.807
8.287	-5.850	2.750	-7.114	-5.256	-6.537	9.766	18.611
12.238	-5.855	0.339	-6.995	-7.388	-6.075	1.169	15.953
9.627	-8.244	4.740	-6.533	-7.548	-8.019	7.403	16.382
8.563	-7.714	3.807	-6.099	-8.625	-8.455	7.424	8.485
10.542	-6.518	0.177	-4.678	-8.359	-6.938	5.762	1.884
17.067	-7.771	4.597	-5.337	-7.798	-9.129	3.319	14.322
19.264	-7.600	8.175	-6.773	-6.586	-7.244	3.204	8.874
4.477	-6.997	7.383	-4.614	-7.681	-6.687	8.925	12.170
19.538	-7.698	9.507	-7.845	-6.008	-6.890	0.533	15.315
8.592	-5.938	9.591	-7.818	-6.681	-7.795	6.100	5.154
14.993	-6.701	4.846	-4.454	-6.815	-8.827	1.639	17.218
11.693	-6.710	8.936	-5.287	-7.151	-7.452	9.995	3.873
13.483	-7.716	8.529	-6.988	-5.438	-7.407	2.620	1.474
3.155	-7.079	0.933	-6.956	-9.287	-7.698	3.009	6.367
14.438	-7.701	4.547	-7.547	-8.327	-6.020	7.244	6.869
1.348	-8.130	8.784	-7.479	-8.165	-7.259	9.788	19.780
6.546	-7.657	5.825	-7.078	-6.050	-5.940	9.304	9.382
19.327	-7.438	5.710	-6.864	-6.808	-5.392	0.699	13.320
5.989	-6.008	6.377	-7.737	-8.502	-7.518	4.457	18.315
4.995	-6.977	7.866	-6.841	-7.645	-6.786	2.153	16.333
18.239	-6.548	4.409	-5.741	-5.970	-5.563	3.690	2.308
10.432	-7.784	3.521	-7.950	-6.135	-8.257	7.167	5.891
7.623	-7.445	4.379	-5.660	-7.885	-4.887	3.860	14.050
1.589	-6.894	4.979	-10.354	-8.186	-7.496	2.663	15.195
14.403	-7.637	1.304	-6.888	-7.726	-7.346	8.530	6.829
16.328	-7.257	1.582	-7.090	-7.591	-6.377	4.925	0.771
5.220	-6.123	4.076	-6.181	-7.293	-6.487	9.605	16.380
0.549	-9.011	7.764	-6.918	-5.940	-4.997	2.289	1.153
16.013	-7.694	2.915	-7.244	-7.182	-9.245	2.542	18.021
19.714	-7.740	9.560	-6.701	-7.736	-5.285	6.233	4.696
13.737	-5.315	3.916	-8.068	-8.204	-6.219	7.818	18.989
18.953	-7.420	7.318	-7.448	-7.943	-6.755	4.450	13.552
5.345	-8.036	2.114	-6.738	-6.002	-6.037	5.538	0.938
17.111	-5.828	8.984	-5.803	-6.944	-6.261	2.043	11.391
18.344	-7.240	6.566	-6.613	-8.599	-8.163	7.345	17.141
16.459	-5.430	5.187	-7.696	-8.368	-6.837	1.261	18.511
6.414	-7.480	5.688	-7.075	-7.577	-7.863	4.744	14.352
14.647	-7.668	4.140	-5.595	-6.475	-5.628	0.114	1.272
12.376	-7.805	4.005	-7.002	-6.712	-8.057	1.610	3.033
7.453	-8.392	3.941	-6.490	-7.112	-6.913	5.921	13.156
8.431	-6.649	1.169	-7.566	-7.262	-6.237	8.698	7.623
12.581	-8.035	5.398	-8.936	-7.581	-7.605	1.053	4.793
19.547	-6.646	9.218	-8.103	-4.926	-10.211	5.218	7.599
0.314	-7.002	4.205	-7.394	-5.839	-6.686	8.385	2.232
6.526	-7.084	6.283	-7.362	-7.572	-5.543	6.174	18.846
1.842	-6.494	0.685	-7.827	-6.942	-8.714	6.246	4.950
15.506	-5.368	8.769	-8.836	-6.411	-7.516	6.494	19.569
15.559	-6.485	0.662	-6.626	-7.037	-7.117	4.125	2.001
2.316	-6.527	6.897	-6.719	-9.633	-5.258	1.558	2.242
15.039	-8.417	6.142	-6.969	-6.817	-6.112	9.201	12.393
8.435	-6.079	4.274	-6.562	-6.736	-6.625	8.563	11.971
10.259	-6.344	8.694	-8.081	-6.652	-7.753	4.108	1.155
10.077	-7.999	1.879	-6.276	-6.905	-6.415	2.992	14.979
17.685	-8.583	9.803	-6.275	-6.645	-7.251	3.590	7.864
10.821	-6.303	3.426	-5.657	-4.402	-7.507	5.185	13.351
10.234	-5.196	8.957	-6.556	-6.445	-5.752	1.502	8.174
4.646	-7.277	2.618	-7.587	-5.719	-7.629	5.515	19.391
18.041	-7.045	9.270	-6.604	-8.308	-8.553	5.589	17.650
19.932	-8.557	7.445	-7.414	-7.693	-7.327	1.260	1.110
7.510	-5.959	5.773	-7.118	-6.708	-6.350	4.291	0.071
10.854	-7.607	5.229	-5.190	-7.932	-6.115	3.287	19.026
8.646	-6.341	7.992	-8.596	-8.221	-5.562	5.956	14.354
11.582	-6.562	7.658	-8.005	-7.230	-8.637	9.197	18.074
1.812	-7.955	8.623	-6.566	-7.690	-5.365	6.620	11.513
19.076	-8.038	0.117	-6.058	-7.883	-7.661	8.571	12.088
7.256	-7.669	2.604	-6.718	-6.085	-5.136	8.993	6.075
11.318	-6.117	0.820	-6.437	-6.911	-7.921	6.368	3.452
13.565	-8.749	0.645	-9.162	-8.751	-5.761	1.883	7.746
15.286	-6.617	7.866	-7.564	-6.020	-7.729	4.653	1.348
4.260	-5.706	5.685	-6.824	-6.901	-7.340	2.560	8.042
10.231	-7.264	4.806	-7.102	-7.437	-6.952	6.215	0.645
3.831	-11.049	1.241	-5.770	-7.464	-5.408	3.899	12.340
13.368	-6.311	4.394	-6.001	-6.184	-8.346	1.192	16.030
16.806	-7.547	7.560	-7.124	-9.265	-5.782	6.433	1.567
8.237	-9.084	4.369	-7.306	-7.976	-8.542	7.389	17.817
18.134	-7.113	8.396	-6.916	-7.924	-7.757	2.099	2.098
14.218	-7.855	2.270	-4.921	-6.597	-5.972	2.065	11.357
6.717	-7.533	6.262	-8.075	-6.235	-8.289	8.408	8.612
14.988	-7.826	0.163	-5.015	-4.699	-6.106	6.512	3.839
15.013	-6.355	9.998	-7.230	-6.009	-5.819	0.660	6.424
6.618	-7.447	5.588	-6.932	-7.825	-8.976	9.893	7.206
3.930	-7.786	4.940	-8.166	-6.633	-6.569	7.552	3.442
3.903	-6.575	1.078	-8.426	-6.887	-5.835	8.692	4.726
16.596	-8.165	3.991	-7.926	-7.490	-6.418	4.978	14.405
8.725	-6.119	2.979	-5.956	-7.712	-7.221	6.678	11.014
18.413	-7.145	8.450	-6.105	-7.511	-8.868	9.338	2.790
10.018	-5.887	9.043	-7.327	-7.302	-8.680	6.434	0.187
12.696	-9.802	4.290	-7.854	-5.293	-6.331	0.821	10.725
14.636	-7.206	1.338	-7.241	-7.215	-6.872	3.537	8.798
9.081	-7.809	7.126	-7.669	-6.669	-5.457	8.495	16.097
13.881	-6.671	5.767	-6.509	-5.570	-5.900	0.604	19.217
12.281	-6.669	9.864	-7.097	-6.759	-7.541	3.310	12.022
16.853	-5.464	4.834	-7.890	-5.873	-7.959	5.146	14.719
9.572	-8.271	5.994	-6.245	-7.504	-5.645	1.652	11.825
8.797	-6.898	8.084	-7.046	-8.389	-7.069	1.826	17.689
13.864	-7.900	9.432	-8.446	-8.236	-7.410	8.830	6.195
16.984	-7.158	8.812	-6.449	-7.954	-7.653	5.334	4.383
9.272	-8.449	5.579	-5.800	-6.875	-6.960	7.234	8.563
6.388	-6.267	2.117	-7.614	-6.347	-5.841	2.078	7.298
16.641	-6.427	2.289	-8.339	-8.678	-8.057	3.435	16.270
19.546	-5.222	7.371	-6.338	-7.144	-6.948	7.562	8.014
4.925	-6.425	0.315	-6.879	-7.009	-8.302	5.136	9.856
15.133	-8.130	3.586	-6.649	-5.494	-7.945	7.644	11.750
1.770	-8.503	3.707	-6.811	-5.512	-6.398	8.650	5.042
4.249	-5.312	7.655	-6.286	-8.077	-8.773	8.136	13.011
18.445	-8.848	6.657	-5.792	-7.269	-6.920	6.907	10.381
18.962	-6.325	8.291	-8.224	-6.961	-5.594	0.127	8.678
7.942	-7.123	7.839	-7.748	-6.468	-7.330	1.564	17.790
13.263	-6.661	0.139	-7.951	-8.310	-7.363	1.297	18.151
15.513	-7.421	9.713	-6.601	-6.626	-7.237	9.379	19.607
0.426	-8.062	0.639	-6.646	-7.717	-7.286	7.323	12.489
16.891	-7.353	4.034	-8.567	-7.373	-5.875	2.179	5.074
16.394	-8.275	0.924	-7.877	-5.937	-7.562	9.320	2.972
8.480	-7.697	4.120	-7.131	-6.161	-5.752	1.191	6.436
10.246	-7.416	2.914	-7.190	-6.790	-7.973	2.300	11.075
15.058	-9.083	2.049	-6.491	-6.104	-7.412	2.070	17.126
5.631	-5.413	4.214	-8.126	-6.415	-5.267	0.663	15.720
4.625	-7.196	2.409	-6.539	-5.705	-9.617	2.569	5.957
1.366	-6.926	4.795	-6.872	-6.723	-5.113	3.560	2.498
16.722	-6.555	7.494	-7.188	-6.067	-5.587	5.648	2.619
11.356	-9.283	9.384	-7.137	-7.344	-8.214	0.114	15.162
3.972	-6.125	2.305	-7.980	-7.526	-5.800	0.329	5.092
5.900	-7.680	7.739	-8.703	-7.642	-7.642	8.133	19.357
2.016	-8.055	1.720	-6.507	-6.384	-6.591	9.151	11.140
4.731	-7.449	8.292	-6.323	-6.213	-6.223	2.950	9.456
5.520	-7.088	8.347	-7.334	-7.975	-7.400	0.328	3.035
18.003	-6.683	7.239	-7.189	-6.006	-7.582	1.889	8.334
11.877	-5.797	7.710	-8.827	-6.360	-6.277	8.250	15.311
0.963	-7.040	9.164	-7.656	-5.779	-6.012	2.083	4.116
3.774	-7.161	3.905	-5.705	-6.916	-8.356	1.732	17.736
2.250	-5.443	4.393	-6.115	-6.292	-7.882	9.720	14.708
14.625	-6.880	2.183	-7.927	-6.909	-6.334	1.580	11.642
16.139	-6.912	9.655	-8.621	-6.543	-5.749	6.505	7.302
4.186	-7.527	2.517	-7.058	-7.521	-5.638	7.944	4.179
16.183	-5.242	4.137	-7.462	-8.018	-7.143	9.700	10.845
11.924	-5.521	4.621	-7.366	-7.520	-7.354	8.464	18.228
18.198	-6.293	3.510	-5.287	-6.478	-5.420	9.955	15.433
14.839	-8.016	0.229	-6.544	-5.622	-7.131	0.682	16.414
14.994	-6.409	1.858	-7.863	-7.569	-7.471	5.076	7.111
10.176	-7.941	5.066	-7.828	-6.907	-7.199	3.532	6.507
11.121	-5.692	6.490	-7.087	-7.171	-6.982	0.873	4.756
19.322	-6.229	5.486	-7.860	-7.837	-7.160	0.053	5.537
6.950	-7.336	7.658	-8.201	-8.156	-6.457	8.679	8.705
7.976	-7.592	3.256	-8.249	-6.526	-8.075	1.598	7.906
15.101	-7.910	5.390	-6.422	-7.154	-6.641	2.061	1.158
13.942	-6.818	3.092	-5.900	-7.707	-6.618	7.627	5.658
3.666	-7.408	2.561	-6.474	-6.480	-7.069	7.776	13.044
4.292	-6.007	8.164	-7.877	-7.160	-4.925	7.019	19.350
8.233	-7.979	1.708	-7.640	-8.039	-8.240	7.584	17.721
19.867	-7.007	0.524	-7.690	-7.122	-8.592	7.695	19.268
16.796	-6.390	1.010	-6.859	-5.981	-7.986	3.457	6.033
15.800	-4.879	7.248	-6.330	-8.050	-7.256	4.141	0.110
11.850	-6.038	3.736	-6.199	-6.165	-7.425	4.933	12.829
8.581	-5.933	4.674	-7.149	-6.436	-7.393	1.292	8.398
9.080	-7.138	9.982	-7.128	-7.765	-6.025	3.848	6.523
18.383	-8.631	7.584	-5.607	-5.744	-7.680	5.200	12.527
6.053	-6.107	8.817	-7.302	-4.484	-6.167	8.261	15.655
5.516	-6.832	9.546	-6.308	-6.189	-8.185	0.904	5.950
6.830	-6.236	8.413	-7.274	-8.071	-5.917	6.328	4.167
4.438	-5.370	9.880	-7.503	-6.521	-8.218	2.730	18.706
17.420	-5.202	0.382	-7.432	-6.707	-7.996	8.165	12.700
17.981	-5.687	9.887	-7.041	-8.491	-7.862	6.290	7.125
16.357	-7.038	8.714	-5.811	-7.088	-8.061	2.829	0.335
10.387	-5.547	9.792	-6.832	-6.027	-5.483	8.799	2.817
0.765	-8.025	6.156	-5.892	-7.107	-6.778	7.145	17.337
16.091	-7.566	9.650	-7.431	-8.990	-6.781	6.223	9.743
10.514	-5.687	6.294	-6.057	-6.993	-7.081	0.167	0.008
1.331	-5.978	4.819	-7.565	-6.611	-5.993	8.701	2.809
13.688	-5.506	1.184	-6.632	-6.407	-6.259	8.138	4.495
1.215	-5.708	8.574	-7.646	-6.066	-6.322	8.566	13.523
1.799	-4.639	2.381	-7.641	-6.424	-7.477	1.250	9.458
13.864	-6.433	6.777	-9.886	-4.700	-7.486	1.666	8.169
15.420	-5.830	6.014	-7.535	-7.365	-5.938	8.203	19.167
6.595	-6.885	8.540	-7.031	-5.589	-7.514	1.694	7.951
14.202	-6.713	8.693	-5.818	-8.298	-5.246	1.617	8.866
17.691	-5.922	6.385	-8.299	-6.744	-6.560	2.498	0.534
5.625	-5.758	8.478	-5.876	-7.838	-7.917	0.086	6.849
11.801	-7.672	9.025	-8.654	-6.849	-5.726	7.863	18.538
15.892	-8.056	9.974	-6.521	-6.418	-7.180	1.835	4.478
0.026	-6.713	4.278	-8.784	-5.485	-6.290	5.138	9.505
12.437	-6.682	6.474	-7.326	-7.710	-7.266	4.781	3.542
