1.931	3.998	14.999	3.115	-0.708	-0.085	17.967	-0.194	4.874	1.403	0.482	0.052
6.425	7.415	10.703	9.971	-0.485	-0.625	12.435	-1.059	3.582	17.562	6.358	0.647
11.050	8.862	4.270	3.137	0.159	-1.019	9.613	1.816	9.138	17.676	4.542	-0.760
1.682	1.251	3.862	5.643	1.334	-0.429	14.914	-2.318	9.512	1.020	7.356	1.155
10.578	5.977	3.524	4.588	0.794	-0.364	12.622	0.358	3.817	18.474	4.758	0.019
9.575	0.055	17.967	3.148	0.849	-2.057	3.758	-0.874	7.821	9.068	3.863	0.855
2.233	0.392	19.253	0.584	0.354	-1.074	16.856	0.010	4.027	18.060	0.120	-0.543
7.650	0.251	13.394	8.378	0.935	-0.496	2.258	0.615	6.265	11.899	6.730	2.040
7.715	1.679	12.707	1.517	-2.033	-1.932	8.944	-0.442	4.038	4.374	9.482	-0.121
5.864	8.368	19.293	3.600	0.696	-0.759	7.494	-0.058	3.180	18.413	8.480	-0.995
3.611	0.627	14.390	8.915	2.557	0.373	0.886	1.669	3.627	10.352	2.980	-0.616
11.919	0.632	7.725	3.682	-0.412	-1.341	3.728	-0.751	4.647	19.937	5.466	0.609
19.785	6.928	13.052	6.686	-0.006	1.387	14.279	-0.420	2.862	2.980	9.520	-0.765
0.281	8.809	13.958	5.646	0.721	0.570	0.961	-0.169	4.824	18.793	1.400	0.851
17.653	0.579	13.487	0.474	-1.825	-0.250	5.414	0.567	5.283	3.458	2.222	0.001
5.951	5.993	8.531	1.033	-0.166	1.024	3.070	-0.717	8.266	0.946	2.529	-0.577
5.209	1.961	10.225	4.359	0.205	0.709	15.938	0.808	2.651	10.793	0.990	-0.082
12.528	4.201	3.181	9.734	-0.666	1.578	0.342	0.499	7.827	13.703	0.737	0.882
2.151	5.338	5.583	5.706	-1.105	-0.824	1.305	-0.192	3.782	5.298	1.774	0.529
19.135	9.921	12.009	4.909	0.994	-0.453	19.386	1.328	5.126	17.548	2.183	-0.532
18.734	6.443	12.075	8.751	-0.033	0.951	12.464	1.229	1.730	14.606	2.641	0.764
6.245	8.924	6.311	2.093	0.867	-0.540	17.679	0.849	8.781	3.223	2.191	-0.438
19.979	2.205	2.766	0.362	0.847	2.234	17.182	0.376	7.646	12.766	0.477	0.468
8.451	9.302	19.524	8.742	1.519	-1.371	6.132	-2.111	9.665	18.964	5.934	-0.810
10.099	9.373	7.042	9.945	-0.450	-2.862	2.896	-0.527	0.877	17.452	4.113	0.828
11.256	7.917	11.768	6.430	1.160	1.619	13.864	1.153	4.283	11.934	8.014	-1.078
8.844	5.957	13.186	1.875	1.037	1.395	0.001	1.209	0.920	13.651	2.247	0.413
8.394	5.162	16.265	7.326	-0.410	1.941	16.202	-0.876	6.670	16.133	7.438	0.221
1.291	9.815	8.048	1.092	0.842	-0.400	3.443	-0.522	7.863	19.549	5.595	-0.229
18.984	9.766	0.731	7.185	0.732	1.226	8.940	0.160	2.647	2.899	8.857	-0.517
6.255	6.426	0.097	5.944	-0.018	-0.895	16.614	0.350	6.817	12.218	0.094	-1.186
16.124	3.257	6.862	4.039	-0.294	0.449	8.527	0.682	5.914	5.295	4.905	-1.152
19.443	2.024	7.680	7.641	0.558	0.688	12.322	-1.283	5.125	8.614	0.061	0.492
0.658	9.115	2.679	3.042	0.397	2.128	12.996	1.472	4.877	0.024	6.982	-0.736
19.820	4.108	14.046	3.991	-0.098	-0.483	7.973	0.429	2.384	7.220	4.302	-0.981
19.247	3.855	18.058	7.306	-0.405	-0.523	1.743	0.403	1.072	12.464	8.116	-0.729
5.451	0.647	8.682	7.906	0.033	-0.551	19.944	-0.239	4.889	7.299	4.426	-0.784
5.096	4.661	12.198	6.317	0.562	-1.428	9.906	-2.423	5.019	12.473	6.267	-0.561
4.311	7.490	9.254	0.281	2.298	1.738	13.555	-0.687	2.367	5.198	6.710	-0.471
11.538	4.294	7.186	3.296	0.369	-0.452	6.212	-0.643	6.841	6.846	8.794	-1.488
5.324	4.778	4.634	1.057	1.499	2.057	4.975	2.817	4.518	3.677	6.917	1.758
8.285	3.216	5.108	3.854	1.915	4.234	0.639	4.266	5.233	3.297	9.831	2.226
8.330	5.886	4.573	1.093	6.450	2.921	2.051	6.680	4.348	4.413	5.122	4.410
4.265	5.586	5.219	2.325	3.122	1.801	7.749	5.235	4.754	3.928	4.928	4.207
4.920	5.431	3.980	3.395	1.026	2.445	2.695	5.445	6.528	0.045	7.732	2.042
6.146	5.491	5.830	1.962	5.747	0.816	5.099	3.743	3.974	2.262	8.225	0.722
6.359	6.462	4.036	3.116	0.660	3.149	6.932	4.899	5.864	3.553	1.979	1.162
0.654	6.767	5.001	0.847	1.749	3.769	5.378	4.442	4.347	2.521	7.116	0.837
2.553	5.668	4.731	2.281	1.954	3.201	9.305	4.447	5.967	0.096	7.845	4.182
6.993	3.506	6.667	3.701	0.443	0.508	7.595	5.274	4.715	0.169	9.634	2.613
1.181	4.818	6.496	4.843	4.797	4.584	2.816	6.052	5.991	4.344	8.092	1.839
1.027	4.248	8.166	1.170	0.818	1.188	3.634	4.578	2.058	1.435	4.342	3.974
6.721	3.975	4.727	3.347	3.809	2.723	1.466	4.819	4.614	2.330	9.760	3.419
1.213	4.705	3.894	4.909	6.593	0.902	7.652	4.160	4.851	3.583	3.207	0.515
2.081	4.425	5.266	4.669	3.505	3.720	3.543	5.200	3.323	3.413	6.808	0.243
8.237	5.554	5.180	1.247	8.507	2.598	4.030	5.823	4.557	0.381	4.634	4.948
7.102	4.417	3.869	1.377	1.847	3.185	1.546	4.895	5.217	0.951	9.770	3.505
2.705	4.887	6.637	1.330	5.792	0.590	4.885	5.182	5.278	0.852	9.152	3.372
8.418	5.210	6.985	0.451	5.728	4.559	9.610	7.916	5.414	0.888	2.278	2.627
0.143	5.226	3.351	0.169	0.766	1.544	7.628	4.113	4.213	3.862	6.145	4.473
9.147	6.065	4.620	0.126	5.583	0.149	7.008	4.999	4.197	3.782	7.118	3.061
5.303	6.570	4.158	2.535	3.999	1.180	8.755	6.084	5.973	3.647	3.948	4.693
2.682	5.572	6.188	4.647	6.441	2.304	6.848	3.464	5.438	3.910	2.250	4.597
0.821	3.393	6.742	4.023	1.367	0.683	9.006	6.941	5.837	0.026	3.361	4.101
1.309	4.968	5.441	0.818	1.139	1.370	2.841	4.796	5.227	0.556	8.945	4.161
4.707	6.215	5.824	1.677	9.564	4.805	8.378	5.906	5.766	2.045	2.185	3.907
3.238	4.624	5.281	1.976	4.532	2.423	8.505	5.664	6.581	3.746	1.858	0.757
4.086	6.138	5.348	4.357	5.856	1.308	1.304	5.183	3.170	3.936	5.625	1.571
8.183	5.249	5.547	1.216	0.391	0.942	3.163	4.010	5.885	2.382	8.496	4.665
3.520	4.150	4.203	3.558	2.334	1.861	7.102	3.439	6.198	4.103	0.533	0.357
3.721	5.996	6.337	4.002	5.021	3.798	7.818	7.023	6.176	2.959	7.772	1.555
3.277	6.034	6.155	0.317	2.160	0.408	9.924	4.953	6.553	0.359	3.947	2.883
7.988	5.775	3.427	3.828	1.262	1.171	1.010	5.153	4.009	4.889	6.045	0.932
2.905	5.625	5.370	2.517	6.527	3.753	2.853	5.324	4.334	1.733	9.161	2.960
3.032	4.656	3.425	4.760	7.214	4.733	4.505	4.975	3.258	4.029	9.489	0.544
6.941	6.217	5.695	1.993	1.378	0.412	4.692	4.714	5.050	0.317	9.981	4.348
1.662	5.275	5.012	1.813	1.218	3.152	1.357	5.166	4.400	3.819	7.960	3.488
8.884	5.770	2.655	3.027	5.295	1.751	9.154	4.126	5.251	0.763	1.690	1.921
7.675	3.117	4.373	4.120	3.986	1.517	9.640	3.944	5.402	4.906	0.348	4.522
4.768	5.542	4.067	2.452	6.066	4.300	1.113	5.305	4.841	2.115	4.874	1.956