17.023	8.794	2.478	3.056	0.047	18.397	0.180	13.765	2.716	7.967	0.163	-0.595
9.910	0.833	4.007	0.507	-1.199	8.793	-1.493	19.233	3.258	6.351	-1.141	1.074
4.696	3.355	1.923	0.744	-0.205	18.917	-2.113	18.142	9.564	1.435	1.048	0.358
4.608	6.927	2.884	3.805	-1.260	8.462	-0.575	1.209	9.493	4.182	0.044	-0.181
6.146	1.022	3.409	3.132	0.335	0.782	0.988	1.052	5.071	6.083	0.174	-0.888
11.853	8.275	4.241	1.145	-0.606	1.086	0.369	2.398	5.039	5.695	1.398	1.480
2.466	4.625	2.077	4.269	1.218	16.857	-0.389	8.086	8.319	6.338	0.564	-1.351
8.221	1.696	1.969	0.857	-1.856	6.749	-0.809	2.468	8.389	9.367	-0.693	0.981
15.421	5.673	4.371	4.468	1.699	6.935	-1.317	1.426	2.718	0.353	-1.564	1.251
1.619	3.730	2.317	2.724	1.134	12.869	-0.038	9.561	0.715	0.985	0.801	-0.977
11.427	7.068	2.419	1.294	-0.185	1.034	0.216	6.254	7.114	5.366	-1.149	0.811
2.081	3.592	1.489	4.617	0.304	3.896	0.953	3.786	5.810	5.388	-0.583	0.234
15.106	0.421	4.896	0.860	-0.445	7.851	-0.215	14.028	7.696	2.166	1.304	-0.073
15.409	3.555	4.407	2.932	-0.365	2.226	-0.834	0.541	5.002	0.215	1.476	1.955
2.631	6.283	0.326	3.285	-0.537	1.940	-0.029	14.445	9.650	9.070	-0.384	-1.024
4.404	7.611	1.093	0.550	1.733	3.471	-0.520	14.567	0.768	9.495	1.503	-2.065
6.991	3.621	3.713	2.457	0.501	1.142	-1.192	9.407	4.096	2.343	-0.129	0.306
2.721	4.255	2.086	4.000	0.047	15.527	0.830	11.492	1.833	5.801	-0.513	-1.780
19.696	1.669	4.993	3.145	0.479	11.610	0.038	16.080	5.032	6.929	-1.155	-1.302
6.869	3.478	2.461	4.167	0.063	6.501	-0.999	4.336	8.067	4.443	0.678	-0.152
2.283	8.136	4.468	0.502	0.219	11.986	1.238	0.489	9.822	5.406	0.219	0.219
12.292	8.114	2.766	4.308	-0.268	0.001	-1.905	0.609	4.060	9.785	1.148	-0.403
6.196	0.215	1.527	2.097	-0.164	9.289	-0.841	7.054	7.206	3.711	-2.543	-0.390
13.068	5.709	0.742	2.545	-0.915	13.870	1.142	19.565	5.808	3.742	0.129	-0.006
6.175	9.506	0.735	3.007	-0.082	18.482	0.161	2.427	3.975	1.672	-0.944	1.088
10.145	8.828	0.882	3.004	-0.542	2.797	-0.553	13.074	6.409	2.513	0.678	-0.539
4.390	5.093	0.601	3.156	-0.951	7.379	0.746	6.385	4.944	0.000	0.827	-0.449
18.281	5.053	0.981	1.684	-1.298	3.516	-0.902	5.424	0.947	8.914	0.320	-1.391
5.543	7.341	1.552	4.031	2.465	5.522	1.168	9.311	8.855	7.796	-1.533	-1.307
11.501	7.294	2.894	1.624	0.982	13.664	0.230	9.739	2.063	0.105	1.157	-1.915
8.653	5.369	0.973	2.381	0.193	14.265	-0.958	14.314	0.886	8.690	-0.235	1.363
17.046	4.821	2.079	4.213	0.983	11.573	-0.905	0.773	9.491	0.467	0.645	0.188
12.437	5.763	3.057	2.979	-0.316	3.406	-1.281	9.045	7.451	8.151	0.350	-0.163
3.521	9.258	4.748	0.993	-0.480	4.625	0.775	19.483	8.415	2.053	0.734	1.043
0.854	7.480	1.519	3.047	1.113	0.863	0.363	18.809	5.701	3.538	-0.176	0.659
0.263	9.286	3.177	2.961	-0.140	1.598	0.650	9.600	2.943	9.024	-0.425	-0.760
10.636	3.703	1.392	4.343	-0.995	10.858	-0.354	6.688	5.994	6.793	0.116	0.076
12.758	0.761	1.580	0.745	0.893	19.607	-2.568	7.977	6.623	6.259	0.964	1.151
8.162	2.656	3.338	3.586	0.159	3.432	0.716	1.932	1.927	3.730	-1.711	-0.748
18.379	5.274	1.337	1.408	0.776	12.161	-0.654	6.032	3.215	1.754	-0.644	0.703
7.304	1.212	1.513	0.837	0.704	5.732	0.759	10.531	0.508	4.785	-1.061	0.488
2.393	8.329	4.002	2.863	0.413	2.807	1.205	14.112	7.128	9.360	0.540	1.221
0.046	2.745	1.960	0.054	0.195	7.440	-0.272	7.334	8.153	9.060	-0.260	0.457
5.109	8.816	1.747	3.729	0.145	12.797	-0.682	10.296	8.289	1.437	0.420	-0.458
18.744	4.236	4.357	4.114	-0.642	6.481	-0.648	18.824	7.827	0.874	-1.728	0.895
17.572	5.091	2.809	1.019	0.006	6.844	-1.814	1.915	5.948	5.826	0.932	-1.842
0.559	1.830	1.679	3.601	0.200	9.092	0.955	15.191	4.901	3.667	-0.697	0.249
15.540	7.883	1.034	2.730	1.721	6.766	-0.059	15.761	1.302	8.434	1.698	-0.323
2.303	7.272	0.264	4.846	0.626	11.164	-0.123	13.238	7.819	3.835	1.097	1.881
2.530	8.435	4.421	2.577	0.294	7.711	-0.499	14.081	3.389	8.276	-0.890	0.163
5.364	5.874	4.306	4.538	1.201	0.468	-1.112	17.286	4.679	9.350	0.034	0.353
6.358	3.107	3.322	2.846	-0.940	17.484	-0.191	13.693	2.604	5.434	-0.790	-1.282
12.823	4.158	2.481	3.959	-0.594	0.731	0.763	5.432	7.017	8.017	1.373	0.193
9.184	2.136	0.457	4.162	0.340	10.570	0.829	5.680	7.943	6.634	-0.768	0.628
3.443	1.673	0.853	3.827	-0.816	8.917	-0.955	12.492	8.828	6.909	0.799	0.725
17.827	0.641	1.025	0.754	-0.520	2.927	0.043	19.872	7.741	4.369	-1.255	-2.124
14.413	7.730	1.561	1.894	0.214	1.463	0.244	12.848	2.835	4.458	0.637	-0.107
18.220	5.247	1.528	2.916	1.316	7.988	-1.060	18.756	7.580	4.050	-0.077	-0.673
12.720	9.089	0.911	0.495	-1.037	9.692	-0.496	2.542	3.957	2.529	0.863	0.916
16.720	5.099	2.233	1.896	0.574	5.867	-1.610	3.125	4.113	6.568	0.813	-1.325
5.740	0.504	4.666	0.856	0.167	17.617	0.538	19.110	3.644	9.650	-0.737	-0.248
1.781	7.118	1.959	1.331	0.056	4.385	0.612	10.157	9.964	1.503	-0.972	1.011
12.218	4.096	3.638	3.773	0.037	17.619	-0.322	0.524	4.624	9.305	-1.668	0.401
16.349	7.790	2.909	4.210	-0.898	10.708	-0.172	19.860	5.950	2.269	-0.347	0.820
16.307	8.718	1.495	2.414	-0.116	5.076	-0.178	11.008	5.865	3.765	-0.860	0.915
13.602	0.198	2.131	4.603	-1.201	6.844	0.033	17.969	9.848	2.865	1.479	-0.648
3.205	2.473	0.945	2.784	1.641	17.046	0.275	12.034	9.471	4.419	0.244	-1.664
18.180	0.254	1.398	3.660	-0.976	13.458	-0.346	13.123	6.221	3.109	-0.165	-1.596
1.927	5.471	2.217	0.670	0.984	1.373	1.052	17.296	4.890	2.205	0.600	2.150
14.322	3.829	2.055	3.697	-0.183	7.617	0.552	17.106	3.915	1.539	0.579	-1.490
9.514	6.406	4.725	1.625	-1.123	12.170	-1.360	16.556	4.146	1.987	1.133	-0.625
16.179	6.113	1.990	4.266	0.147	5.466	-0.069	19.212	7.531	9.349	0.011	-0.366
18.632	3.180	2.381	4.641	-0.033	5.707	-1.933	12.182	5.746	6.836	0.486	1.088
15.523	8.732	3.726	2.643	-0.547	6.776	-0.979	16.387	7.770	9.887	-1.539	0.476
5.851	8.559	1.218	2.086	1.891	13.761	-0.876	11.069	9.283	0.960	1.325	0.116
14.987	5.463	4.794	4.242	-0.125	13.913	-0.752	13.263	6.912	3.210	1.623	0.393
18.517	3.939	1.867	3.410	-0.764	3.542	0.957	14.644	7.303	8.689	-0.333	-0.830
14.696	5.115	1.768	3.507	-1.447	8.579	0.194	19.074	0.773	3.727	0.730	0.343
9.035	3.426	3.467	3.882	-0.403	11.364	-1.708	17.692	9.505	3.516	-0.207	1.566
5.201	6.901	1.238	2.446	0.679	1.267	-0.318	11.788	9.706	2.587	0.920	0.657
11.188	4.169	1.028	4.033	-0.640	0.248	0.692	6.884	7.827	4.313	-0.434	0.145
9.566	5.366	3.841	3.300	1.214	13.572	1.565	14.068	7.787	4.118	0.342	0.568
15.602	7.374	2.132	1.988	1.787	8.823	0.582	8.635	4.391	1.132	0.633	0.545
19.147	7.597	3.610	3.033	-1.182	18.587	-0.053	17.198	5.781	8.063	0.195	0.189
14.590	0.783	3.459	1.714	1.805	15.777	0.898	15.042	3.036	9.420	0.136	1.269
19.020	3.109	1.491	2.164	0.196	19.136	-2.410	17.348	2.961	3.560	1.653	-0.402
9.183	4.023	4.620	4.689	1.297	8.276	-0.364	19.030	1.275	0.497	-1.248	-0.557
13.900	5.120	3.497	1.198	-0.942	3.983	-0.246	11.514	9.046	8.043	-0.181	-1.280
17.782	8.264	1.933	2.373	-0.195	19.554	-0.263	3.204	5.830	0.539	-0.694	1.034
5.956	5.759	4.256	3.041	-1.570	13.059	0.595	1.227	7.952	3.315	1.281	-0.027
5.314	6.389	4.844	0.183	-0.973	8.240	-2.257	8.325	6.223	5.584	-1.652	0.723
17.677	2.047	3.896	3.771	-0.329	10.452	-1.212	16.059	0.960	6.271	0.211	1.438
19.448	0.994	1.860	3.231	-0.979	8.738	-0.384	8.995	6.123	0.940	-0.352	-0.201
19.250	4.988	0.373	2.904	0.317	12.055	1.752	19.292	8.705	0.852	0.353	0.514
0.361	7.881	3.380	0.448	-0.317	10.739	-0.592	8.857	9.803	0.356	-0.646	0.694
2.347	2.668	2.389	0.314	-0.437	5.632	0.635	18.924	3.175	1.276	-1.605	1.274
2.612	7.613	0.622	4.390	0.665	18.011	1.230	18.331	7.429	2.150	0.648	-0.203
10.905	5.810	1.996	0.186	-1.451	10.347	0.440	6.430	7.248	9.379	0.670	-0.567
9.044	5.210	1.366	1.869	-1.165	5.775	-0.512	10.393	4.145	0.211	-0.212	-0.702
5.226	9.761	4.959	2.354	0.513	13.985	-1.129	8.117	5.554	6.661	-0.594	0.891
18.223	1.195	4.150	2.516	0.432	5.506	0.796	14.488	3.482	5.241	0.175	1.061
12.608	1.140	2.213	4.221	1.195	17.907	-0.607	3.325	0.473	4.072	-0.690	0.833
1.495	8.341	2.348	1.029	-2.299	16.216	-0.846	3.780	1.838	9.209	-0.593	-0.366
5.871	9.725	1.628	1.834	-0.286	14.547	0.355	13.588	8.080	1.517	-0.997	2.506
7.777	0.887	4.870	2.220	0.565	16.308	-0.096	15.416	9.951	9.378	-0.198	-0.254
0.551	4.196	3.397	1.123	-0.617	5.948	-0.325	14.138	1.832	9.440	0.177	0.080
0.357	7.150	3.766	3.837	-1.738	0.253	1.291	7.106	4.122	5.032	-1.103	-0.032
19.852	1.422	4.855	4.923	-0.611	3.324	0.326	16.953	4.259	8.182	0.120	-0.962
7.263	4.850	0.180	4.450	-1.162	12.147	-0.393	17.049	3.187	5.962	1.046	-0.750
9.162	2.050	4.337	3.398	0.643	13.771	0.927	11.061	2.867	7.991	1.133	-0.304
12.953	5.361	1.079	0.192	-0.113	4.605	0.558	1.150	5.616	0.113	-2.639	0.848
6.576	2.489	3.796	2.571	-0.127	0.128	-1.179	8.491	2.099	8.032	-1.627	-0.541
3.805	2.593	0.583	2.428	-1.831	18.548	1.630	13.695	5.888	3.946	0.019	0.573
17.775	1.825	1.921	4.222	-0.684	15.741	-0.226	2.016	0.332	0.781	-1.147	2.384
7.193	0.003	1.526	0.315	1.312	12.157	-0.313	7.576	5.133	6.183	-0.003	-0.151
10.502	3.740	2.224	2.745	0.014	15.357	0.335	3.628	6.725	4.383	-0.911	-0.922
5.297	6.404	0.684	4.148	-0.118	7.082	1.316	14.130	5.520	2.246	-0.073	-0.880
13.639	8.638	3.859	0.742	-0.392	1.989	-0.630	11.804	6.522	0.102	0.045	0.441
10.991	4.757	3.775	3.663	-0.027	8.802	0.636	14.541	5.261	7.873	-0.165	0.907
2.428	7.772	4.833	2.377	0.453	1.254	-1.515	10.883	1.153	6.393	-0.220	-0.856
8.736	4.595	2.750	3.482	-0.346	19.292	-0.163	16.401	5.781	8.407	0.409	0.763
7.709	2.635	1.707	2.108	1.053	10.794	0.408	5.659	5.797	4.142	-1.659	0.107
10.242	8.110	1.308	0.816	1.849	1.371	-0.635	19.417	4.396	7.378	0.420	1.535
10.596	9.326	2.187	4.033	0.950	9.167	-1.409	5.265	7.477	7.836	0.274	0.260
15.370	8.385	4.992	1.074	0.350	7.296	-0.098	2.076	3.260	1.391	-0.146	-0.770
12.385	7.661	1.808	2.248	0.900	11.860	0.604	2.480	6.971	4.128	-2.197	-1.259
11.730	7.758	4.228	1.091	0.466	2.496	0.794	4.493	4.814	6.573	-0.963	-0.932
6.244	2.682	2.950	0.683	1.530	17.186	-2.371	11.318	4.943	4.813	-0.578	-0.310
16.822	2.990	0.065	4.449	-0.225	18.897	1.301	2.875	7.102	1.190	-1.027	1.763
17.537	9.846	1.494	4.141	-0.138	8.291	0.031	5.559	1.184	0.440	-0.274	2.006
0.584	0.881	1.824	1.315	-0.471	12.808	0.661	8.492	4.148	1.614	0.633	-0.090
6.398	9.656	4.503	4.992	0.759	4.568	0.732	1.373	7.795	7.707	3.451	0.529
17.185	4.534	4.813	2.506	0.789	7.290	-0.336	6.861	7.550	5.683	-1.350	-0.646
0.115	1.043	0.313	1.301	0.828	14.867	-1.255	7.168	1.971	0.840	-0.491	1.259
19.241	5.335	4.447	1.758	0.126	16.951	0.112	17.981	2.904	0.656	-0.529	-2.325
2.435	6.987	3.834	0.379	0.607	13.326	0.584	13.733	2.741	1.067	0.386	-0.521
0.225	1.150	1.689	3.868	1.769	5.150	2.038	11.752	8.529	8.256	-0.059	-0.365
8.821	4.744	3.830	1.412	-1.364	18.841	0.237	6.989	2.536	6.321	-0.778	1.756
10.899	6.081	1.154	1.493	0.064	16.314	1.191	15.660	7.751	5.106	-1.433	-0.475
15.454	6.690	3.826	3.597	0.333	19.554	-0.305	10.800	5.710	2.278	-0.059	0.398
9.948	0.123	2.507	2.158	0.273	2.112	0.730	12.364	8.958	5.796	0.386	0.772
11.651	2.922	1.480	2.373	-0.209	13.466	0.492	3.345	3.701	5.415	-1.555	0.075
1.432	9.937	4.761	2.847	-0.721	9.368	-0.306	19.838	1.519	8.736	-1.688	0.321
1.204	4.327	4.601	3.826	-0.915	19.808	-0.580	17.788	7.790	5.714	-0.277	-0.116
4.287	4.928	2.329	3.236	-0.199	4.407	-1.338	19.725	0.192	7.423	-0.264	2.292
16.008	1.394	2.410	4.672	-0.968	13.606	-1.866	9.819	5.500	9.188	1.807	-1.820
9.117	2.012	3.410	1.270	-0.772	18.062	1.800	9.080	9.598	6.607	-1.315	-0.211
10.752	0.242	2.094	2.997	-1.711	0.018	0.199	12.495	7.443	9.280	0.166	1.510
1.024	6.127	3.163	4.008	0.213	16.282	1.639	18.649	4.347	8.271	0.172	0.336
16.140	6.358	2.160	4.043	0.639	19.169	-0.470	17.357	5.407	7.578	1.452	0.388
13.334	8.122	0.960	2.323	0.625	7.017	1.354	1.067	8.011	0.413	1.927	-0.450
7.930	9.995	3.703	2.697	0.958	5.097	1.246	14.927	9.031	3.913	0.426	-0.310
0.748	8.318	4.454	0.326	0.527	2.273	-0.338	12.972	9.777	3.673	1.564	-0.325
3.105	9.030	0.277	0.958	-0.441	11.982	1.911	16.594	8.947	8.543	1.863	1.303
7.287	4.116	2.615	2.436	-1.159	10.593	-0.607	10.956	8.089	6.942	1.906	-0.963
14.221	6.007	0.453	1.520	-0.280	5.218	-0.979	15.839	3.256	6.323	-0.993	-1.390
9.239	8.530	0.558	1.726	-0.303	11.133	-1.428	8.126	1.826	8.665	1.318	-1.773
11.428	4.332	2.705	3.103	-0.051	7.870	0.174	15.671	5.372	0.129	-0.060	1.086
4.023	3.893	4.929	4.520	1.483	16.803	0.305	8.698	6.407	1.860	0.007	1.720
9.304	4.537	3.260	2.439	0.335	17.798	-0.566	10.992	0.382	1.913	1.501	-0.619
2.766	1.768	3.498	4.547	-0.135	16.906	-0.736	11.822	4.825	7.667	0.362	-0.660
12.830	9.905	2.097	0.775	-0.948	14.704	-0.024	2.373	1.331	0.677	0.481	-0.490
3.293	1.966	0.444	3.874	-0.918	12.464	0.213	13.589	2.996	0.394	-1.432	1.243
9.242	4.633	3.909	4.828	0.718	16.029	-1.057	14.669	3.575	1.450	-0.094	0.184
10.689	1.896	3.838	0.746	0.752	11.251	-1.809	10.286	3.728	9.474	0.917	-0.466
3.625	2.489	3.414	4.577	0.571	19.586	0.465	9.684	2.876	7.338	-0.814	-0.962
14.807	5.965	3.105	1.531	-0.694	16.592	-1.077	5.980	5.954	4.296	-0.266	-0.295
14.332	0.689	2.395	4.251	-2.378	16.201	1.122	19.397	8.405	4.486	0.974	-1.399
17.285	0.186	3.802	2.080	-0.237	17.989	-0.784	6.673	1.087	1.949	1.299	0.438
12.763	0.166	2.214	4.635	-0.805	11.878	0.591	11.820	0.902	5.916	-0.901	0.297
19.693	1.333	3.783	2.140	-0.815	5.035	-0.153	11.413	1.661	6.108	0.146	-1.495
14.425	0.619	4.227	3.239	-0.187	10.901	-0.415	19.057	8.450	6.385	-0.545	-0.909
16.899	0.632	4.602	1.507	0.847	17.066	0.791	18.853	6.251	8.814	0.686	-2.615
19.063	4.225	2.467	2.606	0.160	7.989	0.776	19.614	0.911	6.771	-0.814	1.817
3.785	0.104	0.282	2.104	-0.140	7.070	0.766	1.181	8.141	8.600	0.299	0.930
15.125	8.213	3.850	1.017	1.520	1.048	1.224	15.045	0.319	8.800	-0.805	0.071
9.150	7.098	3.531	3.955	-0.579	6.266	1.160	3.233	6.371	9.678	-0.045	2.187
13.986	6.660	3.867	3.758	0.865	17.265	0.315	11.021	3.610	5.966	-1.816	-0.807
6.165	5.957	1.676	2.377	0.785	3.863	-0.113	9.690	9.784	5.581	-0.124	1.448
5.955	9.495	3.653	2.750	-0.802	4.119	1.530	14.737	2.010	2.828	-0.737	-2.005
10.459	7.934	0.048	2.644	-2.080	15.623	0.940	6.663	5.274	7.540	-1.868	0.851
14.376	9.091	1.973	4.956	1.325	5.372	0.142	6.424	2.762	2.067	0.607	1.706
14.843	9.253	0.497	3.051	1.507	7.220	-0.271	1.406	6.339	4.133	-0.664	-0.631
14.364	4.465	4.892	4.888	0.372	5.278	2.665	13.985	1.423	3.729	-1.073	-0.785
15.385	3.612	1.952	0.805	-0.250	14.093	-0.937	1.439	5.402	6.616	1.146	0.224
19.967	5.453	2.268	2.759	0.642	17.486	-0.786	19.058	0.572	1.379	0.819	1.042
7.108	2.692	2.311	4.623	-1.882	1.801	-1.337	0.173	0.095	8.139	-0.069	-0.225
13.706	0.696	2.103	3.109	-1.625	14.264	0.937	4.801	6.450	7.105	1.923	0.687
0.721	3.539	4.496	1.201	-0.261	3.192	-1.718	18.776	7.089	0.928	0.039	-1.104
14.375	4.624	0.329	3.574	-0.371	12.902	-1.132	4.145	9.565	8.653	-2.980	-0.452
14.839	9.543	4.187	4.127	1.362	18.336	0.588	2.749	4.761	1.251	-0.641	-0.941
13.639	6.304	4.913	0.357	0.427	7.666	-0.111	12.056	2.415	1.172	0.960	-1.353
4.258	4.903	4.952	0.989	0.203	4.745	0.391	6.855	2.144	4.348	0.027	2.099
10.668	9.444	1.154	4.258	-0.131	0.348	0.302	0.303	4.882	3.362	0.509	1.282
4.837	1.724	3.603	2.490	-0.242	15.056	-0.955	0.445	1.661	8.951	1.241	0.355
12.072	5.060	4.704	1.961	0.831	12.115	-1.091	19.513	9.032	5.669	-1.090	-0.873
4.340	6.379	4.175	4.085	-0.142	17.300	0.963	12.942	3.644	5.273	-2.156	0.262
18.299	2.681	3.374	3.945	0.740	8.678	-0.538	18.097	5.253	1.444	-0.595	0.796
7.374	2.731	2.791	0.617	-0.026	19.634	-1.092	8.834	4.800	3.241	-2.275	-0.524
17.000	6.967	2.624	1.120	1.350	18.809	1.511	13.229	9.310	2.913	0.330	2.517
14.133	5.058	4.664	1.374	-0.642	1.938	-0.485	12.396	4.355	0.036	0.629	0.467
9.571	5.372	3.196	2.474	-1.416	16.816	-0.519	10.804	2.589	1.078	-1.509	-1.034
14.467	2.728	1.017	0.706	-0.508	4.530	0.110	12.325	3.663	5.503	-1.465	1.305
7.792	7.922	3.669	0.431	-1.308	8.059	-0.064	1.207	6.041	5.326	0.318	0.703
11.778	4.767	3.976	4.165	0.051	19.058	-1.111	7.988	1.972	2.711	-0.372	-1.944
9.356	2.589	3.920	1.859	-0.544	12.555	-0.752	0.512	5.870	2.117	-0.908	-0.065
4.897	3.669	2.177	3.677	0.307	1.267	-1.013	11.421	4.938	6.930	0.253	1.269
8.686	7.656	4.716	2.614	0.287	13.420	1.230	11.297	1.058	2.652	-0.199	0.110
1.015	8.391	3.716	3.789	-1.246	19.964	0.719	11.164	0.500	7.416	-0.274	0.671
18.894	2.129	4.123	1.644	-0.705	17.417	-0.294	19.457	2.495	9.274	-0.611	1.210
5.768	3.456	3.494	3.338	0.523	4.821	0.215	16.418	4.501	3.579	1.638	-0.097
6.786	3.901	1.781	3.890	-0.430	17.429	0.253	18.499	5.850	6.377	-0.173	-1.138
15.998	8.945	4.738	2.003	1.962	8.837	0.245	15.333	7.176	3.520	-0.861	-0.051
4.268	5.590	3.867	3.959	0.014	2.359	-0.554	12.027	5.904	2.820	-0.227	0.028
8.883	9.936	0.472	2.168	-0.662	3.311	-0.250	17.817	4.673	3.843	1.852	-1.341
10.263	7.036	2.678	4.305	1.201	16.512	0.562	10.731	1.727	0.317	-1.293	-0.974
15.508	9.149	3.989	1.626	1.050	1.132	0.188	3.305	0.580	3.973	1.621	-0.378
13.648	1.054	4.971	4.334	0.503	1.523	-0.808	0.212	9.770	7.815	-0.555	0.105
1.722	3.479	4.947	2.301	1.290	4.357	-0.454	16.502	1.928	3.154	0.522	-0.994
3.723	4.066	4.172	3.393	-1.101	1.193	-0.388	18.930	7.894	7.096	1.360	-0.119
14.832	9.879	1.192	0.372	-0.635	8.749	0.797	9.104	0.489	8.190	1.368	-1.519
18.301	3.291	3.103	2.583	-0.604	0.629	-0.309	11.772	6.832	5.997	0.109	0.573
5.348	5.587	4.366	3.875	0.143	4.737	0.254	13.831	2.934	9.678	-0.866	0.750
16.545	9.257	4.446	0.705	0.044	0.094	-0.888	18.482	2.116	8.532	-0.521	-0.602
8.412	3.519	0.357	0.981	-0.142	7.749	-1.085	15.116	1.381	2.999	-0.228	2.308
7.206	8.826	2.938	0.181	-0.669	12.390	2.289	2.523	9.742	9.232	-1.363	-0.385
17.536	6.154	3.272	4.873	-1.058	17.910	-0.835	6.334	8.332	7.637	-1.012	0.286
9.890	8.321	4.924	3.778	-0.998	1.409	-1.509	12.186	0.445	8.338	0.548	-0.557
13.419	4.564	0.403	4.687	-0.517	8.043	-0.752	4.923	1.627	5.969	-1.052	0.727
19.664	1.006	2.526	4.501	-0.278	15.596	-0.064	18.892	9.073	2.340	-0.554	-0.858
18.556	2.937	1.269	2.974	2.271	13.640	1.271	10.990	8.319	3.742	0.713	-1.507
12.077	0.590	3.948	4.961	0.831	4.383	-0.100	2.029	7.312	8.766	-0.196	-0.178
14.331	4.133	2.294	2.434	0.742	1.468	-0.538	7.164	5.196	1.702	1.126	-0.452
0.146	6.330	1.109	1.362	0.827	18.170	0.679	5.854	1.468	9.516	1.291	0.053
10.256	0.033	2.744	4.609	-1.003	16.305	0.285	9.740	2.336	7.340	1.000	0.165
6.360	6.734	4.296	4.005	0.439	7.443	-0.372	18.473	9.863	0.504	0.806	0.346
12.960	7.402	1.578	0.632	0.129	15.147	0.073	18.124	1.920	9.176	-1.559	-1.208
9.746	0.797	2.623	4.005	-0.085	11.612	0.719	9.433	9.263	7.931	-0.187	0.384
13.287	9.128	4.311	2.270	0.148	17.354	0.442	18.570	0.601	5.629	0.577	2.476
4.999	3.983	4.213	1.719	2.669	17.421	-0.511	13.207	4.355	8.114	-0.648	-0.835
15.543	7.268	3.136	3.515	1.051	16.053	1.150	15.231	2.911	5.798	0.827	0.243
18.547	5.914	2.338	0.050	-2.307	15.203	-0.798	4.719	6.341	6.746	-0.505	0.352
15.853	8.674	4.147	1.497	-1.112	10.380	0.458	12.853	6.661	5.325	-1.062	-1.798
5.262	6.151	1.388	4.083	0.687	4.524	0.002	10.331	5.427	9.600	0.445	-1.554
1.386	6.136	4.666	3.781	0.086	5.997	0.944	1.813	5.099	7.052	1.294	0.004
13.871	3.125	1.562	4.660	-0.517	18.618	-1.201	18.576	6.408	7.184	-0.179	0.549
0.524	2.215	0.313	2.299	-0.898	13.591	0.716	8.124	9.143	7.290	1.097	0.881
3.477	4.005	4.234	1.038	0.630	9.140	0.386	12.855	0.456	0.205	0.237	-0.244
14.987	4.107	0.131	3.753	-1.823	13.259	-0.679	12.574	1.940	7.952	1.562	0.098
1.230	9.042	3.289	3.816	0.117	5.069	-0.775	6.547	0.155	5.224	1.387	-0.194
5.979	6.214	5.032	3.264	4.933	19.808	6.676	4.445	5.761	2.828	16.755	0.991
13.705	3.751	5.216	0.352	1.255	14.198	6.233	4.622	3.255	6.528	3.304	0.552
16.519	4.660	3.743	2.728	0.626	0.433	6.217	3.923	1.146	4.088	17.531	5.816
8.617	8.593	5.395	1.350	0.321	12.653	4.225	3.989	1.049	5.143	0.896	5.064
13.954	5.437	6.193	4.945	1.443	10.734	6.603	4.696	9.503	4.367	4.661	2.507
6.926	6.039	5.927	2.180	1.493	11.030	3.944	3.930	9.581	6.053	5.707	8.974
5.185	2.971	5.966	3.905	2.780	19.731	6.704	5.813	3.066	4.603	11.586	1.815
7.076	0.864	3.491	0.608	2.336	12.485	3.419	5.216	1.909	4.313	7.707	0.063
7.683	1.261	4.724	0.468	1.229	7.962	3.671	4.544	7.966	4.003	14.230	9.366
1.863	4.605	3.699	0.461	0.834	3.400	5.064	3.294	5.969	7.775	5.985	6.529
17.142	2.546	5.513	0.052	1.835	8.329	7.155	6.595	4.798	4.374	12.197	2.499
18.848	0.106	4.294	4.669	2.196	5.257	6.207	4.869	2.104	5.637	19.114	8.296
19.639	1.950	6.625	2.217	0.560	2.801	5.680	4.892	8.286	5.447	7.716	5.821
10.360	9.804	4.775	4.750	2.502	8.499	6.843	3.879	4.083	4.541	3.436	0.178
3.972	4.052	3.634	3.227	3.302	8.417	5.342	4.061	4.088	4.281	2.842	8.276
13.623	2.052	3.569	4.505	1.822	17.950	3.111	4.100	4.634	5.322	1.945	8.182
17.659	8.292	4.383	2.737	4.607	15.371	5.881	7.065	5.268	4.185	4.012	1.852
11.949	5.969	4.790	4.305	3.345	15.692	5.743	6.039	3.651	3.431	5.248	9.684
19.957	5.640	4.634	2.273	2.164	6.708	3.074	4.640	0.989	6.385	8.053	1.771
9.322	3.754	5.011	0.141	1.493	1.794	6.416	5.441	5.404	4.727	6.030	1.727
15.453	6.102	5.345	2.823	3.854	15.008	5.276	5.455	7.225	2.874	16.461	0.288
10.686	5.095	5.596	2.936	2.047	18.540	4.372	4.298	1.743	5.253	6.926	5.177
10.613	8.808	4.339	3.957	0.339	10.773	5.251	4.684	1.042	6.644	10.119	3.530
17.904	2.929	5.020	3.337	2.565	11.967	3.980	4.096	3.814	3.914	9.224	4.626
8.243	8.840	6.277	3.266	2.271	18.999	6.066	6.410	8.622	3.644	11.706	2.613
8.031	9.931	5.201	0.094	0.307	1.673	3.224	5.917	3.995	6.912	1.642	8.062
18.928	1.921	6.054	0.547	1.965	13.637	4.352	5.779	6.851	2.037	7.472	7.834
17.957	9.502	3.734	3.618	0.096	12.622	4.087	6.733	3.846	5.247	7.862	9.596
9.067	8.073	3.243	2.321	2.270	16.695	4.392	4.615	0.846	4.070	8.265	5.463
17.813	0.834	1.932	1.398	1.410	16.440	5.420	5.180	4.957	4.471	15.361	5.753
10.285	3.251	5.139	0.070	1.485	18.867	4.376	3.864	7.240	6.835	3.112	4.180
7.019	4.402	5.284	4.958	4.092	16.424	5.042	3.888	8.138	6.443	8.906	0.581
4.779	6.013	4.924	3.786	3.355	16.280	6.298	5.383	0.555	5.318	9.637	8.025
19.704	1.518	4.839	0.091	4.915	4.128	5.436	4.856	5.742	3.891	14.414	3.691
15.861	4.714	5.752	0.065	1.189	3.538	4.410	5.297	0.788	6.181	16.975	3.573
2.456	1.499	4.931	4.866	4.556	7.328	5.272	3.535	4.073	5.568	9.916	8.295
1.975	1.399	5.301	0.213	4.689	18.622	4.463	4.414	6.281	5.048	17.144	6.080
12.516	2.990	5.806	1.586	2.413	18.606	3.725	3.809	5.647	5.354	4.880	2.713
9.802	0.341	4.268	3.974	3.531	15.909	4.688	5.580	5.586	4.806	9.881	2.636
12.112	4.478	7.865	0.046	0.823	6.861	5.948	4.818	9.831	3.686	9.021	0.791
14.483	1.857	3.661	0.305	4.692	7.124	4.723	3.973	6.932	5.681	9.492	9.321
8.473	1.330	4.922	0.792	3.355	1.042	5.945	3.772	1.357	4.863	5.325	6.282
1.265	2.101	4.642	1.817	4.769	12.207	3.954	3.114	1.844	4.616	8.483	5.067
0.710	9.043	5.667	1.362	1.570	13.563	5.329	5.410	5.182	4.219	15.937	5.287
10.045	6.277	7.512	3.084	1.323	8.107	5.420	4.479	3.081	4.264	5.187	1.262
7.812	8.183	3.290	4.935	4.382	15.273	5.548	7.341	0.246	6.189	14.731	2.224
2.206	6.506	4.499	0.376	1.760	1.867	5.847	6.642	2.474	4.135	2.901	0.388
0.505	5.876	2.350	3.245	2.328	5.083	3.701	6.360	4.820	4.588	15.285	0.240
12.263	9.287	3.715	4.235	1.826	3.890	5.375	5.720	2.867	3.761	9.043	4.365
6.809	8.440	2.186	0.280	3.576	6.658	4.642	4.767	0.451	4.500	10.222	5.567
10.118	8.485	6.688	3.263	0.628	1.473	5.650	4.413	6.748	5.245	14.165	6.409
16.787	0.588	5.572	0.378	0.251	18.549	5.501	4.706	1.588	6.364	16.856	6.329
0.228	9.882	3.773	0.242	3.544	2.252	4.104	4.069	8.759	4.187	17.171	3.259
17.331	3.261	5.119	0.553	4.158	10.862	3.758	4.104	2.056	5.655	18.547	4.524
19.329	9.196	4.225	3.929	3.486	8.583	4.997	3.857	7.884	4.012	18.916	8.032
2.732	2.442	6.010	0.104	4.445	13.289	6.983	4.798	2.066	5.155	12.912	2.435
6.714	9.073	5.481	1.674	2.715	19.670	6.224	5.465	9.073	6.257	3.506	0.370
14.810	1.806	6.673	1.658	2.318	0.828	5.234	7.327	2.626	5.384	9.780	6.897
18.216	2.270	4.003	4.785	2.757	13.372	6.560	5.390	5.413	5.512	14.625	6.942
3.570	3.951	4.787	4.675	2.104	6.555	6.510	4.688	6.213	6.101	10.537	6.284
9.018	2.349	4.260	0.599	4.722	19.673	4.285	3.519	1.585	6.710	15.087	0.545
3.323	8.220	3.335	1.485	1.255	5.698	4.955	5.987	9.184	2.678	19.700	4.787
13.404	0.412	7.205	2.738	3.454	10.250	6.889	3.041	3.255	4.334	2.285	2.284
14.216	1.967	5.391	2.310	0.842	8.204	5.450	4.889	6.840	5.558	6.754	5.866
17.822	0.136	5.540	3.869	2.860	12.922	3.974	4.316	2.973	4.863	19.063	8.978
9.315	1.099	6.360	4.821	3.192	16.453	3.815	4.342	2.089	3.848	0.264	8.519
17.700	1.547	6.293	3.328	2.678	11.986	4.829	7.383	9.501	2.634	0.037	5.414
13.352	9.521	6.473	4.934	2.976	7.806	4.797	5.114	1.228	4.845	1.290	9.609
10.548	7.628	5.912	2.616	4.939	6.773	5.435	2.684	9.358	3.991	5.418	7.527
1.933	1.051	4.361	0.021	0.051	6.482	5.917	4.430	8.743	6.167	17.523	0.263
11.117	9.192	4.738	3.301	1.659	14.152	4.584	5.723	0.056	3.836	15.952	4.014
5.550	8.047	4.690	1.413	4.318	14.814	4.480	5.010	6.192	5.116	14.595	4.712
14.037	6.204	3.423	3.289	1.283	5.299	6.335	3.952	3.700	7.410	16.494	8.512
19.705	4.367	3.696	3.011	0.334	15.377	3.269	3.677	8.879	5.804	3.232	5.857
12.109	3.733	5.195	1.819	1.563	5.925	4.801	5.334	4.590	3.767	19.247	9.030
8.809	7.879	4.890	1.010	4.001	17.737	3.559	3.818	9.401	3.693	15.828	3.358
11.969	5.738	6.742	2.482	3.856	10.886	4.880	6.506	4.945	4.822	19.610	6.961
11.457	7.938	4.357	3.319	1.947	6.915	5.350	4.782	5.959	5.986	12.689	5.284
2.672	0.360	4.651	3.161	0.044	9.806	4.375	6.081	9.848	5.816	16.866	6.463
18.141	5.940	4.398	0.020	0.272	6.473	5.230	3.331	1.875	5.662	9.379	5.148
9.160	7.862	4.365	3.799	1.741	6.930	5.397	3.513	1.933	4.788	1.634	1.825
2.782	7.416	6.667	1.436	2.575	10.149	5.307	5.818	6.350	5.155	3.196	4.728
8.502	5.666	4.344	3.638	0.015	17.879	4.975	6.033	6.150	5.461	1.136	7.618
2.437	1.319	3.880	4.398	1.171	2.813	5.150	5.029	1.368	5.301	18.390	8.043
1.381	6.984	4.831	1.279	3.971	13.599	4.291	5.477	3.809	6.087	4.778	1.990
6.951	9.735	7.158	1.004	4.575	7.123	6.016	4.227	4.256	6.209	1.804	4.341
19.786	2.195	2.197	1.231	1.236	4.990	4.415	5.402	5.102	4.440	1.422	4.388
8.125	2.654	6.492	1.721	1.384	14.269	5.347	5.700	9.519	5.873	2.625	4.744
9.094	1.372	4.387	3.899	3.194	8.591	5.217	4.135	7.682	5.733	18.982	1.953
12.649	8.189	3.540	3.934	0.440	5.257	4.256	6.800	0.055	6.305	3.409	4.673
13.340	7.074	5.175	4.209	2.208	19.426	5.657	5.223	6.713	4.074	11.631	3.124
7.288	9.791	3.850	2.122	2.317	3.701	4.251	4.335	3.293	6.708	6.843	3.518
11.779	6.386	5.108	1.465	3.397	3.305	5.884	6.463	1.251	4.623	9.333	4.649
19.520	8.611	5.972	1.751	0.148	13.362	5.995	5.163	8.500	5.818	17.830	4.463
13.499	1.948	4.032	2.598	2.840	15.551	5.571	4.792	0.279	4.155	19.013	4.207
10.353	2.306	6.397	2.363	2.678	7.941	4.874	6.671	8.191	4.876	2.241	7.847
19.005	5.502	6.252	4.017	1.919	4.211	4.173	4.599	8.192	3.433	0.683	9.129
18.781	1.830	5.022	4.365	2.740	18.254	4.708	5.280	4.071	4.538	15.423	3.403
9.387	2.820	4.609	4.157	2.918	2.847	5.096	4.206	2.149	5.902	10.778	3.541
13.319	0.840	4.169	2.964	1.311	3.116	5.010	5.582	7.918	5.607	4.594	5.162
9.829	5.683	5.264	2.955	4.603	7.759	3.997	5.148	4.879	5.212	3.125	0.866
19.672	9.805	8.001	0.804	4.407	3.507	4.184	7.287	4.095	5.154	8.534	6.939
12.999	8.486	6.642	1.457	2.882	10.045	5.295	5.252	5.369	4.815	9.987	8.099
14.841	1.741	3.344	4.257	4.450	9.296	5.041	5.333	5.525	4.970	10.006	9.861
8.558	0.102	4.344	2.376	3.371	2.475	4.739	4.948	4.902	5.580	11.176	2.315
1.270	9.650	3.935	1.130	4.937	2.755	4.918	4.233	4.256	5.781	12.547	8.228
0.895	2.642	4.389	0.307	3.838	19.786	6.511	4.369	9.708	3.414	10.433	4.685
18.144	2.958	6.157	4.805	1.873	0.585	4.618	5.476	7.906	5.364	5.585	1.589
7.760	5.059	5.302	1.103	2.152	7.925	5.532	3.992	2.970	6.381	6.589	5.833
6.517	3.046	5.390	3.007	3.766	8.787	5.844	4.712	1.139	4.868	16.484	9.446
13.718	2.292	4.754	0.593	3.246	17.266	5.121	5.208	1.011	5.513	19.993	3.178
11.913	3.448	7.518	3.671	0.758	8.336	4.957	5.147	1.740	6.137	13.252	4.902
17.860	5.143	4.180	2.896	0.903	17.545	5.170	6.654	2.441	4.965	0.820	7.139
12.051	2.690	5.402	1.580	1.121	1.124	4.222	5.200	5.598	5.953	14.208	8.588
16.234	8.126	4.812	4.290	3.202	11.102	2.760	4.879	3.456	5.139	3.033	1.654
19.377	8.483	3.624	3.078	3.061	3.230	6.086	5.534	2.099	4.435	5.125	0.733
6.714	0.600	5.134	2.772	2.404	1.871	3.653	3.974	6.176	6.356	18.004	3.440
10.313	8.707	4.639	3.398	3.279	12.177	5.899	5.006	0.700	5.390	10.317	8.802
8.836	8.248	4.210	1.617	2.231	10.107	6.237	5.294	5.297	3.856	15.099	7.050
18.384	6.101	4.716	3.548	1.059	11.573	5.761	4.857	4.260	5.033	4.850	2.871
18.909	3.861	3.510	3.684	1.024	13.884	5.007	5.556	9.168	4.170	15.528	9.640
2.960	9.572	4.662	2.619	0.144	3.988	5.588	5.324	9.791	5.330	7.412	7.221
15.628	0.931	4.267	2.863	2.172	14.621	6.494	6.012	6.316	5.274	9.682	6.152
5.238	0.165	4.485	1.775	1.809	5.670	5.756	4.073	0.724	5.546	15.914	0.891
7.939	5.266	4.431	0.741	1.073	8.120	5.334	6.963	0.897	6.298	11.901	8.925
10.563	2.940	6.550	4.099	1.819	9.901	6.411	5.145	5.896	5.491	8.914	9.665
12.721	5.189	4.447	2.978	2.237	17.323	5.601	5.531	6.569	6.196	10.273	6.272
17.814	0.439	4.760	3.171	2.519	13.059	3.335	5.775	7.255	6.788	17.120	3.751
16.019	3.938	4.742	1.381	1.952	19.731	5.036	4.333	8.146	5.567	16.555	6.492
6.094	1.227	6.953	2.566	1.401	1.920	5.102	4.871	0.234	4.890	19.548	9.616
11.200	9.508	3.689	4.412	2.947	12.211	3.656	4.808	7.458	5.144	11.054	4.420
19.604	5.066	4.115	1.669	1.699	14.496	6.720	4.541	7.639	5.329	16.886	8.818
8.934	2.037	4.468	0.774	4.408	1.395	3.695	3.340	5.399	4.307	11.249	4.151
0.441	5.020	3.102	3.348	1.791	13.749	3.643	6.024	9.559	4.008	0.210	9.321
6.360	2.644	4.693	0.881	4.006	3.674	4.504	4.935	2.637	3.979	16.362	1.823
0.862	2.884	5.075	0.556	1.233	16.639	3.456	5.195	0.362	5.136	4.004	3.838
6.480	1.288	6.147	3.112	1.886	14.873	5.970	5.952	0.980	4.409	0.937	4.237
17.118	9.850	6.580	3.020	3.506	18.498	5.597	3.886	7.813	5.797	5.008	6.890
5.229	5.103	4.665	3.913	0.666	9.079	5.040	4.804	9.478	2.934	11.863	1.444
8.085	3.469	3.972	1.302	1.277	8.366	5.622	3.381	9.869	5.741	17.796	6.516
6.073	8.863	3.599	2.063	2.431	14.439	4.597	4.337	0.550	5.205	10.800	8.293
8.784	3.280	5.999	0.928	4.780	4.653	4.443	6.427	1.722	5.438	14.876	8.522
5.070	3.349	5.756	3.565	1.182	14.357	3.451	4.866	9.638	4.428	3.673	5.473
12.190	7.575	5.320	4.674	4.844	0.423	4.268	5.597	3.088	5.883	0.605	3.001
4.713	2.667	4.790	4.369	0.448	4.178	8.115	5.680	8.790	5.442	2.421	9.810
6.410	7.622	5.064	0.383	3.949	2.454	3.804	5.229	0.488	5.294	17.762	2.278
11.711	0.197	4.444	3.265	2.504	8.282	6.035	6.437	0.111	5.867	14.308	2.241
15.265	3.246	3.524	0.628	3.758	9.033	3.397	4.334	0.897	4.230	6.097	8.001
11.279	0.310	3.949	2.086	3.403	13.380	5.294	5.686	1.179	6.581	6.698	1.880
7.204	0.307	2.009	2.195	4.440	18.205	5.248	5.161	7.949	4.980	6.415	8.164
8.169	2.997	4.705	1.654	0.693	11.007	4.980	5.648	5.897	4.231	11.801	6.607
16.142	2.693	5.164	3.244	0.742	10.736	3.688	5.326	3.089	4.755	13.451	4.685
15.569	0.189	4.893	4.633	2.111	19.554	4.810	3.345	9.978	7.985	14.922	3.817
2.666	8.558	6.171	3.748	3.168	5.546	4.423	4.557	2.735	6.306	14.609	1.679
2.744	5.690	5.509	3.916	1.802	15.190	5.219	6.261	7.785	3.830	13.538	5.373
13.919	4.770	5.736	0.483	1.053	9.125	4.560	3.841	0.252	6.611	6.041	4.322
3.031	8.847	4.842	3.086	1.009	10.015	6.660	5.478	2.007	5.534	6.185	8.919
13.580	3.848	5.319	4.396	0.220	5.584	4.960	4.702	6.958	5.114	4.989	3.109
1.368	4.171	6.559	0.143	2.779	6.359	4.016	5.305	1.718	5.798	3.734	1.494
11.762	5.255	5.083	3.210	2.157	19.374	5.148	3.966	0.508	5.582	2.138	2.599
11.612	7.802	5.138	0.061	2.222	10.680	5.419	5.967	1.430	4.496	6.401	8.323
14.882	5.252	4.686	0.249	3.482	4.121	5.387	4.380	5.605	4.521	0.564	4.710
4.849	5.588	6.462	3.568	2.504	11.523	3.498	6.162	8.815	5.361	6.934	1.379
6.073	2.926	4.916	1.855	1.819	2.313	3.719	4.682	5.703	4.710	7.374	8.982
5.237	4.625	4.721	3.336	2.958	4.138	3.883	4.071	5.653	4.587	19.449	8.165
2.086	6.867	5.532	3.045	4.850	16.355	4.058	5.385	0.652	7.080	8.290	7.018
10.266	3.327	3.962	1.712	3.283	10.538	6.366	5.290	0.552	6.893	4.619	7.268
5.819	5.698	5.623	3.416	3.187	7.710	4.574	4.696	4.647	4.534	13.413	6.206
3.585	7.188	2.481	1.130	2.614	18.348	4.783	6.819	0.780	4.382	10.755	7.137
7.000	9.927	5.516	2.154	3.835	7.010	3.407	2.171	5.909	5.442	5.322	1.353
18.906	6.828	5.821	4.535	4.009	7.193	5.710	5.513	5.769	4.645	18.354	4.598
16.587	0.371	3.746	2.015	3.238	11.372	3.776	5.380	0.587	5.404	6.859	8.209
5.992	4.687	6.334	0.982	1.876	1.879	5.329	2.587	4.319	4.082	0.979	4.879
14.206	6.405	5.324	3.267	4.566	9.959	6.161	4.597	8.755	4.041	8.539	7.940
13.694	3.879	5.268	4.797	4.368	11.221	4.608	5.735	4.598	4.652	7.898	5.079
16.509	7.010	3.640	0.444	1.994	12.437	4.949	6.068	0.642	4.499	18.723	7.422
1.742	5.024	3.198	3.340	3.518	13.308	5.447	4.000	9.391	5.176	18.599	1.544
16.047	7.432	4.274	2.649	1.416	9.079	4.998	5.971	5.602	6.375	12.744	1.393
11.122	6.961	6.244	4.365	4.613	1.382	6.090	6.685	4.460	5.466	6.604	8.145
13.561	9.796	5.750	4.397	1.342	3.034	4.932	4.846	2.581	4.895	18.593	6.987
8.695	5.622	4.823	3.742	4.131	11.588	3.769	4.280	7.357	6.776	17.192	7.808
1.120	9.852	5.575	0.097	2.342	13.381	3.660	3.893	7.610	4.357	1.778	6.969
7.777	7.334	5.720	2.017	1.128	9.229	5.730	5.097	3.501	3.823	8.527	9.009
18.131	3.530	4.898	2.643	2.148	5.291	3.299	2.905	7.300	5.754	17.107	4.666
0.052	4.578	4.937	0.944	4.209	12.275	5.942	4.080	2.794	3.849	6.668	6.119
16.386	2.957	5.158	0.548	2.739	3.897	4.788	5.205	6.035	6.249	9.331	3.455
7.496	2.936	5.455	1.189	4.500	13.281	2.922	3.161	3.627	6.322	15.619	2.778
6.659	3.146	4.624	1.224	2.399	16.023	7.250	4.188	1.996	5.616	7.397	4.136
1.652	7.729	4.644	0.578	4.050	1.078	5.651	4.418	0.653	4.665	2.518	7.690
14.587	8.170	5.743	2.137	2.167	0.124	6.158	5.617	2.340	2.943	6.331	0.561
15.826	2.403	5.457	3.607	3.618	1.521	5.475	4.904	3.913	5.919	9.401	7.273
11.986	5.983	5.394	2.370	1.059	8.939	5.816	7.344	0.793	5.145	19.888	0.679
18.637	2.344	4.673	2.756	2.010	9.279	5.313	6.466	6.833	5.756	9.529	9.917
10.980	2.160	6.797	1.493	1.437	3.571	3.926	5.592	6.647	3.883	9.369	0.557
11.603	8.046	5.475	2.796	4.977	16.826	6.619	6.078	5.238	4.248	14.155	8.619
18.908	0.190	4.704	4.945	4.091	2.282	2.356	5.343	4.691	1.843	15.051	3.030
15.167	2.130	4.508	3.310	2.081	2.776	4.991	5.514	3.093	4.626	17.696	1.438
9.974	4.694	3.924	1.412	2.923	4.150	5.304	7.059	8.756	4.486	7.363	3.928
0.000	1.868	5.942	1.480	1.562	12.227	4.135	4.347	2.747	6.784	4.879	7.996
19.206	0.126	5.168	4.410	4.022	1.836	4.923	5.253	1.931	5.686	4.349	1.606
7.498	2.771	3.760	3.017	1.795	9.316	3.531	5.405	4.131	5.177	16.714	9.233
17.819	2.138	6.296	1.814	0.193	10.462	4.710	3.945	6.120	6.049	17.935	6.828
9.520	2.407	4.497	0.118	4.242	0.347	5.783	4.752	7.219	4.409	5.074	9.010
1.182	3.300	5.619	3.735	0.043	11.787	4.470	5.351	2.566	5.772	16.825	9.506
5.383	4.635	4.059	3.895	0.056	6.933	4.163	5.528	1.609	4.520	15.480	4.085
6.328	4.613	4.492	1.008	4.319	15.232	5.657	5.824	8.817	5.659	6.995	2.629
9.036	3.994	4.651	0.750	1.654	13.980	6.000	3.967	5.553	5.195	0.653	4.512
0.948	0.457	4.570	1.049	2.179	4.015	5.327	4.892	2.218	5.409	0.077	3.772
17.608	7.989	5.167	4.938	1.889	14.024	5.536	3.576	7.590	5.175	7.927	1.582
13.618	9.311	5.213	1.456	4.938	6.377	4.721	3.819	6.332	4.135	14.880	8.869
15.639	1.826	4.560	0.003	0.151	5.553	4.341	5.544	4.295	2.810	19.342	7.583
5.100	4.199	4.364	4.251	1.998	16.139	3.367	4.299	8.265	5.304	16.005	1.185
18.832	2.672	6.124	4.912	4.652	7.429	5.104	5.229	9.646	4.587	17.638	4.012
4.796	2.628	4.595	4.045	1.452	5.513	7.414	4.905	3.004	5.294	14.186	0.681
16.311	2.131	4.337	2.739	3.123	0.582	5.238	7.246	0.939	6.050	3.797	2.132
8.690	8.422	4.488	4.776	2.008	16.685	4.545	5.785	7.251	5.757	6.869	8.424
5.462	2.425	4.054	1.257	1.867	14.801	6.734	5.653	8.909	4.563	10.331	5.085
13.778	2.097	5.032	2.488	3.885	1.597	5.929	4.365	3.760	6.482	6.539	7.357
18.642	0.729	5.792	3.202	4.929	14.818	3.597	4.659	5.412	4.740	16.991	9.759
9.888	0.411	3.441	0.200	4.809	7.959	6.689	3.980	4.640	3.712	3.063	0.849
12.527	1.546	4.960	4.014	4.644	19.037	4.445	6.057	0.517	4.502	7.251	1.830
10.926	3.686	4.617	0.411	1.407	9.822	4.519	5.490	8.737	5.242	14.974	4.206
17.122	5.608	4.552	3.524	1.800	4.257	4.472	8.065	6.193	3.397	5.394	9.731
15.558	9.082	3.887	0.390	3.339	19.944	5.016	5.987	3.697	4.372	7.419	3.607
10.712	9.099	4.429	3.509	1.046	14.977	6.147	5.135	6.820	5.496	15.971	7.913
16.398	7.680	4.862	2.381	4.080	18.031	5.916	6.852	2.989	4.642	11.083	3.856
3.093	6.430	4.935	2.302	1.841	3.668	5.680	5.836	6.284	4.712	10.724	4.995
7.478	8.842	4.244	0.215	4.361	8.904	4.059	6.584	2.904	4.672	1.457	1.613
9.376	2.386	6.224	3.287	0.916	6.024	5.940	4.553	0.920	5.060	3.385	5.261
9.958	5.535	5.604	3.750	0.763	0.541	6.670	5.625	9.140	6.421	11.659	1.304
2.803	4.006	5.324	0.067	1.935	14.263	5.726	5.749	9.917	5.261	8.150	5.604
16.876	7.963	4.077	4.089	0.192	10.006	3.964	5.641	0.644	3.960	19.238	2.935
4.099	9.050	6.265	4.744	4.766	14.006	4.443	6.040	7.875	6.336	13.382	6.135
16.012	4.235	4.694	0.146	1.098	19.008	5.925	4.724	2.894	5.168	0.031	5.854
9.974	7.647	4.645	2.592	0.362	4.407	6.708	4.104	4.108	3.915	5.396	2.691
18.439	8.082	2.867	4.960	0.785	11.989	4.830	5.192	5.943	2.320	10.164	0.496
2.832	3.148	5.514	1.079	2.261	3.449	5.325	4.345	7.974	7.778	6.200	7.039
0.388	7.096	5.961	4.367	4.976	8.021	3.837	5.482	8.214	5.440	6.592	9.175
12.086	3.047	4.739	3.522	3.752	9.054	3.069	3.340	5.765	6.629	10.715	0.526
13.679	1.697	5.639	4.693	0.754	15.854	4.264	4.396	8.472	5.128	6.778	6.745
13.085	4.232	5.408	2.468	2.694	15.380	5.043	5.721	7.919	6.069	6.219	0.944
10.057	9.445	5.532	0.965	1.078	9.096	5.595	6.325	9.476	6.811	9.279	10.000
5.256	3.051	6.138	0.006	1.598	15.197	6.193	7.827	7.225	4.225	3.397	0.108
3.993	2.643	7.297	1.183	0.068	4.268	6.298	6.178	3.490	4.419	17.206	0.880
13.841	8.437	3.794	1.545	2.065	0.675	5.984	4.596	6.548	4.158	17.665	7.884
10.538	6.032	5.285	3.173	3.394	12.847	3.191	6.091	5.050	5.118	10.050	0.654
11.701	4.665	4.306	3.089	1.054	19.554	5.862	5.184	2.290	3.218	15.891	4.493
4.814	5.417	4.317	4.536	1.581	7.636	5.314	7.551	1.263	5.462	19.324	1.987
18.431	5.168	5.701	3.635	4.323	12.939	5.271	4.285	8.709	5.725	18.205	2.376
1.205	6.323	5.742	0.213	2.762	5.756	6.052	6.571	4.036	5.497	11.854	0.961
