6.858	-1.891	-0.373	1.631	-1.015	-0.022
16.489	-0.310	-0.898	1.614	0.756	0.186
0.735	-0.129	-0.146	9.424	-0.085	-1.317
0.500	0.603	-1.701	9.701	0.202	-1.707
13.153	-0.483	0.612	9.405	0.542	0.357
10.957	-0.424	2.429	9.722	0.267	0.605
13.418	-1.599	-0.116	6.250	-0.052	1.392
16.289	1.167	0.950	3.245	-0.881	0.847
10.205	-2.566	0.682	7.826	-0.890	-0.104
9.363	-0.079	0.065	4.400	-1.468	1.036
0.957	0.823	0.103	9.679	0.676	-0.062
5.681	-1.499	0.694	1.208	0.141	-1.084
0.834	1.073	1.514	2.982	2.741	-0.529
0.771	-0.258	0.028	2.432	0.281	-1.857
13.031	1.120	-0.317	4.543	1.539	-0.559
17.794	1.063	-1.642	5.868	1.223	1.948
9.184	-1.105	-0.520	2.828	0.254	1.311
9.885	-0.118	-1.371	2.997	0.329	-0.513
17.110	-0.186	-0.264	6.210	1.468	-0.536
11.665	-1.838	-0.308	3.828	-0.514	0.086
9.157	0.121	-0.359	8.889	0.639	-0.905
12.857	1.030	-0.069	6.591	1.060	-0.420
7.739	-0.196	-0.639	5.943	-0.168	0.397
10.487	-0.014	0.400	6.471	0.716	1.454
17.123	-0.644	-1.808	2.938	-0.712	-0.295
4.679	-0.344	-1.285	1.451	0.671	0.219
2.494	1.223	-0.588	5.335	-0.981	0.529
4.267	0.942	1.480	1.122	-0.519	0.222
9.235	-1.771	0.584	3.357	1.859	1.881
16.308	0.047	-1.744	1.256	1.297	0.052
9.682	0.449	1.232	1.067	0.228	1.629
9.292	-1.981	0.853	8.986	-0.774	-1.224
17.605	1.117	-1.649	9.143	-0.325	1.945
12.751	-0.640	-0.490	2.811	-0.721	-0.352
1.428	0.649	-0.736	0.310	0.228	-0.255
2.779	-0.199	0.955	9.352	-0.717	0.321
17.682	0.132	-2.148	7.541	1.527	0.047
6.731	-1.293	0.787	5.774	0.757	-0.148
11.420	-1.053	-2.255	9.055	1.576	-0.874
11.650	0.088	-2.132	9.810	-0.512	2.260
0.917	-0.215	0.237	1.513	-0.867	-0.367
4.458	-0.600	0.054	9.017	-0.194	0.691
2.076	1.217	-0.463	6.746	0.520	0.634
14.709	2.001	-2.576	5.674	-1.559	-0.888
3.984	-0.238	-2.116	7.599	0.545	-0.484
3.776	1.392	-0.600	2.645	-0.595	-0.818
4.281	-1.208	0.768	8.456	-0.699	1.447
14.593	-1.468	-0.465	3.371	-0.226	0.064
8.866	-0.428	-0.654	7.573	-0.769	-0.437
12.775	-0.364	-0.730	0.706	-0.247	0.465
14.026	0.992	-0.423	6.735	0.504	-0.235
14.206	0.378	0.366	9.287	-0.148	-0.593
6.066	0.478	-1.142	8.937	1.674	-0.059
0.546	0.607	-0.413	9.943	0.892	-0.775
17.728	0.814	0.654	1.426	0.871	-0.611
3.659	0.093	-1.314	7.249	-0.476	0.493
9.611	0.078	-1.372	9.961	1.732	0.236
18.010	-0.644	0.549	2.536	0.097	1.749
15.068	-0.409	-2.030	4.755	-1.407	1.485
8.910	-0.318	0.815	0.397	-1.549	-0.138
16.060	-0.720	-1.036	3.879	-2.195	-0.087
0.800	0.180	0.713	2.727	-1.559	0.270
10.555	0.788	0.672	4.485	0.059	-1.616
18.329	0.498	-0.112	3.932	0.158	2.911
10.627	0.000	-0.577	1.599	-0.269	-0.681
11.815	-0.365	1.785	7.158	0.657	-0.523
13.899	0.449	0.040	6.118	0.874	1.527
8.163	-0.101	0.114	2.972	0.409	0.490
17.391	0.497	-1.349	4.158	0.821	-1.488
6.494	0.688	0.206	4.561	-1.683	0.075
7.046	-1.160	-1.119	1.142	-0.763	-1.612
10.978	-0.540	-0.341	5.922	-0.554	0.519
14.184	1.864	1.393	6.533	-0.022	-0.862
10.508	0.343	0.089	0.312	0.264	-0.194
1.416	0.437	2.334	3.819	-0.271	0.057
2.930	0.320	1.003	8.730	-1.932	0.136
16.691	0.243	0.542	5.463	1.218	0.895
19.386	0.705	0.158	0.987	-0.322	-0.233
4.029	-0.617	0.171	9.117	0.895	0.086
6.868	-1.410	1.125	8.846	0.367	-0.059
12.548	0.662	3.602	1.792	-0.144	0.113
19.785	-1.242	-1.213	5.012	-1.160	0.027
4.471	1.716	0.317	5.321	-0.367	-0.766
18.459	-1.053	0.492	2.855	-0.171	-0.586
1.185	0.149	-0.464	7.881	-1.427	-0.606
6.279	-0.856	-0.368	6.640	-0.384	-0.108
4.050	-1.291	-0.567	8.522	-1.519	-2.945
4.631	1.511	0.263	2.539	-0.636	-0.170
5.468	0.350	-1.232	5.807	0.058	2.638
11.032	0.041	1.125	2.581	0.424	-2.035
3.471	-0.816	0.236	2.704	1.166	1.372
14.536	-0.128	-1.346	9.901	0.221	1.490
6.907	0.527	1.416	3.273	0.738	0.876
7.283	-1.462	1.726	4.730	-0.687	-2.303
9.262	-1.778	-0.357	5.768	-0.102	1.803
1.122	2.606	-0.416	0.609	0.153	-0.351
16.366	1.113	0.156	4.105	2.153	-1.147
17.473	-0.082	1.321	2.549	0.834	-0.781
6.747	0.829	0.228	7.127	-1.048	-1.651
19.540	0.463	-1.115	6.126	-1.186	-0.039
9.264	3.166	6.486	6.402	5.331	0.577
9.045	5.358	5.209	5.512	4.378	0.419
1.506	5.196	3.627	4.001	5.543	1.205
5.976	5.717	4.350	4.023	5.086	0.034
9.211	6.239	4.251	6.717	4.774	2.966
7.223	3.786	5.506	4.619	4.988	1.321
6.204	4.940	5.550	4.369	4.552	0.651
3.347	4.165	5.002	3.864	5.473	0.292
5.497	5.291	5.214	5.904	6.809	3.808
8.841	5.199	3.455	5.150	4.743	2.680
7.756	5.173	5.402	4.271	5.419	4.226
4.917	5.301	5.382	5.245	4.572	0.300
0.010	4.949	4.422	5.634	4.889	1.392
6.935	4.733	4.089	5.503	5.927	4.482
9.146	4.481	4.983	3.906	5.709	2.247
0.957	7.228	6.156	3.836	5.633	1.176
9.269	6.631	6.409	5.272	4.851	3.474
5.469	5.337	4.550	5.926	4.688	2.890
0.622	4.024	5.783	3.957	6.054	3.087
2.190	6.462	3.777	4.637	4.275	0.144
2.039	6.613	3.663	6.050	4.946	3.884
3.613	2.353	4.252	5.590	4.976	0.622
1.684	4.038	3.750	4.465	3.782	3.124
5.378	5.263	4.009	4.553	5.516	0.463
0.476	3.719	4.805	5.436	3.656	0.373
5.515	4.325	4.316	4.678	3.713	2.989
9.514	5.244	6.418	5.847	3.369	3.562
9.720	3.838	4.697	3.702	4.099	3.805
5.825	3.295	5.482	5.223	5.658	4.772
4.033	6.520	6.554	2.998	2.633	1.717
2.084	4.296	5.830	4.646	5.164	2.635
7.609	5.136	4.117	3.942	5.222	3.870
7.721	5.075	5.908	6.151	3.862	3.795
7.512	3.814	3.622	5.353	5.553	0.879
4.722	4.481	4.888	4.683	4.417	2.320
7.056	4.430	4.314	5.622	6.212	3.506
8.720	6.952	4.874	4.494	6.732	2.107
9.882	5.389	5.461	6.865	6.137	2.819
9.420	5.716	4.085	6.048	3.353	1.641
9.428	6.679	4.380	5.264	5.501	1.603
0.502	6.132	6.225	5.911	6.524	1.998
4.572	6.142	5.159	3.904	4.185	0.325
5.995	5.069	3.435	4.537	5.357	3.527
5.389	5.999	5.600	6.100	5.425	0.220
7.432	5.960	5.807	6.270	3.811	3.245
5.990	5.799	5.210	5.287	4.163	3.887
0.207	5.564	5.992	5.847	6.008	1.409
3.177	4.684	6.130	3.488	4.611	0.606
7.123	5.070	3.622	2.588	6.751	0.346
5.250	4.863	3.647	3.639	4.246	1.108
9.216	5.124	5.177	5.637	4.866	2.992
6.258	4.594	3.673	4.674	7.324	3.738
7.508	4.466	6.431	4.581	4.595	4.468
2.850	5.868	4.419	4.623	5.759	3.672
4.831	6.443	1.965	5.240	3.497	1.772
2.935	5.514	5.589	6.370	5.528	0.351
4.569	4.645	7.861	5.684	5.714	2.156
7.409	2.873	5.792	4.810	4.567	4.874
0.321	4.961	3.147	5.209	5.447	0.632
8.171	4.102	4.187	5.270	4.647	1.855
6.034	4.565	3.857	4.946	3.407	4.824
2.713	6.718	5.080	4.034	7.125	1.292
2.889	4.726	5.667	4.557	4.974	3.391
8.643	4.017	5.525	4.376	5.213	3.491
9.698	5.351	4.415	4.587	4.993	1.848
5.424	5.017	4.403	3.695	4.338	3.645
9.121	5.853	5.383	5.484	5.097	3.959
0.107	4.362	5.467	5.342	4.601	4.611
0.033	3.241	5.301	3.805	4.635	2.000
4.960	4.091	5.629	3.750	5.799	1.452
1.268	5.074	5.796	4.573	5.051	3.386
8.647	4.163	4.784	5.957	5.778	0.970
2.610	5.401	4.632	6.575	4.595	3.635
5.750	6.754	3.776	4.846	5.050	3.033
9.375	3.854	4.336	5.064	6.782	4.506
0.988	3.814	5.445	4.527	4.500	3.578
6.185	4.274	3.749	3.332	5.201	2.329
9.339	5.321	5.666	4.372	5.108	0.803
1.993	4.560	1.053	4.935	4.339	4.216
1.623	5.053	4.831	3.411	3.687	2.869
3.352	5.869	5.679	7.011	5.119	3.168
9.010	6.226	4.715	6.652	3.622	4.865
1.551	3.713	6.380	6.924	4.420	3.301
7.579	5.978	5.069	4.495	4.255	4.583
1.027	5.516	4.880	4.360	3.516	1.146
3.819	5.008	4.638	3.248	2.799	0.004
0.423	4.409	4.853	5.303	5.363	3.680
6.644	3.856	5.756	6.234	5.931	4.697
3.985	4.518	4.646	6.429	4.826	0.658
3.826	3.939	4.422	5.139	6.126	1.439
7.611	4.409	4.661	5.937	5.525	0.740
6.402	4.515	6.512	5.258	4.137	1.656
3.479	4.338	4.477	4.579	1.732	2.434
8.924	5.758	3.452	5.946	6.114	0.494
7.845	5.628	4.370	4.095	5.184	2.548
3.112	5.477	5.903	3.441	5.763	0.143
1.582	3.131	4.525	3.129	5.509	3.557
6.882	5.026	4.269	3.322	4.093	1.501
5.621	5.823	5.292	3.821	3.640	3.846
1.235	5.202	4.532	4.304	4.704	4.415