4.985	4.167	6.829	-1.085	2.232	0.166	5.233	1.466	0.917	6.749
15.191	0.554	7.955	0.642	5.948	4.179	18.760	1.234	1.087	6.024
6.681	1.287	18.720	-0.884	6.681	0.716	16.082	-2.086	0.920	0.228
2.200	1.818	19.426	0.770	0.372	2.537	2.347	0.605	-0.697	7.659
19.605	3.856	6.556	1.389	8.370	0.760	13.629	0.213	-0.031	4.380
16.100	0.154	11.112	-0.967	8.675	3.248	13.931	-0.810	0.045	1.307
2.901	2.738	0.362	-0.430	8.925	3.636	19.815	0.124	-2.203	7.708
1.204	0.552	9.271	0.781	3.676	4.443	14.017	0.131	-1.662	4.304
0.847	0.880	10.019	-0.115	2.134	0.514	10.669	-0.992	-1.377	8.822
1.274	4.460	12.636	3.036	8.539	0.897	2.458	0.466	0.459	8.811
1.801	3.602	16.924	-0.522	3.422	3.624	5.982	0.767	1.880	2.394
8.930	1.950	6.938	-0.686	6.761	3.342	17.554	0.682	1.138	5.637
13.779	1.572	14.753	-0.027	0.176	2.171	7.347	0.480	-1.258	2.955
6.026	3.965	3.409	-0.191	6.813	4.745	8.834	1.313	0.190	8.559
1.790	0.569	10.058	0.447	0.289	2.134	13.748	0.590	-1.197	3.212
10.608	1.457	19.232	1.107	0.309	0.089	15.304	0.449	-0.920	5.487
12.441	4.848	17.548	0.925	3.113	1.320	8.077	0.024	-1.151	4.388
5.058	3.861	1.384	-1.268	9.143	2.111	10.708	0.128	0.932	4.455
14.071	2.613	10.841	0.710	6.021	4.792	10.190	-1.259	-1.279	1.178
10.986	1.385	7.996	-1.789	1.122	0.280	1.464	-0.678	0.193	3.403
3.807	3.894	5.474	0.846	2.807	0.683	10.537	0.477	0.567	1.015
18.841	3.306	12.401	-0.553	5.273	3.444	7.481	-1.961	-0.625	9.124
3.527	1.666	18.786	-0.600	9.417	4.844	1.676	-0.045	-0.752	3.625
1.897	4.265	16.742	-0.954	3.619	3.184	4.548	-0.411	0.347	7.696
1.237	1.910	13.568	-0.579	4.582	2.351	3.719	0.856	-0.631	4.575
0.107	0.656	5.772	1.108	5.968	4.862	9.806	1.853	-0.545	8.498
15.269	3.151	18.645	-0.262	1.804	0.600	11.426	1.690	0.295	4.375
19.304	2.535	10.341	0.847	8.636	1.414	3.329	1.382	0.931	1.596
15.406	0.901	15.566	1.344	9.913	0.266	15.003	-2.100	-0.384	9.253
6.835	2.998	18.355	1.119	2.091	4.350	6.347	0.057	0.235	8.978
1.153	1.119	3.655	1.203	8.987	0.319	1.494	-0.421	-0.702	1.939
14.617	0.192	3.687	1.030	8.688	4.895	0.296	-0.039	-2.461	1.817
17.703	1.576	13.891	0.597	3.341	2.888	5.739	0.695	-0.824	9.596
12.881	0.568	10.817	-0.650	2.460	1.970	19.537	-0.539	-1.530	5.849
8.456	1.720	16.832	0.562	5.356	1.881	18.772	-0.814	-0.893	3.506
2.141	4.731	4.365	0.754	2.184	3.256	15.732	1.618	0.514	9.302
6.314	4.268	4.822	-0.584	0.884	3.543	6.465	2.225	0.579	6.792
1.628	0.846	0.551	0.229	0.069	1.936	6.305	-0.009	1.215	7.992
8.855	1.156	13.321	-2.396	0.555	2.760	5.361	-1.613	-0.032	0.655
6.995	4.798	17.514	1.386	9.116	3.845	0.426	-1.032	-0.857	8.481
7.646	0.621	12.780	0.137	8.453	3.965	6.967	1.162	0.451	1.492
0.629	4.056	3.748	0.552	3.118	0.703	14.759	-1.289	-1.409	9.103
15.244	0.565	19.664	0.136	1.614	0.064	2.292	-0.235	0.666	8.645
0.685	1.969	6.183	-0.366	1.674	3.339	13.742	-0.717	-0.191	7.565
9.292	4.144	7.713	1.123	2.710	3.079	13.396	0.634	-0.836	4.872
5.933	2.112	1.112	-0.976	4.350	3.184	10.733	0.656	-0.755	6.515
7.114	4.349	5.197	0.420	7.125	1.213	14.069	1.344	1.384	1.830
13.595	2.196	19.099	-0.598	9.310	1.906	7.760	0.356	0.502	5.500
1.786	0.788	8.661	-1.372	7.548	4.263	3.660	0.096	1.292	8.095
13.530	3.586	2.426	-0.287	3.414	0.718	8.800	-0.307	-0.276	7.612
12.013	1.106	15.452	-0.764	1.311	2.093	14.989	1.075	0.889	7.977
13.711	0.921	10.089	0.700	1.620	1.299	17.454	-0.156	1.973	7.011
8.452	3.268	1.990	0.099	3.767	2.213	6.797	0.380	-0.990	7.155
17.778	0.681	17.627	-0.801	3.507	3.665	10.502	0.242	-0.827	6.610
14.334	1.015	9.461	0.171	7.030	0.772	6.458	0.454	1.271	9.018
18.124	0.697	16.548	0.552	7.045	2.068	10.784	-0.535	0.122	8.383
13.183	1.970	7.116	-0.518	1.240	2.406	0.476	0.575	-0.347	4.980
17.565	2.192	13.563	2.978	5.849	2.952	1.444	-1.155	-0.140	5.864
19.229	4.756	0.568	0.648	8.615	4.180	13.561	0.460	0.509	7.401
5.346	3.467	12.900	-0.398	9.134	3.881	4.131	-1.281	1.320	7.190
17.130	0.298	10.426	1.547	7.346	0.553	15.880	-0.499	0.144	0.076
18.187	1.934	12.556	1.630	8.023	2.534	13.771	-1.119	-1.217	6.513
13.140	2.758	17.521	0.199	9.892	2.704	10.265	0.848	-0.380	6.005
8.180	1.100	4.297	-0.433	2.787	1.738	3.439	1.715	-0.332	5.596
9.828	1.742	3.965	-0.483	3.513	1.873	7.033	0.338	1.338	8.941
5.715	1.450	8.793	-0.175	6.989	3.248	14.037	0.115	0.293	7.144
8.818	2.370	8.053	-0.781	2.002	3.001	3.421	-2.236	-0.920	6.465
0.506	3.491	11.285	-1.926	9.478	2.055	14.193	-1.710	1.712	3.883
0.294	4.206	8.284	-2.066	4.474	4.251	4.346	0.904	-2.114	2.671
11.439	1.885	16.346	-0.751	1.739	3.121	1.881	-1.041	1.223	7.535
7.675	4.043	10.624	-0.251	2.080	1.178	18.857	0.348	-0.579	1.610
15.376	2.912	12.684	-2.222	4.938	1.830	10.943	0.266	0.354	5.741
0.715	1.409	15.741	0.952	0.063	3.926	10.774	-0.339	-1.213	5.492
6.261	0.161	3.004	-1.212	1.745	3.302	9.992	0.408	-1.695	3.668
5.153	2.209	17.054	-0.453	7.235	4.488	12.935	-0.391	-1.657	0.438
11.161	5.000	2.099	-1.535	0.518	1.923	5.297	0.615	1.589	9.767
8.241	2.909	11.240	0.257	1.544	0.004	15.491	-1.673	0.264	1.391
5.681	1.230	12.180	2.312	6.167	3.826	18.429	0.702	-1.911	5.044
10.947	3.650	10.421	-0.238	3.730	3.627	7.823	0.036	0.902	9.369
14.764	2.934	6.853	1.120	3.341	1.320	6.685	-1.081	1.430	9.496
4.725	1.016	12.810	-0.096	8.230	2.498	9.106	0.941	-0.222	6.221
17.221	0.655	4.039	0.422	0.198	4.496	18.934	-2.402	1.067	1.399
3.266	1.822	15.652	-0.277	0.145	2.252	0.658	0.813	1.429	3.425
5.680	4.229	12.289	-0.949	0.273	2.177	8.980	0.405	-0.233	1.980
2.062	3.208	12.801	-0.536	9.563	0.571	3.982	-0.409	-0.110	3.565
16.354	3.873	2.770	-0.308	2.640	4.262	12.715	-0.510	-1.098	9.553
13.742	0.001	5.486	-1.162	6.725	2.547	9.401	-2.704	-0.171	8.103
4.967	3.689	1.580	1.181	7.316	4.240	6.165	1.919	-0.470	8.298
7.392	1.607	2.592	-0.644	5.546	4.347	0.788	0.234	1.193	1.243
15.500	2.570	10.556	0.568	4.651	4.832	9.081	1.047	-0.197	9.320
4.830	0.367	8.048	1.177	7.336	0.051	10.157	1.279	2.543	1.335
14.784	0.445	2.182	0.916	6.767	4.136	2.441	0.826	-1.388	6.011
13.922	0.281	10.838	-0.345	6.049	0.411	8.589	0.130	-0.844	2.339
0.746	3.230	14.817	0.589	2.831	0.485	9.591	0.657	-0.459	9.511
5.754	2.427	9.851	0.586	3.530	1.531	14.020	1.211	1.811	7.148
2.959	3.538	12.519	1.432	4.794	4.121	8.738	-1.119	0.336	7.088
3.485	1.573	17.139	-0.694	7.469	1.468	14.345	0.174	-2.173	9.007
18.264	1.316	0.544	1.409	5.599	1.030	4.899	0.785	0.674	5.225
9.860	4.755	18.156	-1.288	0.234	4.952	6.123	0.545	-1.365	5.049
0.978	0.053	4.525	-2.350	0.574	3.258	6.820	-0.237	0.288	5.178
2.348	3.247	4.666	-1.443	5.093	4.968	1.343	-0.053	0.287	9.276
12.483	2.080	6.117	1.574	3.697	0.002	13.328	0.661	-0.908	8.724
16.035	1.322	7.338	0.320	6.203	4.310	1.003	-1.096	0.314	3.724
2.361	1.293	16.106	0.870	3.970	4.001	9.652	-1.093	1.321	8.711
4.626	1.295	16.746	-1.712	6.322	2.017	13.177	0.939	0.669	5.710
2.114	4.224	19.739	0.384	8.059	3.737	1.405	1.173	0.539	1.389
6.763	2.094	13.861	0.654	9.906	3.980	18.721	0.754	1.275	8.215
7.486	0.070	17.503	1.308	4.357	4.495	8.816	0.663	-1.223	7.817
9.271	0.307	18.232	-0.703	1.096	2.525	12.871	-0.084	0.532	4.912
19.520	0.874	5.209	-0.023	6.295	4.012	0.865	-0.211	0.018	6.646
0.642	1.201	10.082	1.460	4.781	4.848	14.122	0.043	1.299	2.576
18.442	4.360	19.312	2.118	5.679	3.870	1.920	1.342	0.302	9.718
4.414	0.034	16.054	-0.058	1.076	3.206	13.880	-0.481	-1.238	6.058
6.138	2.228	3.423	0.537	3.707	3.720	8.970	0.818	1.031	3.968
8.151	2.761	13.718	1.491	5.481	2.812	4.737	-0.404	-0.766	0.001
4.811	4.712	4.699	-1.118	8.089	4.166	8.054	-1.132	-0.127	7.494
8.625	3.402	5.587	2.237	2.859	3.731	5.700	-0.812	-1.020	9.012
11.305	1.626	13.599	-0.139	6.870	3.418	5.968	0.225	0.734	9.802
14.138	4.604	13.082	0.466	5.476	1.863	8.254	-0.527	1.329	1.670
3.284	2.244	7.914	-0.459	9.371	2.998	9.367	1.710	-1.726	4.603
19.625	3.178	5.748	-3.430	3.007	3.771	6.229	-0.845	-0.616	9.548
5.841	0.700	11.171	1.067	7.738	1.953	17.796	2.061	-0.035	6.090
13.189	1.475	7.825	0.339	9.519	2.321	14.193	-0.274	-0.159	4.072
16.777	4.700	14.704	0.815	2.790	1.895	0.375	0.603	-1.911	5.300
6.353	3.142	4.875	1.542	6.004	2.482	11.568	0.465	0.998	8.337
5.344	2.683	6.200	1.187	8.101	0.171	13.283	0.518	1.248	0.083
18.806	1.135	5.937	-0.603	7.908	0.808	18.616	-0.976	-1.324	4.413
19.245	4.632	10.759	2.522	3.912	1.622	7.045	-0.890	0.559	3.566
15.096	1.224	19.324	-0.726	2.905	1.080	10.171	-0.368	2.274	8.115
5.795	4.651	3.355	-0.993	9.619	0.873	10.215	-1.392	1.381	3.124
12.088	0.762	12.639	-0.477	2.152	4.643	17.570	-0.499	-1.994	3.191
16.274	0.260	15.151	1.008	8.074	3.659	14.484	-0.226	1.295	7.322
12.689	2.256	12.307	-1.845	5.088	1.600	4.301	1.247	-1.374	6.530
0.665	1.588	5.653	1.370	7.080	0.537	10.651	-1.075	-0.025	9.618
12.640	3.047	12.039	0.971	0.067	3.173	11.341	-0.239	-0.879	1.053
18.238	4.648	14.838	-1.312	3.118	3.679	3.518	0.477	-1.373	6.756
12.817	4.322	12.755	-0.195	0.777	1.268	8.342	-0.515	-1.547	9.095
15.766	3.694	11.544	-0.639	4.115	1.263	10.850	-1.674	-0.469	0.363
2.231	0.717	1.883	0.868	8.611	3.090	1.713	1.121	0.883	3.600
1.865	3.493	14.589	-0.819	0.041	0.105	11.446	-0.031	0.904	4.993
9.172	2.304	5.267	1.461	0.385	0.067	1.898	-0.216	-1.135	0.584
11.365	4.225	9.417	0.376	0.300	1.812	16.623	-0.411	-1.769	8.542
5.699	1.879	8.211	0.145	1.562	0.991	1.497	0.836	1.488	7.877
16.004	1.137	19.178	0.693	6.256	1.259	0.289	-0.315	1.295	8.899
13.633	2.839	4.932	1.205	6.082	3.726	5.230	0.438	0.414	6.870
12.277	1.752	14.731	0.794	4.575	1.297	10.866	-0.767	0.604	9.333
19.635	2.547	9.715	-0.466	4.042	2.402	6.222	0.082	0.415	3.311
1.147	4.560	2.081	-1.808	9.986	4.822	7.161	-1.826	-0.371	1.815
19.106	1.528	8.604	-0.160	6.876	3.819	18.602	0.067	-1.193	8.927
17.795	3.391	3.647	0.680	4.192	3.680	4.195	0.301	0.266	1.450
13.633	2.388	5.143	-1.916	0.823	4.709	16.967	1.045	0.319	8.096
10.895	1.354	11.059	0.748	7.874	2.675	3.247	0.349	0.185	6.604
8.897	0.368	1.396	3.081	1.695	1.444	15.316	0.346	-1.980	5.359
13.614	0.552	11.185	-0.890	2.520	2.562	15.112	-0.919	-1.263	0.399
18.966	0.902	15.968	-0.696	8.568	0.269	12.213	-0.715	-0.418	8.394
19.095	2.078	11.560	-1.430	3.910	2.791	9.292	0.201	0.691	7.885
7.981	3.172	0.795	-0.659	1.339	1.493	0.899	-1.114	-0.186	6.192
0.721	0.464	1.327	-2.949	1.264	1.007	18.422	1.645	-0.433	3.763
9.953	3.258	16.245	1.136	6.289	1.767	0.757	-0.885	1.155	2.178
8.292	3.666	3.636	0.296	0.805	3.858	4.706	-1.096	0.068	6.436
6.723	1.865	9.019	-0.857	5.399	1.274	9.920	-1.275	-1.237	3.993
18.677	4.192	3.612	1.051	4.837	1.925	3.513	0.689	-0.158	4.442
11.277	0.341	5.122	-0.526	1.695	1.588	8.617	0.690	-0.822	8.806
18.060	4.126	2.648	0.653	0.741	0.437	3.621	0.158	0.210	2.574
18.643	3.336	3.890	-0.595	9.813	1.940	16.000	1.265	-0.997	2.074
12.208	0.643	15.904	-0.438	7.795	2.301	8.790	1.193	0.834	3.668
17.942	1.664	17.512	0.280	0.497	1.612	1.490	-0.706	0.804	1.587
18.819	2.112	5.613	1.817	4.030	3.743	4.528	0.951	-1.815	4.695
0.121	4.065	19.485	-0.280	6.902	1.102	18.499	-1.394	-0.287	5.154
14.099	4.435	12.023	0.009	5.464	3.385	6.130	0.031	0.357	7.520
5.502	2.964	18.187	-1.377	3.657	3.100	1.517	0.585	0.446	0.270
12.099	3.269	10.282	1.573	0.531	3.861	17.212	-0.216	-1.190	9.504
14.442	0.595	17.217	0.997	7.533	1.520	0.339	-0.755	-0.520	5.090
12.915	0.530	18.989	-0.866	4.398	3.509	3.599	-0.526	0.562	6.124
17.918	0.560	2.286	0.193	5.498	0.453	19.325	0.284	0.809	7.312
3.876	0.660	14.529	-1.873	0.900	3.176	2.835	-0.733	-1.385	1.081
0.605	1.878	15.838	-2.113	7.436	1.668	18.677	-0.276	0.377	2.179
11.513	0.705	13.800	1.694	0.956	3.059	10.495	0.856	-1.126	2.749
9.398	2.755	7.000	1.753	7.099	3.393	8.850	-0.380	-0.628	1.485
16.749	3.197	5.441	0.108	7.629	0.690	19.999	-0.143	-0.298	3.539
3.659	3.399	6.731	-0.027	7.515	4.028	4.866	0.560	0.932	2.162
1.321	1.633	6.531	-0.818	2.052	1.507	0.791	-1.966	-1.392	7.882
7.652	3.578	15.052	0.551	2.250	1.476	1.651	0.264	0.293	3.569
10.540	2.469	2.397	0.408	5.286	3.372	2.381	-0.492	1.137	5.248
13.494	3.938	19.850	-0.811	4.975	3.231	11.697	2.476	0.216	1.680
12.350	4.301	12.748	1.878	8.932	1.459	7.203	-0.509	-1.162	4.536
10.856	2.324	1.195	-1.434	4.523	4.439	0.324	1.220	-0.204	3.587
17.490	2.157	16.037	1.351	2.621	4.254	1.533	1.073	-0.401	1.475
7.713	2.889	15.882	0.689	0.048	2.307	2.997	1.687	0.766	9.158
11.285	2.347	5.786	-0.692	6.128	3.120	9.912	-0.040	-0.448	4.980
15.683	1.291	9.651	0.848	7.042	3.919	11.146	-1.341	-0.849	6.665
8.886	3.382	12.007	-1.318	8.058	3.219	7.189	1.118	-1.421	2.820
9.339	1.698	4.601	0.194	5.475	4.899	2.590	-0.575	1.394	5.716
15.534	1.168	2.876	-0.031	4.996	0.872	17.009	0.065	-1.637	1.764
4.775	1.027	17.486	-1.463	3.375	1.952	16.825	0.125	-0.659	7.177
8.514	2.978	6.716	0.236	2.228	4.932	19.454	0.410	1.512	9.327
14.078	0.855	9.312	0.822	6.347	3.422	19.312	0.861	-0.493	4.682
8.611	0.021	8.571	-0.500	4.408	2.774	14.611	-2.727	-0.407	3.464
12.222	3.861	13.618	0.416	9.604	0.303	6.456	-0.597	0.674	8.600
9.788	1.286	12.238	2.828	5.953	3.936	12.415	-0.967	-2.289	9.473
16.331	1.287	12.274	-0.951	9.742	2.556	2.657	1.423	1.569	7.867
5.400	1.343	4.053	0.228	2.122	3.319	0.554	-0.179	-0.993	8.858
1.366	4.263	16.627	0.133	7.423	0.394	5.184	0.057	0.318	7.425
5.519	3.348	3.181	0.114	6.621	0.003	6.664	-0.183	-0.165	0.204
15.416	3.357	0.276	0.480	0.509	2.893	11.891	1.445	-0.210	3.291
17.603	3.191	6.369	0.183	3.692	4.246	4.384	-0.223	-1.263	1.083
5.284	3.396	0.475	-0.835	6.683	4.065	14.318	0.347	0.469	5.497
19.474	3.001	8.397	0.934	0.474	3.366	7.513	1.490	-0.127	1.618
12.608	1.969	17.281	0.866	1.781	0.668	12.271	-0.545	0.343	9.867
18.403	0.153	16.060	0.053	5.005	0.087	9.086	-0.267	-0.625	0.358
11.821	1.039	5.617	0.628	5.207	3.277	8.449	0.801	-0.434	7.902
15.363	2.291	15.569	-0.412	2.830	3.814	19.026	-1.155	-1.337	3.220
13.184	4.275	15.538	0.220	4.652	3.851	5.414	0.507	-1.404	5.603
10.608	0.718	15.155	-0.344	0.777	4.863	18.874	0.597	0.706	2.974
13.366	0.271	19.070	0.444	2.107	1.596	7.919	0.198	0.053	8.198
1.305	4.759	0.571	-2.145	9.217	1.252	15.349	-0.869	-1.486	8.254
4.092	0.396	8.580	1.098	4.652	3.681	6.803	-0.047	0.406	4.091
9.106	1.741	8.355	0.684	2.727	0.415	2.344	2.651	0.349	6.692
2.105	3.022	17.798	0.281	0.480	3.017	12.287	0.133	0.028	6.981
8.705	2.648	13.946	0.016	1.670	2.389	16.269	-0.660	0.385	5.202
15.575	2.182	7.032	-0.594	5.598	0.730	12.914	0.319	-0.482	5.587
15.491	0.968	9.610	0.977	5.994	2.248	4.144	-1.602	-0.704	0.915
7.095	0.883	18.859	-0.325	3.682	1.199	16.837	0.246	2.359	1.885
7.680	4.520	2.804	-0.091	7.169	0.825	19.060	-2.291	1.029	3.600
5.835	3.383	9.917	1.607	2.867	3.108	4.983	-0.393	-0.655	4.512
1.806	4.204	11.468	1.254	8.642	0.179	17.937	0.343	0.331	7.926
5.974	2.401	8.248	-1.369	6.992	4.192	7.512	-0.352	-1.526	8.126
13.885	3.822	8.631	0.754	1.752	4.989	9.657	0.919	1.978	7.342
5.021	4.285	2.424	0.964	8.527	4.649	6.393	1.018	2.577	8.947
10.760	0.443	6.425	-0.466	7.979	1.514	16.810	-0.970	0.681	0.551
10.497	0.100	3.497	0.522	7.767	3.227	9.174	-0.735	-0.442	1.835
0.600	1.753	7.148	0.131	4.563	3.698	13.437	0.788	-0.825	6.259
17.542	3.600	3.256	-1.822	7.534	4.069	10.821	0.166	-1.627	1.372
17.022	3.699	4.253	-0.721	0.047	0.513	11.545	0.603	1.985	4.484
5.442	1.857	0.471	0.599	1.198	2.699	12.361	0.596	-0.551	0.858
2.877	0.864	6.825	-0.241	9.023	0.639	14.482	0.776	1.406	9.150
11.476	3.737	7.554	-1.535	8.035	2.011	8.135	-1.057	-1.269	7.012
5.323	0.179	10.977	1.536	1.881	4.565	18.911	0.793	0.244	6.954
1.525	1.927	15.946	-0.815	6.123	1.371	10.570	1.066	0.534	2.753
12.110	3.888	16.278	-1.418	8.163	3.557	14.116	-0.355	0.224	9.250
8.915	4.480	0.613	0.974	6.569	0.445	18.359	-1.348	-1.373	7.644
3.629	4.808	15.663	0.288	0.377	2.966	4.715	1.892	-0.226	9.572
10.918	3.677	13.335	-0.393	1.899	0.250	17.344	-0.374	0.854	0.117
14.561	0.528	1.004	0.083	4.986	0.606	17.863	-0.276	0.052	3.768
17.775	2.215	11.261	-0.397	5.260	4.571	5.383	-0.814	-0.371	5.601
9.654	0.629	15.302	-1.067	7.028	0.445	7.104	-1.969	0.293	8.902
2.887	2.647	18.089	-0.772	3.155	1.068	7.902	-0.735	-1.488	7.132
6.332	4.827	5.993	-2.129	9.939	4.567	17.266	0.910	-0.380	1.905
10.597	0.252	1.961	-0.657	6.929	3.894	16.069	-0.595	-0.560	1.269
1.879	3.537	4.381	1.137	0.899	2.527	19.066	2.459	-1.323	5.719
9.420	1.809	11.166	-0.869	2.363	3.149	14.781	1.667	-1.080	9.729
16.763	0.595	17.787	-0.424	0.705	3.177	3.015	-1.099	-0.170	2.404
15.971	1.224	3.629	-1.680	7.442	3.270	12.136	-1.448	0.540	4.667
7.706	4.599	10.090	0.516	9.509	1.190	5.909	1.082	-0.059	5.301
17.835	4.077	8.148	1.900	5.350	3.769	4.876	0.343	1.165	0.362
6.120	0.998	11.113	-0.637	1.799	1.764	16.547	-0.602	0.239	4.189
0.423	0.566	14.271	-0.360	5.924	1.819	13.205	0.136	-0.852	3.458
2.960	4.460	6.147	1.767	5.541	3.370	14.671	-0.431	-0.155	7.329
5.979	3.324	13.706	1.592	1.418	1.539	1.069	-0.652	0.908	5.811
17.097	3.107	18.801	-0.487	6.927	2.392	4.558	-1.736	1.808	4.032
4.320	1.064	15.397	-1.001	7.470	1.762	2.402	-0.769	0.071	5.233
8.180	1.553	3.511	0.891	4.750	3.282	15.473	-0.187	-1.217	3.890
0.548	3.078	1.272	1.441	9.493	3.864	6.698	-1.478	-0.317	8.233
14.711	2.572	9.807	-1.280	2.653	3.435	12.524	0.528	1.597	7.900
5.468	1.983	10.491	0.494	5.999	3.926	9.483	0.567	-0.646	4.529
12.604	2.548	7.658	1.583	0.681	4.552	18.049	-2.464	0.032	7.673
15.074	3.168	14.166	-0.254	1.201	3.434	1.297	-1.590	0.301	6.630
11.589	4.817	11.029	0.657	1.364	2.459	2.115	0.833	0.007	8.785
0.408	3.516	7.787	0.045	7.402	4.648	11.308	0.307	0.136	0.003
12.296	3.745	15.538	0.493	2.379	1.015	1.490	-2.039	-0.913	8.571
0.281	2.269	4.557	-1.010	2.407	2.364	2.126	-1.133	1.073	6.476
2.425	1.999	10.056	0.055	6.561	3.868	17.077	0.122	1.234	0.528
11.055	3.071	11.864	0.799	1.177	3.847	18.642	1.899	0.856	2.762
19.523	2.788	2.121	-0.986	5.227	0.399	12.931	0.333	0.419	4.745
18.265	1.319	7.082	1.994	1.571	2.960	6.017	-1.535	-0.404	8.882
13.795	4.662	14.961	0.421	7.555	2.402	5.131	0.926	1.076	6.334
15.783	1.401	14.039	-1.019	6.183	1.414	14.860	-1.763	0.282	8.570
3.224	1.642	1.404	2.237	5.131	0.149	13.268	-0.523	0.333	8.716
9.387	2.176	16.223	-2.373	1.391	2.173	13.471	-1.300	0.556	5.428
9.651	1.567	1.392	-1.056	5.058	1.051	1.741	-0.647	0.192	3.642
6.032	2.600	11.067	1.430	9.284	1.397	5.931	-0.742	-0.417	2.980
19.441	4.059	6.638	-0.429	1.064	2.204	8.897	-0.835	-0.088	3.565
13.482	1.172	17.915	-1.592	6.525	1.558	9.856	-0.442	-0.468	8.705
7.553	1.386	7.478	-0.924	4.440	2.142	19.946	1.564	-0.251	2.187
6.816	3.707	18.325	1.076	4.021	1.550	18.162	0.755	-0.875	6.206
1.982	1.458	8.423	0.733	6.386	0.451	9.151	1.748	0.814	8.659
8.979	2.084	8.721	0.042	5.234	2.134	15.915	-0.289	0.019	7.712
3.446	0.250	0.787	-0.031	2.153	0.142	11.332	1.466	0.975	6.928
7.464	1.607	8.748	0.626	2.863	2.831	1.764	-0.409	-0.944	2.569
11.170	3.151	8.791	-0.586	0.058	3.151	2.501	0.678	-0.009	6.576
5.511	3.369	4.575	1.678	5.148	0.252	7.040	-0.222	-0.015	1.250
7.458	2.680	19.983	2.275	9.928	0.208	3.171	-0.866	-0.685	9.437
9.896	4.171	2.946	0.093	1.995	1.373	7.091	1.215	2.153	5.536
16.404	4.221	8.064	-1.624	5.180	3.653	0.106	0.075	-0.264	7.584
14.650	0.418	9.181	0.331	8.941	1.333	1.893	-0.918	0.356	4.276
5.100	0.114	4.061	-0.266	4.792	1.628	7.625	1.633	-2.220	0.065
10.491	1.395	12.975	-0.083	2.668	0.667	9.474	0.458	-0.083	8.206
0.044	0.958	1.530	0.221	2.863	3.182	5.914	-0.279	-0.169	1.264
1.095	0.395	6.388	-0.458	5.384	0.242	1.274	1.243	0.203	6.585
19.763	2.512	17.886	-1.287	8.866	4.926	15.766	0.979	-0.700	7.656
16.026	2.656	0.421	0.765	6.641	2.824	15.977	-0.309	0.061	3.565
19.626	2.522	0.822	-1.347	4.844	2.282	4.223	0.830	0.496	3.938
4.747	3.733	11.182	-1.097	6.627	3.311	13.274	-0.792	-0.820	4.295
7.393	2.858	17.725	-0.702	1.700	3.443	6.890	-1.313	-0.949	7.475
11.565	0.791	1.697	0.255	0.983	2.516	5.899	0.470	-0.843	7.345
2.227	0.691	9.377	1.315	2.282	2.481	15.131	0.027	0.148	9.749
12.033	3.651	19.645	-0.990	8.308	2.229	17.040	-0.553	0.433	1.095
3.015	3.517	16.504	1.496	8.004	4.323	3.082	0.009	-0.426	0.450
11.941	1.156	0.784	-1.708	1.258	0.057	15.165	0.574	-1.891	3.952
3.909	0.337	8.352	-0.652	0.014	4.031	3.398	-0.222	0.793	9.838
13.727	4.269	6.180	1.214	1.662	2.278	16.588	-0.202	-2.113	4.290
13.137	1.484	10.019	-0.663	2.678	2.370	13.591	-1.004	-1.355	7.599
13.614	2.796	16.348	0.002	5.028	4.370	13.429	-0.928	-0.023	1.731
15.473	0.333	5.359	-0.412	1.508	0.526	18.002	0.338	-0.616	9.974
3.134	0.621	5.501	0.593	3.481	3.257	10.024	0.799	0.726	0.459
11.632	1.343	4.979	-0.181	6.116	2.253	5.221	0.956	-0.516	7.414
12.464	2.535	0.966	1.247	5.032	4.128	12.952	-0.110	0.977	5.457
16.468	1.903	19.503	-0.163	0.753	1.857	14.397	-0.453	0.998	6.630
12.998	4.775	10.744	-0.486	6.794	0.299	15.261	-0.440	-1.786	1.688
3.001	1.149	1.854	-0.169	0.292	0.303	4.812	0.105	1.768	4.124
5.771	0.585	19.575	1.097	2.457	3.082	11.678	0.619	-0.122	8.379
12.482	4.486	17.767	-0.330	4.345	0.613	3.066	0.353	1.721	4.761
5.565	0.553	2.495	-0.787	5.902	2.665	13.248	-0.363	0.119	3.482
12.249	2.182	4.214	0.113	9.436	0.743	16.925	0.128	-0.928	2.697
12.491	1.370	8.644	-0.700	3.572	1.967	19.099	-0.798	0.060	0.251
11.568	3.805	13.853	2.344	0.634	0.704	12.668	0.171	0.507	3.124
4.452	2.218	15.539	-0.628	1.624	1.385	9.805	-1.267	-0.202	2.135
1.714	0.189	11.843	1.248	0.530	3.441	3.216	0.103	0.037	6.625
6.118	3.355	1.141	0.963	8.215	1.030	12.261	1.003	0.466	4.880
15.014	2.700	11.179	-1.053	8.005	1.994	6.456	0.366	1.092	1.062
7.881	1.615	9.778	-0.664	4.688	2.355	3.670	0.042	0.437	8.501
7.780	3.033	18.522	-0.977	6.697	0.271	16.682	0.713	-0.052	8.751
7.425	3.266	7.958	0.255	9.241	3.415	13.121	0.262	-0.451	5.372
12.565	1.939	16.167	-0.644	9.809	0.646	13.277	-0.207	-0.748	8.916
8.900	2.304	0.703	1.350	0.869	0.225	12.850	0.274	-0.413	4.502
0.330	0.504	10.597	0.609	6.155	0.719	13.575	-1.960	-2.057	5.646
3.372	1.118	1.095	0.045	4.741	2.801	11.326	-0.819	0.599	7.441
19.027	4.761	8.008	-0.803	9.071	1.376	4.443	-0.448	-1.377	5.168
19.331	4.718	16.177	0.390	7.205	2.051	16.998	-1.620	-0.937	4.623
11.152	2.201	2.832	0.300	0.521	4.973	5.639	-0.810	0.503	3.298
17.226	1.181	17.145	1.234	4.421	3.933	7.695	1.185	2.168	0.228
14.606	2.551	14.233	-0.986	7.519	3.121	9.798	-0.454	-0.446	5.575
17.334	4.912	5.546	0.504	2.305	2.234	18.833	-0.217	0.007	8.061
17.133	1.923	11.415	0.709	5.709	0.247	3.980	0.700	0.134	0.808
9.105	0.046	12.518	-2.612	9.212	2.142	2.884	0.664	-0.092	5.191
18.067	1.468	11.060	0.154	8.103	0.998	6.139	-1.240	0.315	4.993
16.993	3.521	4.984	-0.029	2.411	0.285	2.051	-0.983	-0.442	3.485
14.800	1.263	16.018	1.441	4.649	1.417	16.002	0.691	-2.013	3.427
3.816	1.131	7.197	-0.968	8.025	0.945	15.701	0.246	-0.086	9.679
2.652	3.401	18.867	0.951	7.374	3.560	10.578	-3.078	-0.970	3.235
18.514	3.365	7.837	0.870	3.658	0.554	3.480	0.704	0.397	7.189
11.253	4.324	13.846	-0.862	4.517	0.377	4.529	-0.326	-0.983	2.661
7.856	1.968	5.226	-1.384	2.548	2.169	3.569	-0.153	-0.653	3.236
0.098	3.187	10.324	-0.065	3.474	1.868	19.096	0.256	-1.009	2.614
18.932	1.212	15.994	-1.133	0.227	1.262	10.288	-0.105	0.326	5.089
17.513	3.686	11.319	0.389	9.686	2.145	8.338	-2.408	0.759	5.977
7.828	1.813	10.575	-1.159	7.656	2.363	17.273	2.553	0.716	8.451
6.544	0.584	7.059	0.797	9.729	2.210	15.491	-0.519	-0.366	8.799
3.506	4.949	14.699	0.793	6.449	0.395	2.934	-1.800	1.597	1.853
15.981	0.786	17.944	-0.571	5.274	4.250	2.655	-1.287	0.300	4.772
18.542	4.396	4.366	1.013	8.473	3.064	12.662	-0.717	-0.539	8.843
16.740	1.250	4.274	0.253	2.045	0.753	4.586	0.363	-0.121	8.810
3.700	1.945	2.733	0.383	5.690	4.272	11.410	0.412	-0.492	9.657
0.860	3.920	6.757	-1.798	9.539	3.537	1.996	0.813	1.167	5.213
2.312	4.323	10.371	0.154	6.598	4.172	15.224	1.784	-0.208	7.918
18.483	0.094	9.604	-1.209	2.666	0.337	1.397	-0.905	-0.268	2.837
16.532	3.172	14.548	1.188	5.319	0.390	2.530	-0.474	-0.665	7.166
14.394	1.665	3.539	0.932	6.960	2.120	10.020	0.077	-1.741	8.558
12.905	4.926	8.058	0.883	8.058	3.625	10.868	-1.750	-0.711	3.526
17.738	2.427	12.920	0.008	5.444	4.645	11.776	1.441	1.053	3.951
15.360	0.596	16.586	0.433	8.849	2.008	15.187	-1.590	0.167	7.697
17.707	2.017	15.253	-0.595	7.795	1.564	17.546	-0.300	-1.282	5.959
11.614	3.817	16.420	-0.672	1.337	4.401	14.569	0.863	0.293	2.963
8.032	2.435	19.460	0.675	4.248	2.914	5.984	-1.022	-1.389	0.272
8.055	3.748	17.954	0.037	2.811	4.405	16.742	-1.328	-0.983	7.232
16.619	3.673	8.969	-0.798	3.834	2.031	15.105	2.521	-0.374	1.901
16.772	2.606	12.480	1.027	3.923	1.878	6.011	1.221	0.538	0.803
3.339	4.595	10.166	-2.219	9.138	3.519	8.047	2.049	1.895	5.572
4.118	1.041	0.179	0.228	7.061	4.688	1.788	-1.562	-0.810	4.650
0.389	2.745	11.345	-0.760	0.672	3.488	10.699	0.995	2.307	7.900
9.853	2.795	19.566	-0.029	7.079	2.495	4.949	-0.838	-1.261	0.997
18.192	3.356	8.727	-0.662	4.534	0.079	2.823	-0.054	-1.174	3.494
19.997	0.849	2.753	2.063	8.013	4.199	17.464	0.820	0.792	1.892
1.074	0.686	12.942	-2.019	3.167	2.423	13.390	0.496	-2.038	7.451
0.462	2.833	10.215	-0.247	2.815	0.614	1.729	-0.106	-0.605	5.392
3.438	2.360	19.662	-0.196	5.566	1.083	18.104	0.061	-0.669	4.365
18.459	4.156	17.305	-0.653	7.230	0.813	18.352	0.441	-1.182	3.044
13.102	1.787	11.037	-0.525	6.914	4.076	1.082	-0.288	-0.558	7.603
9.775	4.240	18.978	-1.080	4.987	1.823	17.984	-1.204	2.417	6.863
15.906	4.763	15.701	-0.034	8.257	1.089	0.837	-1.805	-0.850	9.819
0.278	0.044	10.341	-1.061	3.049	4.241	9.523	0.052	0.785	9.966
7.965	2.549	10.949	2.412	7.707	1.144	1.604	-1.841	1.791	8.127
19.470	3.472	10.880	-1.642	4.654	4.820	15.359	-2.400	0.258	7.669
11.723	4.498	12.908	-1.965	3.897	1.192	5.577	2.029	0.076	3.547
4.958	1.177	7.540	1.187	3.071	1.716	2.011	-0.025	0.723	8.652
1.511	2.886	5.872	1.902	3.907	0.653	4.916	-1.773	-1.329	2.342
4.749	2.397	12.364	0.036	9.756	0.537	16.271	-1.074	0.789	2.713
15.618	1.945	14.926	0.449	2.086	4.605	8.506	-0.912	0.027	1.450
3.236	1.466	14.859	2.302	4.033	1.743	4.224	-0.384	0.160	3.089
10.046	3.828	19.609	-0.316	5.918	0.501	17.327	-0.284	0.600	7.620
5.380	1.159	19.045	0.864	5.566	3.342	0.750	1.276	-0.587	5.625
3.077	1.783	4.985	0.944	3.704	2.479	13.021	-1.321	-1.223	1.975
10.570	3.645	4.852	-0.078	7.552	4.157	14.146	-1.228	0.174	2.942
13.983	1.392	8.603	-0.291	0.148	3.314	19.382	-1.394	-0.614	8.090
2.430	1.957	1.051	-0.246	4.722	2.377	13.511	0.741	-2.093	6.135
3.859	4.252	14.747	-0.887	2.255	0.779	18.485	0.189	-0.215	6.307
18.273	3.173	6.712	-1.252	0.193	2.704	14.099	-0.300	0.379	8.614
2.489	4.475	15.942	-2.420	0.383	4.174	17.751	0.030	-1.668	6.103
11.686	1.465	15.988	0.543	6.664	1.489	3.117	-1.538	-0.221	6.009
2.706	0.861	8.916	0.210	8.963	3.960	5.893	-1.023	1.699	6.318
14.791	4.282	0.524	-0.178	7.940	2.434	6.884	1.368	-0.163	3.827
6.102	1.445	1.554	1.421	3.461	0.062	10.466	-0.917	-0.233	8.580
17.089	3.706	12.946	-0.054	4.494	0.853	9.561	-0.461	-0.428	8.175
14.732	4.230	9.790	0.170	2.191	1.811	17.961	-1.433	0.177	1.649
5.467	1.121	0.535	0.935	5.736	0.828	16.735	1.031	-0.965	0.106
0.782	1.666	15.026	-0.559	7.435	4.105	14.052	-1.734	-2.728	6.760
5.341	2.915	3.498	1.205	1.758	0.670	9.055	-0.351	0.422	9.630
15.085	0.297	17.557	-0.423	5.411	0.318	13.941	-0.411	-0.976	2.231
14.230	2.691	2.693	0.153	6.846	1.126	4.593	1.814	-1.806	9.067
13.506	1.852	13.714	-0.361	4.260	4.181	7.200	1.259	0.206	0.914
8.112	4.303	11.917	-1.101	5.023	0.105	4.020	1.374	1.090	9.167
14.229	2.038	8.067	0.190	9.876	3.385	16.531	1.594	0.019	8.259
7.842	2.295	2.587	1.198	0.782	2.373	14.891	-1.272	0.049	9.231
8.260	2.066	14.594	0.259	3.034	0.129	11.298	-1.615	-1.011	3.348
11.902	4.439	14.093	-0.771	7.875	2.577	8.810	0.997	0.241	1.781
9.426	0.037	3.392	-0.321	4.759	4.378	8.815	-0.202	-1.182	7.959
18.661	2.660	1.824	1.503	5.566	1.936	1.614	-1.739	0.544	1.970
8.847	1.007	13.266	2.320	0.621	4.472	17.018	0.720	1.088	3.639
5.190	4.315	11.192	0.256	9.524	0.091	18.394	-0.316	-0.842	7.038
18.351	3.939	11.103	1.081	0.314	1.342	3.376	-2.093	1.138	1.005
18.812	3.944	3.808	0.108	5.260	0.529	12.930	1.918	-0.824	5.181
12.261	4.628	8.579	-1.553	3.198	2.955	9.135	0.279	-1.269	3.576
12.539	2.873	5.450	-1.227	0.196	3.707	12.728	1.676	-0.007	6.105
6.870	0.146	4.234	-0.535	6.003	4.253	13.807	0.743	-0.337	8.044
13.529	4.891	17.696	0.908	9.615	4.466	16.696	-1.601	-0.388	2.836
5.967	4.963	11.968	-0.075	4.284	2.715	5.235	1.009	-0.117	9.088
17.637	2.635	12.923	1.057	0.089	1.767	19.732	1.601	0.864	3.642
9.636	4.362	8.967	-0.962	5.126	3.666	14.889	-2.679	-0.931	1.782
0.510	1.255	8.502	1.314	6.944	2.845	13.892	-0.579	0.787	8.098
8.562	1.281	9.200	0.539	2.398	1.908	15.781	-0.038	-0.236	3.121
12.329	3.827	3.180	-0.739	0.507	1.747	11.353	0.153	0.339	8.404
11.533	2.877	7.076	-1.957	5.665	0.251	10.096	-1.827	1.607	6.979
16.515	2.752	5.660	0.030	0.703	0.134	15.410	1.761	2.098	4.819
8.639	3.470	3.424	-0.642	8.900	0.678	11.145	1.054	0.994	7.105
1.150	1.101	9.236	0.597	3.641	4.887	6.166	0.549	-0.024	1.597
6.970	1.606	8.137	-0.919	9.815	2.092	14.254	-2.661	-0.214	5.065
15.920	4.394	15.181	0.516	7.457	4.206	1.856	-0.198	-1.360	8.805
16.739	0.827	15.527	1.533	4.031	0.722	3.063	-0.690	0.090	7.683
3.285	2.607	7.063	0.693	8.273	3.234	2.575	-1.422	-0.561	1.178
3.540	0.230	10.594	-1.212	8.131	1.374	5.482	1.451	0.682	2.036
14.236	4.724	19.065	-0.821	9.655	3.872	12.524	0.745	1.493	6.484
5.450	1.012	13.585	0.886	8.644	2.893	10.885	0.701	-0.110	3.770
1.551	0.395	9.959	-0.395	2.184	3.405	2.408	-1.300	-1.527	1.909
8.448	3.181	6.670	-1.326	5.894	2.084	18.217	0.078	0.110	3.295
19.983	0.384	3.729	-0.559	8.211	0.173	18.228	0.543	0.130	6.089
2.281	3.146	3.476	0.126	2.729	4.134	5.985	0.368	-1.479	4.093
17.901	1.131	17.593	0.292	9.340	1.397	6.822	-0.707	2.467	1.583
17.413	1.826	16.883	-1.489	2.332	0.664	0.898	-0.190	0.320	7.059
4.895	1.491	6.420	-0.969	7.543	2.753	11.767	1.049	1.919	4.302
3.643	1.707	17.117	0.240	9.143	0.541	6.490	-1.619	0.168	8.042
6.447	2.524	12.969	0.621	9.310	3.084	18.581	2.054	-0.815	4.097
18.167	4.430	19.526	-0.369	3.917	2.269	7.074	-0.020	-1.427	5.703
14.103	0.863	4.105	-1.960	5.092	2.968	18.745	1.149	-1.157	5.246
6.555	2.500	8.044	-0.254	3.734	4.948	6.165	1.397	0.496	1.069
9.216	0.040	11.531	-0.155	6.312	3.680	19.850	0.009	2.000	5.867
1.029	4.695	17.820	-0.445	3.881	0.217	15.773	-1.238	0.251	2.580
15.640	4.083	7.837	0.996	6.303	0.508	10.189	-0.794	2.147	5.989
5.926	2.165	12.247	1.055	9.227	3.321	4.612	-1.809	0.148	9.836
19.944	1.083	10.215	-0.679	3.882	1.674	5.950	1.192	0.056	4.585
11.000	2.464	3.193	-0.284	6.041	1.961	5.041	0.854	0.796	2.400
4.081	3.641	10.180	0.266	0.385	1.917	18.003	-0.126	-1.342	6.928
3.062	0.557	3.293	0.330	3.381	2.078	0.115	1.098	-0.627	6.769
18.977	0.327	7.807	0.180	6.152	2.164	6.091	0.793	0.033	4.857
19.209	3.539	15.361	-0.237	4.448	3.918	6.941	1.950	-0.318	1.229
18.594	1.093	3.562	0.964	8.717	1.492	2.316	-0.711	-0.376	5.741
9.301	4.441	11.864	-0.300	3.694	2.051	5.118	-0.181	-0.010	9.301
12.018	2.672	6.258	-0.618	8.194	1.689	3.096	-0.640	0.454	9.201
6.000	2.498	18.259	0.601	6.507	0.210	19.781	1.080	-0.283	9.208
5.995	1.060	13.391	-0.906	0.204	4.295	10.758	1.496	0.023	8.396
1.673	1.342	16.770	1.045	1.970	3.232	1.037	-0.625	0.319	8.965
11.242	1.844	11.280	0.133	9.131	2.601	19.814	-1.308	0.851	7.422
7.080	2.062	16.884	1.566	3.202	2.346	12.878	-0.171	0.734	4.369
11.813	3.843	10.941	-0.326	4.311	1.479	8.039	-1.649	-1.376	1.843
5.823	0.611	2.682	0.401	0.315	2.929	6.957	-0.632	0.939	9.355
15.021	3.683	10.442	-1.204	6.776	4.080	5.722	-0.367	0.063	8.020
6.134	0.310	14.647	-0.873	6.951	0.550	17.142	-0.365	-0.492	8.592
0.193	0.661	13.966	-2.255	2.610	1.398	10.814	0.370	-0.388	8.615
19.074	4.578	14.981	0.118	6.990	1.732	19.501	-1.172	-0.135	5.538
3.382	2.376	13.949	-0.941	1.642	0.954	0.884	1.121	0.178	7.983
12.626	4.801	1.795	-0.441	3.948	2.209	4.389	1.426	1.096	7.685
10.917	3.884	1.327	0.869	9.002	1.825	10.781	-0.050	-1.513	3.190
5.711	1.012	10.725	-0.344	0.707	2.582	0.510	-0.954	0.959	9.434
12.611	4.791	6.001	0.578	9.995	2.249	2.071	-2.098	1.847	1.592
16.952	1.882	15.968	0.706	5.199	2.132	18.910	-0.154	-0.349	8.220
19.257	3.452	8.098	-0.579	1.026	2.659	8.281	-0.612	-1.679	0.144
4.629	2.372	17.524	-1.968	8.814	3.891	8.718	0.860	-0.792	9.434
13.642	0.516	15.380	1.690	3.511	0.318	19.494	-1.362	1.157	0.949
7.643	2.570	16.328	1.220	9.143	3.088	7.248	2.572	1.301	0.589
13.318	2.690	8.348	-0.387	6.662	1.209	3.102	1.080	-0.111	6.555
2.744	4.059	2.159	0.835	2.093	2.448	8.370	-0.425	0.416	2.123
9.734	6.199	6.534	2.613	9.282	2.721	3.550	4.870	6.034	8.812
11.910	4.996	3.825	0.140	9.395	1.148	13.829	4.446	19.248	4.067
0.151	6.450	4.805	3.361	7.985	0.452	11.499	3.666	2.448	7.839
16.433	5.686	5.117	1.602	2.852	3.195	13.446	6.832	15.066	5.088
3.848	3.762	4.275	2.058	2.198	4.728	2.511	4.972	10.524	0.382
18.701	5.280	5.737	2.820	9.807	3.751	18.499	5.396	6.270	8.918
11.870	5.891	6.105	2.461	2.498	0.718	0.558	5.806	14.191	8.598
17.775	4.619	4.071	4.863	3.100	4.887	0.348	7.346	10.510	3.578
5.585	3.417	5.767	1.270	5.589	3.122	11.163	5.562	13.573	5.195
9.977	6.867	5.553	1.727	1.852	3.376	19.332	2.458	9.258	9.231
13.405	4.257	3.945	3.284	6.424	0.477	5.495	6.243	16.462	8.925
12.114	4.142	5.005	4.198	8.238	2.030	0.992	2.500	6.456	6.986
11.606	6.107	3.294	2.128	5.630	2.936	6.121	5.958	16.633	7.115
13.034	5.091	6.772	4.220	9.439	0.812	10.595	5.216	5.991	4.792
13.435	6.799	5.749	1.469	2.029	1.132	0.423	5.364	4.956	4.088
1.179	5.192	6.546	4.076	3.393	2.534	0.300	5.222	9.618	3.003
13.446	4.363	4.662	2.176	3.565	0.945	12.307	4.697	1.284	2.509
11.651	5.357	5.773	1.652	8.986	4.736	9.346	6.406	2.048	5.217
7.528	4.873	5.482	0.183	2.794	4.846	2.888	6.237	8.757	7.432
19.539	5.599	3.684	3.513	1.530	3.139	14.229	5.088	5.375	6.701
17.556	3.219	7.299	2.625	8.662	2.187	17.982	4.847	6.192	5.859
5.378	5.544	5.650	0.970	1.958	1.621	0.368	7.908	12.042	8.628
3.384	4.847	4.683	1.148	0.967	3.646	1.836	4.530	17.613	9.783
16.688	6.616	4.763	2.912	0.629	1.817	3.950	3.790	19.403	6.711
11.060	4.821	5.178	2.948	5.476	4.914	12.410	4.222	6.480	4.799
19.100	7.055	5.177	2.974	2.933	0.284	0.337	5.678	8.640	6.046
4.283	5.441	5.562	4.209	0.642	3.493	5.011	2.956	16.789	8.306
3.748	6.021	5.284	2.315	8.235	2.438	6.700	6.235	8.118	5.704
10.929	4.160	4.822	4.774	8.215	3.169	17.862	5.880	13.261	5.701
0.263	4.470	6.462	4.814	5.272	1.181	5.311	7.200	18.979	1.574
16.502	6.166	5.412	1.544	5.867	4.799	18.904	4.587	0.916	7.738
14.529	6.078	4.253	2.678	3.964	3.593	12.978	4.249	6.347	6.393
12.483	4.189	5.810	4.927	7.815	1.314	2.735	4.183	9.473	8.705
15.611	4.194	3.619	0.663	9.523	4.517	9.596	5.845	15.251	3.567
19.377	6.231	6.389	2.940	3.432	3.430	4.042	6.418	5.889	2.040
17.288	2.975	6.929	2.080	4.202	3.528	16.217	6.653	2.618	9.924
1.450	6.465	6.051	2.416	5.031	0.254	0.158	4.302	9.014	4.426
3.637	5.436	4.829	4.310	3.348	4.478	15.215	3.454	7.592	2.704
10.818	3.159	5.929	0.471	2.029	0.877	5.727	2.915	14.237	9.514
9.372	5.251	6.788	1.826	5.593	3.605	3.999	4.265	2.392	6.935
3.752	1.817	5.815	0.334	6.183	1.786	18.397	6.582	12.443	5.476
7.420	4.844	3.065	1.393	7.810	0.399	19.849	4.334	19.672	6.955
7.712	6.561	4.019	1.063	2.975	2.029	16.992	5.254	10.190	7.622
3.836	4.586	5.972	1.972	0.038	1.839	19.411	4.947	10.495	5.356
4.328	5.143	3.901	1.808	3.176	1.869	0.188	2.793	5.732	8.762
11.608	6.471	4.311	2.379	5.278	3.945	16.613	4.126	0.628	4.213
3.380	5.861	6.113	0.965	3.438	3.633	2.151	5.416	10.167	8.682
7.515	4.667	3.737	3.674	3.342	1.751	8.841	3.572	16.276	2.926
18.974	5.363	4.866	0.584	9.363	3.738	7.350	4.524	6.059	0.691
6.224	4.731	4.176	1.541	9.483	4.936	15.564	6.713	8.906	7.004
18.013	4.768	3.845	2.518	8.808	4.499	14.914	3.640	15.250	4.609
3.409	4.927	4.331	3.940	1.643	3.344	0.700	5.012	18.577	9.106
1.910	5.818	6.173	3.451	7.986	4.809	1.989	5.185	18.386	0.449
13.393	4.751	6.203	1.215	4.609	1.562	10.545	6.485	15.545	1.272
16.688	4.483	7.123	4.269	3.534	1.492	0.882	6.771	10.153	2.870
18.939	4.013	4.104	0.725	7.059	2.872	6.285	6.709	3.766	8.766
4.658	4.806	2.224	4.786	8.024	3.713	18.887	4.759	7.316	1.526
4.884	4.734	4.700	3.380	1.398	2.820	6.333	5.644	11.359	4.755
0.993	6.271	4.575	3.669	4.598	4.938	17.592	5.396	13.081	8.581
9.160	6.540	4.149	1.033	8.396	2.918	10.643	7.923	3.387	9.379
14.791	6.483	3.456	4.629	2.531	3.414	2.834	6.166	15.891	2.360
10.984	6.446	2.883	1.802	9.789	2.637	18.980	6.489	16.683	7.644
13.150	3.703	5.138	1.229	9.816	3.547	5.401	5.921	5.853	8.545
17.046	4.944	3.277	1.906	3.728	2.785	16.873	5.272	14.119	1.879
19.382	5.447	5.329	0.006	5.685	4.175	7.040	5.306	9.673	8.336
5.745	4.437	5.558	4.867	0.907	2.639	0.116	4.927	19.487	6.356
17.694	4.526	7.226	1.064	9.325	2.124	7.145	4.026	16.704	7.541
6.454	3.110	4.692	1.392	0.729	4.755	6.822	5.128	13.558	6.885
12.935	5.885	5.012	1.520	0.083	3.984	11.784	4.887	10.335	1.904
17.146	5.461	4.421	4.492	5.630	4.031	12.125	4.480	10.118	4.820
5.827	4.535	5.432	3.521	0.891	4.300	18.133	6.964	17.268	5.133
7.669	4.464	4.484	0.169	2.738	4.846	7.554	5.658	6.544	9.366
9.816	4.325	5.341	4.920	1.651	1.042	0.765	5.778	13.551	3.367
1.097	5.018	3.869	2.740	8.414	1.599	13.998	5.038	16.196	7.166
0.818	6.268	4.894	0.801	5.922	0.976	14.917	5.313	15.902	3.570
4.582	4.142	4.740	4.828	7.860	3.141	1.378	6.433	11.326	8.664
1.833	3.989	5.305	2.332	6.724	1.006	4.948	4.434	18.324	5.828
17.088	5.717	3.843	4.748	0.415	1.527	17.359	4.921	6.383	3.334
8.482	2.916	5.215	3.216	1.814	3.451	18.135	3.946	18.673	0.270
13.844	3.964	6.321	3.680	5.525	1.420	8.211	3.736	0.464	3.639
17.169	2.472	3.726	0.802	8.019	3.723	18.361	6.361	2.824	6.179
5.662	4.549	6.929	4.293	2.018	2.831	11.641	4.332	15.533	0.564
19.220	5.581	3.910	1.767	5.569	4.644	19.529	3.022	14.883	2.069
15.968	4.147	5.203	3.737	6.224	0.477	18.775	4.413	2.588	7.291
3.832	5.150	5.304	4.333	6.797	4.788	8.230	2.937	16.234	5.431
14.065	6.565	5.928	2.605	2.953	3.524	3.388	5.311	0.192	2.165
15.645	4.039	5.909	0.744	8.611	0.920	11.957	6.583	15.171	5.306
18.520	2.831	6.539	3.338	6.843	1.365	5.881	5.464	9.715	4.739
9.975	3.072	5.334	4.083	1.235	4.901	11.671	5.036	4.109	0.297
14.320	2.579	5.237	2.747	2.515	2.105	12.283	3.571	12.188	4.056
18.081	4.333	5.456	2.985	5.775	2.995	10.299	4.210	3.129	3.533
8.323	5.748	5.369	4.026	9.386	2.965	2.842	5.553	17.493	8.657
17.895	6.552	5.423	2.320	6.887	1.524	15.168	3.811	19.891	0.223
8.439	6.680	6.315	0.068	5.096	4.670	18.755	6.922	14.245	2.981
18.898	5.175	5.838	4.711	6.259	4.581	7.928	6.370	16.269	3.454
19.370	5.229	5.431	3.211	8.514	2.330	4.643	2.916	11.160	2.776
12.444	5.594	5.151	0.172	1.734	0.329	2.139	2.579	2.567	9.081
5.908	5.438	4.460	4.479	4.677	3.319	6.429	3.952	15.802	6.662
7.428	4.997	4.834	1.333	0.948	4.471	1.429	5.774	11.230	6.255
14.696	2.896	5.116	2.930	0.873	0.142	6.159	6.293	8.560	5.287
18.419	6.988	4.599	2.895	5.791	3.553	12.159	3.271	13.433	8.400
15.057	4.519	4.450	2.095	3.434	1.018	13.123	5.831	9.361	0.121
9.636	5.643	5.650	0.929	3.029	4.614	16.452	4.192	6.084	9.861
17.690	4.862	5.339	0.616	3.442	4.884	17.572	6.049	3.117	0.721
10.495	5.316	5.719	0.868	4.600	0.392	3.539	5.649	5.761	8.639
17.749	4.512	5.889	4.184	9.374	0.861	2.070	3.881	8.182	7.517
3.495	4.384	5.533	2.588	5.248	3.416	18.098	4.282	1.395	9.425
14.833	5.686	4.215	0.111	7.801	3.659	18.838	5.963	16.748	4.365
12.624	5.884	3.766	0.646	4.394	0.219	8.847	5.372	7.825	6.057
16.272	5.077	5.274	1.692	1.404	3.452	6.603	5.360	5.197	3.477
11.151	6.719	6.615	1.454	8.750	0.699	7.534	5.526	12.580	6.804
5.971	3.885	5.768	0.396	8.760	1.975	12.049	6.252	11.862	0.911
14.962	3.499	2.766	0.819	8.895	2.372	14.407	2.882	13.919	9.582
4.771	5.096	5.392	3.982	0.339	1.591	17.702	4.848	18.214	5.094
12.268	5.947	4.784	3.951	9.090	0.536	13.792	3.343	18.931	2.311
14.057	5.252	5.704	2.330	9.182	1.735	19.034	7.732	0.980	3.496
17.104	5.308	4.009	0.866	3.884	4.577	15.240	4.885	14.870	2.732
1.772	6.289	4.311	0.742	4.511	0.537	10.260	5.604	12.236	2.828
9.895	5.194	4.814	3.178	6.604	1.698	0.135	4.076	11.460	2.836
16.249	7.474	6.023	0.907	9.321	3.659	4.876	3.827	5.966	6.977
17.897	4.758	5.877	1.492	3.181	2.961	7.327	5.878	3.376	3.192
1.674	5.018	6.424	2.551	7.393	3.058	3.672	5.691	3.900	8.575
17.283	2.990	4.569	4.130	7.131	2.650	13.508	7.010	9.213	0.976
6.253	4.247	4.810	3.282	7.567	4.922	11.648	4.012	3.026	5.432
15.523	4.887	5.181	4.313	2.550	1.013	0.964	5.998	1.633	8.481
17.767	6.696	6.705	2.590	5.096	3.202	13.517	5.890	17.146	6.437
15.978	4.315	6.017	4.844	9.774	4.034	9.653	5.388	0.028	5.762
12.225	5.522	5.320	2.876	5.544	1.041	12.991	4.944	3.398	9.770
4.646	4.654	5.157	4.141	6.682	0.392	6.591	3.583	15.587	9.684
2.814	4.701	4.680	3.215	8.975	3.196	2.652	4.820	7.112	2.582
13.169	5.204	4.104	0.649	0.508	2.473	14.055	5.961	0.677	8.267
1.423	3.517	3.619	4.233	4.311	2.073	5.511	4.140	11.440	7.550
15.837	3.791	4.092	4.053	9.341	4.699	5.088	4.731	14.791	8.007
5.217	5.349	5.852	4.215	7.482	3.187	11.301	6.091	3.490	3.109
18.969	4.294	5.418	2.587	9.218	4.440	12.556	4.211	0.343	3.201
1.132	6.149	5.384	1.799	3.456	4.389	5.141	6.585	14.261	6.083
17.026	5.062	5.709	0.834	9.638	0.587	1.133	5.801	6.414	2.696
6.627	5.326	4.757	1.310	9.639	0.858	11.557	4.262	15.981	9.006
4.850	5.463	5.232	1.194	7.335	3.992	7.270	6.269	6.238	2.310
19.787	6.971	4.952	2.111	7.086	1.148	10.366	3.100	9.434	6.018
9.081	4.619	5.390	2.526	2.341	2.438	0.601	4.646	12.232	0.002
4.035	5.577	5.456	1.371	0.947	3.230	7.349	6.356	6.295	4.156
2.977	4.771	5.585	2.504	8.953	1.946	13.789	4.333	19.957	3.122
1.321	4.595	5.936	4.861	8.620	0.514	11.603	5.700	15.429	2.459
12.073	5.453	4.786	3.050	1.683	2.515	3.851	2.678	2.864	5.646
2.040	5.424	4.332	4.418	4.547	4.386	14.060	5.427	5.261	8.742
5.089	4.232	4.972	2.340	3.793	1.886	7.698	5.693	6.184	5.315
10.500	4.557	3.859	4.925	3.829	1.355	7.868	4.892	19.528	9.900
0.634	4.580	4.657	0.270	5.688	2.121	11.150	4.295	12.091	0.780
8.158	4.502	4.845	3.931	2.368	1.357	1.845	4.700	10.654	4.535
4.310	5.814	4.644	2.896	0.793	4.424	16.609	4.431	13.393	0.174
4.556	4.043	6.807	0.867	3.907	1.310	0.687	4.672	3.178	1.425
19.875	6.167	5.064	3.178	0.332	2.796	7.144	4.715	17.743	4.120
2.182	5.407	4.362	4.876	2.286	1.945	1.068	5.086	16.833	9.653
4.040	4.709	4.832	1.538	7.148	1.702	13.989	4.829	12.355	1.620
13.942	3.865	4.494	0.613	9.163	2.883	4.249	4.035	5.043	6.926
19.617	6.077	3.650	3.964	4.333	3.056	12.220	4.331	10.738	4.235
1.029	6.365	3.870	4.188	9.010	1.483	14.963	3.862	11.046	5.601
10.025	4.763	4.729	2.103	6.550	3.371	0.396	8.046	15.471	6.383
13.447	5.478	6.191	0.685	7.929	0.995	2.329	6.578	3.372	1.191
12.471	5.379	4.617	3.482	8.288	3.880	8.855	5.062	0.119	2.240
1.260	5.756	4.728	0.833	4.830	0.050	10.940	4.352	3.118	0.339
9.046	6.064	5.105	4.423	7.371	4.019	7.644	4.402	9.752	8.259
0.100	3.729	4.384	4.493	5.048	4.657	19.060	3.810	2.670	0.972
13.080	5.312	6.021	1.956	2.190	3.027	12.893	5.843	6.971	0.264
19.319	2.997	5.513	1.332	0.728	4.128	16.735	3.523	16.214	9.271
2.518	4.980	3.815	3.411	1.404	1.836	0.544	5.396	6.490	3.359
3.335	6.578	5.395	0.376	8.532	4.058	12.815	5.239	11.394	2.618
5.438	7.487	2.731	0.966	9.433	4.248	18.742	3.610	4.897	2.750
1.630	5.695	5.214	3.371	9.944	0.724	19.412	5.851	6.894	7.213
18.121	3.177	3.679	1.485	9.384	0.006	17.109	5.305	10.809	7.109
11.508	5.165	5.499	2.433	1.393	3.913	8.671	7.394	15.636	3.857
8.672	3.274	4.905	1.403	3.969	1.905	3.767	3.958	19.737	9.378
11.220	5.501	4.131	2.581	9.653	0.906	4.991	4.231	11.184	6.865
13.907	6.458	3.919	3.308	0.312	2.465	19.788	5.746	10.421	7.938
19.843	4.211	3.507	2.384	5.575	3.506	13.236	6.444	14.604	6.188
6.302	4.662	5.839	1.528	7.194	3.047	7.600	4.064	10.457	9.632
2.000	4.703	5.974	2.370	4.879	3.138	13.779	6.697	6.771	8.107
12.900	5.208	6.107	2.124	3.510	2.737	5.514	4.383	17.067	5.131
4.691	5.262	5.182	2.093	3.519	1.926	5.390	6.009	4.634	6.929
4.897	3.041	6.089	3.305	4.078	0.892	6.646	4.780	15.165	2.233
13.547	4.511	4.156	3.338	2.948	2.468	3.938	4.031	13.911	4.318
5.862	5.642	4.601	2.590	1.756	0.301	0.513	4.382	14.464	6.666
16.651	4.371	6.782	1.721	3.594	1.495	8.251	6.650	8.284	6.905
15.273	5.401	4.840	4.604	1.928	2.584	0.634	3.943	4.294	1.470
16.483	4.336	2.957	3.261	9.475	1.054	5.820	4.768	16.243	7.322
8.067	5.272	5.951	4.700	3.430	2.245	19.693	5.568	18.179	0.583
19.898	4.514	4.413	0.108	7.270	0.706	13.059	4.605	18.216	0.307
19.398	4.178	3.865	3.353	4.466	2.365	13.107	4.279	6.765	3.663
1.740	2.964	5.359	1.595	7.771	0.829	13.143	3.592	19.437	3.773
8.009	4.399	4.677	3.574	3.568	4.573	11.870	6.170	9.617	4.806
9.521	5.769	5.842	2.800	3.914	3.697	0.776	6.573	15.195	8.375
11.510	5.685	4.377	3.680	5.396	3.593	4.534	4.025	1.341	6.898
7.413	6.023	7.108	2.678	3.285	3.372	9.816	3.659	19.615	9.172
0.397	4.358	4.584	0.434	2.114	3.620	2.541	6.169	0.239	5.446
18.225	4.456	4.948	2.092	3.574	2.763	12.263	5.241	6.227	0.512
8.507	5.854	5.202	1.069	0.353	0.373	16.440	4.286	11.621	8.124
2.517	4.007	5.187	4.171	2.353	3.293	15.761	5.318	15.858	0.210
8.078	7.327	4.828	3.952	9.706	1.063	5.713	5.654	0.193	7.159
13.207	3.541	4.916	2.183	4.982	1.423	4.662	7.019	5.086	5.067
5.775	7.492	5.045	1.457	3.549	4.702	5.131	4.386	16.431	4.517
16.599	3.346	6.364	0.895	6.316	0.953	9.302	6.205	18.435	3.566
5.168	6.239	5.761	3.474	4.446	1.630	18.741	4.401	17.194	0.546
12.797	3.661	4.054	2.290	9.349	1.446	12.927	6.171	11.904	9.775
16.416	7.572	5.772	0.957	1.221	3.549	18.290	5.564	0.771	5.054
1.922	7.725	4.927	4.840	7.289	4.023	13.730	5.890	15.122	5.286
4.003	5.361	4.299	1.341	4.564	0.580	15.000	3.753	18.902	3.131
15.785	5.714	4.393	0.184	8.939	0.912	0.450	3.821	13.332	4.823
1.140	3.558	6.375	3.783	1.401	3.752	16.909	5.669	11.160	7.882
0.680	4.815	5.841	4.067	7.445	4.751	11.446	5.551	17.890	3.727
16.426	4.824	6.401	4.628	4.438	2.648	9.988	5.210	0.936	1.838
4.736	4.040	6.506	2.978	6.716	1.314	5.148	4.283	19.949	4.913
4.037	4.949	5.424	4.410	0.042	3.909	13.221	4.499	18.270	1.596
5.742	5.195	4.566	4.083	2.928	1.669	0.861	4.646	8.629	1.790
14.743	3.772	4.867	1.448	7.916	3.778	19.277	5.339	9.672	3.909
8.253	6.427	4.887	0.669	1.096	4.878	10.491	4.678	16.548	8.966
8.190	5.793	4.192	2.760	0.498	3.617	15.265	5.560	7.097	1.138
17.305	6.337	3.085	3.114	1.224	0.263	11.886	5.770	4.421	9.423
8.674	4.725	3.924	1.142	8.882	2.331	13.530	4.350	8.384	7.798
15.508	4.767	5.364	1.995	9.242	2.594	19.984	4.399	10.515	4.044
4.128	4.276	3.990	2.458	6.466	4.434	17.564	2.638	0.129	2.399
16.499	3.925	3.907	2.446	5.309	2.891	1.286	5.617	4.467	2.034
0.900	3.915	6.964	1.863	5.170	0.289	11.790	4.776	2.232	2.220
19.421	6.447	4.791	1.090	1.730	1.710	17.042	3.986	15.393	4.985
13.131	3.049	5.102	3.362	4.100	3.748	10.121	1.974	0.921	5.349
18.543	4.774	5.867	0.835	2.295	0.897	17.278	5.373	10.557	2.180
4.222	5.111	6.741	4.386	6.871	1.393	0.181	4.679	14.818	2.352
6.762	6.930	4.799	0.932	0.594	1.269	13.328	3.945	7.071	4.380
1.515	4.884	5.557	1.478	1.370	2.836	12.665	5.732	6.113	8.010
8.927	5.887	4.836	0.102	2.584	2.264	11.064	5.333	10.589	9.159
19.363	2.910	3.480	2.396	3.941	2.506	4.767	3.925	0.299	8.522
6.500	5.288	4.845	0.630	9.902	4.537	17.934	5.087	14.309	1.491
19.676	5.403	4.908	1.936	0.144	3.805	2.107	4.163	14.615	1.985
2.156	7.025	4.057	1.265	7.736	2.466	19.846	4.523	8.107	6.893
6.723	5.127	6.049	3.438	8.879	3.271	6.602	6.787	11.321	3.509
5.495	3.829	6.046	0.584	6.168	4.433	2.591	4.084	16.528	2.510
1.164	4.660	4.043	2.720	1.243	1.677	17.120	5.526	16.414	3.028
4.730	6.762	5.422	4.975	9.860	1.833	0.506	3.758	4.097	5.915
5.012	3.330	4.818	3.440	9.699	4.588	3.259	4.931	9.935	6.437
8.294	4.627	5.911	0.173	1.992	1.034	7.143	4.402	13.104	5.030
8.132	7.678	5.732	0.335	1.770	1.754	15.536	4.490	2.396	3.738
2.619	5.172	4.869	2.259	7.574	4.325	6.348	4.341	3.581	6.675
1.625	4.584	4.568	0.697	0.731	4.592	17.264	4.259	11.727	4.900
8.469	6.280	5.253	1.544	7.279	0.554	8.273	4.053	7.195	7.188
10.491	5.635	3.867	4.421	8.839	0.692	1.996	5.880	14.811	0.447
3.135	5.293	4.365	4.100	3.336	4.551	10.556	4.422	6.765	8.618
2.028	5.070	5.601	3.827	7.229	1.064	7.442	5.489	17.821	1.327
9.371	4.793	6.984	1.127	8.788	4.318	0.065	5.205	19.546	2.571
13.123	5.637	4.731	1.567	0.067	4.884	2.147	5.248	9.052	0.104
19.869	6.527	6.037	0.499	8.162	2.441	10.415	6.383	19.971	7.064
14.074	5.098	4.443	0.340	0.313	2.440	3.865	6.749	15.586	9.325
17.759	4.097	5.608	2.292	4.655	2.851	3.760	6.012	17.452	5.699
3.532	6.851	4.463	1.334	3.438	2.153	11.123	5.818	1.136	4.208
2.897	4.847	7.376	2.134	1.187	1.327	13.528	6.029	3.646	6.036
12.523	4.907	4.049	0.905	0.321	0.705	17.433	3.543	18.242	1.340
5.514	5.497	4.934	1.441	7.169	1.403	11.328	7.846	16.902	6.390
16.420	4.284	6.047	2.323	0.342	2.491	13.720	4.653	4.432	1.666
12.240	4.608	5.271	3.994	8.317	1.239	17.706	4.594	14.619	8.041
16.181	5.592	7.128	3.415	7.030	4.753	3.505	3.194	19.610	9.705
8.093	6.217	4.650	3.661	6.322	1.921	3.839	5.939	18.071	0.816
13.297	3.810	3.627	4.399	1.968	4.467	10.338	6.383	8.245	5.840
3.733	5.016	6.166	4.317	8.190	0.702	6.659	5.413	9.108	6.263
19.278	6.564	4.276	3.753	3.211	1.601	11.687	4.946	3.894	0.099
7.591	5.840	3.630	1.673	5.687	4.815	15.676	5.118	4.576	4.869
8.726	5.484	4.255	1.101	8.825	1.232	11.171	4.901	5.199	6.986
16.213	5.629	6.332	3.110	1.710	1.283	15.178	4.136	19.363	3.542
3.306	3.751	5.224	1.911	7.055	1.656	3.118	4.866	3.741	8.495
6.655	5.336	6.129	4.627	9.268	2.722	2.628	4.171	7.861	6.741
7.169	4.533	7.510	4.647	9.662	4.219	15.698	7.270	12.579	3.944
14.762	4.451	3.729	4.865	9.280	1.374	9.137	5.051	5.582	6.874
2.071	5.836	5.666	3.030	3.948	2.492	19.193	4.247	19.171	7.048
16.450	4.168	4.563	1.242	3.506	0.836	6.204	3.636	13.345	9.163
19.514	7.102	5.240	3.104	7.518	4.836	7.881	5.090	2.287	6.170
3.685	2.808	7.519	3.409	0.620	1.587	14.549	4.040	10.220	1.445
13.055	5.873	4.586	3.457	5.981	0.881	16.988	4.393	12.183	1.856
14.386	6.827	3.317	1.333	4.514	0.594	6.273	4.954	12.953	6.953
0.094	4.647	5.122	4.465	0.295	4.033	10.580	4.354	14.261	2.770
16.017	6.162	4.432	4.026	2.648	0.419	5.486	5.628	4.013	6.678
12.835	3.787	4.704	3.028	9.063	3.998	8.668	4.232	16.658	3.208
2.117	4.875	5.307	3.645	9.914	4.119	5.139	6.010	17.696	7.475
18.300	5.413	3.651	4.982	3.318	2.674	6.046	5.457	17.528	7.373
9.665	4.228	3.647	1.079	5.946	4.732	7.619	4.119	2.561	0.452
17.422	3.440	3.298	3.981	5.772	2.516	2.737	4.712	18.325	3.089
8.857	6.335	4.730	0.515	4.487	2.386	19.588	2.388	17.079	3.943
17.777	5.942	4.216	1.133	7.082	0.748	17.951	5.653	6.708	8.366
2.796	3.871	4.146	0.411	8.730	1.383	6.478	5.815	10.707	3.491
1.504	5.453	3.581	4.951	0.800	4.682	4.285	5.773	17.026	5.871
17.376	6.182	3.303	1.904	7.806	3.902	2.049	5.388	0.403	9.814
2.678	4.989	3.823	0.460	1.213	4.798	17.298	5.302	10.323	3.668
1.510	5.243	4.801	4.595	6.756	2.568	15.239	3.563	14.498	6.548
0.269	4.462	4.731	0.851	4.498	4.780	15.745	4.690	3.275	8.409
7.321	5.293	3.960	3.841	6.718	3.949	1.148	3.826	15.226	4.367
12.344	6.716	3.190	2.061	6.482	1.367	14.430	5.922	1.922	0.304
11.669	5.914	3.935	1.070	6.602	4.644	5.955	5.995	13.651	2.106
7.850	5.062	5.588	2.559	8.070	1.755	11.724	6.278	2.775	0.171
6.729	4.809	5.199	4.645	7.404	0.025	1.227	5.603	12.039	1.171
1.799	5.342	5.061	2.187	4.153	0.878	7.946	5.621	12.490	5.945
4.960	6.408	6.575	0.332	6.938	3.709	9.975	4.470	11.770	3.586
16.625	5.680	6.885	3.915	5.255	4.707	13.407	4.323	18.321	3.606
15.918	4.937	5.026	1.526	0.711	3.572	7.538	4.526	9.898	8.673
10.549	4.304	4.468	4.748	7.274	0.726	7.442	4.603	12.284	1.379
12.822	2.470	5.040	0.479	1.053	1.494	0.852	5.711	10.885	5.489
2.964	4.378	5.681	4.656	3.144	1.165	5.174	3.496	9.301	0.461
10.506	4.554	2.840	0.857	0.590	3.288	12.325	6.699	3.780	0.892
7.340	5.034	3.442	0.012	6.202	4.672	9.883	4.371	13.986	4.139
9.078	2.761	5.981	4.777	4.448	3.906	14.486	4.028	5.067	4.276
17.369	6.310	5.484	2.305	4.222	3.475	12.450	5.611	2.860	0.356
3.068	5.974	4.692	3.820	6.918	3.355	0.135	5.381	9.894	7.693
15.904	5.196	4.773	4.132	6.261	2.953	17.442	5.129	5.336	0.225
4.553	5.142	4.752	4.041	7.016	1.283	4.039	4.811	15.120	3.001
9.810	3.897	4.426	2.055	1.115	4.167	1.447	6.576	0.381	5.822
15.926	4.282	3.723	1.770	7.884	3.612	6.630	4.525	4.814	7.361
9.273	5.088	5.491	2.437	4.984	3.302	14.799	7.119	12.889	1.942
18.715	2.280	4.878	4.547	4.406	3.952	13.573	6.301	11.491	3.310
4.100	2.570	6.991	0.230	7.688	4.873	12.706	4.020	10.529	5.704
9.190	5.098	4.404	4.864	5.472	4.100	11.395	5.247	15.149	7.568
4.185	6.205	5.364	4.702	0.331	1.836	9.926	5.434	12.627	7.446
9.262	5.989	4.902	1.934	9.551	4.836	2.864	5.021	19.186	7.653
2.553	5.849	4.830	1.237	4.928	4.401	18.799	5.260	19.558	6.634
5.328	6.351	5.626	1.479	3.895	0.993	0.732	5.228	19.141	3.275
15.658	4.441	7.172	0.411	3.274	0.424	12.520	5.775	7.492	1.566
7.848	5.346	6.393	1.031	1.265	2.909	19.842	5.617	14.942	7.612
18.705	4.355	3.072	2.552	4.245	1.302	17.373	3.905	5.928	1.521
15.359	5.932	3.963	4.118	4.461	0.639	9.696	6.502	8.862	4.612
3.811	3.988	5.025	4.979	0.067	4.641	0.338	5.114	7.373	0.442
14.435	5.491	5.165	2.834	2.762	0.434	1.663	6.082	3.981	4.239
7.838	5.241	5.439	0.636	9.706	0.904	6.311	5.410	8.490	1.954
12.628	3.843	4.627	1.829	2.333	2.848	15.635	6.077	6.314	1.066
0.368	5.601	5.321	1.145	2.884	3.362	16.276	5.562	1.448	7.997
4.599	5.431	4.040	2.610	4.105	2.571	16.813	5.189	10.783	8.360
13.353	6.920	2.994	3.024	8.157	2.923	14.168	3.533	0.897	6.424
3.193	4.520	3.215	1.889	3.303	3.044	3.838	6.192	2.745	4.042
0.688	6.771	3.024	3.481	4.015	1.347	16.880	6.670	6.407	9.904
14.060	4.462	4.259	0.874	4.163	0.811	3.842	6.031	1.281	1.724
17.094	4.779	5.937	1.906	6.914	1.671	8.510	3.691	19.315	3.721
5.322	5.853	4.544	2.460	5.884	4.090	3.487	5.438	4.071	0.510
4.565	5.041	3.815	0.901	5.513	3.158	4.891	5.597	4.668	8.319
5.631	4.481	6.425	3.491	3.561	0.199	18.681	5.063	12.400	8.840
1.106	3.730	5.178	3.997	4.320	4.752	15.019	4.503	11.250	8.019
16.140	5.237	3.539	1.020	0.231	3.457	10.140	5.564	4.066	1.560
0.281	5.395	3.120	0.930	9.539	0.390	8.836	5.494	3.311	2.392
15.600	5.584	5.354	3.876	6.470	3.309	8.034	5.832	18.727	4.090
10.924	4.909	5.717	4.725	7.824	3.613	1.302	5.229	11.733	8.372
1.416	4.850	3.403	3.936	9.315	4.787	16.465	4.597	6.215	9.625
6.711	4.318	4.750	4.289	8.330	4.880	2.555	4.289	0.338	3.746
3.265	6.990	5.369	2.165	7.630	3.063	14.069	3.344	6.059	9.853
16.921	3.384	5.713	1.873	5.990	2.462	12.584	4.965	11.695	3.977
1.516	5.480	6.913	2.293	4.383	1.173	7.690	4.597	0.153	5.958
3.779	3.603	4.638	0.364	0.315	4.559	6.932	4.843	1.484	9.167
17.858	5.212	5.181	3.634	0.371	4.559	19.679	4.556	17.672	0.609
9.104	2.718	5.535	0.801	9.648	1.055	17.848	5.949	6.024	8.543
13.891	5.463	4.784	4.119	3.046	3.245	0.682	4.677	9.328	1.262
5.040	5.744	4.867	1.733	9.711	3.168	4.141	3.610	15.855	6.045
10.894	6.079	6.420	2.379	5.742	0.359	16.945	4.664	4.578	0.898
19.482	4.857	5.617	1.390	4.914	3.479	18.452	4.947	10.717	2.742
10.538	5.051	5.484	2.211	0.855	0.075	7.968	4.693	0.726	6.674
14.732	5.730	4.811	2.091	7.628	0.002	13.728	4.889	10.931	6.432
7.238	5.769	4.934	1.829	8.211	0.528	17.119	5.562	9.481	4.956
7.865	5.686	6.449	1.181	7.110	1.166	10.815	5.909	19.950	8.683
16.537	5.866	5.248	4.901	0.197	2.511	7.892	5.213	9.036	2.485
10.779	5.567	4.609	4.777	9.045	3.943	2.038	4.054	4.357	1.039
11.480	5.255	5.452	2.988	7.225	3.427	10.151	5.567	9.877	9.746
16.303	3.753	5.220	1.649	6.086	4.296	0.635	6.945	2.739	8.716
2.210	5.171	2.611	3.949	5.930	4.143	8.901	4.469	19.639	9.139
13.719	5.310	5.714	0.529	8.209	4.669	15.021	4.729	13.544	7.686
2.940	3.709	4.159	2.521	4.412	3.322	6.378	5.001	19.649	3.742
3.641	5.872	6.422	3.381	8.072	1.455	0.115	4.571	8.036	5.888
15.594	6.042	5.420	0.459	5.243	4.592	0.147	6.372	6.963	6.751
14.712	5.409	4.512	1.996	2.974	3.337	14.474	4.743	14.924	1.061
12.750	2.751	4.874	0.602	9.614	1.458	10.705	3.768	0.160	4.268
1.849	5.919	4.684	4.315	0.526	3.489	7.611	5.378	7.708	3.701
19.799	5.592	4.191	1.596	9.112	1.149	13.342	5.854	6.962	8.418
16.590	4.093	4.694	4.664	9.943	2.331	12.026	5.453	18.420	4.283
13.207	5.597	4.270	4.432	2.412	2.056	16.876	2.989	0.319	7.691
0.068	5.283	4.642	3.454	2.239	2.732	0.006	5.163	12.704	8.183
0.690	4.596	4.534	2.819	3.366	3.293	13.302	6.422	13.155	8.933
10.040	4.602	3.408	4.248	7.182	2.329	13.945	2.908	3.324	1.476
16.372	4.477	3.661	0.851	5.003	3.711	17.775	3.670	15.664	5.155
7.869	5.952	4.214	0.081	0.797	2.818	11.993	4.507	9.798	6.045
17.113	6.135	4.917	2.731	3.095	2.154	19.800	3.645	8.493	0.195
17.505	6.341	5.969	1.621	6.361	3.827	11.132	4.999	12.761	4.100
12.026	3.751	5.512	4.011	1.153	3.083	11.591	6.256	11.178	0.769
6.273	4.219	6.217	1.255	5.815	2.702	14.819	3.873	12.686	1.473
8.555	4.964	5.952	2.160	8.597	4.261	14.520	5.512	19.594	1.715
12.760	6.462	5.896	3.661	0.642	0.664	12.803	4.943	14.040	8.682
6.172	4.039	3.458	0.752	4.713	2.097	2.209	1.927	19.754	4.382
7.194	6.865	4.646	2.109	9.487	1.831	19.025	5.708	15.756	0.734
17.287	5.939	6.365	2.110	7.557	4.890	5.943	6.051	18.410	0.458
5.370	3.011	3.445	2.833	9.166	3.365	4.629	4.673	14.092	4.943
13.298	6.213	4.546	3.259	4.433	0.300	6.608	7.070	7.064	8.568
19.388	6.110	4.029	4.012	7.019	1.600	6.865	4.746	8.683	0.345
18.575	4.787	5.486	4.118	3.686	3.414	0.277	4.816	0.009	1.539
5.050	5.281	3.124	0.742	4.765	3.741	1.412	4.105	17.116	7.620
15.612	4.513	6.444	0.925	7.868	3.478	8.542	7.174	6.776	4.973
19.604	5.018	4.306	0.926	1.818	0.225	8.961	5.044	3.860	9.045
3.908	6.264	5.605	1.459	0.822	3.732	13.792	4.267	16.343	4.728
17.176	5.987	4.038	2.119	4.225	2.084	7.866	5.154	10.988	4.439
14.103	4.729	5.035	3.650	9.227	3.813	6.963	3.997	19.013	3.826
10.978	5.881	4.410	3.004	8.911	1.756	14.086	4.770	13.023	7.163
1.613	6.020	3.808	0.504	5.254	2.579	12.613	5.808	11.750	6.370
14.882	4.443	4.156	0.485	8.758	4.275	18.892	4.861	5.688	8.575
19.112	5.671	3.293	0.236	9.475	3.656	19.377	5.251	13.358	1.551
3.397	5.585	5.394	2.792	6.201	3.728	4.264	4.640	11.502	9.870
0.404	3.965	4.780	0.107	0.354	4.702	18.899	4.001	4.501	0.071
11.456	3.686	4.271	2.632	1.235	0.978	1.450	6.361	2.605	7.245
11.145	5.968	4.825	2.177	9.219	1.749	12.465	3.591	1.622	1.708
19.382	5.723	4.190	2.938	5.683	0.152	0.343	4.755	18.834	6.130
18.465	6.388	4.193	4.933	1.611	3.789	12.021	5.415	0.877	1.481
15.992	5.116	4.600	4.467	9.704	3.733	2.391	5.570	2.933	6.614
13.417	5.156	2.528	3.008	2.317	4.869	9.529	4.074	7.382	1.068
11.868	3.943	4.022	2.493	2.803	2.493	16.084	4.659	15.244	6.845
19.816	5.177	4.956	1.920	5.099	0.109	10.677	5.098	2.095	4.655
17.376	4.746	3.019	4.038	3.257	4.471	10.957	5.126	12.686	8.491
11.956	3.620	5.283	4.697	4.014	2.950	10.602	5.086	12.157	0.292
8.721	5.360	5.691	4.731	8.549	2.103	7.795	4.078	7.091	3.506
13.048	4.059	4.359	1.261	2.833	2.219	2.340	5.217	0.956	7.057
5.451	4.705	4.172	0.649	3.997	4.431	4.692	2.197	5.391	6.832
5.634	5.615	5.058	3.067	3.467	4.877	0.471	5.161	18.699	7.273
0.068	5.480	3.048	4.754	1.173	2.573	9.425	6.544	3.945	7.962
6.392	4.736	5.406	1.146	3.324	2.598	2.275	4.600	14.257	2.400
19.087	5.288	5.829	4.575	2.120	3.243	13.877	5.361	0.905	6.460
18.783	5.071	4.332	2.304	3.854	2.802	17.141	5.681	2.293	8.611
13.242	7.281	5.020	1.927	5.747	0.475	17.695	4.446	4.901	2.442
13.516	4.793	6.146	4.466	0.164	3.330	9.295	5.234	18.202	8.094
14.392	6.891	4.656	2.203	8.821	1.155	12.608	3.878	8.629	4.676
12.930	4.182	4.783	0.636	2.772	4.598	1.942	4.501	3.889	2.479
2.968	3.042	4.305	2.742	1.894	1.952	12.447	4.166	12.744	7.433
6.291	4.708	5.552	0.189	7.973	2.199	6.451	5.405	15.828	2.791
8.780	5.526	4.124	1.259	2.472	4.417	0.263	5.130	12.783	2.860
7.208	4.970	2.911	2.144	3.850	0.504	12.658	3.990	0.162	6.456
1.936	6.726	5.034	3.820	6.023	4.323	17.304	4.105	9.252	0.263
3.152	4.301	6.997	3.367	8.909	0.478	19.726	4.490	17.310	8.002
0.482	3.120	5.948	3.403	4.676	3.394	14.281	5.705	19.202	3.341
7.624	5.942	3.723	3.938	7.875	1.953	16.062	5.805	4.301	1.397
13.256	5.889	4.839	4.791	5.383	3.398	11.484	6.068	6.861	7.672
0.019	4.209	5.574	3.511	0.440	2.823	3.621	5.838	14.293	7.056
5.954	4.763	7.009	2.746	2.100	1.870	17.953	6.459	14.145	4.959
1.438	5.490	5.000	4.040	6.451	2.286	19.285	6.236	12.529	1.871
0.346	4.934	5.779	3.528	3.205	4.316	7.894	5.266	18.694	6.419
5.432	5.041	5.082	1.564	2.835	4.893	4.491	5.408	6.010	9.583
2.941	4.481	4.420	0.520	0.978	0.712	0.284	5.978	19.877	0.554
14.227	3.061	6.420	4.604	2.575	2.912	0.111	5.023	15.209	7.973
1.686	5.401	5.071	0.427	8.590	1.630	12.656	3.215	10.869	2.740
1.900	4.595	4.946	3.731	6.542	4.129	3.789	5.863	5.738	6.416
5.949	6.671	4.596	4.155	0.896	3.348	18.243	3.428	8.360	9.785
0.547	4.938	4.300	2.095	5.062	3.850	12.623	4.919	16.559	7.071
3.180	5.349	6.360	1.561	9.940	2.070	1.360	7.695	2.839	1.831
13.532	4.982	5.087	4.263	2.203	1.471	17.088	5.314	13.343	5.868
13.791	5.744	5.703	0.499	7.084	0.238	12.151	3.931	15.397	5.572
10.976	5.793	4.901	3.429	2.589	1.932	12.896	6.017	9.146	8.071
4.503	4.789	4.580	4.003	6.534	0.199	6.288	4.837	1.563	5.831
15.563	4.878	6.420	1.525	7.144	3.398	5.960	3.771	1.593	2.439
18.284	5.348	6.956	3.562	2.078	0.629	11.296	6.444	6.951	6.266
12.115	4.674	6.123	1.760	4.838	1.703	17.256	5.077	3.074	3.802
18.861	4.925	2.385	3.062	5.037	4.086	13.611	3.754	6.348	7.409
5.057	4.338	4.082	3.170	8.992	0.334	7.740	2.743	6.947	4.100
0.522	5.751	4.764	1.487	6.551	0.846	9.982	6.665	2.231	4.918
19.708	5.590	5.496	2.637	9.121	3.352	19.225	7.071	12.700	7.465
7.235	4.586	2.253	2.448	3.985	3.173	7.108	6.684	14.522	8.915
4.947	3.288	5.083	1.486	8.983	4.153	0.605	3.934	6.406	0.338
7.309	4.819	4.197	0.336	7.712	3.425	11.648	4.473	7.987	2.735
19.059	5.417	4.894	0.878	1.865	2.862	6.521	3.343	3.174	2.515
18.416	4.469	4.515	3.425	6.216	0.855	8.165	5.477	13.329	2.255
5.953	4.697	6.818	2.557	3.395	4.460	4.325	6.939	15.148	7.225
19.382	6.056	4.571	0.773	0.830	2.893	4.403	4.069	15.686	0.576
15.526	5.189	5.124	4.770	9.166	0.693	13.016	3.575	19.783	1.481
1.533	4.235	3.876	3.774	5.145	0.492	14.715	4.013	8.458	4.582
0.939	6.784	4.961	1.737	3.844	2.124	6.857	5.469	12.287	2.712
5.384	5.421	5.782	4.353	7.713	3.815	10.927	7.305	10.756	6.280
0.555	5.901	7.041	3.343	0.357	4.614	12.907	5.210	8.805	1.345
19.519	5.022	6.580	1.561	2.274	3.134	18.678	5.461	2.395	2.599
2.355	5.194	4.996	0.718	9.427	2.406	12.963	5.310	7.710	6.089
0.279	4.686	6.818	2.377	9.957	2.298	4.192	4.783	1.506	2.675
1.592	2.367	3.804	0.579	8.697	4.980	3.298	4.687	19.595	7.298
5.368	4.115	3.832	2.035	3.428	4.975	3.592	6.063	6.285	5.845
8.130	6.130	5.210	4.669	1.203	2.144	7.732	5.670	15.300	7.143
13.579	4.796	6.377	4.735	9.268	0.728	12.718	4.423	1.658	2.764
10.202	5.511	6.704	4.468	6.111	4.560	7.797	4.965	9.450	3.246
6.815	3.885	4.657	4.503	1.028	4.320	12.370	3.513	19.211	3.677
19.020	4.075	4.558	1.917	9.571	4.978	12.898	3.933	5.954	8.436
5.219	4.744	3.669	3.195	9.404	4.218	13.875	6.911	19.333	9.423
15.694	4.333	6.061	0.955	5.077	3.442	10.200	2.488	9.304	4.833
11.498	3.246	4.529	3.516	1.141	1.645	7.035	3.242	6.728	0.709
17.235	6.409	5.784	4.066	9.235	1.055	2.411	4.993	13.846	8.783
3.522	5.178	5.388	0.917	8.524	3.832	1.835	4.532	19.249	1.082
19.832	6.082	3.656	2.617	9.121	0.598	11.912	5.132	19.078	1.581
17.160	3.543	4.635	1.105	8.092	4.344	8.307	3.908	9.394	2.985
7.080	5.446	4.488	1.001	4.820	4.979	2.754	5.695	4.701	2.571
11.111	4.664	4.650	4.411	4.046	1.145	8.375	2.203	14.924	8.702
16.218	4.933	3.319	2.704	9.154	1.029	7.802	7.380	10.888	9.238
17.326	4.998	5.413	0.240	0.721	1.676	8.259	5.302	10.867	1.822
2.674	3.973	6.209	4.212	6.903	0.751	18.430	4.969	1.231	1.033
4.957	5.098	6.020	0.166	8.781	3.588	19.978	3.368	5.427	2.578
19.170	4.719	5.043	1.149	6.293	0.271	15.941	4.739	0.649	4.466
9.646	5.271	5.423	4.618	6.644	2.738	8.568	6.011	9.788	6.753
18.781	5.848	6.082	3.160	2.621	3.022	9.861	3.463	17.662	0.189
12.430	5.069	5.070	0.042	8.125	1.385	19.019	6.368	17.234	1.177
2.368	3.333	4.299	2.167	3.196	2.212	0.460	5.645	14.681	0.633
12.732	4.702	3.573	0.508	5.644	4.260	9.024	5.673	17.119	4.835
6.062	3.856	5.497	4.079	6.424	1.464	2.082	4.163	18.174	4.550
